emp_code,salary
10001,60117
10002,65828
10003,40006
10004,40054
10005,78228
10006,40000
10007,56724
10008,46671
10009,60929
10010,72488
10011,42365
10012,40000
10013,40000
10014,46168
10015,40000
10016,70889
10017,71380
10018,55881
10019,44276
10020,40000
10021,55025
10022,40000
10023,47883
10024,83733
10025,40000
10026,47585
10027,40000
10028,48859
10029,63163
10030,66956
10031,40000
10032,48426
10033,51258
10034,47561
10035,41538
10036,42819
10037,40000
10038,40000
10039,40000
10040,52153
10041,56893
10042,81662
10043,49324
10044,40919
10045,41971
10046,40000
10047,54982
10048,40000
10049,40000
10050,74366
10051,48817
10052,57212
10053,67854
10054,40000
10055,80024
10056,48857
10057,49616
10058,52787
10059,71218
10060,74686
10061,68577
10062,55685
10063,40000
10064,40000
10065,40000
10066,69736
10067,44642
10068,87964
10069,67932
10070,55999
10071,40000
10072,40000
10073,56473
10074,61714
10075,43815
10076,47319
10077,40000
10078,47280
10079,53492
10080,54916
10081,55786
10082,48935
10083,40000
10084,69811
10085,40000
10086,81613
10087,96750
10088,65957
10089,56469
10090,44978
10091,40000
10092,53977
10093,67856
10094,58001
10095,63668
10096,61395
10097,44886
10098,40000
10099,68781
10100,54398
10101,66591
10102,44380
10103,68158
10104,45312
10105,59258
10106,62928
10107,93159
10108,40000
10109,40000
10110,46836
10111,40000
10112,49500
10113,69856
10114,49593
10115,40000
10116,44034
10117,52284
10118,40000
10119,53551
10120,46292
10121,43772
10122,42284
10123,71524
10124,40583
10125,58249
10126,40000
10127,40000
10128,40000
10129,40000
10130,40000
10131,48475
10132,61590
10133,40000
10134,40000
10135,40000
10136,82420
10137,40000
10138,53574
10139,40000
10140,61352
10141,62907
10142,40000
10143,40000
10144,56720
10145,47612
10146,60394
10147,40000
10148,63021
10149,88740
10150,70122
10151,90741
10152,40000
10153,54246
10154,40000
10155,40040
10156,49879
10157,48770
10158,40725
10159,52881
10160,91622
10161,43149
10162,40000
10163,41603
10164,52043
10165,43991
10166,51586
10167,56990
10168,51818
10169,70303
10170,47183
10171,41311
10172,41197
10173,85757
10174,59520
10175,72285
10176,54635
10177,48041
10178,50568
10179,40000
10180,52444
10181,40000
10182,40380
10183,40000
10184,48586
10185,68334
10186,40000
10187,71454
10188,62365
10189,41222
10190,40000
10191,40000
10192,40000
10193,48733
10194,64941
10195,40000
10196,86671
10197,40000
10198,44076
10199,42042
10200,46879
10201,40000
10202,47338
10203,40000
10204,40000
10205,40000
10206,40000
10207,52783
10208,61890
10209,57996
10210,40000
10211,49032
10212,65938
10213,40000
10214,58341
10215,43944
10216,40000
10217,40000
10218,40788
10219,40000
10220,58883
10221,57821
10222,40000
10223,62922
10224,40000
10225,40000
10226,79456
10227,53497
10228,79474
10229,58321
10230,47531
10231,40000
10232,89606
10233,40000
10234,84584
10235,41941
10236,80469
10237,100715
10238,52764
10239,65146
10240,73874
10241,40000
10242,40000
10243,59332
10244,56292
10245,40000
10246,40000
10247,40000
10248,58918
10249,72192
10250,50330
10251,61743
10252,40000
10253,62494
10254,60222
10255,63822
10256,71305
10257,40000
10258,66280
10259,88991
10260,60879
10261,40000
10262,63005
10263,67883
10264,60522
10265,46382
10266,47093
10267,40000
10268,41017
10269,40000
10270,42081
10271,53680
10272,58070
10273,75148
10274,86164
10275,40000
10276,40000
10277,59534
10278,51703
10279,40000
10280,66695
10281,46123
10282,40000
10283,40000
10284,40000
10285,62075
10286,40000
10287,55732
10288,80474
10289,40000
10290,44274
10291,57430
10292,78370
10293,44200
10294,66448
10295,46398
10296,77788
10297,63061
10298,40000
10299,76484
10300,72504
10301,40000
10302,58239
10303,40000
10304,106905
10305,52550
10306,44229
10307,40000
10308,59715
10309,53031
10310,42894
10311,40000
10312,56705
10313,60589
10314,51939
10315,60494
10316,40000
10317,51129
10318,73259
10319,84162
10320,58483
10321,86819
10322,41968
10323,40000
10324,67499
10325,44325
10326,40000
10327,54734
10328,46286
10329,51664
10330,86545
10331,55800
10332,52133
10333,45141
10334,40000
10335,52633
10336,63248
10337,56061
10338,40000
10339,40000
10340,68132
10341,40000
10342,40000
10343,40000
10344,53087
10345,66930
10346,78088
10347,42199
10348,40000
10349,47518
10350,41213
10351,40000
10352,40000
10353,62656
10354,60762
10355,70434
10356,45376
10357,40000
10358,63243
10359,40000
10360,40000
10361,64213
10362,40000
10363,40401
10364,51401
10365,45523
10366,47229
10367,63565
10368,42463
10369,47236
10370,40010
10371,61475
10372,54505
10373,53305
10374,69568
10375,93329
10376,42634
10377,40000
10378,75311
10379,40000
10380,76387
10381,78510
10382,45785
10383,47452
10384,43270
10385,40000
10386,53367
10387,61374
10388,62545
10389,55548
10390,40000
10391,56655
10392,50962
10393,40000
10394,40000
10395,42774
10396,40393
10397,40529
10398,54156
10399,97010
10400,63746
10401,40000
10402,40000
10403,83609
10404,51647
10405,40000
10406,40000
10407,62565
10408,76369
10409,64363
10410,46546
10411,66415
10412,65405
10413,45416
10414,43255
10415,50219
10416,68993
10417,78571
10418,52224
10419,40569
10420,69604
10421,40000
10422,45725
10423,51183
10424,50054
10425,40000
10426,65757
10427,79320
10428,40000
10429,40000
10430,40000
10431,67068
10432,40000
10433,40000
10434,40000
10435,45352
10436,40000
10437,59749
10438,40000
10439,62401
10440,54615
10441,40000
10442,46005
10443,55299
10444,86407
10445,59438
10446,48170
10447,40000
10448,48558
10449,55316
10450,40000
10451,46275
10452,40000
10453,40000
10454,84280
10455,98251
10456,57599
10457,60672
10458,76973
10459,40000
10460,40000
10461,82217
10462,40000
10463,66480
10464,40000
10465,59124
10466,55318
10467,79905
10468,40000
10469,42697
10470,49593
10471,58951
10472,48561
10473,41613
10474,43948
10475,51203
10476,58221
10477,55138
10478,40000
10479,40000
10480,55669
10481,40000
10482,79330
10483,47423
10484,40000
10485,47265
10486,71692
10487,45083
10488,40000
10489,56739
10490,62973
10491,66740
10492,60838
10493,43998
10494,50094
10495,75661
10496,41835
10497,63707
10498,40000
10499,40000
10500,42688
10501,53922
10502,40000
10503,40000
10504,43931
10505,63696
10506,40000
10507,40000
10508,46204
10509,49292
10510,69341
10511,40000
10512,40000
10513,86392
10514,48428
10515,91484
10516,74920
10517,65330
10518,51168
10519,40000
10520,40000
10521,91262
10522,40000
10523,40000
10524,49950
10525,87439
10526,40000
10527,43405
10528,63813
10529,47840
10530,68487
10531,49168
10532,87468
10533,57135
10534,40000
10535,47272
10536,57487
10537,75976
10538,72002
10539,102092
10540,66067
10541,50741
10542,40000
10543,86526
10544,45092
10545,57752
10546,46871
10547,40000
10548,90631
10549,63795
10550,40000
10551,53473
10552,80483
10553,73618
10554,54763
10555,73486
10556,68797
10557,43289
10558,70012
10559,90120
10560,40000
10561,57319
10562,59596
10563,41280
10564,46660
10565,40000
10566,40000
10567,43717
10568,64356
10569,54732
10570,80145
10571,43658
10572,40000
10573,87241
10574,40000
10575,40523
10576,63861
10577,48286
10578,47301
10579,61438
10580,40000
10581,46569
10582,40973
10583,79782
10584,66898
10585,58389
10586,47541
10587,81562
10588,41478
10589,57215
10590,51930
10591,55131
10592,55997
10593,71435
10594,40000
10595,40000
10596,58689
10597,64739
10598,43329
10599,51952
10600,53535
10601,40000
10602,55058
10603,101271
10604,50849
10605,43162
10606,40000
10607,55024
10608,40000
10609,80458
10610,49812
10611,40000
10612,40000
10613,40000
10614,40000
10615,43533
10616,87010
10617,40000
10618,41127
10619,81662
10620,48584
10621,68991
10622,40000
10623,60268
10624,40000
10625,59732
10626,40000
10627,40000
10628,41650
10629,87045
10630,40000
10631,40000
10632,81733
10633,81900
10634,45179
10635,40000
10636,40904
10637,103579
10638,41573
10639,46291
10640,65156
10641,41785
10642,40000
10643,46600
10644,75403
10645,40000
10646,51562
10647,48302
10648,40000
10649,40000
10650,43591
10651,42023
10652,53160
10653,40000
10654,49062
10655,82968
10656,40658
10657,52462
10658,60978
10659,40000
10660,41814
10661,48179
10662,71708
10663,47521
10664,48215
10665,40000
10666,78258
10667,40000
10668,65326
10669,40000
10670,74595
10671,74037
10672,64663
10673,40000
10674,40000
10675,62205
10676,58226
10677,56994
10678,60389
10679,40000
10680,40000
10681,84136
10682,40000
10683,40000
10684,45861
10685,60601
10686,50869
10687,40000
10688,88410
10689,40000
10690,72028
10691,46745
10692,81380
10693,40000
10694,53020
10695,85720
10696,68913
10697,40000
10698,40000
10699,40000
10700,41400
10701,74949
10702,46581
10703,56724
10704,40000
10705,83673
10706,56139
10707,49504
10708,43514
10709,40000
10710,78877
10711,41824
10712,40000
10713,70575
10714,48821
10715,42323
10716,44101
10717,57525
10718,75473
10719,40000
10720,45832
10721,40000
10722,70199
10723,40000
10724,42347
10725,79207
10726,46315
10727,58253
10728,40000
10729,40000
10730,62107
10731,77892
10732,40000
10733,48013
10734,47377
10735,40000
10736,40000
10737,73505
10738,53510
10739,40000
10740,62138
10741,50265
10742,67405
10743,77435
10744,89495
10745,40000
10746,40000
10747,51538
10748,54532
10749,60829
10750,40000
10751,50052
10752,40000
10753,59507
10754,61081
10755,40000
10756,40000
10757,49134
10758,54186
10759,40000
10760,40000
10761,49974
10762,52172
10763,70160
10764,70720
10765,54339
10766,40000
10767,40651
10768,65717
10769,70229
10770,63401
10771,42658
10772,40000
10773,40000
10774,47119
10775,43898
10776,58145
10777,40000
10778,64996
10779,47332
10780,43654
10781,40000
10782,40000
10783,40000
10784,43003
10785,46165
10786,40000
10787,51707
10788,54887
10789,40000
10790,62801
10791,40000
10792,63324
10793,40000
10794,43485
10795,84206
10796,41785
10797,41005
10798,48210
10799,50539
10800,40000
10801,67302
10802,40000
10803,54260
10804,40000
10805,48778
10806,63146
10807,60203
10808,40000
10809,40485
10810,56062
10811,40000
10812,49418
10813,53246
10814,59378
10815,40000
10816,50240
10817,54602
10818,40000
10819,54631
10820,62182
10821,40000
10822,40110
10823,40000
10824,48813
10825,62199
10826,59506
10827,58322
10828,56559
10829,40000
10830,47420
10831,82330
10832,69585
10833,40000
10834,53869
10835,40000
10836,65502
10837,80879
10838,54762
10839,47625
10840,40000
10841,40000
10842,50760
10843,40000
10844,40000
10845,71307
10846,40000
10847,40000
10848,50475
10849,66065
10850,64525
10851,46644
10852,68153
10853,53029
10854,40000
10855,40000
10856,42965
10857,61549
10858,47847
10859,65600
10860,40000
10861,40000
10862,81455
10863,47486
10864,63243
10865,76287
10866,52131
10867,40000
10868,54496
10869,40000
10870,57493
10871,40000
10872,40000
10873,65835
10874,56071
10875,40000
10876,61389
10877,52537
10878,72102
10879,65651
10880,42551
10881,40000
10882,40000
10883,40000
10884,41750
10885,78613
10886,40000
10887,69570
10888,44183
10889,61892
10890,67703
10891,40000
10892,40000
10893,79803
10894,56923
10895,67103
10896,40000
10897,92925
10898,57590
10899,51956
10900,50054
10901,46600
10902,44359
10903,48377
10904,54328
10905,40000
10906,66204
10907,40000
10908,40000
10909,80935
10910,40000
10911,78637
10912,45665
10913,62428
10914,55565
10915,70564
10916,47842
10917,75182
10918,59521
10919,88498
10920,40000
10921,72601
10922,51997
10923,51933
10924,84783
10925,40000
10926,43219
10927,51819
10928,40000
10929,40000
10930,53785
10931,63662
10932,40000
10933,40000
10934,48342
10935,52007
10936,40000
10937,40000
10938,68677
10939,44203
10940,74987
10941,41721
10942,40000
10943,45890
10944,42872
10945,48633
10946,59531
10947,43068
10948,47252
10949,58253
10950,40000
10951,40000
10952,40000
10953,60970
10954,40000
10955,97936
10956,40000
10957,50675
10958,56563
10959,76685
10960,60491
10961,72047
10962,77274
10963,43878
10964,70157
10965,61654
10966,70464
10967,40000
10968,71593
10969,40000
10970,40000
10971,52453
10972,40000
10973,54616
10974,56005
10975,40000
10976,40000
10977,40000
10978,48115
10979,55955
10980,57614
10981,80674
10982,46503
10983,44062
10984,46645
10985,40000
10986,43900
10987,46108
10988,54174
10989,46406
10990,40000
10991,55946
10992,74318
10993,40000
10994,41471
10995,40000
10996,43564
10997,40000
10998,62861
10999,55946
11000,54654
11001,47199
11002,49909
11003,40000
11004,40226
11005,41901
11006,63287
11007,40000
11008,65018
11009,75111
11010,77160
11011,58931
11012,72092
11013,72427
11014,56447
11015,57076
11016,56498
11017,40000
11018,75379
11019,69387
11020,46493
11021,62670
11022,85058
11023,46292
11024,85419
11025,40000
11026,54590
11027,40000
11028,41111
11029,90110
11030,49948
11031,71654
11032,40000
11033,57239
11034,40000
11035,62108
11036,49051
11037,40000
11038,44993
11039,40000
11040,53648
11041,55068
11042,40000
11043,40000
11044,43441
11045,40000
11046,68001
11047,40000
11048,65697
11049,64700
11050,52251
11051,40000
11052,40000
11053,50489
11054,40000
11055,70811
11056,79354
11057,66650
11058,40000
11059,58271
11060,57435
11061,81257
11062,42053
11063,40000
11064,48411
11065,40000
11066,53496
11067,40000
11068,40000
11069,65760
11070,40000
11071,40000
11072,40000
11073,80125
11074,44035
11075,76877
11076,47480
11077,42983
11078,52797
11079,46239
11080,48328
11081,65686
11082,41586
11083,90972
11084,52121
11085,66437
11086,53234
11087,78081
11088,40000
11089,41004
11090,42025
11091,76253
11092,78588
11093,40000
11094,40000
11095,40000
11096,62132
11097,60027
11098,40000
11099,81756
11100,40000
11101,40000
11102,68721
11103,60761
11104,40000
11105,59803
11106,71446
11107,71066
11108,40000
11109,40000
11110,43063
11111,49777
11112,40000
11113,66401
11114,42370
11115,45364
11116,40000
11117,65945
11118,44310
11119,40000
11120,79352
11121,40000
11122,54157
11123,77539
11124,66045
11125,45360
11126,40000
11127,40000
11128,49544
11129,44204
11130,43172
11131,60792
11132,40000
11133,40000
11134,58731
11135,40000
11136,54770
11137,40000
11138,43154
11139,63596
11140,40000
11141,40000
11142,40000
11143,63264
11144,56144
11145,50480
11146,96019
11147,40000
11148,56344
11149,99680
11150,79045
11151,40000
11152,62169
11153,40000
11154,40000
11155,85737
11156,42448
11157,50629
11158,40000
11159,55943
11160,40000
11161,42700
11162,69873
11163,64988
11164,62630
11165,41030
11166,50996
11167,41462
11168,72944
11169,47680
11170,44531
11171,40000
11172,73262
11173,46609
11174,45806
11175,40000
11176,58670
11177,40000
11178,55571
11179,40069
11180,40000
11181,40000
11182,63677
11183,40000
11184,40000
11185,40000
11186,40000
11187,49530
11188,69516
11189,71798
11190,59220
11191,41001
11192,40000
11193,45258
11194,68149
11195,52089
11196,44671
11197,88741
11198,51071
11199,40000
11200,65008
11201,49454
11202,40000
11203,68049
11204,40000
11205,82102
11206,68802
11207,49728
11208,83660
11209,40000
11210,40000
11211,72668
11212,66041
11213,40000
11214,78975
11215,70468
11216,63757
11217,40000
11218,40000
11219,40000
11220,40000
11221,47184
11222,73559
11223,56878
11224,40000
11225,40000
11226,67366
11227,40000
11228,45862
11229,48214
11230,54402
11231,40000
11232,43863
11233,46070
11234,60412
11235,40000
11236,56204
11237,102547
11238,40000
11239,83636
11240,61739
11241,55964
11242,51852
11243,47598
11244,40000
11245,77791
11246,40000
11247,40000
11248,67711
11249,43324
11250,63572
11251,69432
11252,40000
11253,40000
11254,50562
11255,40000
11256,67685
11257,62901
11258,40000
11259,91628
11260,40000
11261,58175
11262,57033
11263,48695
11264,65827
11265,40000
11266,40000
11267,65990
11268,40000
11269,71092
11270,40000
11271,59015
11272,89679
11273,40000
11274,40000
11275,58382
11276,40000
11277,52519
11278,40000
11279,40000
11280,67177
11281,40000
11282,76282
11283,56439
11284,40000
11285,50426
11286,75397
11287,64454
11288,60782
11289,40000
11290,65034
11291,54307
11292,40000
11293,63418
11294,43768
11295,66622
11296,40000
11297,40000
11298,77952
11299,40000
11300,44380
11301,40000
11302,52934
11303,49413
11304,62295
11305,43393
11306,79215
11307,64887
11308,44014
11309,40000
11310,79768
11311,56393
11312,49130
11313,55301
11314,40000
11315,84316
11316,40000
11317,40000
11318,69853
11319,40000
11320,45118
11321,40783
11322,43021
11323,40000
11324,54288
11325,62458
11326,40000
11327,40000
11328,61119
11329,58591
11330,68922
11331,40000
11332,40000
11333,40000
11334,73839
11335,40000
11336,71404
11337,42659
11338,82210
11339,40000
11340,48813
11341,47896
11342,40000
11343,43306
11344,44490
11345,61656
11346,66099
11347,41524
11348,40000
11349,46356
11350,48090
11351,65863
11352,40000
11353,62812
11354,40000
11355,83126
11356,53112
11357,51285
11358,57117
11359,85969
11360,63466
11361,40978
11362,65693
11363,70183
11364,40000
11365,56463
11366,40000
11367,78730
11368,40000
11369,49907
11370,40000
11371,46423
11372,52023
11373,45912
11374,51611
11375,83880
11376,46964
11377,60961
11378,40000
11379,40000
11380,53345
11381,71747
11382,44122
11383,40000
11384,40000
11385,40000
11386,47726
11387,41824
11388,43632
11389,86011
11390,40000
11391,54638
11392,62114
11393,40000
11394,40000
11395,51673
11396,48918
11397,40000
11398,44625
11399,40324
11400,40000
11401,52021
11402,89345
11403,87912
11404,42907
11405,47098
11406,71834
11407,50395
11408,65600
11409,40000
11410,45665
11411,45516
11412,73045
11413,40220
11414,76725
11415,40000
11416,58151
11417,74114
11418,40000
11419,47542
11420,40000
11421,52416
11422,44085
11423,43947
11424,40000
11425,40000
11426,78109
11427,65177
11428,40000
11429,78620
11430,71181
11431,44804
11432,40208
11433,40000
11434,54798
11435,65726
11436,67921
11437,40000
11438,53950
11439,69470
11440,40000
11441,67352
11442,40000
11443,82308
11444,40000
11445,40000
11446,40000
11447,74396
11448,40000
11449,61434
11450,42732
11451,61848
11452,52083
11453,50997
11454,58237
11455,46590
11456,46367
11457,40000
11458,43739
11459,40000
11460,45712
11461,49398
11462,74001
11463,40000
11464,40000
11465,40000
11466,40472
11467,60924
11468,85983
11469,44625
11470,54614
11471,40000
11472,71642
11473,40000
11474,59016
11475,49565
11476,56449
11477,40000
11478,93693
11479,78157
11480,85687
11481,42627
11482,93516
11483,66924
11484,78045
11485,45743
11486,107118
11487,63779
11488,55704
11489,50394
11490,40000
11491,40000
11492,52639
11493,84934
11494,46637
11495,40220
11496,40000
11497,47324
11498,40000
11499,40000
11500,53141
11501,48608
11502,40000
11503,56928
11504,68510
11505,49847
11506,89747
11507,46183
11508,61373
11509,40000
11510,40000
11511,63552
11512,45659
11513,82525
11514,40000
11515,70182
11516,42666
11517,54453
11518,40000
11519,61444
11520,73886
11521,67809
11522,49279
11523,64203
11524,41081
11525,61691
11526,67591
11527,60212
11528,44026
11529,45513
11530,56081
11531,53370
11532,40000
11533,40000
11534,40000
11535,64204
11536,51854
11537,96023
11538,40000
11539,51616
11540,70043
11541,40000
11542,40000
11543,40000
11544,41062
11545,40000
11546,78216
11547,88701
11548,40000
11549,47524
11550,40000
11551,63612
11552,73942
11553,50541
11554,46065
11555,40000
11556,94203
11557,57561
11558,40000
11559,79916
11560,55608
11561,41388
11562,82255
11563,44919
11564,71216
11565,40000
11566,50466
11567,86261
11568,54673
11569,56536
11570,49184
11571,40000
11572,40000
11573,46194
11574,40000
11575,50896
11576,75077
11577,40000
11578,40000
11579,51201
11580,40000
11581,46950
11582,46584
11583,56846
11584,54421
11585,44852
11586,85929
11587,40000
11588,40000
11589,58444
11590,40000
11591,40000
11592,55959
11593,40000
11594,47334
11595,68224
11596,54076
11597,43205
11598,48112
11599,72403
11600,51994
11601,40000
11602,58575
11603,69180
11604,67601
11605,40000
11606,40000
11607,49584
11608,75458
11609,71954
11610,43598
11611,70990
11612,40000
11613,40000
11614,68728
11615,46591
11616,41900
11617,48838
11618,73416
11619,75765
11620,40000
11621,60596
11622,54953
11623,67994
11624,42001
11625,60333
11626,40000
11627,47168
11628,43966
11629,40000
11630,48782
11631,40000
11632,73029
11633,40000
11634,42068
11635,40000
11636,47900
11637,47301
11638,59646
11639,44728
11640,52520
11641,53327
11642,40000
11643,51970
11644,80722
11645,61796
11646,55411
11647,40000
11648,40000
11649,40000
11650,40000
11651,57164
11652,58583
11653,42624
11654,40000
11655,40000
11656,61926
11657,40000
11658,50087
11659,77527
11660,65758
11661,47700
11662,66700
11663,69423
11664,70380
11665,40000
11666,69278
11667,79814
11668,81323
11669,41183
11670,60931
11671,55227
11672,81212
11673,40000
11674,41454
11675,59823
11676,43310
11677,86658
11678,54238
11679,47190
11680,83768
11681,40000
11682,48241
11683,40000
11684,68753
11685,40000
11686,40000
11687,40000
11688,62954
11689,88980
11690,44420
11691,46240
11692,61845
11693,70403
11694,40000
11695,46989
11696,51633
11697,44268
11698,92931
11699,40000
11700,51475
11701,61097
11702,94495
11703,40000
11704,48727
11705,79701
11706,61482
11707,55379
11708,68112
11709,43381
11710,41951
11711,53170
11712,40000
11713,53387
11714,40000
11715,48995
11716,40000
11717,58955
11718,60112
11719,76415
11720,41731
11721,40000
11722,40000
11723,91895
11724,40000
11725,41545
11726,46017
11727,54335
11728,41427
11729,75926
11730,97213
11731,40000
11732,40000
11733,46092
11734,49728
11735,40000
11736,44127
11737,48832
11738,58432
11739,43666
11740,79335
11741,59925
11742,56759
11743,57591
11744,40000
11745,48355
11746,55951
11747,90239
11748,54491
11749,40000
11750,40000
11751,40000
11752,60876
11753,80308
11754,43638
11755,56874
11756,59493
11757,40000
11758,43432
11759,40000
11760,40000
11761,52986
11762,52050
11763,40000
11764,64875
11765,40000
11766,40000
11767,55832
11768,40509
11769,40000
11770,40000
11771,40000
11772,61295
11773,40000
11774,40000
11775,40000
11776,77997
11777,40000
11778,40000
11779,40000
11780,49009
11781,67981
11782,40000
11783,40000
11784,58447
11785,111231
11786,40000
11787,40000
11788,59292
11789,41863
11790,41777
11791,40000
11792,40000
11793,40000
11794,40000
11795,40000
11796,63002
11797,88050
11798,81093
11799,58726
11800,40000
11801,67265
11802,60280
11803,40000
11804,46168
11805,40000
11806,45424
11807,40000
11808,51897
11809,55101
11810,41256
11811,52695
11812,47297
11813,94687
11814,40000
11815,52239
11816,53163
11817,50638
11818,44252
11819,59829
11820,46244
11821,50404
11822,67396
11823,72637
11824,41033
11825,53906
11826,49062
11827,43015
11828,59619
11829,40000
11830,67232
11831,51751
11832,40000
11833,66574
11834,84003
11835,40000
11836,40000
11837,55519
11838,68674
11839,73024
11840,52977
11841,90296
11842,40000
11843,48703
11844,78049
11845,40000
11846,53448
11847,64449
11848,58804
11849,63730
11850,62811
11851,41508
11852,66717
11853,61941
11854,40000
11855,64165
11856,40000
11857,94805
11858,40335
11859,79630
11860,52102
11861,66619
11862,46011
11863,54220
11864,52517
11865,40000
11866,40481
11867,53552
11868,48349
11869,62968
11870,92890
11871,67424
11872,43159
11873,52243
11874,72605
11875,62315
11876,45372
11877,50777
11878,59403
11879,40000
11880,85790
11881,76541
11882,49334
11883,58135
11884,79860
11885,43445
11886,40000
11887,40000
11888,53720
11889,41636
11890,65525
11891,40000
11892,50901
11893,50514
11894,56198
11895,66950
11896,40000
11897,80049
11898,43347
11899,40864
11900,73147
11901,78197
11902,40000
11903,48959
11904,71752
11905,40251
11906,81324
11907,40000
11908,79580
11909,48724
11910,58018
11911,40000
11912,49842
11913,40000
11914,40000
11915,58042
11916,66691
11917,40000
11918,40000
11919,40000
11920,69818
11921,45865
11922,40000
11923,40000
11924,62705
11925,55133
11926,41612
11927,76086
11928,40000
11929,40000
11930,50704
11931,73369
11932,44255
11933,56130
11934,42846
11935,72224
11936,81194
11937,75590
11938,40000
11939,64815
11940,60193
11941,52224
11942,77391
11943,68057
11944,52061
11945,53056
11946,66544
11947,54249
11948,49929
11949,40000
11950,41360
11951,40000
11952,53243
11953,51390
11954,81841
11955,40000
11956,68564
11957,58955
11958,57996
11959,47935
11960,40000
11961,83539
11962,40000
11963,40000
11964,71667
11965,57709
11966,61626
11967,40000
11968,65439
11969,91787
11970,40000
11971,40000
11972,52908
11973,40000
11974,61173
11975,40000
11976,70345
11977,40000
11978,56414
11979,50796
11980,58241
11981,42925
11982,40000
11983,40000
11984,59501
11985,40000
11986,48563
11987,40000
11988,57652
11989,40000
11990,63106
11991,61223
11992,40000
11993,56505
11994,49761
11995,55714
11996,52870
11997,40000
11998,58617
11999,40000
12000,50678
12001,71467
12002,42654
12003,59540
12004,58136
12005,46505
12006,44032
12007,40000
12008,68535
12009,55614
12010,40000
12011,85833
12012,72898
12013,70615
12014,55769
12015,42853
12016,42839
12017,50760
12018,46011
12019,40000
12020,73508
12021,40000
12022,63140
12023,40000
12024,65580
12025,62126
12026,76571
12027,45038
12028,51314
12029,41474
12030,40000
12031,51383
12032,40000
12033,49992
12034,40148
12035,40000
12036,67143
12037,47805
12038,40000
12039,44145
12040,64813
12041,65814
12042,52176
12043,49009
12044,40000
12045,40000
12046,70172
12047,52051
12048,56508
12049,46155
12050,46704
12051,49750
12052,40000
12053,48319
12054,67400
12055,60201
12056,40000
12057,75815
12058,61378
12059,45275
12060,40000
12061,62796
12062,44199
12063,56022
12064,40000
12065,51884
12066,69228
12067,72160
12068,51401
12069,51928
12070,50233
12071,40000
12072,40000
12073,40000
12074,40000
12075,40000
12076,75381
12077,50388
12078,44947
12079,43632
12080,47946
12081,54699
12082,72118
12083,56808
12084,40000
12085,41358
12086,66388
12087,45432
12088,69081
12089,46288
12090,46269
12091,40000
12092,40000
12093,40000
12094,44788
12095,57978
12096,63911
12097,90243
12098,62575
12099,104610
12100,70999
12101,40000
12102,90853
12103,56188
12104,43465
12105,40000
12106,40000
12107,54485
12108,56691
12109,43689
12110,45382
12111,47294
12112,76538
12113,73294
12114,40000
12115,52562
12116,40813
12117,40000
12118,40000
12119,69109
12120,71783
12121,53929
12122,46398
12123,64879
12124,50872
12125,41215
12126,56921
12127,66740
12128,81527
12129,67618
12130,59494
12131,40000
12132,40000
12133,40000
12134,53503
12135,40000
12136,40000
12137,46294
12138,40000
12139,40000
12140,40000
12141,53897
12142,48378
12143,57666
12144,40000
12145,40000
12146,53521
12147,40000
12148,42040
12149,109934
12150,48057
12151,82191
12152,82078
12153,62254
12154,49909
12155,55355
12156,55022
12157,40000
12158,53389
12159,61210
12160,60391
12161,40000
12162,40000
12163,54110
12164,43366
12165,41951
12166,40000
12167,57757
12168,40000
12169,40000
12170,40000
12171,76375
12172,40000
12173,58321
12174,40000
12175,42918
12176,40000
12177,50570
12178,73367
12179,57733
12180,40000
12181,80475
12182,81444
12183,40000
12184,77277
12185,65420
12186,70221
12187,40000
12188,47964
12189,70923
12190,40000
12191,45307
12192,41625
12193,40000
12194,49340
12195,59882
12196,41979
12197,54456
12198,40313
12199,99287
12200,59884
12201,40000
12202,40000
12203,56668
12204,40000
12205,40000
12206,40000
12207,40000
12208,63683
12209,50420
12210,40000
12211,40000
12212,40000
12213,79834
12214,54681
12215,69252
12216,40000
12217,40000
12218,40000
12219,57507
12220,53075
12221,56736
12222,55840
12223,54459
12224,59714
12225,61090
12226,40000
12227,40000
12228,40000
12229,54321
12230,53692
12231,40000
12232,82709
12233,54678
12234,54921
12235,100755
12236,55907
12237,59019
12238,40000
12239,40000
12240,40000
12241,59930
12242,46911
12243,40785
12244,40000
12245,57640
12246,40000
12247,59183
12248,45054
12249,70099
12250,61573
12251,83518
12252,40000
12253,54124
12254,44848
12255,57304
12256,40000
12257,56495
12258,40748
12259,77426
12260,83671
12261,84058
12262,49633
12263,53078
12264,51816
12265,40000
12266,45079
12267,75510
12268,48612
12269,40000
12270,52840
12271,40000
12272,43811
12273,90736
12274,40000
12275,43671
12276,59844
12277,43960
12278,40000
12279,40000
12280,58288
12281,45417
12282,40000
12283,57626
12284,55920
12285,65800
12286,40000
12287,40000
12288,43296
12289,41606
12290,60429
12291,67506
12292,57645
12293,67543
12294,77586
12295,78131
12296,63405
12297,68376
12298,62015
12299,40000
12300,40000
12301,40835
12302,40000
12303,40000
12304,40000
12305,40000
12306,86718
12307,40000
12308,58741
12309,40000
12310,62984
12311,40000
12312,52344
12313,45777
12314,40000
12315,56609
12316,46261
12317,40000
12318,73225
12319,40000
12320,69973
12321,105071
12322,56115
12323,40000
12324,59755
12325,74200
12326,57236
12327,67449
12328,51299
12329,40000
12330,46984
12331,75852
12332,40000
12333,40000
12334,40000
12335,40000
12336,40000
12337,56100
12338,46270
12339,40000
12340,43440
12341,40000
12342,59976
12343,52134
12344,78222
12345,42222
12346,40000
12347,60248
12348,70107
12349,76760
12350,59528
12351,67969
12352,47968
12353,40000
12354,55329
12355,70724
12356,58494
12357,41576
12358,68256
12359,84492
12360,40000
12361,40883
12362,50058
12363,57141
12364,42337
12365,40000
12366,40000
12367,40000
12368,45415
12369,51648
12370,40000
12371,44303
12372,41042
12373,75986
12374,80760
12375,42961
12376,57632
12377,42664
12378,41040
12379,43508
12380,40000
12381,42211
12382,66365
12383,40000
12384,40000
12385,50107
12386,40000
12387,40000
12388,40000
12389,40000
12390,75856
12391,49039
12392,40000
12393,69056
12394,40000
12395,66909
12396,75774
12397,40000
12398,66676
12399,85582
12400,94617
12401,51193
12402,63446
12403,67679
12404,40000
12405,40000
12406,42913
12407,40000
12408,40000
12409,40000
12410,40000
12411,97610
12412,52914
12413,53179
12414,69837
12415,53615
12416,52598
12417,67342
12418,61035
12419,47860
12420,77427
12421,52691
12422,71376
12423,40099
12424,64463
12425,85593
12426,40000
12427,40000
12428,40000
12429,40000
12430,72430
12431,48081
12432,47127
12433,40000
12434,40000
12435,86207
12436,51913
12437,40000
12438,109440
12439,48780
12440,40000
12441,40000
12442,51750
12443,40000
12444,40000
12445,68511
12446,49739
12447,40000
12448,63278
12449,40000
12450,40000
12451,40000
12452,40000
12453,74339
12454,41347
12455,40000
12456,57204
12457,61904
12458,40000
12459,40000
12460,79268
12461,73223
12462,70123
12463,40000
12464,50448
12465,70703
12466,65175
12467,40000
12468,41627
12469,40000
12470,42070
12471,59020
12472,70082
12473,70400
12474,54978
12475,40000
12476,40000
12477,49358
12478,50404
12479,72984
12480,62415
12481,40000
12482,45647
12483,40000
12484,57031
12485,50468
12486,46454
12487,40000
12488,40000
12489,63306
12490,40000
12491,51761
12492,59589
12493,40000
12494,62840
12495,60091
12496,48654
12497,81191
12498,61197
12499,69706
12500,40000
12501,76082
12502,40000
12503,40000
12504,40000
12505,40423
12506,50229
12507,73120
12508,40000
12509,40000
12510,40000
12511,51778
12512,40000
12513,61033
12514,54241
12515,50655
12516,40000
12517,48662
12518,43828
12519,60454
12520,40000
12521,40067
12522,47733
12523,94760
12524,42824
12525,45737
12526,79420
12527,52695
12528,40000
12529,40000
12530,53278
12531,40000
12532,40000
12533,48659
12534,66715
12535,43693
12536,67857
12537,85107
12538,49779
12539,45077
12540,40000
12541,93105
12542,44176
12543,42623
12544,43653
12545,40000
12546,85066
12547,40000
12548,55789
12549,40000
12550,44293
12551,40000
12552,91393
12553,40000
12554,55348
12555,68051
12556,40000
12557,41840
12558,40000
12559,41375
12560,45562
12561,40000
12562,55075
12563,40000
12564,76772
12565,82557
12566,40000
12567,71451
12568,40000
12569,71357
12570,40000
12571,53163
12572,50764
12573,78532
12574,66284
12575,71204
12576,66325
12577,54569
12578,40000
12579,40000
12580,43808
12581,40000
12582,55630
12583,49844
12584,40000
12585,47222
12586,50972
12587,70421
12588,49125
12589,59441
12590,72208
12591,88409
12592,40000
12593,64244
12594,40000
12595,64989
12596,40000
12597,63589
12598,81715
12599,59275
12600,43910
12601,41714
12602,44211
12603,43168
12604,77262
12605,73698
12606,40000
12607,58602
12608,40000
12609,40000
12610,42434
12611,40000
12612,92187
12613,45197
12614,51633
12615,40000
12616,40000
12617,55663
12618,50415
12619,47051
12620,83622
12621,40000
12622,46826
12623,79700
12624,63183
12625,62245
12626,61375
12627,76484
12628,40000
12629,68257
12630,41052
12631,58639
12632,66821
12633,40000
12634,40000
12635,40000
12636,40000
12637,44370
12638,56677
12639,40000
12640,75062
12641,56644
12642,68271
12643,114784
12644,40000
12645,63135
12646,59031
12647,69533
12648,81440
12649,58446
12650,40000
12651,75150
12652,78209
12653,40000
12654,40662
12655,46933
12656,70030
12657,53803
12658,73254
12659,54389
12660,88278
12661,43394
12662,69016
12663,49966
12664,40000
12665,68848
12666,40000
12667,55737
12668,73509
12669,60719
12670,45281
12671,42099
12672,54041
12673,81758
12674,72992
12675,79420
12676,54933
12677,63890
12678,44529
12679,40000
12680,46321
12681,90711
12682,53386
12683,66507
12684,80980
12685,55726
12686,40000
12687,78376
12688,40000
12689,59689
12690,80991
12691,48493
12692,52983
12693,40000
12694,53019
12695,44911
12696,40000
12697,40000
12698,77063
12699,41895
12700,40000
12701,65748
12702,40000
12703,98333
12704,53641
12705,53892
12706,59515
12707,53664
12708,53384
12709,45510
12710,59137
12711,48648
12712,40130
12713,45307
12714,44847
12715,40000
12716,64267
12717,53194
12718,90490
12719,40262
12720,64244
12721,70155
12722,62325
12723,54083
12724,59907
12725,40000
12726,61177
12727,44137
12728,40000
12729,51796
12730,40000
12731,40000
12732,74436
12733,60374
12734,40000
12735,68224
12736,48204
12737,43965
12738,44277
12739,69468
12740,40000
12741,55293
12742,80251
12743,56932
12744,65284
12745,40000
12746,63044
12747,40000
12748,40000
12749,78077
12750,68045
12751,50982
12752,47447
12753,47071
12754,56137
12755,40196
12756,58783
12757,62910
12758,51525
12759,49963
12760,55252
12761,62465
12762,40000
12763,40000
12764,54850
12765,52069
12766,99444
12767,54661
12768,44107
12769,40000
12770,55103
12771,40000
12772,40000
12773,65556
12774,40000
12775,69805
12776,47789
12777,50672
12778,40000
12779,40000
12780,50101
12781,58536
12782,40000
12783,67257
12784,40000
12785,68680
12786,51030
12787,59387
12788,40000
12789,41358
12790,87760
12791,40000
12792,62452
12793,59528
12794,58039
12795,56969
12796,40000
12797,60911
12798,81145
12799,42816
12800,64576
12801,40000
12802,48938
12803,91789
12804,40453
12805,56255
12806,40000
12807,48331
12808,71669
12809,47707
12810,46737
12811,40000
12812,60641
12813,40373
12814,46936
12815,65073
12816,66194
12817,67294
12818,76878
12819,48455
12820,40000
12821,46727
12822,41976
12823,51587
12824,40000
12825,40000
12826,65241
12827,44277
12828,85769
12829,51521
12830,58179
12831,40000
12832,48774
12833,40000
12834,64330
12835,40000
12836,43403
12837,52259
12838,40000
12839,41152
12840,40000
12841,40000
12842,40000
12843,40000
12844,48844
12845,78888
12846,63962
12847,40000
12848,40000
12849,40000
12850,42286
12851,64013
12852,69491
12853,47160
12854,61371
12855,40000
12856,57497
12857,52646
12858,68531
12859,40000
12860,48537
12861,43169
12862,54753
12863,62803
12864,58964
12865,64679
12866,40000
12867,40000
12868,40000
12869,61803
12870,65004
12871,41100
12872,56040
12873,81593
12874,40000
12875,70849
12876,42277
12877,40000
12878,42552
12879,40000
12880,83580
12881,66390
12882,40000
12883,53310
12884,82165
12885,40000
12886,94499
12887,40000
12888,41673
12889,58901
12890,66803
12891,50623
12892,42126
12893,50803
12894,68186
12895,40000
12896,54602
12897,64463
12898,70015
12899,40000
12900,40539
12901,40000
12902,49761
12903,74694
12904,49424
12905,58659
12906,57229
12907,56617
12908,53631
12909,82994
12910,69301
12911,59598
12912,40000
12913,40000
12914,40000
12915,55723
12916,49955
12917,45675
12918,40000
12919,55911
12920,40000
12921,40000
12922,69441
12923,40000
12924,41969
12925,70859
12926,68314
12927,70700
12928,44361
12929,68769
12930,46610
12931,89275
12932,42937
12933,40000
12934,47274
12935,40000
12936,64450
12937,59206
12938,48418
12939,48663
12940,49760
12941,67069
12942,58435
12943,61658
12944,40000
12945,51637
12946,58373
12947,40000
12948,40000
12949,40000
12950,41670
12951,60566
12952,64675
12953,47933
12954,59117
12955,94869
12956,40000
12957,57956
12958,72705
12959,40000
12960,40000
12961,47164
12962,73680
12963,40000
12964,68134
12965,91574
12966,65434
12967,74001
12968,43014
12969,59876
12970,43225
12971,56293
12972,40000
12973,66850
12974,93034
12975,67344
12976,61518
12977,61326
12978,40000
12979,76698
12980,40000
12981,40000
12982,40000
12983,57252
12984,40000
12985,61033
12986,50021
12987,56823
12988,40000
12989,47059
12990,60835
12991,53532
12992,40000
12993,74041
12994,60085
12995,40000
12996,59466
12997,46711
12998,40000
12999,50862
13000,40000
13001,40000
13002,40935
13003,40000
13004,40000
13005,40000
13006,55773
13007,52406
13008,40000
13009,40000
13010,41897
13011,51216
13012,40000
13013,40000
13014,40000
13015,40000
13016,40000
13017,40000
13018,73043
13019,53732
13020,45178
13021,45553
13022,46176
13023,40000
13024,40509
13025,53112
13026,41631
13027,65940
13028,47096
13029,54775
13030,51770
13031,40000
13032,41509
13033,49113
13034,77736
13035,95562
13036,56680
13037,55957
13038,40000
13039,55383
13040,49082
13041,71571
13042,64863
13043,99378
13044,61054
13045,40000
13046,40000
13047,52323
13048,40000
13049,60266
13050,53344
13051,50122
13052,42693
13053,40000
13054,40000
13055,40000
13056,87820
13057,57206
13058,44908
13059,67503
13060,40000
13061,40000
13062,55665
13063,60481
13064,63493
13065,58147
13066,40000
13067,40000
13068,49547
13069,40000
13070,55500
13071,40000
13072,40000
13073,76963
13074,40000
13075,40000
13076,50582
13077,47776
13078,56545
13079,40328
13080,57268
13081,79580
13082,40000
13083,64283
13084,64106
13085,41538
13086,40000
13087,40000
13088,43311
13089,51162
13090,46271
13091,49024
13092,74477
13093,75658
13094,46429
13095,40000
13096,52544
13097,70894
13098,57453
13099,51199
13100,53022
13101,40000
13102,69629
13103,40000
13104,40000
13105,52974
13106,40000
13107,79309
13108,40000
13109,49075
13110,57941
13111,60983
13112,77982
13113,66941
13114,56099
13115,75249
13116,76318
13117,73694
13118,40000
13119,62012
13120,65786
13121,50055
13122,40000
13123,40000
13124,73785
13125,75409
13126,40000
13127,40000
13128,53027
13129,51416
13130,41414
13131,69724
13132,47419
13133,67777
13134,51227
13135,46997
13136,47431
13137,51693
13138,82665
13139,40000
13140,40000
13141,49600
13142,58596
13143,40000
13144,52825
13145,40000
13146,61398
13147,77429
13148,40000
13149,46791
13150,40000
13151,53066
13152,40314
13153,48334
13154,88314
13155,47423
13156,48285
13157,40483
13158,74477
13159,54536
13160,55792
13161,49733
13162,70882
13163,41896
13164,40000
13165,42796
13166,57955
13167,73995
13168,49210
13169,46124
13170,49012
13171,40000
13172,54413
13173,46354
13174,40000
13175,65572
13176,77759
13177,45517
13178,91979
13179,90233
13180,40000
13181,50325
13182,46832
13183,40000
13184,40000
13185,83716
13186,93138
13187,80673
13188,69292
13189,40000
13190,40000
13191,40000
13192,43986
13193,40000
13194,40000
13195,52457
13196,49242
13197,93225
13198,62766
13199,40000
13200,50821
13201,65684
13202,51915
13203,40000
13204,45177
13205,88768
13206,44383
13207,44885
13208,56446
13209,40000
13210,83961
13211,55309
13212,94677
13213,61131
13214,47746
13215,40000
13216,40000
13217,55128
13218,40000
13219,40000
13220,46865
13221,47724
13222,40000
13223,80125
13224,40000
13225,45517
13226,49754
13227,88669
13228,40000
13229,40000
13230,54290
13231,52725
13232,40000
13233,49414
13234,40000
13235,57427
13236,84241
13237,79350
13238,40000
13239,50332
13240,49018
13241,72686
13242,40000
13243,67269
13244,63219
13245,44549
13246,83156
13247,51878
13248,72379
13249,40000
13250,47829
13251,60472
13252,55454
13253,66462
13254,52040
13255,40006
13256,54810
13257,55028
13258,40000
13259,90803
13260,40000
13261,88361
13262,59181
13263,61281
13264,56842
13265,40000
13266,40000
13267,40000
13268,77259
13269,40000
13270,40000
13271,52644
13272,40000
13273,51072
13274,52953
13275,41390
13276,65836
13277,54086
13278,51251
13279,40000
13280,40000
13281,40000
13282,45990
13283,40000
13284,45690
13285,40000
13286,45858
13287,54988
13288,40000
13289,67663
13290,40000
13291,54720
13292,56321
13293,78361
13294,57991
13295,64342
13296,53282
13297,53091
13298,40000
13299,40000
13300,40000
13301,46013
13302,40000
13303,63524
13304,56080
13305,104969
13306,58350
13307,40000
13308,84770
13309,40000
13310,40000
13311,45203
13312,53718
13313,40000
13314,40000
13315,40000
13316,44152
13317,62834
13318,48940
13319,59100
13320,47422
13321,59560
13322,69158
13323,57890
13324,43599
13325,40000
13326,40000
13327,40000
13328,40000
13329,96912
13330,61128
13331,53135
13332,40000
13333,50997
13334,66315
13335,65741
13336,40000
13337,40000
13338,40000
13339,81645
13340,50911
13341,40000
13342,59327
13343,40000
13344,42512
13345,81471
13346,40000
13347,79839
13348,56712
13349,66066
13350,49779
13351,43830
13352,40000
13353,40000
13354,42065
13355,43376
13356,67569
13357,40000
13358,40000
13359,62189
13360,40000
13361,40000
13362,40000
13363,42226
13364,81665
13365,40000
13366,46746
13367,40000
13368,52872
13369,40000
13370,41658
13371,40000
13372,70536
13373,82749
13374,40000
13375,40000
13376,40000
13377,46440
13378,64833
13379,52620
13380,40000
13381,66122
13382,49007
13383,55141
13384,71462
13385,40000
13386,91420
13387,68936
13388,52597
13389,40000
13390,40000
13391,40000
13392,69221
13393,46332
13394,44631
13395,53988
13396,40000
13397,46669
13398,40000
13399,40000
13400,57324
13401,79455
13402,40000
13403,101800
13404,96888
13405,60799
13406,40000
13407,60348
13408,52479
13409,43210
13410,55898
13411,53771
13412,56217
13413,73152
13414,84056
13415,61838
13416,40000
13417,53074
13418,40000
13419,75278
13420,57397
13421,40000
13422,59466
13423,66113
13424,58897
13425,52108
13426,49911
13427,50468
13428,77663
13429,71338
13430,40000
13431,50219
13432,49069
13433,40000
13434,40000
13435,42558
13436,67296
13437,40492
13438,48491
13439,49283
13440,40000
13441,40000
13442,40000
13443,40000
13444,44146
13445,53194
13446,64812
13447,68069
13448,56827
13449,73033
13450,40000
13451,40000
13452,40000
13453,52593
13454,47898
13455,50919
13456,40000
13457,40812
13458,41375
13459,40000
13460,40000
13461,48323
13462,40000
13463,40000
13464,45562
13465,49821
13466,74252
13467,56977
13468,40000
13469,56090
13470,64577
13471,46217
13472,40000
13473,75948
13474,59495
13475,55431
13476,56378
13477,40000
13478,41121
13479,82384
13480,85965
13481,40000
13482,40000
13483,69382
13484,40000
13485,52116
13486,40000
13487,72342
13488,72541
13489,75204
13490,76966
13491,57400
13492,44883
13493,40000
13494,40000
13495,62817
13496,91365
13497,49751
13498,48744
13499,40000
13500,57581
13501,68939
13502,40000
13503,60245
13504,41895
13505,46130
13506,46814
13507,72447
13508,40000
13509,40000
13510,67733
13511,71038
13512,70071
13513,72021
13514,40000
13515,79720
13516,72230
13517,40000
13518,40000
13519,78159
13520,46435
13521,40000
13522,70884
13523,45333
13524,52849
13525,40000
13526,59090
13527,52381
13528,89986
13529,62146
13530,54524
13531,58854
13532,80543
13533,40000
13534,47121
13535,40000
13536,40000
13537,46816
13538,40000
13539,54246
13540,82488
13541,52445
13542,51175
13543,78646
13544,91559
13545,40000
13546,50295
13547,55412
13548,40000
13549,40000
13550,71001
13551,88674
13552,73346
13553,66601
13554,49930
13555,106564
13556,48557
13557,40000
13558,52165
13559,84758
13560,40000
13561,42629
13562,40000
13563,59762
13564,87914
13565,46910
13566,53645
13567,71269
13568,43859
13569,58317
13570,70069
13571,61100
13572,40000
13573,40000
13574,40000
13575,73636
13576,73022
13577,89268
13578,62885
13579,47468
13580,53632
13581,40000
13582,65494
13583,42621
13584,44287
13585,40000
13586,40000
13587,40000
13588,78887
13589,43866
13590,58938
13591,40000
13592,43238
13593,50366
13594,52441
13595,41869
13596,57320
13597,41393
13598,76264
13599,69573
13600,40000
13601,60396
13602,50432
13603,45209
13604,66944
13605,70404
13606,84916
13607,78575
13608,78515
13609,68620
13610,40000
13611,85550
13612,40000
13613,40000
13614,44598
13615,63219
13616,40000
13617,40000
13618,73787
13619,40000
13620,55563
13621,73192
13622,63460
13623,40000
13624,40000
13625,49773
13626,67309
13627,40000
13628,40000
13629,40000
13630,40000
13631,48442
13632,68604
13633,68825
13634,40000
13635,44265
13636,40986
13637,40000
13638,51575
13639,40000
13640,62282
13641,40000
13642,45456
13643,64841
13644,56903
13645,51192
13646,54913
13647,40000
13648,47723
13649,40000
13650,62751
13651,62278
13652,40000
13653,53242
13654,46620
13655,40000
13656,40000
13657,40000
13658,40000
13659,63074
13660,50907
13661,82323
13662,66158
13663,40000
13664,46752
13665,66356
13666,79938
13667,72587
13668,63339
13669,70008
13670,40000
13671,58627
13672,86086
13673,50560
13674,56639
13675,57204
13676,63332
13677,45989
13678,40000
13679,40000
13680,46968
13681,40000
13682,40000
13683,40000
13684,79100
13685,48322
13686,48464
13687,41205
13688,40000
13689,56932
13690,40602
13691,40000
13692,62495
13693,40000
13694,69534
13695,57606
13696,60469
13697,40000
13698,57541
13699,61929
13700,99406
13701,45401
13702,65028
13703,40000
13704,40000
13705,40000
13706,48559
13707,55293
13708,48399
13709,58413
13710,40000
13711,40000
13712,40000
13713,56608
13714,40000
13715,79848
13716,40000
13717,50254
13718,61139
13719,49098
13720,56452
13721,64754
13722,52919
13723,56100
13724,40000
13725,45998
13726,81760
13727,50798
13728,40000
13729,40000
13730,53832
13731,40745
13732,46179
13733,83354
13734,46498
13735,40000
13736,79413
13737,49568
13738,48349
13739,56842
13740,40000
13741,44546
13742,65040
13743,44087
13744,58206
13745,40000
13746,40000
13747,47752
13748,60595
13749,44870
13750,49071
13751,86183
13752,70883
13753,40000
13754,59335
13755,64334
13756,43407
13757,40000
13758,66365
13759,58260
13760,40000
13761,42402
13762,88048
13763,79030
13764,61273
13765,40461
13766,43748
13767,41713
13768,40000
13769,61025
13770,69874
13771,40000
13772,57288
13773,40000
13774,77294
13775,70161
13776,53362
13777,56714
13778,62849
13779,40000
13780,53145
13781,40000
13782,50110
13783,60276
13784,81705
13785,82217
13786,74494
13787,40000
13788,40000
13789,72188
13790,57967
13791,40000
13792,59127
13793,54473
13794,40000
13795,49749
13796,50962
13797,54537
13798,41101
13799,40000
13800,40000
13801,64182
13802,40000
13803,43420
13804,45329
13805,88152
13806,46387
13807,64287
13808,72103
13809,43735
13810,53637
13811,52175
13812,63132
13813,40000
13814,84095
13815,40000
13816,56881
13817,40000
13818,40532
13819,40000
13820,40000
13821,40000
13822,40000
13823,51090
13824,53184
13825,54704
13826,78842
13827,52285
13828,58556
13829,40000
13830,65480
13831,40000
13832,64799
13833,60015
13834,40000
13835,56269
13836,60294
13837,69700
13838,40000
13839,40000
13840,40000
13841,52277
13842,40000
13843,43189
13844,41488
13845,99039
13846,61097
13847,40599
13848,83567
13849,40000
13850,59163
13851,52615
13852,56111
13853,61615
13854,40000
13855,40000
13856,77934
13857,51929
13858,53425
13859,40000
13860,46045
13861,42013
13862,40872
13863,84893
13864,58688
13865,72744
13866,78575
13867,49262
13868,52129
13869,52114
13870,40000
13871,70333
13872,43162
13873,54038
13874,40000
13875,40000
13876,60548
13877,40000
13878,58776
13879,46501
13880,40021
13881,52487
13882,40000
13883,40000
13884,44785
13885,43069
13886,53144
13887,62153
13888,40000
13889,44219
13890,60611
13891,62991
13892,42781
13893,40000
13894,48958
13895,40053
13896,42816
13897,48476
13898,64720
13899,40000
13900,41680
13901,48879
13902,62721
13903,40000
13904,73885
13905,68675
13906,51193
13907,40000
13908,40000
13909,42656
13910,57023
13911,64188
13912,40000
13913,42772
13914,41526
13915,40000
13916,90797
13917,59182
13918,42489
13919,51486
13920,40000
13921,64695
13922,80951
13923,40000
13924,40000
13925,40000
13926,60367
13927,43551
13928,76677
13929,65002
13930,78867
13931,61524
13932,45422
13933,40000
13934,46507
13935,54500
13936,47292
13937,40000
13938,40000
13939,40000
13940,40000
13941,63858
13942,40000
13943,87119
13944,54309
13945,40000
13946,52426
13947,67098
13948,42837
13949,77454
13950,40000
13951,82054
13952,44224
13953,40291
13954,68873
13955,43092
13956,47896
13957,62604
13958,44355
13959,44417
13960,43204
13961,54364
13962,67965
13963,50425
13964,49472
13965,40000
13966,40000
13967,51337
13968,41598
13969,60392
13970,73416
13971,41054
13972,49895
13973,44579
13974,44368
13975,76649
13976,54806
13977,40000
13978,102990
13979,50381
13980,40000
13981,52405
13982,51178
13983,76690
13984,58469
13985,54943
13986,46099
13987,49919
13988,61555
13989,40000
13990,52723
13991,40000
13992,81318
13993,69962
13994,88328
13995,60638
13996,57054
13997,50990
13998,49306
13999,40000
14000,56808
14001,40000
14002,43003
14003,51943
14004,47337
14005,40000
14006,46818
14007,76177
14008,50118
14009,77657
14010,40000
14011,50800
14012,40000
14013,77740
14014,40000
14015,63084
14016,52307
14017,42371
14018,40000
14019,40000
14020,51807
14021,40000
14022,47920
14023,40000
14024,49470
14025,60898
14026,41267
14027,61640
14028,69394
14029,40000
14030,51275
14031,58367
14032,40000
14033,45584
14034,69700
14035,59900
14036,59314
14037,40000
14038,62982
14039,55689
14040,40000
14041,63235
14042,40385
14043,58815
14044,53541
14045,40000
14046,60312
14047,51746
14048,40000
14049,40000
14050,70102
14051,40000
14052,47417
14053,40000
14054,69492
14055,49437
14056,63229
14057,40000
14058,56244
14059,40000
14060,40000
14061,59033
14062,61151
14063,40923
14064,65639
14065,56356
14066,69020
14067,44669
14068,41054
14069,40000
14070,40000
14071,73549
14072,40000
14073,40000
14074,44894
14075,40000
14076,50846
14077,57835
14078,40000
14079,40000
14080,42826
14081,52258
14082,83256
14083,43544
14084,40000
14085,40000
14086,68537
14087,51057
14088,44821
14089,49411
14090,74489
14091,48053
14092,40000
14093,44420
14094,74193
14095,60868
14096,40000
14097,70604
14098,87963
14099,44768
14100,63041
14101,44319
14102,48200
14103,41404
14104,40327
14105,76767
14106,40000
14107,82396
14108,64031
14109,61804
14110,74484
14111,52696
14112,61757
14113,46841
14114,51041
14115,67511
14116,40000
14117,40000
14118,46248
14119,73374
14120,40551
14121,60578
14122,62343
14123,40000
14124,41960
14125,57041
14126,40000
14127,50454
14128,47537
14129,52308
14130,40000
14131,62662
14132,40000
14133,56719
14134,48606
14135,43550
14136,48379
14137,69040
14138,40000
14139,40000
14140,64727
14141,40000
14142,83875
14143,40492
14144,62278
14145,48843
14146,40000
14147,40000
14148,40000
14149,40193
14150,40000
14151,40000
14152,44445
14153,42477
14154,70040
14155,40000
14156,67458
14157,43647
14158,67559
14159,64495
14160,83875
14161,55376
14162,63626
14163,66601
14164,53066
14165,40000
14166,40000
14167,40000
14168,40000
14169,66015
14170,74473
14171,77236
14172,61519
14173,43347
14174,40000
14175,54570
14176,51872
14177,57052
14178,40144
14179,49505
14180,48050
14181,48774
14182,80254
14183,56157
14184,68003
14185,49283
14186,70244
14187,54546
14188,40000
14189,71824
14190,40000
14191,40155
14192,40000
14193,62604
14194,50016
14195,67499
14196,40000
14197,52474
14198,49152
14199,40000
14200,52225
14201,68116
14202,56963
14203,40000
14204,40000
14205,40000
14206,40000
14207,40000
14208,50669
14209,40000
14210,48391
14211,56916
14212,75723
14213,40000
14214,49797
14215,44791
14216,40000
14217,40000
14218,41397
14219,53980
14220,68017
14221,51591
14222,58780
14223,40000
14224,40000
14225,40000
14226,57602
14227,50463
14228,44274
14229,62602
14230,42971
14231,61780
14232,50568
14233,40000
14234,59812
14235,40000
14236,40000
14237,57219
14238,83638
14239,57965
14240,42899
14241,55280
14242,40000
14243,40000
14244,61406
14245,40000
14246,47343
14247,64735
14248,40000
14249,47635
14250,40000
14251,40000
14252,40000
14253,40000
14254,50266
14255,51038
14256,46348
14257,40000
14258,43080
14259,42593
14260,40000
14261,40000
14262,54232
14263,44656
14264,63835
14265,41336
14266,40000
14267,40000
14268,45915
14269,60444
14270,48485
14271,40000
14272,44169
14273,64222
14274,79118
14275,94782
14276,40000
14277,40000
14278,40000
14279,40000
14280,59183
14281,47391
14282,76629
14283,73158
14284,63574
14285,53317
14286,51489
14287,45483
14288,72318
14289,60863
14290,78736
14291,48149
14292,41846
14293,40000
14294,40000
14295,40000
14296,43704
14297,74864
14298,40000
14299,76395
14300,60303
14301,75184
14302,45483
14303,40000
14304,40000
14305,48232
14306,82322
14307,53343
14308,40000
14309,43269
14310,40000
14311,40866
14312,52902
14313,40231
14314,64049
14315,82500
14316,43844
14317,44851
14318,59560
14319,40016
14320,40000
14321,83644
14322,50363
14323,40000
14324,40000
14325,55600
14326,51046
14327,44147
14328,40000
14329,46371
14330,46376
14331,40000
14332,40000
14333,64875
14334,47166
14335,54734
14336,62352
14337,40000
14338,42092
14339,63356
14340,42858
14341,48692
14342,56327
14343,70096
14344,41979
14345,61910
14346,51517
14347,42638
14348,40000
14349,60669
14350,75974
14351,40000
14352,40000
14353,40000
14354,40000
14355,50070
14356,40000
14357,68812
14358,40000
14359,40000
14360,43476
14361,40000
14362,55944
14363,68885
14364,56970
14365,51442
14366,70288
14367,41169
14368,40000
14369,43031
14370,41248
14371,45488
14372,57667
14373,74464
14374,61101
14375,54266
14376,40000
14377,51913
14378,53703
14379,40000
14380,47819
14381,67755
14382,66995
14383,42144
14384,58260
14385,40000
14386,46908
14387,74678
14388,52022
14389,55684
14390,49469
14391,40000
14392,40000
14393,40000
14394,40000
14395,58898
14396,57689
14397,65369
14398,41978
14399,80785
14400,48377
14401,40000
14402,40000
14403,47194
14404,66407
14405,40000
14406,74442
14407,43466
14408,40000
14409,90388
14410,40000
14411,58151
14412,40000
14413,59293
14414,55940
14415,40000
14416,57166
14417,40000
14418,61764
14419,40000
14420,40000
14421,69562
14422,59001
14423,42804
14424,40000
14425,48818
14426,55794
14427,40000
14428,68903
14429,48958
14430,40000
14431,54768
14432,82646
14433,40000
14434,40000
14435,40000
14436,65830
14437,43707
14438,72880
14439,80654
14440,40000
14441,40000
14442,76623
14443,45499
14444,40000
14445,40000
14446,66639
14447,40000
14448,40000
14449,45138
14450,56631
14451,42680
14452,60763
14453,40000
14454,74305
14455,63969
14456,57852
14457,52732
14458,62028
14459,40000
14460,56267
14461,74913
14462,84769
14463,40000
14464,54508
14465,76557
14466,72672
14467,40000
14468,56807
14469,40000
14470,41510
14471,72511
14472,40000
14473,40000
14474,40000
14475,54580
14476,72512
14477,40000
14478,40000
14479,73596
14480,72283
14481,40000
14482,40000
14483,40000
14484,64573
14485,40000
14486,40000
14487,109859
14488,51847
14489,77126
14490,60770
14491,40617
14492,40000
14493,74530
14494,40000
14495,40000
14496,83751
14497,55199
14498,40000
14499,61545
14500,50058
14501,63646
14502,54596
14503,45250
14504,40000
14505,40000
14506,56270
14507,78638
14508,103452
14509,40000
14510,79904
14511,40000
14512,59789
14513,83273
14514,40000
14515,61645
14516,73262
14517,40000
14518,64238
14519,64955
14520,40000
14521,45095
14522,40000
14523,121038
14524,104682
14525,40000
14526,60761
14527,64992
14528,86418
14529,67393
14530,40000
14531,53755
14532,52081
14533,48376
14534,49590
14535,42079
14536,40000
14537,48332
14538,78314
14539,42975
14540,55261
14541,101925
14542,48822
14543,40000
14544,104153
14545,45871
14546,58516
14547,73630
14548,40000
14549,65334
14550,66872
14551,83296
14552,40000
14553,66099
14554,49306
14555,40000
14556,40000
14557,40000
14558,66540
14559,86305
14560,62770
14561,49660
14562,41572
14563,40000
14564,62163
14565,75176
14566,40000
14567,40000
14568,40000
14569,50258
14570,51725
14571,57248
14572,40000
14573,40000
14574,40000
14575,92663
14576,48621
14577,40000
14578,40000
14579,40000
14580,59740
14581,59499
14582,40000
14583,42202
14584,43480
14585,47294
14586,58409
14587,44469
14588,40000
14589,40000
14590,73239
14591,58271
14592,40000
14593,59635
14594,51414
14595,70860
14596,44661
14597,44486
14598,40000
14599,40000
14600,41352
14601,40000
14602,78092
14603,55369
14604,61809
14605,40000
14606,40000
14607,67813
14608,40000
14609,45148
14610,85426
14611,86684
14612,54396
14613,51178
14614,75805
14615,40000
14616,50617
14617,40000
14618,97578
14619,69713
14620,53303
14621,66404
14622,40000
14623,47200
14624,49635
14625,52730
14626,40000
14627,49395
14628,67387
14629,40000
14630,59768
14631,64229
14632,40000
14633,61842
14634,46360
14635,40000
14636,40000
14637,59701
14638,41766
14639,79405
14640,42662
14641,68814
14642,54553
14643,43628
14644,68552
14645,45647
14646,40000
14647,40000
14648,89209
14649,40000
14650,40000
14651,44660
14652,73251
14653,46524
14654,72278
14655,65742
14656,50794
14657,53906
14658,61961
14659,40926
14660,64187
14661,40000
14662,49236
14663,50883
14664,40000
14665,85792
14666,50194
14667,43032
14668,53268
14669,40000
14670,40000
14671,40000
14672,40000
14673,70959
14674,40000
14675,40000
14676,67712
14677,40000
14678,40000
14679,58585
14680,40000
14681,62865
14682,40000
14683,41107
14684,68504
14685,78005
14686,62442
14687,40410
14688,42041
14689,40000
14690,40000
14691,59207
14692,40000
14693,59960
14694,50530
14695,40000
14696,40000
14697,56225
14698,53076
14699,50431
14700,47864
14701,53365
14702,48811
14703,40721
14704,41795
14705,87669
14706,43497
14707,85987
14708,57448
14709,59171
14710,40341
14711,40000
14712,44210
14713,58566
14714,40000
14715,56707
14716,53864
14717,45421
14718,40000
14719,52131
14720,40000
14721,73956
14722,72726
14723,40000
14724,66530
14725,47976
14726,40000
14727,49738
14728,67673
14729,63571
14730,56267
14731,40000
14732,52144
14733,59021
14734,40000
14735,65394
14736,80477
14737,89983
14738,49030
14739,40000
14740,56887
14741,72648
14742,91409
14743,57229
14744,40000
14745,46886
14746,46307
14747,75144
14748,62279
14749,51110
14750,40000
14751,42780
14752,61170
14753,40000
14754,55365
14755,40000
14756,65797
14757,65771
14758,72666
14759,57346
14760,40000
14761,88993
14762,44820
14763,40000
14764,57548
14765,49699
14766,47640
14767,89810
14768,66076
14769,53350
14770,51095
14771,40000
14772,57137
14773,40000
14774,40000
14775,62774
14776,49455
14777,60709
14778,94991
14779,40000
14780,51232
14781,48624
14782,40000
14783,105389
14784,56557
14785,46936
14786,40000
14787,60456
14788,40000
14789,48395
14790,59672
14791,40000
14792,46623
14793,47045
14794,40000
14795,40000
14796,49095
14797,40707
14798,40000
14799,59709
14800,40000
14801,57944
14802,40000
14803,40000
14804,57789
14805,93084
14806,40000
14807,95008
14808,40000
14809,40000
14810,53427
14811,77921
14812,51526
14813,81462
14814,40000
14815,40000
14816,40000
14817,41203
14818,40000
14819,45354
14820,81483
14821,42545
14822,41267
14823,61726
14824,41128
14825,56536
14826,91205
14827,79356
14828,45410
14829,52630
14830,70979
14831,40000
14832,48433
14833,40000
14834,40818
14835,47659
14836,56345
14837,55203
14838,55729
14839,40000
14840,65134
14841,63692
14842,46685
14843,40152
14844,56196
14845,65488
14846,40002
14847,69825
14848,44654
14849,65365
14850,42867
14851,42324
14852,42694
14853,58311
14854,48875
14855,52202
14856,40000
14857,40000
14858,47615
14859,40000
14860,58792
14861,40000
14862,40000
14863,43033
14864,43186
14865,61175
14866,48691
14867,67322
14868,40000
14869,40000
14870,46861
14871,72116
14872,40000
14873,64422
14874,40000
14875,53408
14876,75566
14877,40000
14878,40000
14879,54322
14880,40000
14881,67611
14882,73282
14883,40000
14884,58695
14885,40000
14886,60254
14887,44033
14888,60916
14889,52734
14890,79206
14891,78173
14892,52031
14893,43942
14894,103445
14895,40000
14896,43296
14897,41853
14898,63122
14899,64365
14900,67893
14901,46606
14902,40000
14903,58109
14904,62507
14905,41067
14906,54758
14907,69351
14908,40000
14909,40000
14910,53832
14911,62738
14912,58136
14913,49169
14914,40000
14915,40733
14916,45078
14917,40000
14918,53305
14919,43630
14920,40000
14921,55140
14922,49230
14923,40000
14924,40000
14925,40000
14926,53756
14927,40588
14928,53377
14929,53241
14930,42712
14931,66713
14932,49872
14933,40000
14934,40000
14935,77283
14936,40000
14937,77979
14938,58321
14939,61676
14940,40000
14941,43608
14942,40000
14943,40000
14944,42463
14945,45848
14946,53709
14947,46447
14948,71366
14949,44930
14950,47059
14951,48113
14952,45208
14953,54877
14954,43510
14955,45564
14956,41528
14957,75725
14958,59011
14959,48289
14960,56086
14961,40000
14962,40000
14963,46339
14964,40000
14965,40000
14966,80123
14967,46863
14968,47639
14969,88575
14970,40000
14971,55187
14972,40000
14973,63316
14974,44559
14975,60032
14976,43880
14977,44061
14978,75352
14979,80424
14980,56325
14981,51542
14982,45283
14983,86754
14984,40000
14985,63747
14986,58602
14987,40719
14988,40000
14989,42594
14990,66973
14991,40000
14992,63716
14993,45407
14994,49729
14995,45878
14996,40000
14997,57427
14998,40000
14999,74163
15000,52243
15001,40000
15002,40000
15003,40000
15004,46038
15005,50368
15006,53845
15007,65319
15008,40000
15009,43869
15010,47517
15011,74135
15012,40000
15013,40000
15014,40000
15015,80996
15016,40000
15017,40000
15018,40668
15019,41721
15020,53211
15021,42015
15022,66520
15023,51362
15024,40000
15025,57957
15026,40000
15027,40000
15028,40000
15029,40000
15030,40000
15031,41983
15032,40000
15033,40000
15034,40000
15035,48651
15036,40000
15037,45039
15038,40000
15039,106956
15040,61539
15041,46185
15042,40000
15043,104525
15044,46042
15045,55361
15046,59536
15047,66173
15048,41400
15049,40000
15050,46188
15051,40000
15052,40630
15053,62972
15054,40000
15055,40000
15056,59658
15057,40000
15058,62294
15059,40000
15060,46455
15061,61450
15062,46430
15063,42399
15064,83820
15065,40000
15066,43455
15067,50584
15068,50704
15069,40000
15070,40000
15071,97484
15072,69019
15073,40000
15074,72967
15075,40000
15076,54929
15077,40000
15078,42325
15079,53668
15080,40000
15081,40000
15082,63024
15083,68084
15084,40000
15085,58987
15086,40000
15087,40000
15088,42118
15089,48594
15090,61094
15091,45237
15092,40000
15093,44275
15094,64621
15095,61073
15096,47241
15097,62740
15098,42629
15099,100564
15100,68071
15101,46342
15102,40374
15103,50754
15104,40000
15105,75800
15106,60123
15107,44488
15108,54200
15109,68320
15110,102585
15111,66722
15112,44588
15113,62081
15114,40000
15115,41426
15116,58755
15117,48039
15118,40000
15119,40000
15120,69346
15121,47736
15122,40000
15123,47576
15124,40000
15125,45521
15126,40000
15127,84359
15128,75923
15129,40000
15130,69759
15131,67869
15132,55948
15133,40000
15134,62752
15135,52651
15136,59986
15137,55324
15138,60586
15139,71066
15140,40000
15141,40000
15142,45642
15143,74525
15144,69193
15145,51443
15146,57712
15147,52179
15148,40000
15149,64271
15150,47983
15151,61253
15152,43676
15153,40000
15154,64744
15155,40000
15156,61128
15157,66416
15158,40000
15159,48126
15160,40000
15161,64080
15162,41097
15163,47137
15164,43304
15165,74621
15166,50979
15167,40035
15168,71032
15169,64912
15170,71437
15171,62608
15172,40000
15173,40000
15174,58445
15175,52430
15176,98401
15177,40000
15178,44701
15179,51637
15180,63729
15181,80454
15182,40000
15183,59214
15184,56726
15185,48898
15186,75764
15187,43249
15188,61919
15189,40000
15190,46944
15191,40000
15192,40000
15193,47039
15194,50879
15195,51315
15196,55824
15197,40000
15198,40000
15199,49278
15200,73718
15201,40000
15202,40000
15203,63664
15204,40000
15205,43795
15206,77398
15207,44839
15208,44109
15209,49076
15210,74726
15211,72626
15212,46147
15213,42581
15214,57808
15215,57059
15216,43855
15217,66411
15218,44614
15219,45870
15220,52528
15221,83067
15222,49006
15223,40000
15224,54629
15225,40000
15226,78668
15227,72041
15228,40000
15229,40000
15230,70187
15231,48675
15232,40761
15233,40000
15234,47654
15235,40000
15236,40000
15237,40000
15238,74949
15239,40000
15240,40000
15241,43250
15242,71605
15243,41015
15244,73229
15245,40000
15246,40000
15247,66401
15248,64696
15249,40000
15250,60152
15251,40000
15252,51572
15253,40396
15254,46211
15255,52694
15256,40000
15257,62048
15258,40000
15259,40000
15260,40000
15261,62871
15262,56845
15263,72318
15264,52161
15265,71009
15266,40000
15267,57037
15268,74663
15269,60930
15270,40000
15271,88026
15272,40000
15273,46374
15274,40000
15275,40000
15276,40000
15277,67600
15278,40000
15279,70753
15280,40510
15281,40000
15282,40000
15283,50063
15284,81080
15285,40000
15286,67186
15287,74880
15288,60031
15289,40000
15290,50295
15291,40000
15292,87586
15293,59838
15294,40000
15295,54607
15296,49582
15297,53048
15298,43452
15299,48329
15300,67912
15301,45383
15302,40000
15303,40000
15304,71009
15305,43350
15306,51139
15307,53911
15308,40000
15309,40000
15310,63242
15311,40000
15312,40508
15313,70461
15314,47317
15315,48786
15316,56080
15317,40000
15318,40000
15319,40000
15320,40000
15321,40000
15322,40000
15323,77202
15324,40000
15325,50100
15326,73425
15327,53881
15328,47842
15329,41839
15330,53020
15331,78519
15332,40000
15333,87907
15334,40000
15335,61246
15336,62444
15337,40000
15338,40387
15339,61499
15340,40000
15341,81298
15342,58617
15343,48936
15344,42203
15345,40000
15346,40000
15347,69485
15348,40000
15349,40000
15350,50037
15351,61062
15352,60047
15353,47493
15354,40782
15355,57428
15356,40000
15357,41001
15358,40000
15359,85086
15360,83200
15361,40000
15362,40000
15363,40000
15364,56783
15365,41309
15366,40712
15367,66173
15368,44844
15369,81954
15370,67631
15371,94288
15372,79245
15373,61647
15374,40000
15375,65920
15376,40000
15377,50274
15378,75440
15379,40000
15380,64071
15381,48236
15382,66083
15383,66521
15384,40000
15385,40000
15386,77209
15387,40000
15388,66286
15389,48997
15390,40000
15391,84369
15392,55638
15393,66856
15394,72446
15395,40931
15396,40000
15397,40000
15398,40000
15399,40000
15400,40000
15401,45883
15402,40000
15403,52659
15404,66853
15405,40000
15406,40000
15407,40999
15408,40000
15409,41103
15410,58123
15411,40000
15412,62190
15413,40000
15414,74013
15415,75844
15416,67354
15417,40727
15418,72535
15419,67244
15420,40000
15421,40000
15422,64396
15423,43875
15424,40000
15425,47184
15426,51994
15427,41789
15428,40000
15429,83810
15430,47875
15431,53873
15432,60935
15433,53536
15434,40000
15435,40000
15436,53575
15437,46280
15438,43326
15439,74668
15440,68053
15441,40000
15442,44601
15443,40000
15444,40000
15445,40000
15446,45869
15447,45932
15448,40000
15449,70525
15450,40000
15451,40000
15452,40000
15453,40000
15454,57571
15455,68321
15456,54161
15457,41051
15458,40000
15459,40000
15460,52636
15461,54875
15462,40529
15463,40000
15464,69900
15465,40000
15466,66338
15467,76733
15468,40000
15469,71346
15470,40693
15471,47371
15472,49862
15473,40000
15474,90430
15475,40000
15476,60363
15477,40000
15478,83566
15479,40000
15480,47645
15481,73147
15482,47679
15483,40000
15484,40611
15485,44353
15486,65966
15487,54183
15488,40356
15489,53575
15490,47617
15491,61291
15492,49363
15493,45797
15494,40000
15495,74919
15496,44126
15497,44126
15498,47706
15499,77400
15500,40000
15501,72018
15502,60270
15503,70668
15504,40000
15505,56848
15506,71647
15507,61101
15508,44377
15509,43807
15510,48661
15511,76880
15512,59369
15513,76266
15514,44940
15515,40000
15516,40000
15517,40000
15518,55563
15519,78935
15520,44974
15521,71078
15522,40000
15523,40000
15524,40000
15525,40000
15526,59558
15527,40000
15528,40000
15529,40000
15530,40000
15531,46557
15532,53298
15533,75189
15534,63090
15535,40000
15536,56589
15537,40000
15538,40000
15539,47803
15540,40000
15541,50265
15542,59805
15543,40000
15544,73832
15545,40000
15546,67902
15547,40000
15548,48171
15549,74210
15550,40000
15551,42786
15552,40000
15553,63628
15554,67250
15555,40000
15556,67576
15557,58717
15558,77328
15559,46835
15560,69578
15561,56591
15562,65554
15563,56239
15564,48503
15565,73532
15566,61655
15567,40000
15568,40000
15569,40000
15570,52020
15571,40000
15572,40082
15573,40000
15574,58876
15575,49588
15576,40000
15577,89740
15578,40000
15579,40000
15580,49972
15581,40000
15582,72083
15583,85961
15584,41985
15585,40000
15586,40288
15587,69785
15588,40000
15589,45478
15590,58271
15591,46486
15592,57250
15593,76621
15594,59517
15595,65799
15596,76730
15597,73349
15598,95341
15599,63466
15600,40000
15601,83263
15602,51493
15603,40000
15604,65727
15605,40000
15606,40000
15607,80700
15608,45869
15609,53429
15610,46172
15611,46906
15612,57494
15613,44130
15614,71133
15615,43837
15616,75028
15617,40000
15618,57185
15619,40200
15620,72060
15621,52313
15622,65706
15623,52506
15624,44001
15625,40000
15626,41006
15627,68170
15628,47624
15629,48522
15630,57171
15631,40000
15632,40000
15633,49015
15634,45704
15635,82409
15636,40000
15637,73742
15638,54600
15639,40000
15640,40000
15641,56588
15642,40000
15643,58685
15644,74752
15645,54656
15646,64477
15647,45754
15648,53711
15649,81836
15650,45913
15651,50313
15652,40000
15653,54720
15654,40000
15655,82116
15656,66141
15657,62022
15658,62285
15659,75610
15660,52891
15661,40000
15662,40000
15663,47901
15664,53688
15665,40000
15666,40000
15667,78633
15668,40000
15669,44506
15670,62276
15671,58919
15672,61054
15673,40000
15674,69127
15675,69780
15676,42021
15677,40000
15678,68434
15679,40000
15680,82349
15681,65181
15682,40000
15683,60987
15684,40000
15685,43140
15686,40000
15687,62333
15688,40000
15689,40000
15690,64224
15691,40000
15692,40000
15693,52017
15694,40000
15695,40000
15696,40000
15697,40000
15698,64483
15699,48626
15700,40000
15701,76737
15702,73469
15703,40000
15704,45539
15705,40000
15706,46289
15707,51665
15708,85063
15709,61356
15710,40000
15711,43431
15712,40000
15713,40000
15714,40000
15715,40000
15716,82925
15717,95275
15718,65433
15719,42350
15720,54257
15721,56099
15722,52864
15723,47524
15724,40000
15725,46919
15726,70522
15727,40000
15728,40000
15729,78828
15730,40000
15731,55021
15732,40000
15733,40000
15734,49292
15735,82027
15736,75703
15737,42016
15738,41147
15739,54605
15740,57994
15741,40000
15742,40000
15743,40000
15744,41115
15745,40000
15746,40821
15747,58882
15748,46592
15749,43823
15750,40000
15751,40000
15752,40000
15753,40000
15754,41770
15755,53413
15756,66148
15757,71143
15758,49936
15759,59644
15760,79632
15761,80258
15762,56568
15763,60153
15764,40000
15765,40000
15766,47626
15767,40000
15768,50329
15769,61575
15770,49213
15771,40000
15772,48304
15773,45968
15774,81090
15775,61783
15776,68190
15777,40000
15778,44337
15779,75110
15780,58587
15781,64301
15782,65360
15783,57592
15784,91923
15785,40000
15786,40000
15787,40000
15788,53521
15789,57062
15790,77274
15791,70186
15792,68732
15793,67501
15794,42356
15795,56385
15796,40000
15797,40000
15798,40000
15799,64458
15800,43841
15801,52257
15802,46892
15803,52590
15804,57553
15805,89113
15806,52327
15807,44812
15808,82068
15809,50619
15810,49014
15811,81031
15812,67864
15813,52546
15814,68529
15815,40000
15816,42673
15817,51665
15818,42944
15819,63847
15820,45200
15821,40000
15822,60361
15823,40000
15824,40000
15825,64498
15826,40000
15827,40000
15828,40000
15829,55427
15830,40000
15831,40000
15832,40000
15833,59841
15834,47525
15835,72144
15836,57599
15837,75256
15838,58724
15839,65553
15840,87972
15841,40000
15842,40000
15843,50428
15844,51879
15845,46552
15846,40000
15847,40000
15848,40000
15849,40000
15850,48341
15851,40000
15852,40000
15853,73958
15854,43581
15855,40000
15856,44386
15857,48271
15858,42135
15859,57827
15860,46794
15861,50890
15862,55026
15863,57562
15864,40000
15865,40000
15866,40000
15867,44007
15868,40291
15869,40000
15870,53470
15871,61545
15872,48062
15873,61744
15874,40000
15875,64362
15876,51140
15877,40000
15878,67784
15879,40000
15880,40000
15881,49887
15882,54649
15883,67884
15884,40000
15885,79876
15886,40000
15887,48518
15888,59746
15889,63393
15890,55652
15891,40000
15892,60367
15893,46831
15894,40000
15895,73364
15896,74549
15897,47486
15898,40000
15899,40000
15900,56675
15901,40000
15902,40000
15903,40000
15904,64252
15905,47421
15906,70327
15907,49652
15908,63292
15909,44733
15910,40648
15911,45602
15912,93126
15913,58912
15914,40000
15915,40000
15916,49663
15917,40000
15918,73476
15919,44043
15920,48494
15921,69675
15922,75886
15923,57215
15924,40000
15925,98461
15926,40000
15927,52401
15928,40000
15929,51243
15930,67240
15931,40676
15932,84994
15933,42598
15934,50454
15935,40000
15936,64177
15937,46906
15938,69499
15939,42849
15940,72245
15941,40000
15942,50486
15943,40000
15944,45281
15945,57717
15946,70769
15947,40000
15948,40000
15949,40000
15950,60252
15951,40000
15952,43883
15953,58928
15954,70415
15955,45283
15956,55441
15957,46155
15958,86432
15959,40000
15960,49265
15961,40000
15962,78521
15963,43342
15964,52908
15965,72860
15966,40000
15967,74527
15968,43672
15969,62210
15970,43010
15971,42963
15972,40000
15973,40000
15974,40000
15975,66105
15976,40000
15977,44282
15978,40000
15979,40000
15980,68513
15981,40000
15982,57992
15983,58156
15984,40000
15985,48286
15986,40000
15987,91025
15988,40000
15989,47599
15990,60587
15991,70319
15992,50726
15993,45611
15994,56893
15995,57466
15996,57243
15997,40000
15998,60206
15999,46295
16000,40000
16001,47511
16002,58891
16003,40000
16004,85766
16005,69484
16006,64742
16007,40000
16008,48384
16009,40000
16010,40000
16011,40000
16012,76142
16013,40915
16014,72312
16015,40000
16016,40000
16017,65416
16018,52560
16019,40000
16020,70308
16021,66488
16022,40000
16023,48282
16024,49816
16025,84433
16026,40000
16027,64292
16028,53714
16029,52866
16030,77085
16031,71688
16032,40000
16033,40000
16034,70759
16035,49064
16036,75973
16037,62211
16038,47739
16039,40000
16040,52737
16041,51503
16042,40000
16043,48576
16044,64372
16045,43835
16046,41560
16047,42403
16048,60297
16049,65739
16050,70164
16051,53961
16052,40000
16053,45691
16054,46157
16055,40000
16056,48691
16057,40000
16058,44227
16059,42968
16060,77099
16061,49598
16062,71756
16063,57332
16064,40259
16065,40000
16066,74757
16067,50730
16068,53031
16069,40000
16070,40000
16071,73981
16072,40000
16073,40000
16074,49257
16075,40000
16076,47061
16077,49020
16078,49146
16079,40000
16080,41763
16081,40000
16082,62085
16083,50274
16084,51824
16085,40000
16086,42903
16087,57258
16088,40000
16089,65433
16090,60767
16091,41173
16092,49978
16093,40000
16094,40000
16095,55290
16096,41514
16097,63435
16098,40000
16099,40000
16100,40000
16101,56419
16102,45546
16103,46402
16104,50120
16105,55207
16106,40000
16107,83531
16108,40000
16109,58718
16110,43903
16111,56510
16112,50396
16113,40000
16114,46644
16115,73675
16116,63221
16117,98795
16118,40000
16119,40000
16120,80251
16121,40000
16122,58373
16123,54626
16124,60260
16125,40000
16126,68863
16127,63150
16128,40000
16129,85477
16130,40000
16131,62679
16132,40000
16133,59265
16134,40000
16135,55716
16136,69160
16137,40000
16138,67593
16139,54000
16140,65785
16141,40965
16142,54681
16143,44383
16144,41740
16145,50877
16146,53931
16147,45868
16148,40000
16149,55398
16150,66728
16151,40000
16152,56985
16153,51807
16154,40000
16155,40000
16156,93906
16157,60553
16158,47928
16159,58845
16160,58430
16161,82859
16162,40000
16163,40000
16164,67467
16165,40000
16166,40000
16167,45973
16168,78697
16169,44060
16170,74119
16171,40300
16172,55022
16173,47479
16174,40000
16175,70428
16176,40000
16177,74091
16178,41894
16179,51258
16180,69407
16181,58374
16182,40000
16183,43274
16184,44795
16185,44003
16186,54538
16187,40000
16188,68722
16189,40000
16190,58163
16191,40000
16192,40000
16193,82135
16194,40000
16195,40000
16196,54276
16197,55100
16198,47730
16199,52274
16200,40000
16201,53081
16202,40000
16203,40000
16204,61641
16205,84744
16206,40000
16207,40000
16208,44544
16209,40000
16210,64311
16211,40000
16212,40000
16213,59276
16214,44729
16215,83701
16216,53059
16217,62382
16218,40000
16219,40000
16220,40000
16221,54216
16222,40000
16223,55787
16224,74966
16225,100599
16226,82017
16227,58619
16228,54846
16229,40000
16230,40000
16231,59383
16232,40000
16233,54684
16234,40000
16235,40000
16236,43711
16237,83471
16238,62713
16239,90447
16240,40000
16241,42567
16242,40408
16243,51278
16244,40000
16245,56536
16246,40000
16247,62947
16248,42179
16249,40000
16250,40000
16251,53209
16252,64982
16253,40000
16254,68040
16255,40000
16256,55938
16257,70108
16258,67029
16259,61899
16260,66196
16261,40653
16262,90599
16263,40000
16264,68008
16265,43411
16266,57642
16267,70629
16268,46697
16269,74297
16270,71078
16271,41914
16272,40000
16273,69164
16274,65521
16275,40000
16276,40000
16277,40000
16278,43802
16279,80972
16280,40000
16281,47566
16282,52576
16283,77307
16284,46047
16285,61131
16286,62792
16287,40000
16288,69434
16289,70459
16290,44383
16291,60496
16292,59402
16293,48233
16294,63368
16295,55149
16296,59554
16297,60106
16298,40000
16299,40000
16300,66106
16301,50704
16302,40000
16303,40000
16304,70572
16305,40000
16306,40000
16307,91677
16308,62008
16309,40664
16310,70890
16311,40000
16312,75357
16313,40935
16314,56634
16315,72293
16316,40000
16317,40000
16318,40721
16319,40000
16320,40000
16321,50712
16322,65328
16323,40000
16324,40000
16325,52886
16326,40000
16327,55163
16328,40000
16329,40000
16330,40000
16331,63123
16332,73736
16333,107410
16334,40000
16335,40000
16336,40287
16337,40000
16338,72675
16339,40000
16340,49470
16341,40000
16342,40000
16343,40000
16344,47385
16345,56683
16346,57603
16347,72191
16348,40000
16349,76746
16350,74381
16351,45798
16352,52549
16353,51222
16354,56757
16355,80403
16356,40549
16357,57128
16358,59952
16359,68147
16360,47148
16361,40000
16362,65737
16363,40000
16364,73503
16365,40000
16366,74685
16367,67012
16368,40000
16369,76955
16370,57425
16371,47200
16372,83610
16373,98832
16374,66923
16375,77427
16376,40000
16377,62147
16378,86358
16379,49934
16380,42820
16381,71792
16382,66986
16383,55977
16384,44031
16385,40000
16386,40000
16387,75258
16388,40000
16389,89683
16390,48191
16391,40000
16392,41016
16393,43967
16394,48372
16395,40000
16396,77582
16397,66757
16398,71254
16399,59384
16400,46553
16401,40000
16402,57496
16403,51846
16404,45689
16405,59045
16406,54280
16407,47263
16408,40000
16409,40000
16410,40000
16411,40000
16412,66524
16413,54772
16414,45768
16415,61617
16416,40771
16417,40000
16418,40000
16419,53413
16420,71650
16421,58684
16422,40000
16423,75404
16424,68849
16425,53045
16426,40000
16427,48702
16428,77376
16429,67216
16430,40000
16431,65222
16432,40000
16433,40000
16434,60003
16435,102939
16436,44160
16437,67860
16438,52449
16439,40000
16440,40000
16441,74430
16442,52237
16443,47658
16444,63163
16445,40000
16446,94600
16447,40000
16448,76979
16449,40000
16450,40000
16451,40000
16452,43944
16453,47433
16454,40000
16455,59725
16456,58339
16457,56830
16458,40000
16459,50434
16460,64026
16461,83638
16462,58862
16463,72579
16464,44852
16465,56373
16466,40000
16467,40000
16468,51005
16469,42198
16470,40000
16471,44976
16472,54267
16473,40000
16474,67408
16475,44703
16476,40000
16477,87599
16478,40000
16479,62446
16480,87062
16481,63974
16482,40000
16483,60560
16484,70261
16485,69706
16486,57496
16487,73302
16488,55856
16489,56875
16490,85462
16491,40000
16492,43073
16493,47636
16494,40000
16495,86208
16496,65762
16497,74475
16498,40000
16499,40000
16500,46887
16501,40000
16502,81528
16503,44944
16504,40000
16505,47774
16506,40000
16507,55650
16508,42769
16509,54275
16510,40000
16511,63199
16512,46473
16513,54259
16514,43183
16515,40000
16516,56039
16517,51231
16518,40000
16519,43713
16520,40000
16521,53520
16522,40000
16523,44284
16524,64563
16525,54097
16526,40000
16527,40000
16528,49557
16529,40000
16530,40000
16531,45838
16532,48795
16533,40588
16534,72214
16535,52593
16536,44170
16537,40000
16538,86259
16539,40000
16540,83012
16541,40000
16542,61684
16543,45525
16544,50856
16545,48715
16546,47819
16547,47818
16548,40000
16549,60531
16550,46838
16551,82980
16552,47041
16553,56190
16554,40000
16555,40661
16556,53954
16557,53197
16558,73555
16559,40000
16560,68362
16561,40000
16562,49969
16563,47173
16564,61925
16565,40000
16566,40000
16567,40000
16568,55590
16569,40000
16570,46162
16571,62969
16572,53096
16573,60913
16574,66186
16575,51610
16576,40000
16577,55076
16578,40000
16579,40000
16580,40000
16581,64682
16582,40000
16583,79770
16584,46331
16585,80729
16586,40000
16587,44833
16588,40000
16589,40000
16590,69907
16591,61595
16592,65313
16593,40000
16594,96411
16595,53968
16596,40000
16597,63999
16598,40000
16599,40000
16600,68700
16601,43188
16602,48696
16603,50200
16604,44402
16605,40000
16606,78879
16607,54558
16608,40000
16609,79177
16610,40000
16611,40000
16612,40000
16613,59896
16614,40000
16615,47644
16616,75394
16617,40000
16618,76148
16619,40000
16620,58696
16621,40000
16622,40000
16623,40000
16624,40000
16625,75093
16626,40000
16627,40000
16628,40000
16629,40000
16630,40000
16631,43371
16632,56734
16633,60062
16634,40000
16635,57905
16636,40000
16637,40000
16638,70413
16639,45049
16640,67080
16641,58159
16642,40000
16643,44138
16644,47541
16645,75513
16646,46933
16647,84325
16648,65900
16649,42825
16650,76747
16651,65566
16652,40000
16653,52180
16654,78608
16655,54859
16656,43139
16657,63463
16658,50917
16659,69724
16660,59572
16661,46692
16662,58703
16663,55289
16664,73854
16665,45127
16666,40000
16667,63896
16668,63915
16669,52669
16670,40000
16671,89373
16672,55265
16673,40000
16674,40000
16675,52185
16676,41629
16677,68128
16678,41265
16679,40000
16680,40000
16681,99486
16682,64130
16683,60120
16684,71476
16685,53276
16686,80191
16687,40000
16688,40000
16689,50246
16690,40000
16691,46409
16692,40603
16693,66856
16694,40000
16695,63658
16696,40224
16697,41544
16698,43050
16699,74862
16700,65962
16701,53744
16702,40000
16703,40000
16704,45798
16705,63107
16706,63470
16707,44171
16708,40000
16709,40000
16710,94574
16711,40000
16712,61937
16713,45535
16714,50928
16715,59166
16716,54270
16717,54255
16718,40000
16719,40000
16720,40000
16721,64504
16722,56854
16723,56932
16724,40000
16725,44755
16726,40000
16727,41046
16728,43842
16729,51318
16730,54296
16731,48868
16732,43722
16733,40000
16734,71996
16735,76128
16736,40000
16737,42808
16738,40000
16739,40000
16740,64251
16741,44142
16742,63791
16743,40000
16744,54561
16745,41467
16746,59933
16747,55717
16748,40000
16749,74333
16750,66688
16751,40000
16752,57981
16753,63710
16754,58826
16755,40000
16756,61544
16757,69512
16758,57351
16759,40000
16760,65227
16761,40000
16762,40000
16763,52975
16764,40000
16765,40000
16766,44033
16767,50238
16768,49285
16769,40000
16770,40180
16771,40000
16772,73187
16773,40000
16774,52265
16775,42681
16776,40000
16777,40000
16778,52670
16779,54802
16780,40000
16781,41413
16782,75184
16783,40000
16784,59642
16785,40000
16786,40000
16787,40000
16788,75752
16789,88972
16790,44183
16791,41648
16792,40000
16793,46081
16794,40000
16795,40560
16796,52073
16797,67807
16798,40000
16799,54405
16800,40978
16801,48932
16802,42185
16803,50968
16804,64651
16805,42013
16806,72405
16807,46873
16808,87215
16809,40000
16810,43048
16811,40000
16812,41452
16813,40000
16814,50481
16815,40000
16816,40000
16817,40000
16818,40000
16819,40000
16820,61227
16821,73911
16822,83057
16823,40000
16824,60989
16825,40000
16826,52626
16827,43474
16828,51787
16829,69422
16830,40000
16831,60218
16832,51405
16833,58785
16834,71695
16835,48886
16836,72701
16837,60782
16838,83313
16839,40000
16840,40000
16841,60708
16842,76361
16843,40000
16844,110564
16845,40000
16846,40000
16847,40000
16848,89620
16849,40000
16850,40000
16851,51771
16852,48864
16853,72012
16854,68896
16855,66760
16856,72853
16857,41829
16858,67670
16859,74669
16860,40000
16861,54661
16862,40000
16863,40000
16864,50361
16865,40000
16866,92904
16867,40000
16868,58292
16869,40000
16870,64085
16871,55303
16872,40000
16873,63370
16874,56011
16875,40000
16876,69196
16877,60210
16878,68940
16879,40000
16880,40000
16881,40000
16882,77238
16883,56425
16884,40000
16885,72252
16886,74790
16887,91512
16888,40000
16889,58489
16890,69639
16891,87125
16892,41736
16893,80452
16894,40000
16895,41387
16896,45152
16897,57244
16898,40000
16899,49007
16900,60658
16901,40000
16902,40000
16903,60628
16904,41735
16905,45777
16906,40000
16907,47455
16908,89207
16909,40000
16910,57230
16911,40000
16912,53987
16913,47739
16914,54227
16915,57109
16916,60338
16917,51984
16918,61182
16919,40184
16920,40000
16921,71025
16922,62932
16923,60837
16924,40719
16925,52237
16926,41067
16927,54655
16928,70426
16929,52679
16930,40000
16931,50223
16932,58386
16933,69957
16934,40000
16935,64001
16936,92101
16937,46678
16938,44073
16939,48599
16940,54962
16941,44074
16942,43758
16943,40000
16944,85060
16945,54183
16946,47628
16947,40000
16948,40000
16949,66422
16950,40540
16951,63571
16952,48158
16953,48013
16954,47943
16955,74715
16956,57722
16957,42794
16958,65986
16959,40000
16960,65077
16961,72239
16962,83797
16963,40629
16964,68174
16965,40000
16966,56703
16967,40000
16968,57392
16969,49377
16970,76341
16971,40000
16972,60917
16973,65320
16974,64685
16975,69516
16976,40000
16977,51876
16978,48710
16979,40000
16980,48672
16981,68724
16982,40000
16983,66280
16984,47592
16985,56969
16986,61653
16987,40000
16988,47878
16989,40000
16990,84706
16991,40000
16992,40000
16993,57751
16994,40000
16995,57604
16996,77644
16997,63760
16998,40000
16999,40000
17000,54160
17001,40000
17002,42341
17003,40000
17004,40000
17005,47424
17006,93886
17007,80722
17008,45350
17009,75597
17010,40000
17011,97164
17012,40000
17013,55776
17014,53876
17015,40000
17016,40000
17017,40000
17018,40000
17019,61852
17020,40000
17021,62205
17022,46308
17023,40000
17024,58181
17025,40000
17026,67112
17027,83351
17028,49160
17029,40000
17030,40000
17031,83623
17032,43034
17033,64889
17034,40000
17035,52470
17036,54485
17037,87439
17038,40000
17039,58934
17040,48512
17041,40492
17042,79742
17043,58687
17044,45207
17045,44134
17046,44955
17047,43113
17048,46913
17049,40299
17050,40000
17051,56224
17052,60109
17053,41697
17054,52164
17055,46654
17056,40000
17057,40000
17058,62837
17059,40000
17060,58577
17061,74343
17062,76038
17063,91391
17064,95449
17065,40000
17066,59260
17067,40000
17068,40000
17069,90355
17070,67622
17071,40000
17072,40000
17073,40000
17074,48659
17075,40000
17076,60092
17077,72912
17078,44442
17079,67644
17080,40000
17081,40846
17082,40000
17083,40000
17084,40000
17085,40000
17086,40000
17087,65873
17088,40614
17089,67779
17090,40000
17091,48099
17092,40000
17093,43944
17094,58721
17095,47925
17096,40000
17097,46803
17098,40000
17099,40000
17100,40644
17101,40173
17102,89793
17103,48187
17104,68607
17105,51572
17106,40000
17107,62836
17108,51028
17109,68828
17110,61199
17111,48835
17112,40000
17113,41476
17114,40000
17115,41175
17116,46252
17117,57259
17118,50753
17119,43562
17120,40000
17121,49651
17122,40131
17123,79885
17124,72877
17125,40000
17126,40000
17127,44529
17128,46832
17129,40000
17130,45180
17131,87054
17132,56511
17133,51114
17134,40000
17135,55133
17136,70971
17137,40000
17138,40000
17139,40000
17140,40000
17141,44827
17142,68708
17143,40000
17144,40000
17145,71686
17146,65674
17147,40000
17148,50977
17149,80244
17150,40176
17151,54442
17152,88026
17153,49342
17154,40000
17155,59562
17156,50304
17157,42856
17158,48426
17159,56346
17160,49824
17161,44389
17162,53213
17163,47086
17164,42839
17165,49265
17166,42395
17167,52828
17168,40000
17169,57648
17170,77057
17171,40350
17172,62280
17173,52016
17174,56858
17175,40000
17176,40000
17177,84541
17178,40000
17179,42835
17180,51017
17181,56376
17182,40000
17183,40000
17184,40000
17185,75574
17186,40095
17187,66297
17188,47234
17189,52983
17190,56282
17191,50099
17192,60270
17193,68342
17194,45611
17195,46209
17196,42804
17197,59643
17198,40000
17199,40000
17200,68977
17201,51743
17202,62711
17203,48168
17204,40000
17205,62336
17206,40000
17207,44054
17208,78271
17209,40666
17210,61626
17211,40000
17212,40000
17213,87328
17214,70041
17215,47977
17216,40000
17217,40000
17218,40000
17219,75575
17220,45404
17221,48724
17222,54882
17223,40000
17224,40000
17225,40000
17226,64309
17227,42502
17228,40000
17229,40000
17230,75760
17231,51746
17232,55695
17233,40603
17234,59650
17235,40000
17236,75541
17237,48825
17238,101701
17239,47563
17240,40000
17241,54551
17242,50518
17243,56517
17244,40000
17245,81426
17246,40000
17247,40000
17248,40000
17249,40000
17250,40000
17251,89832
17252,40000
17253,70234
17254,52403
17255,68728
17256,86773
17257,61159
17258,57847
17259,40000
17260,40000
17261,40000
17262,52254
17263,40000
17264,55218
17265,40000
17266,83740
17267,40000
17268,49079
17269,40000
17270,42549
17271,40000
17272,62192
17273,68511
17274,40000
17275,46660
17276,40000
17277,40000
17278,84477
17279,69586
17280,69670
17281,53716
17282,40000
17283,64003
17284,40000
17285,55174
17286,40000
17287,50398
17288,44761
17289,45556
17290,72571
17291,85606
17292,40000
17293,40000
17294,43785
17295,58992
17296,45510
17297,40000
17298,72226
17299,49482
17300,40000
17301,45247
17302,42105
17303,40000
17304,51241
17305,55453
17306,40000
17307,52112
17308,52784
17309,40000
17310,40000
17311,56993
17312,56250
17313,60160
17314,72592
17315,60387
17316,56411
17317,62474
17318,55613
17319,40000
17320,40000
17321,47027
17322,46840
17323,58207
17324,41161
17325,40000
17326,40000
17327,50152
17328,75106
17329,58239
17330,51365
17331,56512
17332,40000
17333,42607
17334,70117
17335,64137
17336,71761
17337,42743
17338,40000
17339,58306
17340,65863
17341,40000
17342,60308
17343,55057
17344,75367
17345,40000
17346,40000
17347,56710
17348,40000
17349,50460
17350,44154
17351,61792
17352,71029
17353,72201
17354,45945
17355,40000
17356,43485
17357,50305
17358,49803
17359,50120
17360,40000
17361,55784
17362,40000
17363,41827
17364,40000
17365,74331
17366,44133
17367,102267
17368,40000
17369,40000
17370,75749
17371,55440
17372,50227
17373,63286
17374,70317
17375,82872
17376,40000
17377,68008
17378,72950
17379,41384
17380,40000
17381,40000
17382,54247
17383,45823
17384,55693
17385,66547
17386,40000
17387,49554
17388,68856
17389,40000
17390,75154
17391,60230
17392,46368
17393,55214
17394,53200
17395,61532
17396,40000
17397,40000
17398,40000
17399,82999
17400,41484
17401,40000
17402,40000
17403,54477
17404,40000
17405,81956
17406,67263
17407,53648
17408,56137
17409,54732
17410,59060
17411,40000
17412,43480
17413,40425
17414,40000
17415,54112
17416,40000
17417,51097
17418,57135
17419,40000
17420,69770
17421,64431
17422,40000
17423,78956
17424,40000
17425,67817
17426,61809
17427,49073
17428,40000
17429,52499
17430,40000
17431,41652
17432,71854
17433,43690
17434,52661
17435,62079
17436,79815
17437,40000
17438,47472
17439,69016
17440,72408
17441,40000
17442,40000
17443,62768
17444,40000
17445,41129
17446,43553
17447,65188
17448,40728
17449,51943
17450,84603
17451,40000
17452,40000
17453,40000
17454,49745
17455,40000
17456,42713
17457,59711
17458,40000
17459,74355
17460,41918
17461,81609
17462,89420
17463,40000
17464,40000
17465,58080
17466,40000
17467,64941
17468,59122
17469,73577
17470,60901
17471,51891
17472,40000
17473,46524
17474,54141
17475,70242
17476,56367
17477,45476
17478,40000
17479,49197
17480,40000
17481,72755
17482,74008
17483,56090
17484,60855
17485,81469
17486,60680
17487,40000
17488,63543
17489,48368
17490,40000
17491,66430
17492,79834
17493,46465
17494,40000
17495,46244
17496,47910
17497,55867
17498,63835
17499,40959
17500,44825
17501,47271
17502,40000
17503,40000
17504,41965
17505,63455
17506,40000
17507,84985
17508,40000
17509,40000
17510,48701
17511,54165
17512,40000
17513,79165
17514,48668
17515,45749
17516,40090
17517,60048
17518,46195
17519,40000
17520,40000
17521,56433
17522,41832
17523,40000
17524,59977
17525,40000
17526,88889
17527,40180
17528,73076
17529,43008
17530,49609
17531,40000
17532,91343
17533,60223
17534,40231
17535,40000
17536,59022
17537,40000
17538,85269
17539,60576
17540,40000
17541,40000
17542,42531
17543,40000
17544,53927
17545,63660
17546,40000
17547,55434
17548,64350
17549,48410
17550,40000
17551,74590
17552,45663
17553,78172
17554,40000
17555,40000
17556,67047
17557,65858
17558,64235
17559,53573
17560,60379
17561,40000
17562,53836
17563,49855
17564,40000
17565,40000
17566,61155
17567,51729
17568,45495
17569,47581
17570,40000
17571,56793
17572,82800
17573,77659
17574,67412
17575,41166
17576,40000
17577,59837
17578,79737
17579,40000
17580,49180
17581,40000
17582,44397
17583,69805
17584,40000
17585,40000
17586,40000
17587,64918
17588,56584
17589,47493
17590,40516
17591,40000
17592,52021
17593,40000
17594,56970
17595,55198
17596,55560
17597,63294
17598,73695
17599,66203
17600,53008
17601,40000
17602,40000
17603,43117
17604,40353
17605,40000
17606,52568
17607,81107
17608,53026
17609,64904
17610,69325
17611,55338
17612,40000
17613,40000
17614,40000
17615,45205
17616,45359
17617,43964
17618,40000
17619,40000
17620,40000
17621,60838
17622,40000
17623,51184
17624,65178
17625,47447
17626,49978
17627,40000
17628,55038
17629,70592
17630,45747
17631,40000
17632,74839
17633,40011
17634,40000
17635,40000
17636,59178
17637,40000
17638,40992
17639,46442
17640,54552
17641,73017
17642,51533
17643,40000
17644,80676
17645,40165
17646,71924
17647,75896
17648,40000
17649,76040
17650,48122
17651,40000
17652,40000
17653,82008
17654,41672
17655,48376
17656,40000
17657,43935
17658,54060
17659,45091
17660,74878
17661,40000
17662,81824
17663,59823
17664,57717
17665,40000
17666,60148
17667,40000
17668,63753
17669,52897
17670,84401
17671,82871
17672,63716
17673,53082
17674,43044
17675,61640
17676,40000
17677,40000
17678,57219
17679,65525
17680,40000
17681,67824
17682,61134
17683,54891
17684,40000
17685,40000
17686,58600
17687,54411
17688,45880
17689,64339
17690,79062
17691,40000
17692,71425
17693,56494
17694,40000
17695,71240
17696,40000
17697,40000
17698,65369
17699,48618
17700,86991
17701,40000
17702,40000
17703,54535
17704,40000
17705,50346
17706,62068
17707,43459
17708,40000
17709,53762
17710,41513
17711,49277
17712,54880
17713,51437
17714,55524
17715,40000
17716,40000
17717,40000
17718,40000
17719,40000
17720,60879
17721,68001
17722,40000
17723,79795
17724,67537
17725,68337
17726,43982
17727,40000
17728,57162
17729,58724
17730,40000
17731,68972
17732,64291
17733,40000
17734,66437
17735,72852
17736,40000
17737,40000
17738,53934
17739,53067
17740,49044
17741,45773
17742,52300
17743,51714
17744,40000
17745,40000
17746,58853
17747,40000
17748,55237
17749,61130
17750,55495
17751,40000
17752,40000
17753,79498
17754,40000
17755,40000
17756,57748
17757,68843
17758,60438
17759,53244
17760,44218
17761,48884
17762,40000
17763,40477
17764,40000
17765,62687
17766,43784
17767,89529
17768,48958
17769,78737
17770,61116
17771,77269
17772,55988
17773,40000
17774,56510
17775,72209
17776,40000
17777,58810
17778,40000
17779,40000
17780,41516
17781,63472
17782,53853
17783,49706
17784,45009
17785,42171
17786,69451
17787,40000
17788,67707
17789,53047
17790,57093
17791,46451
17792,51452
17793,40000
17794,61930
17795,40000
17796,67933
17797,84629
17798,83096
17799,72593
17800,43968
17801,71569
17802,40000
17803,57485
17804,40000
17805,84928
17806,40000
17807,40000
17808,40000
17809,49063
17810,44685
17811,40000
17812,40000
17813,40000
17814,41624
17815,40000
17816,74497
17817,63010
17818,40000
17819,40000
17820,65530
17821,40000
17822,55327
17823,84978
17824,40000
17825,43397
17826,50924
17827,64795
17828,40000
17829,77734
17830,40000
17831,41831
17832,85110
17833,40000
17834,40000
17835,46049
17836,61098
17837,40000
17838,40000
17839,40347
17840,66948
17841,40000
17842,57698
17843,45041
17844,40000
17845,45452
17846,40000
17847,40000
17848,75356
17849,40000
17850,40000
17851,77923
17852,40000
17853,40000
17854,77064
17855,40000
17856,49569
17857,49757
17858,40000
17859,57356
17860,40000
17861,40000
17862,44222
17863,88705
17864,88947
17865,40000
17866,46656
17867,40735
17868,47896
17869,40000
17870,40000
17871,48561
17872,49896
17873,40000
17874,75424
17875,40000
17876,49345
17877,40000
17878,63108
17879,49363
17880,65372
17881,68980
17882,53799
17883,68537
17884,40000
17885,51626
17886,78514
17887,40000
17888,64843
17889,77598
17890,54478
17891,44505
17892,80221
17893,65754
17894,64873
17895,49306
17896,44155
17897,60673
17898,61297
17899,40000
17900,40000
17901,40000
17902,59425
17903,51237
17904,84570
17905,55917
17906,62615
17907,69291
17908,40000
17909,70300
17910,67700
17911,63162
17912,40000
17913,40000
17914,79116
17915,46739
17916,65572
17917,40000
17918,41050
17919,71358
17920,42405
17921,61589
17922,96117
17923,61104
17924,53108
17925,47958
17926,40000
17927,40000
17928,50977
17929,66561
17930,83077
17931,40000
17932,65751
17933,40000
17934,48795
17935,46636
17936,56536
17937,67450
17938,87164
17939,57603
17940,45053
17941,40000
17942,65896
17943,43571
17944,78954
17945,55568
17946,40405
17947,47086
17948,40000
17949,40000
17950,40000
17951,102561
17952,53220
17953,42219
17954,40000
17955,49568
17956,40000
17957,53291
17958,40000
17959,40000
17960,40000
17961,96208
17962,58628
17963,57834
17964,40000
17965,60517
17966,40000
17967,93676
17968,72186
17969,75746
17970,40000
17971,51766
17972,40000
17973,51947
17974,73589
17975,40000
17976,40000
17977,97418
17978,44082
17979,79965
17980,40000
17981,63226
17982,56139
17983,51058
17984,40125
17985,40000
17986,77587
17987,80776
17988,52284
17989,40000
17990,44159
17991,54944
17992,84412
17993,47730
17994,82698
17995,40000
17996,59832
17997,40000
17998,46443
17999,40000
18000,51167
18001,79626
18002,40000
18003,59723
18004,93423
18005,40000
18006,108512
18007,52481
18008,40000
18009,40292
18010,53141
18011,53675
18012,90311
18013,40000
18014,60973
18015,60245
18016,50136
18017,67879
18018,70282
18019,76183
18020,40000
18021,40000
18022,40000
18023,62036
18024,57859
18025,52574
18026,87924
18027,40000
18028,48798
18029,53567
18030,55277
18031,75001
18032,40000
18033,59148
18034,41384
18035,67409
18036,42539
18037,48561
18038,86355
18039,58513
18040,56308
18041,65072
18042,40000
18043,43375
18044,63563
18045,61937
18046,62815
18047,40000
18048,43809
18049,40000
18050,40000
18051,40000
18052,40000
18053,55398
18054,49565
18055,40000
18056,56297
18057,40000
18058,73520
18059,48228
18060,62560
18061,57737
18062,40000
18063,40000
18064,40000
18065,52601
18066,40000
18067,40000
18068,66242
18069,43690
18070,45318
18071,40000
18072,48705
18073,40000
18074,52071
18075,44780
18076,66994
18077,61181
18078,40000
18079,73992
18080,40000
18081,54611
18082,40000
18083,46333
18084,40000
18085,40000
18086,74191
18087,40000
18088,58243
18089,40000
18090,93399
18091,77763
18092,52019
18093,40000
18094,42896
18095,40000
18096,40000
18097,53994
18098,40000
18099,48187
18100,49809
18101,91793
18102,40000
18103,50768
18104,51084
18105,40000
18106,60846
18107,40000
18108,76712
18109,70723
18110,42060
18111,84605
18112,40000
18113,40000
18114,40000
18115,46627
18116,40000
18117,41007
18118,54511
18119,56023
18120,60544
18121,49531
18122,62058
18123,40000
18124,58819
18125,64901
18126,40000
18127,40000
18128,53838
18129,42907
18130,40000
18131,40000
18132,52895
18133,40000
18134,70424
18135,59507
18136,62260
18137,43978
18138,62786
18139,72643
18140,40000
18141,43501
18142,40000
18143,54696
18144,40069
18145,52965
18146,47428
18147,49680
18148,40653
18149,49918
18150,69401
18151,74855
18152,65837
18153,40000
18154,47922
18155,40000
18156,40000
18157,48645
18158,47311
18159,67918
18160,47586
18161,55533
18162,46472
18163,84999
18164,113527
18165,40000
18166,61524
18167,70474
18168,40000
18169,40000
18170,40000
18171,43450
18172,55590
18173,40000
18174,105782
18175,70857
18176,52863
18177,40000
18178,40000
18179,67756
18180,64478
18181,50366
18182,52180
18183,69834
18184,40000
18185,40000
18186,40000
18187,63588
18188,44560
18189,41093
18190,40000
18191,40000
18192,42844
18193,40000
18194,74083
18195,40000
18196,51305
18197,40000
18198,40000
18199,43128
18200,52795
18201,51391
18202,40000
18203,45050
18204,54542
18205,60924
18206,67991
18207,40000
18208,70916
18209,43094
18210,40000
18211,55106
18212,40000
18213,44362
18214,40000
18215,58760
18216,40000
18217,52761
18218,58498
18219,55329
18220,42968
18221,59450
18222,55286
18223,48598
18224,54383
18225,40000
18226,57361
18227,67813
18228,56064
18229,40000
18230,40000
18231,66920
18232,66600
18233,60659
18234,59634
18235,73567
18236,40000
18237,40592
18238,67755
18239,42976
18240,40000
18241,48131
18242,62461
18243,40000
18244,80401
18245,40000
18246,85077
18247,47955
18248,40000
18249,52263
18250,48469
18251,58297
18252,63181
18253,40000
18254,42931
18255,40000
18256,40000
18257,56005
18258,75793
18259,40000
18260,70204
18261,40000
18262,60505
18263,40000
18264,40000
18265,40000
18266,43312
18267,48423
18268,53257
18269,57889
18270,44279
18271,49767
18272,54706
18273,56740
18274,63753
18275,84130
18276,61413
18277,76633
18278,58548
18279,48380
18280,46185
18281,67326
18282,40000
18283,45681
18284,79794
18285,40222
18286,77005
18287,64424
18288,40000
18289,41325
18290,40000
18291,45259
18292,40000
18293,45924
18294,61198
18295,47306
18296,40302
18297,56421
18298,45907
18299,40000
18300,55516
18301,40000
18302,90723
18303,65895
18304,62025
18305,40000
18306,91886
18307,44953
18308,49792
18309,47062
18310,41095
18311,52186
18312,77284
18313,40000
18314,47551
18315,65908
18316,54186
18317,65392
18318,61555
18319,46287
18320,81088
18321,61952
18322,40000
18323,40000
18324,50605
18325,60670
18326,40000
18327,68661
18328,41881
18329,40000
18330,40000
18331,40000
18332,46177
18333,40520
18334,55014
18335,40000
18336,69399
18337,40000
18338,53673
18339,40000
18340,42081
18341,47735
18342,40000
18343,58232
18344,40000
18345,74106
18346,45486
18347,40000
18348,40000
18349,40000
18350,43452
18351,40273
18352,52366
18353,77571
18354,65400
18355,42625
18356,42677
18357,40000
18358,44738
18359,104742
18360,46730
18361,80418
18362,56027
18363,67108
18364,49574
18365,57682
18366,45445
18367,54402
18368,60786
18369,53188
18370,47036
18371,49889
18372,60076
18373,40000
18374,56668
18375,41562
18376,50047
18377,40000
18378,77594
18379,40000
18380,40000
18381,40000
18382,57540
18383,68788
18384,59373
18385,67311
18386,66338
18387,40000
18388,42719
18389,40000
18390,60326
18391,42782
18392,59957
18393,40205
18394,40000
18395,69882
18396,51817
18397,40000
18398,56854
18399,46340
18400,63981
18401,59818
18402,45396
18403,43239
18404,52433
18405,40000
18406,49061
18407,67557
18408,44030
18409,40000
18410,45107
18411,63770
18412,90127
18413,40000
18414,50146
18415,40024
18416,49422
18417,44591
18418,47803
18419,62285
18420,45466
18421,40000
18422,49297
18423,40000
18424,40000
18425,85040
18426,79058
18427,65998
18428,83703
18429,45850
18430,70295
18431,52920
18432,40000
18433,40000
18434,61496
18435,62089
18436,40000
18437,40000
18438,41898
18439,44021
18440,40000
18441,40000
18442,40000
18443,69107
18444,40467
18445,40000
18446,54461
18447,65350
18448,44353
18449,40000
18450,59963
18451,67178
18452,40000
18453,57092
18454,64815
18455,70810
18456,40000
18457,66366
18458,40000
18459,40000
18460,73178
18461,73230
18462,40000
18463,90078
18464,40000
18465,56950
18466,40000
18467,40000
18468,40000
18469,54185
18470,53360
18471,44470
18472,54961
18473,66145
18474,69734
18475,40000
18476,41879
18477,40000
18478,40000
18479,48258
18480,40000
18481,44661
18482,40000
18483,58584
18484,40000
18485,52678
18486,55965
18487,67940
18488,44108
18489,66359
18490,82547
18491,50336
18492,66792
18493,40000
18494,69700
18495,50152
18496,74727
18497,40000
18498,83122
18499,40000
18500,40378
18501,58749
18502,51920
18503,66668
18504,40000
18505,40519
18506,40000
18507,43209
18508,64484
18509,40000
18510,69356
18511,40000
18512,65181
18513,40000
18514,79439
18515,67778
18516,65538
18517,40000
18518,40000
18519,75980
18520,62234
18521,61570
18522,68604
18523,52297
18524,40000
18525,51902
18526,40000
18527,88001
18528,46497
18529,48577
18530,56850
18531,44418
18532,52115
18533,46591
18534,40000
18535,46219
18536,40000
18537,40789
18538,59168
18539,67857
18540,40000
18541,40000
18542,48606
18543,62531
18544,53734
18545,50375
18546,53669
18547,40000
18548,49180
18549,40000
18550,40000
18551,40000
18552,52737
18553,71639
18554,58069
18555,46667
18556,58264
18557,78769
18558,40000
18559,40000
18560,41498
18561,46712
18562,69194
18563,53738
18564,40000
18565,74969
18566,40000
18567,40000
18568,53876
18569,55734
18570,40000
18571,70621
18572,48468
18573,88101
18574,40000
18575,53521
18576,51940
18577,45976
18578,40000
18579,48733
18580,40000
18581,99867
18582,50417
18583,40000
18584,40000
18585,40000
18586,84193
18587,40769
18588,93319
18589,48844
18590,91681
18591,78178
18592,54073
18593,40000
18594,40000
18595,65584
18596,46630
18597,81928
18598,47523
18599,40000
18600,53845
18601,72250
18602,70103
18603,93125
18604,40000
18605,51280
18606,53747
18607,64182
18608,48074
18609,40000
18610,40000
18611,40000
18612,101395
18613,44925
18614,40000
18615,55293
18616,56839
18617,40000
18618,42770
18619,40000
18620,44661
18621,40510
18622,49382
18623,40000
18624,40000
18625,61712
18626,40959
18627,40000
18628,68622
18629,40000
18630,40000
18631,41181
18632,44502
18633,40000
18634,71149
18635,58731
18636,53160
18637,56419
18638,49541
18639,50602
18640,40000
18641,78112
18642,64333
18643,56176
18644,64935
18645,48157
18646,40000
18647,48729
18648,40000
18649,40000
18650,65781
18651,40000
18652,91390
18653,40000
18654,40000
18655,40000
18656,61143
18657,62212
18658,40000
18659,85236
18660,40000
18661,54511
18662,46998
18663,62505
18664,55929
18665,50748
18666,69504
18667,62735
18668,40000
18669,47170
18670,40000
18671,55188
18672,46244
18673,40000
18674,46482
18675,40000
18676,40000
18677,40000
18678,40000
18679,80953
18680,57952
18681,77064
18682,43266
18683,54578
18684,70754
18685,46055
18686,45220
18687,40000
18688,95960
18689,55859
18690,40000
18691,47438
18692,56378
18693,53457
18694,63408
18695,40000
18696,40000
18697,61316
18698,40000
18699,50847
18700,69492
18701,58282
18702,56913
18703,56731
18704,48123
18705,48680
18706,47897
18707,62761
18708,40000
18709,49976
18710,44613
18711,93701
18712,52584
18713,41240
18714,66861
18715,40000
18716,40000
18717,61358
18718,57582
18719,51127
18720,40000
18721,40000
18722,47059
18723,40000
18724,41771
18725,48904
18726,40000
18727,53209
18728,42857
18729,93889
18730,50423
18731,40000
18732,56167
18733,48465
18734,40000
18735,48927
18736,40000
18737,62141
18738,40000
18739,89294
18740,40795
18741,49196
18742,48647
18743,41092
18744,61614
18745,54343
18746,72790
18747,60681
18748,40000
18749,73872
18750,73538
18751,54992
18752,40000
18753,46981
18754,40000
18755,40000
18756,58164
18757,56325
18758,45037
18759,40000
18760,106598
18761,72032
18762,47114
18763,67183
18764,40000
18765,67141
18766,50562
18767,64337
18768,53643
18769,46459
18770,55686
18771,51637
18772,67407
18773,40000
18774,40000
18775,62152
18776,83933
18777,40000
18778,61240
18779,64122
18780,43500
18781,40000
18782,40000
18783,40000
18784,48213
18785,40000
18786,40000
18787,50353
18788,40000
18789,61935
18790,41481
18791,40000
18792,73939
18793,52989
18794,45917
18795,56530
18796,52643
18797,64294
18798,40000
18799,42095
18800,61310
18801,40000
18802,40000
18803,56015
18804,67047
18805,47310
18806,59955
18807,40000
18808,54614
18809,63500
18810,40000
18811,59977
18812,57376
18813,49720
18814,77942
18815,87881
18816,43660
18817,40000
18818,43644
18819,40000
18820,59190
18821,40000
18822,40000
18823,40000
18824,70154
18825,45115
18826,40000
18827,44455
18828,40000
18829,50207
18830,49370
18831,41542
18832,61763
18833,46611
18834,48391
18835,40000
18836,40000
18837,40000
18838,40000
18839,48487
18840,40000
18841,71394
18842,47489
18843,103901
18844,40000
18845,40000
18846,40000
18847,40000
18848,64239
18849,40000
18850,57246
18851,40000
18852,40000
18853,40000
18854,40000
18855,40000
18856,48276
18857,40000
18858,78109
18859,78500
18860,51682
18861,40331
18862,63484
18863,51160
18864,45290
18865,73055
18866,56470
18867,48213
18868,44386
18869,87280
18870,76605
18871,40000
18872,48988
18873,40000
18874,40000
18875,40000
18876,44980
18877,52617
18878,81604
18879,40000
18880,50852
18881,66599
18882,74916
18883,40000
18884,40000
18885,72994
18886,50615
18887,49495
18888,40562
18889,40000
18890,43372
18891,55580
18892,75422
18893,40000
18894,76560
18895,40000
18896,40000
18897,40000
18898,77292
18899,40000
18900,44037
18901,47876
18902,43641
18903,40000
18904,42580
18905,40000
18906,69822
18907,42341
18908,47202
18909,40000
18910,40000
18911,40000
18912,60946
18913,101409
18914,42161
18915,43632
18916,42831
18917,52218
18918,69954
18919,63564
18920,58726
18921,73112
18922,46897
18923,40000
18924,49779
18925,49320
18926,40000
18927,40000
18928,41314
18929,92217
18930,48883
18931,40000
18932,40000
18933,47862
18934,40000
18935,66680
18936,40000
18937,40000
18938,58009
18939,64182
18940,44290
18941,94135
18942,83391
18943,54916
18944,49820
18945,44475
18946,40000
18947,40000
18948,40000
18949,50421
18950,57353
18951,40000
18952,45253
18953,47173
18954,47954
18955,60604
18956,65313
18957,47633
18958,80150
18959,41814
18960,50260
18961,53743
18962,47331
18963,71935
18964,42245
18965,40000
18966,40000
18967,63650
18968,40000
18969,41639
18970,44935
18971,53792
18972,52576
18973,41144
18974,59313
18975,40000
18976,44162
18977,45360
18978,42623
18979,76060
18980,56699
18981,67907
18982,57326
18983,56408
18984,40000
18985,70572
18986,55714
18987,40000
18988,71570
18989,53559
18990,40000
18991,40000
18992,40000
18993,62910
18994,69135
18995,40000
18996,40000
18997,112519
18998,49214
18999,45372
19000,53700
19001,40000
19002,48923
19003,64278
19004,40000
19005,61245
19006,40000
19007,40000
19008,46769
19009,40000
19010,47969
19011,44645
19012,56894
19013,86122
19014,49781
19015,60374
19016,40000
19017,61971
19018,51079
19019,82676
19020,52090
19021,46936
19022,42469
19023,40000
19024,40000
19025,69765
19026,85392
19027,46182
19028,61452
19029,40000
19030,40000
19031,86266
19032,40000
19033,62425
19034,53806
19035,45728
19036,61331
19037,40000
19038,57672
19039,58255
19040,40000
19041,64061
19042,40000
19043,42706
19044,40000
19045,40000
19046,46174
19047,47196
19048,64540
19049,40000
19050,40000
19051,70956
19052,93907
19053,40000
19054,40000
19055,48338
19056,40000
19057,71306
19058,46314
19059,61670
19060,59509
19061,40000
19062,55889
19063,69440
19064,40000
19065,77876
19066,56296
19067,60688
19068,57241
19069,49268
19070,60267
19071,67398
19072,40643
19073,64081
19074,40000
19075,44858
19076,40000
19077,47538
19078,46716
19079,40000
19080,40000
19081,85781
19082,49624
19083,40000
19084,47080
19085,46873
19086,52626
19087,55158
19088,70645
19089,64741
19090,43038
19091,40000
19092,55155
19093,50237
19094,41931
19095,40000
19096,63725
19097,40000
19098,40000
19099,40000
19100,83308
19101,47268
19102,75447
19103,41088
19104,49326
19105,41966
19106,81563
19107,40000
19108,70249
19109,46911
19110,40000
19111,40832
19112,96058
19113,99390
19114,71920
19115,48231
19116,40000
19117,71403
19118,54174
19119,89682
19120,49416
19121,40000
19122,40000
19123,40000
19124,49533
19125,82317
19126,40000
19127,82126
19128,56745
19129,40000
19130,46643
19131,48636
19132,40000
19133,68717
19134,89672
19135,40000
19136,51728
19137,92512
19138,80067
19139,40000
19140,40000
19141,40000
19142,62827
19143,53287
19144,101263
19145,54008
19146,76899
19147,76197
19148,40000
19149,40000
19150,40000
19151,40000
19152,63706
19153,76260
19154,40000
19155,58058
19156,40000
19157,40000
19158,45289
19159,40000
19160,72108
19161,54356
19162,40000
19163,40000
19164,48481
19165,45441
19166,53254
19167,40000
19168,81702
19169,40000
19170,40977
19171,77365
19172,44904
19173,40000
19174,83244
19175,47563
19176,60396
19177,52709
19178,40000
19179,46995
19180,55535
19181,62935
19182,40000
19183,61455
19184,78722
19185,40000
19186,64424
19187,40000
19188,40000
19189,40000
19190,82364
19191,56849
19192,56767
19193,41877
19194,40000
19195,56007
19196,66890
19197,81042
19198,53419
19199,61706
19200,81196
19201,85848
19202,72229
19203,40000
19204,56184
19205,93690
19206,71889
19207,51998
19208,60468
19209,40000
19210,50714
19211,62738
19212,41754
19213,40000
19214,60430
19215,73759
19216,50972
19217,84514
19218,68739
19219,91816
19220,85619
19221,55614
19222,47714
19223,70712
19224,58162
19225,44534
19226,44943
19227,45792
19228,53868
19229,63587
19230,54403
19231,40000
19232,40000
19233,86175
19234,40000
19235,45840
19236,67760
19237,40000
19238,65002
19239,60878
19240,40000
19241,53404
19242,64357
19243,58558
19244,51173
19245,79496
19246,40000
19247,64734
19248,83184
19249,40000
19250,65051
19251,40000
19252,40000
19253,58772
19254,40000
19255,40000
19256,40000
19257,42823
19258,40741
19259,47060
19260,71690
19261,70611
19262,40712
19263,44464
19264,79407
19265,94306
19266,40371
19267,42160
19268,40000
19269,70909
19270,42679
19271,42273
19272,73936
19273,44851
19274,52473
19275,45426
19276,42654
19277,45078
19278,40000
19279,74730
19280,40000
19281,40000
19282,69666
19283,40000
19284,75719
19285,65078
19286,40000
19287,40000
19288,40000
19289,59172
19290,68307
19291,40000
19292,40000
19293,50563
19294,40000
19295,54763
19296,48991
19297,43913
19298,40000
19299,41058
19300,53702
19301,40000
19302,47807
19303,60140
19304,81918
19305,63243
19306,45631
19307,56551
19308,40000
19309,40000
19310,55989
19311,93141
19312,40000
19313,77096
19314,46459
19315,40000
19316,54649
19317,40000
19318,55717
19319,56511
19320,40000
19321,95207
19322,40000
19323,55222
19324,54256
19325,40814
19326,40000
19327,41345
19328,40000
19329,48046
19330,47049
19331,62210
19332,66487
19333,44724
19334,40000
19335,40000
19336,74053
19337,40000
19338,66201
19339,56047
19340,50237
19341,67003
19342,40000
19343,44351
19344,40000
19345,40000
19346,40000
19347,86647
19348,73407
19349,40000
19350,41182
19351,60170
19352,53063
19353,58474
19354,40000
19355,40000
19356,51642
19357,40000
19358,45249
19359,53686
19360,56763
19361,47527
19362,40000
19363,40000
19364,48699
19365,40000
19366,86278
19367,40000
19368,40000
19369,47106
19370,48009
19371,42760
19372,40000
19373,78150
19374,51296
19375,40000
19376,40966
19377,40000
19378,65746
19379,53316
19380,40000
19381,82438
19382,40000
19383,42450
19384,41611
19385,73196
19386,71095
19387,44292
19388,40000
19389,46632
19390,54034
19391,56420
19392,40000
19393,52070
19394,70830
19395,46456
19396,61181
19397,46492
19398,40000
19399,72057
19400,48508
19401,71831
19402,40000
19403,40148
19404,40000
19405,50247
19406,49576
19407,53204
19408,40000
19409,40000
19410,40000
19411,42308
19412,40000
19413,61836
19414,66670
19415,87974
19416,55322
19417,53376
19418,43018
19419,52164
19420,72079
19421,40000
19422,48435
19423,50578
19424,68945
19425,53627
19426,40000
19427,110099
19428,53727
19429,43089
19430,45775
19431,40000
19432,72588
19433,55687
19434,40938
19435,47672
19436,68261
19437,60814
19438,63148
19439,45548
19440,40000
19441,57943
19442,51952
19443,56154
19444,49310
19445,46101
19446,40000
19447,40000
19448,86047
19449,47905
19450,61829
19451,45256
19452,44173
19453,40000
19454,40000
19455,40000
19456,40000
19457,40000
19458,40000
19459,54603
19460,48562
19461,40000
19462,43980
19463,40000
19464,76281
19465,44425
19466,40000
19467,40000
19468,40768
19469,40000
19470,40000
19471,41613
19472,40000
19473,55016
19474,92567
19475,67482
19476,46999
19477,52204
19478,40000
19479,40000
19480,49570
19481,40000
19482,56885
19483,57869
19484,40000
19485,49261
19486,54601
19487,64256
19488,45504
19489,86463
19490,78767
19491,40000
19492,49133
19493,59120
19494,52746
19495,76585
19496,40000
19497,40000
19498,96112
19499,40000
19500,45679
19501,72030
19502,63011
19503,43939
19504,45465
19505,68475
19506,49546
19507,45849
19508,40000
19509,40000
19510,40000
19511,69281
19512,40000
19513,58854
19514,72817
19515,79297
19516,66455
19517,40000
19518,48762
19519,40000
19520,61414
19521,41004
19522,40000
19523,65602
19524,53645
19525,62609
19526,68642
19527,43829
19528,73040
19529,40000
19530,40000
19531,40000
19532,48624
19533,91866
19534,40000
19535,45172
19536,40000
19537,63290
19538,41962
19539,46271
19540,49388
19541,62904
19542,40000
19543,55814
19544,40000
19545,86102
19546,40000
19547,59954
19548,40000
19549,79277
19550,40000
19551,78384
19552,40000
19553,63285
19554,65627
19555,40000
19556,40000
19557,54617
19558,63858
19559,40000
19560,40000
19561,52778
19562,40000
19563,46736
19564,56807
19565,40000
19566,53966
19567,61013
19568,71394
19569,45254
19570,40000
19571,62539
19572,41450
19573,62455
19574,72597
19575,65153
19576,51482
19577,40000
19578,41863
19579,40000
19580,82037
19581,48343
19582,45992
19583,64800
19584,68706
19585,60680
19586,40000
19587,40818
19588,40000
19589,66556
19590,40660
19591,40000
19592,52696
19593,55221
19594,40036
19595,40000
19596,46764
19597,55741
19598,85336
19599,43790
19600,47763
19601,69133
19602,51525
19603,74292
19604,53992
19605,40000
19606,40000
19607,42127
19608,59450
19609,40000
19610,49786
19611,43627
19612,83131
19613,63845
19614,62330
19615,46987
19616,45859
19617,43394
19618,66285
19619,49149
19620,51357
19621,40000
19622,49851
19623,51754
19624,49259
19625,52958
19626,40000
19627,40666
19628,65818
19629,81751
19630,40000
19631,40000
19632,40000
19633,40000
19634,50862
19635,54257
19636,88306
19637,45831
19638,40737
19639,40000
19640,71369
19641,45882
19642,40000
19643,109733
19644,53423
19645,44747
19646,42257
19647,40000
19648,40446
19649,40000
19650,40652
19651,47685
19652,40000
19653,40000
19654,54601
19655,53043
19656,40000
19657,87402
19658,40000
19659,40000
19660,52702
19661,40000
19662,52719
19663,74026
19664,40000
19665,63601
19666,69372
19667,52876
19668,64860
19669,68024
19670,40000
19671,48099
19672,40000
19673,60232
19674,40000
19675,90306
19676,40000
19677,55871
19678,40000
19679,44169
19680,47936
19681,49121
19682,72019
19683,70953
19684,52935
19685,54897
19686,50497
19687,59213
19688,40000
19689,48791
19690,52072
19691,40000
19692,43847
19693,52584
19694,44324
19695,54962
19696,51758
19697,40000
19698,65479
19699,42697
19700,73833
19701,40000
19702,54795
19703,69397
19704,40000
19705,61150
19706,40000
19707,58851
19708,49169
19709,62904
19710,46824
19711,40000
19712,40000
19713,40000
19714,40000
19715,40000
19716,109919
19717,50712
19718,50948
19719,40000
19720,40000
19721,63387
19722,41559
19723,54056
19724,69399
19725,63873
19726,54183
19727,40000
19728,78721
19729,58721
19730,40000
19731,64316
19732,40000
19733,40000
19734,44687
19735,54388
19736,54415
19737,86017
19738,74083
19739,40292
19740,40000
19741,52691
19742,40609
19743,57433
19744,59739
19745,44891
19746,41247
19747,78359
19748,40000
19749,50906
19750,76231
19751,48643
19752,50804
19753,40000
19754,40000
19755,40000
19756,67396
19757,42172
19758,40000
19759,46201
19760,66121
19761,62745
19762,59454
19763,40000
19764,40000
19765,40000
19766,52681
19767,47587
19768,40000
19769,53298
19770,64993
19771,89448
19772,60796
19773,51244
19774,40349
19775,40000
19776,40000
19777,63089
19778,62997
19779,70301
19780,40000
19781,77948
19782,40000
19783,44486
19784,71486
19785,47020
19786,56129
19787,40238
19788,74610
19789,61349
19790,40000
19791,45827
19792,79531
19793,69671
19794,58004
19795,57299
19796,58898
19797,40000
19798,68917
19799,46298
19800,44666
19801,40000
19802,40000
19803,71465
19804,53435
19805,44692
19806,40000
19807,40000
19808,53709
19809,40000
19810,49383
19811,54334
19812,40000
19813,77236
19814,40000
19815,40000
19816,53186
19817,50528
19818,40000
19819,40000
19820,40000
19821,52106
19822,71118
19823,57116
19824,104158
19825,46420
19826,53382
19827,53207
19828,48504
19829,40000
19830,51450
19831,59533
19832,58643
19833,57420
19834,74408
19835,53303
19836,74088
19837,64475
19838,46120
19839,40424
19840,62663
19841,49999
19842,61627
19843,84534
19844,57602
19845,40000
19846,73815
19847,40172
19848,40000
19849,69889
19850,60531
19851,40000
19852,49066
19853,66843
19854,65209
19855,70898
19856,77378
19857,74413
19858,40000
19859,72361
19860,48588
19861,70402
19862,47993
19863,40000
19864,40000
19865,40000
19866,61438
19867,40000
19868,56683
19869,93741
19870,40000
19871,52623
19872,60183
19873,40000
19874,98732
19875,40000
19876,50417
19877,48383
19878,40000
19879,81164
19880,49675
19881,45293
19882,40000
19883,65645
19884,40000
19885,40000
19886,40000
19887,40000
19888,68124
19889,74020
19890,60760
19891,40000
19892,61049
19893,40000
19894,48517
19895,56719
19896,51893
19897,56265
19898,81410
19899,40000
19900,54393
19901,40000
19902,40000
19903,55809
19904,44347
19905,68606
19906,40000
19907,68344
19908,40000
19909,66890
19910,56380
19911,53539
19912,40000
19913,40000
19914,40000
19915,41520
19916,52997
19917,40000
19918,52347
19919,48679
19920,59055
19921,40000
19922,89985
19923,63574
19924,40000
19925,68169
19926,40214
19927,40000
19928,40974
19929,40000
19930,72931
19931,60653
19932,63601
19933,42732
19934,46530
19935,73461
19936,47204
19937,40000
19938,40740
19939,53238
19940,50833
19941,40000
19942,43318
19943,57412
19944,48481
19945,61985
19946,54941
19947,76809
19948,43600
19949,57596
19950,40000
19951,49908
19952,40000
19953,84644
19954,67769
19955,65157
19956,43640
19957,80051
19958,40000
19959,50053
19960,42943
19961,40000
19962,43381
19963,40000
19964,40000
19965,52902
19966,40000
19967,81102
19968,40000
19969,40000
19970,47809
19971,40000
19972,40000
19973,77135
19974,40489
19975,40000
19976,73184
19977,64681
19978,52644
19979,90696
19980,50032
19981,50988
19982,40000
19983,40000
19984,63176
19985,40000
19986,53533
19987,75953
19988,56763
19989,50252
19990,49225
19991,41416
19992,44888
19993,71235
19994,57359
19995,69849
19996,56085
19997,40000
19998,43698
19999,52813
20000,49238
20001,40000
20002,64072
20003,71588
20004,123749
20005,75324
20006,60279
20007,40000
20008,41076
20009,64311
20010,47898
20011,40000
20012,40000
20013,40000
20014,40000
20015,45967
20016,69488
20017,40000
20018,40000
20019,83744
20020,48290
20021,46016
20022,43670
20023,45807
20024,62352
20025,41492
20026,63417
20027,65769
20028,58729
20029,40000
20030,48127
20031,41082
20032,43667
20033,40000
20034,42765
20035,40000
20036,57238
20037,40000
20038,62076
20039,60465
20040,57723
20041,48824
20042,75326
20043,53571
20044,40000
20045,40000
20046,40000
20047,40000
20048,45566
20049,86440
20050,52909
20051,40000
20052,52023
20053,75963
20054,40000
20055,40000
20056,58087
20057,40000
20058,40000
20059,40000
20060,40000
20061,50383
20062,63035
20063,52629
20064,46009
20065,51604
20066,64279
20067,40000
20068,40000
20069,40000
20070,63323
20071,65962
20072,59160
20073,40000
20074,40000
20075,43803
20076,40000
20077,82041
20078,66331
20079,47465
20080,40000
20081,40000
20082,46896
20083,40000
20084,49731
20085,40694
20086,40000
20087,41037
20088,78565
20089,57922
20090,44039
20091,40000
20092,58845
20093,40000
20094,40000
20095,45818
20096,40000
20097,46883
20098,88039
20099,78076
20100,64100
20101,40000
20102,48129
20103,40000
20104,46764
20105,55660
20106,49727
20107,42851
20108,67126
20109,61061
20110,46749
20111,83289
20112,40000
20113,40000
20114,40000
20115,60863
20116,80306
20117,56609
20118,52545
20119,51975
20120,40000
20121,42115
20122,75822
20123,40000
20124,72073
20125,40000
20126,60329
20127,40000
20128,40000
20129,53292
20130,78448
20131,65318
20132,62744
20133,46168
20134,53634
20135,40000
20136,40000
20137,45384
20138,53522
20139,40000
20140,40000
20141,63782
20142,40000
20143,46180
20144,58512
20145,96510
20146,45275
20147,53685
20148,76785
20149,49965
20150,56434
20151,56981
20152,46933
20153,40000
20154,77992
20155,40000
20156,40000
20157,40000
20158,42211
20159,41110
20160,80765
20161,63595
20162,52882
20163,81799
20164,46809
20165,67245
20166,42530
20167,44004
20168,59089
20169,55381
20170,85953
20171,57586
20172,47299
20173,72114
20174,40000
20175,79814
20176,76292
20177,40000
20178,92072
20179,58628
20180,40000
20181,87295
20182,62467
20183,54096
20184,59900
20185,52528
20186,57321
20187,73664
20188,51948
20189,40797
20190,70850
20191,68101
20192,42973
20193,59988
20194,40000
20195,63721
20196,40000
20197,40000
20198,64284
20199,40000
20200,69603
20201,60751
20202,43460
20203,82656
20204,46851
20205,67995
20206,40000
20207,41971
20208,43779
20209,53975
20210,45790
20211,56094
20212,40000
20213,40000
20214,40000
20215,40000
20216,40000
20217,40000
20218,40000
20219,57845
20220,48514
20221,40000
20222,48534
20223,55549
20224,40000
20225,40000
20226,55301
20227,40000
20228,48707
20229,46601
20230,51204
20231,40000
20232,81297
20233,49740
20234,81427
20235,41301
20236,41309
20237,74960
20238,51385
20239,81176
20240,40000
20241,48166
20242,55650
20243,57350
20244,40307
20245,53786
20246,45861
20247,51083
20248,40000
20249,46799
20250,48489
20251,40000
20252,70640
20253,72565
20254,97489
20255,72562
20256,45502
20257,44469
20258,40000
20259,48386
20260,55139
20261,40000
20262,40000
20263,40000
20264,79470
20265,53518
20266,85168
20267,40000
20268,40000
20269,40000
20270,64737
20271,40000
20272,94760
20273,62331
20274,40000
20275,62211
20276,41578
20277,68749
20278,96562
20279,50884
20280,40000
20281,53302
20282,59273
20283,50536
20284,40000
20285,88124
20286,40000
20287,49625
20288,53332
20289,40000
20290,99745
20291,40458
20292,40000
20293,57236
20294,40000
20295,40000
20296,40000
20297,40898
20298,65760
20299,74906
20300,74094
20301,40000
20302,40000
20303,40000
20304,40000
20305,106332
20306,43225
20307,42119
20308,40000
20309,65846
20310,58108
20311,40000
20312,40000
20313,40000
20314,51821
20315,57091
20316,40000
20317,40000
20318,40000
20319,46198
20320,80842
20321,84722
20322,40000
20323,40000
20324,54605
20325,69040
20326,40000
20327,42856
20328,40000
20329,62433
20330,43689
20331,51689
20332,40000
20333,42228
20334,42423
20335,61243
20336,73502
20337,40000
20338,40000
20339,40000
20340,50719
20341,48757
20342,40000
20343,45517
20344,40000
20345,75367
20346,40000
20347,40000
20348,41093
20349,46648
20350,46554
20351,79061
20352,40000
20353,40000
20354,40000
20355,71501
20356,40000
20357,59819
20358,64948
20359,47446
20360,55314
20361,40000
20362,40000
20363,48501
20364,40000
20365,48676
20366,40000
20367,40000
20368,40000
20369,68116
20370,78870
20371,51825
20372,67348
20373,40000
20374,47157
20375,40000
20376,58557
20377,58344
20378,93200
20379,47103
20380,62547
20381,40000
20382,40000
20383,51951
20384,40000
20385,81185
20386,40000
20387,46948
20388,47418
20389,55913
20390,66636
20391,40000
20392,56391
20393,46519
20394,40000
20395,40000
20396,74231
20397,45344
20398,58877
20399,77862
20400,41544
20401,47228
20402,42237
20403,40000
20404,40000
20405,51756
20406,53791
20407,53687
20408,40000
20409,70297
20410,66062
20411,54092
20412,40000
20413,40000
20414,72871
20415,40000
20416,40000
20417,40000
20418,55526
20419,45640
20420,50357
20421,40000
20422,50816
20423,72585
20424,78506
20425,40000
20426,40000
20427,40000
20428,86806
20429,40000
20430,74628
20431,59229
20432,55084
20433,40000
20434,55197
20435,71488
20436,69600
20437,45182
20438,42141
20439,40000
20440,51065
20441,40000
20442,58381
20443,58576
20444,82698
20445,40000
20446,40000
20447,60571
20448,40000
20449,81972
20450,41934
20451,49240
20452,40000
20453,41823
20454,40000
20455,68905
20456,46657
20457,77745
20458,75585
20459,66044
20460,40000
20461,40000
20462,87636
20463,40000
20464,59996
20465,68586
20466,40000
20467,75580
20468,46393
20469,89057
20470,69959
20471,68861
20472,47543
20473,40000
20474,82253
20475,41093
20476,82040
20477,61220
20478,51861
20479,63370
20480,40000
20481,58748
20482,68947
20483,40000
20484,52092
20485,78475
20486,54811
20487,46726
20488,62342
20489,47269
20490,40410
20491,55313
20492,40000
20493,52715
20494,82543
20495,43254
20496,95794
20497,40000
20498,40000
20499,59839
20500,40000
20501,40000
20502,51228
20503,40221
20504,40000
20505,40000
20506,73658
20507,92082
20508,60677
20509,40000
20510,40000
20511,40000
20512,45130
20513,40000
20514,60080
20515,80762
20516,58137
20517,63538
20518,40000
20519,63474
20520,75972
20521,69882
20522,40000
20523,71995
20524,44336
20525,46659
20526,56405
20527,72162
20528,54377
20529,40000
20530,61897
20531,61349
20532,48153
20533,44982
20534,47183
20535,42381
20536,40000
20537,40000
20538,61619
20539,43764
20540,40000
20541,83136
20542,43832
20543,58693
20544,64031
20545,73867
20546,62669
20547,51028
20548,47132
20549,84326
20550,40000
20551,65708
20552,48120
20553,40000
20554,63698
20555,61658
20556,52119
20557,53737
20558,40000
20559,65936
20560,44076
20561,88042
20562,45899
20563,40614
20564,45569
20565,77520
20566,82725
20567,43671
20568,49310
20569,51574
20570,92297
20571,63391
20572,74413
20573,40088
20574,40000
20575,40000
20576,58677
20577,40000
20578,40000
20579,63987
20580,52595
20581,48157
20582,42716
20583,40000
20584,40000
20585,70715
20586,67653
20587,40000
20588,79277
20589,40000
20590,72320
20591,46708
20592,49919
20593,40000
20594,71319
20595,40000
20596,40000
20597,43514
20598,40000
20599,40000
20600,82696
20601,54492
20602,53455
20603,90549
20604,40113
20605,63093
20606,40000
20607,79557
20608,40000
20609,41348
20610,45479
20611,51231
20612,80145
20613,53978
20614,40000
20615,76861
20616,50747
20617,63150
20618,40000
20619,81234
20620,45221
20621,66479
20622,76497
20623,40000
20624,42597
20625,40000
20626,40000
20627,75911
20628,64647
20629,66050
20630,69150
20631,40000
20632,52884
20633,40000
20634,45762
20635,52035
20636,40000
20637,73174
20638,57488
20639,40000
20640,40000
20641,55771
20642,51316
20643,50860
20644,48572
20645,74373
20646,51058
20647,41254
20648,56526
20649,43314
20650,50836
20651,49811
20652,40000
20653,65638
20654,40000
20655,40000
20656,85402
20657,81149
20658,98640
20659,41797
20660,40000
20661,52635
20662,40000
20663,40000
20664,61780
20665,40000
20666,40000
20667,72299
20668,69480
20669,64398
20670,40000
20671,72862
20672,47955
20673,40000
20674,54297
20675,47472
20676,53436
20677,76724
20678,40000
20679,40960
20680,63915
20681,40000
20682,42292
20683,40000
20684,40000
20685,40000
20686,42281
20687,55243
20688,40000
20689,60620
20690,40000
20691,45199
20692,73357
20693,40000
20694,47724
20695,40000
20696,40000
20697,40000
20698,40000
20699,40000
20700,40000
20701,62372
20702,40000
20703,55923
20704,40000
20705,51336
20706,53975
20707,46478
20708,63353
20709,72357
20710,56437
20711,40000
20712,71743
20713,53818
20714,70951
20715,41757
20716,40000
20717,40000
20718,91836
20719,55617
20720,40000
20721,88883
20722,40000
20723,61660
20724,76825
20725,67824
20726,65870
20727,67716
20728,98529
20729,40688
20730,58437
20731,41555
20732,51605
20733,40000
20734,40000
20735,40000
20736,83900
20737,90484
20738,41464
20739,40000
20740,43098
20741,43349
20742,40000
20743,71520
20744,75682
20745,40000
20746,55570
20747,40000
20748,50885
20749,40000
20750,69170
20751,49983
20752,40000
20753,40000
20754,51293
20755,40000
20756,40000
20757,40000
20758,63323
20759,40000
20760,40000
20761,40000
20762,40000
20763,76915
20764,49552
20765,45556
20766,40000
20767,58138
20768,45297
20769,61214
20770,66160
20771,62170
20772,75353
20773,53382
20774,78594
20775,43478
20776,57979
20777,40000
20778,40000
20779,43109
20780,61759
20781,66296
20782,40510
20783,40000
20784,40000
20785,40000
20786,40000
20787,63786
20788,56711
20789,40000
20790,41933
20791,74113
20792,62734
20793,40220
20794,70498
20795,69038
20796,79916
20797,40000
20798,40000
20799,40000
20800,40000
20801,62960
20802,52670
20803,40000
20804,66808
20805,64902
20806,40000
20807,75875
20808,60154
20809,40000
20810,40352
20811,62442
20812,40732
20813,107655
20814,40000
20815,40000
20816,58487
20817,103976
20818,64725
20819,40000
20820,70573
20821,72801
20822,40000
20823,40000
20824,54898
20825,55331
20826,40000
20827,83357
20828,76056
20829,77392
20830,44925
20831,53827
20832,40000
20833,40000
20834,56725
20835,40000
20836,84293
20837,48860
20838,43660
20839,40000
20840,47261
20841,40000
20842,51908
20843,63337
20844,78778
20845,64410
20846,42229
20847,45333
20848,78584
20849,40000
20850,62850
20851,40000
20852,62744
20853,40000
20854,46122
20855,53390
20856,40000
20857,40000
20858,40000
20859,47931
20860,40000
20861,52849
20862,43358
20863,40000
20864,40000
20865,60483
20866,62506
20867,62770
20868,40000
20869,40000
20870,55317
20871,62225
20872,40000
20873,44662
20874,47577
20875,63494
20876,40000
20877,56847
20878,80393
20879,44560
20880,40000
20881,41062
20882,40000
20883,58925
20884,63786
20885,59704
20886,67068
20887,40000
20888,49061
20889,67977
20890,72835
20891,68786
20892,67980
20893,57707
20894,40000
20895,77568
20896,40000
20897,100302
20898,40000
20899,63761
20900,40870
20901,40000
20902,46905
20903,51887
20904,51706
20905,40000
20906,40000
20907,64891
20908,71408
20909,73671
20910,76194
20911,40000
20912,40464
20913,40000
20914,67555
20915,43396
20916,50168
20917,40000
20918,61263
20919,41104
20920,40000
20921,45713
20922,40000
20923,80332
20924,49835
20925,53797
20926,66158
20927,65289
20928,42339
20929,40000
20930,47189
20931,46269
20932,75757
20933,40000
20934,40000
20935,40000
20936,65733
20937,40000
20938,59478
20939,57390
20940,40151
20941,40000
20942,45197
20943,40000
20944,40000
20945,41488
20946,58824
20947,40383
20948,47137
20949,41828
20950,57104
20951,40000
20952,48259
20953,42540
20954,46412
20955,70573
20956,40000
20957,40000
20958,55761
20959,43302
20960,53694
20961,61671
20962,47106
20963,44178
20964,85572
20965,40000
20966,54323
20967,89885
20968,40063
20969,75015
20970,40000
20971,81026
20972,40000
20973,40000
20974,80291
20975,40000
20976,40000
20977,58051
20978,58663
20979,86006
20980,58673
20981,60014
20982,49863
20983,50267
20984,51515
20985,40000
20986,45377
20987,72003
20988,42689
20989,46750
20990,40000
20991,63129
20992,63995
20993,60916
20994,40000
20995,40000
20996,40000
20997,40000
20998,44741
20999,40000
21000,44148
21001,50886
21002,40604
21003,47868
21004,50841
21005,57581
21006,49055
21007,63979
21008,40000
21009,40000
21010,74058
21011,46023
21012,72752
21013,40000
21014,46704
21015,49546
21016,43036
21017,45412
21018,45283
21019,60171
21020,61474
21021,73252
21022,49549
21023,50013
21024,72495
21025,56740
21026,40000
21027,40000
21028,49724
21029,45988
21030,40000
21031,76888
21032,62529
21033,77943
21034,45713
21035,72111
21036,43916
21037,40000
21038,57349
21039,40000
21040,85436
21041,40000
21042,40000
21043,40000
21044,40433
21045,58140
21046,40000
21047,76771
21048,40000
21049,49401
21050,40000
21051,40000
21052,40000
21053,89731
21054,52658
21055,40000
21056,40000
21057,62255
21058,61451
21059,68242
21060,71192
21061,86168
21062,63946
21063,40000
21064,40000
21065,56895
21066,48619
21067,40000
21068,44708
21069,72818
21070,40556
21071,40000
21072,42214
21073,42196
21074,54958
21075,79188
21076,77762
21077,40000
21078,54258
21079,40000
21080,64932
21081,69230
21082,40000
21083,55494
21084,40000
21085,40000
21086,40000
21087,95894
21088,48629
21089,40000
21090,40000
21091,45148
21092,40000
21093,65521
21094,40000
21095,40000
21096,40000
21097,60447
21098,41171
21099,40825
21100,46884
21101,40000
21102,59030
21103,40000
21104,40000
21105,40000
21106,61494
21107,53822
21108,57776
21109,56522
21110,88140
21111,40000
21112,40000
21113,67262
21114,63064
21115,60275
21116,57099
21117,54700
21118,53656
21119,40000
21120,64379
21121,57685
21122,71633
21123,40000
21124,56683
21125,42718
21126,40000
21127,65549
21128,70065
21129,40000
21130,40000
21131,59989
21132,90904
21133,80323
21134,41626
21135,93668
21136,46388
21137,81808
21138,60656
21139,61372
21140,40000
21141,51317
21142,66739
21143,82365
21144,65071
21145,46378
21146,43057
21147,40738
21148,40000
21149,57530
21150,54600
21151,45518
21152,54032
21153,40000
21154,63228
21155,40000
21156,40000
21157,40000
21158,51183
21159,42585
21160,63061
21161,40000
21162,62604
21163,54815
21164,65671
21165,57958
21166,50411
21167,45269
21168,40000
21169,54801
21170,40000
21171,43859
21172,46408
21173,40000
21174,54996
21175,52017
21176,40000
21177,53226
21178,40000
21179,66702
21180,78620
21181,60114
21182,46832
21183,40000
21184,40000
21185,40000
21186,41269
21187,40000
21188,40000
21189,54336
21190,45555
21191,52921
21192,40000
21193,41830
21194,40000
21195,71702
21196,40000
21197,40000
21198,52984
21199,40000
21200,44304
21201,40000
21202,40000
21203,43721
21204,46115
21205,50782
21206,65765
21207,40000
21208,84472
21209,83029
21210,40000
21211,55407
21212,48846
21213,40000
21214,56646
21215,43303
21216,54953
21217,59876
21218,42287
21219,49432
21220,61162
21221,40000
21222,40000
21223,40000
21224,40000
21225,46119
21226,40000
21227,40000
21228,40000
21229,40000
21230,73297
21231,40000
21232,63367
21233,58678
21234,63096
21235,40000
21236,79429
21237,68882
21238,67612
21239,49269
21240,103256
21241,57811
21242,70622
21243,40000
21244,67334
21245,40000
21246,40000
21247,45353
21248,62320
21249,75492
21250,40000
21251,55174
21252,55360
21253,50553
21254,61368
21255,40000
21256,47451
21257,70559
21258,40000
21259,68910
21260,52668
21261,62782
21262,51723
21263,40000
21264,40000
21265,55226
21266,54565
21267,40000
21268,56488
21269,54814
21270,62519
21271,40000
21272,40000
21273,49589
21274,64601
21275,40000
21276,40000
21277,55403
21278,69840
21279,70525
21280,53465
21281,59353
21282,40000
21283,82496
21284,56445
21285,72337
21286,40000
21287,47272
21288,40000
21289,40000
21290,93430
21291,40000
21292,51877
21293,47611
21294,61182
21295,46480
21296,57283
21297,69830
21298,40000
21299,40000
21300,40000
21301,48906
21302,44770
21303,40000
21304,81554
21305,49925
21306,42112
21307,64973
21308,40000
21309,48931
21310,51467
21311,87284
21312,43128
21313,40000
21314,64636
21315,48851
21316,40000
21317,64694
21318,43792
21319,70150
21320,73474
21321,58022
21322,68678
21323,42441
21324,40000
21325,72711
21326,65649
21327,75767
21328,40000
21329,53308
21330,62167
21331,71173
21332,62905
21333,40499
21334,46060
21335,56810
21336,40000
21337,40000
21338,50187
21339,49239
21340,40000
21341,64053
21342,40000
21343,42329
21344,84814
21345,40000
21346,70946
21347,73742
21348,40000
21349,68716
21350,46450
21351,51120
21352,68217
21353,40000
21354,55841
21355,40000
21356,41637
21357,40000
21358,40000
21359,81178
21360,42405
21361,84832
21362,81631
21363,52656
21364,40000
21365,46387
21366,45350
21367,50965
21368,40000
21369,44115
21370,40000
21371,40000
21372,52698
21373,56985
21374,47544
21375,40000
21376,40000
21377,40000
21378,50731
21379,71885
21380,55059
21381,51965
21382,55954
21383,40000
21384,62592
21385,75925
21386,53164
21387,49448
21388,67374
21389,51938
21390,40000
21391,58700
21392,42121
21393,40000
21394,43782
21395,52044
21396,59553
21397,44737
21398,40000
21399,42619
21400,59995
21401,78114
21402,40000
21403,55210
21404,64473
21405,49982
21406,51724
21407,47705
21408,52569
21409,63099
21410,41891
21411,40000
21412,55407
21413,102879
21414,40000
21415,83118
21416,59636
21417,40000
21418,68732
21419,40000
21420,67170
21421,58531
21422,40000
21423,45263
21424,69482
21425,59966
21426,40000
21427,52800
21428,62653
21429,56729
21430,40000
21431,51492
21432,45799
21433,81265
21434,48162
21435,40000
21436,53747
21437,71581
21438,43726
21439,69181
21440,40000
21441,40000
21442,40000
21443,64031
21444,40000
21445,67080
21446,40000
21447,40000
21448,40342
21449,40000
21450,88320
21451,40000
21452,93049
21453,61021
21454,40000
21455,65363
21456,44856
21457,40000
21458,40000
21459,51674
21460,59551
21461,52464
21462,98485
21463,40000
21464,71018
21465,85331
21466,41863
21467,40000
21468,40000
21469,40000
21470,45639
21471,40000
21472,50307
21473,69450
21474,59355
21475,40000
21476,67728
21477,42725
21478,49092
21479,42045
21480,40000
21481,65311
21482,51394
21483,51052
21484,66468
21485,43066
21486,69090
21487,40000
21488,40000
21489,43146
21490,40000
21491,54628
21492,40000
21493,68433
21494,40000
21495,40000
21496,64273
21497,56316
21498,40000
21499,41086
21500,40000
21501,60064
21502,57834
21503,68443
21504,40000
21505,40000
21506,40000
21507,40000
21508,81015
21509,70233
21510,40000
21511,40000
21512,52336
21513,90473
21514,59316
21515,40000
21516,51455
21517,53627
21518,54437
21519,44739
21520,45151
21521,40707
21522,41810
21523,40000
21524,63972
21525,54273
21526,40000
21527,40000
21528,40000
21529,40000
21530,40000
21531,75317
21532,56580
21533,87993
21534,40000
21535,74372
21536,71848
21537,90832
21538,69859
21539,55129
21540,54628
21541,40000
21542,56185
21543,40000
21544,40000
21545,40000
21546,75391
21547,40000
21548,49951
21549,53786
21550,66773
21551,42075
21552,68623
21553,41706
21554,59323
21555,40000
21556,40000
21557,75628
21558,62828
21559,53817
21560,66010
21561,64318
21562,54641
21563,72404
21564,52333
21565,41502
21566,61752
21567,40000
21568,71058
21569,40000
21570,40000
21571,61750
21572,44524
21573,45371
21574,49277
21575,73752
21576,75684
21577,48860
21578,80158
21579,49047
21580,53897
21581,40000
21582,40000
21583,44042
21584,40557
21585,61381
21586,40000
21587,109787
21588,55000
21589,40000
21590,60583
21591,69704
21592,40116
21593,40000
21594,76425
21595,52738
21596,40000
21597,40000
21598,64262
21599,40000
21600,40000
21601,53320
21602,52356
21603,40000
21604,55948
21605,40000
21606,85359
21607,50150
21608,40000
21609,80510
21610,81589
21611,72140
21612,82560
21613,40000
21614,54535
21615,79062
21616,50745
21617,40419
21618,40000
21619,40000
21620,40000
21621,40000
21622,40000
21623,40000
21624,90794
21625,40000
21626,43714
21627,69393
21628,65013
21629,68162
21630,40000
21631,40000
21632,59812
21633,43114
21634,61982
21635,54518
21636,48121
21637,71478
21638,68891
21639,44814
21640,40466
21641,40000
21642,49874
21643,40210
21644,44426
21645,59959
21646,41370
21647,71234
21648,42629
21649,57825
21650,65558
21651,40000
21652,40000
21653,51018
21654,50497
21655,40000
21656,40000
21657,56966
21658,40000
21659,71382
21660,40000
21661,58282
21662,40000
21663,40000
21664,52630
21665,63418
21666,68269
21667,40000
21668,40000
21669,66001
21670,49610
21671,81281
21672,40994
21673,70972
21674,44125
21675,40000
21676,72915
21677,40000
21678,49095
21679,40000
21680,55499
21681,81141
21682,77876
21683,51350
21684,53431
21685,45490
21686,55890
21687,62795
21688,58337
21689,40000
21690,46229
21691,40000
21692,57798
21693,87515
21694,41630
21695,40000
21696,49342
21697,78956
21698,40481
21699,40000
21700,49213
21701,61579
21702,74773
21703,40000
21704,40000
21705,51814
21706,40000
21707,40000
21708,40000
21709,42291
21710,73550
21711,71603
21712,82840
21713,40208
21714,40000
21715,48853
21716,68923
21717,40000
21718,55562
21719,40000
21720,53213
21721,63332
21722,42561
21723,49702
21724,71562
21725,47368
21726,40000
21727,52502
21728,53894
21729,77148
21730,69353
21731,91522
21732,53102
21733,40000
21734,40000
21735,64718
21736,48090
21737,58144
21738,40000
21739,48927
21740,40000
21741,40000
21742,66250
21743,40000
21744,46634
21745,40000
21746,60797
21747,51764
21748,45463
21749,40000
21750,41094
21751,40000
21752,56225
21753,40000
21754,42362
21755,40000
21756,54746
21757,48374
21758,81328
21759,40976
21760,75927
21761,60197
21762,93029
21763,77399
21764,47603
21765,59010
21766,53445
21767,40000
21768,40000
21769,69224
21770,61421
21771,49649
21772,68296
21773,40000
21774,46875
21775,47365
21776,57208
21777,57701
21778,40000
21779,60927
21780,40000
21781,67782
21782,43612
21783,64772
21784,52601
21785,40000
21786,68244
21787,74627
21788,40000
21789,68385
21790,55850
21791,46686
21792,40000
21793,40000
21794,64787
21795,69058
21796,52342
21797,40000
21798,40000
21799,40000
21800,58192
21801,54288
21802,44126
21803,40000
21804,60342
21805,44941
21806,49240
21807,40000
21808,40610
21809,45986
21810,65987
21811,48816
21812,40000
21813,48526
21814,40000
21815,44866
21816,40000
21817,81907
21818,72957
21819,40000
21820,81547
21821,45286
21822,53201
21823,46977
21824,40000
21825,40000
21826,63670
21827,71720
21828,59996
21829,60650
21830,40000
21831,87705
21832,64710
21833,54746
21834,101982
21835,48163
21836,40000
21837,49789
21838,60590
21839,63105
21840,40000
21841,40900
21842,46450
21843,52216
21844,50924
21845,40529
21846,52743
21847,40000
21848,42767
21849,52856
21850,40000
21851,68104
21852,40000
21853,46982
21854,58639
21855,64014
21856,59982
21857,56189
21858,66639
21859,71833
21860,63613
21861,40000
21862,41302
21863,87045
21864,45626
21865,72039
21866,62179
21867,40000
21868,40000
21869,71624
21870,46218
21871,43249
21872,53929
21873,66476
21874,65053
21875,64337
21876,40000
21877,75382
21878,61664
21879,77912
21880,95664
21881,56216
21882,40000
21883,71596
21884,40000
21885,43576
21886,40000
21887,40000
21888,61279
21889,40000
21890,48659
21891,40000
21892,44950
21893,40000
21894,54884
21895,45654
21896,40000
21897,85262
21898,80542
21899,82703
21900,48085
21901,40468
21902,49389
21903,57617
21904,40000
21905,40000
21906,56560
21907,63457
21908,52324
21909,60302
21910,83115
21911,58420
21912,56856
21913,40000
21914,40000
21915,40000
21916,40000
21917,40000
21918,40000
21919,59440
21920,56825
21921,43100
21922,40000
21923,46834
21924,60832
21925,40000
21926,73514
21927,40987
21928,40000
21929,40000
21930,78714
21931,55124
21932,51378
21933,40000
21934,68574
21935,73901
21936,72396
21937,77236
21938,40000
21939,53794
21940,42098
21941,58158
21942,40000
21943,62419
21944,40000
21945,43906
21946,40000
21947,48681
21948,40000
21949,46141
21950,40000
21951,77304
21952,72165
21953,88127
21954,56010
21955,51819
21956,53738
21957,81854
21958,62316
21959,40000
21960,57595
21961,60065
21962,82585
21963,97571
21964,49965
21965,58275
21966,76196
21967,40000
21968,81490
21969,81970
21970,87308
21971,47760
21972,61981
21973,40000
21974,41842
21975,53948
21976,56844
21977,40000
21978,40000
21979,74184
21980,53209
21981,82026
21982,52213
21983,60097
21984,40000
21985,40000
21986,40000
21987,56799
21988,58870
21989,40000
21990,40000
21991,40000
21992,52037
21993,40000
21994,53931
21995,40000
21996,42874
21997,42724
21998,40000
21999,40000
22000,73265
22001,51077
22002,83136
22003,81644
22004,58775
22005,40000
22006,40000
22007,40000
22008,52459
22009,66014
22010,59486
22011,40000
22012,42886
22013,49837
22014,43055
22015,40000
22016,41637
22017,61183
22018,47771
22019,42574
22020,40000
22021,40000
22022,40000
22023,46984
22024,41467
22025,60814
22026,40000
22027,68981
22028,53583
22029,81168
22030,57100
22031,44211
22032,58814
22033,40000
22034,55407
22035,41160
22036,40000
22037,40000
22038,58027
22039,51593
22040,40000
22041,73782
22042,50574
22043,64843
22044,50628
22045,40000
22046,57324
22047,40000
22048,45641
22049,62005
22050,60224
22051,74356
22052,68579
22053,40000
22054,40000
22055,40000
22056,43729
22057,40000
22058,40000
22059,64930
22060,52563
22061,65445
22062,40000
22063,40000
22064,40000
22065,56006
22066,40000
22067,49376
22068,40000
22069,74723
22070,40000
22071,62918
22072,51418
22073,40000
22074,53863
22075,40000
22076,88573
22077,66913
22078,40000
22079,40000
22080,46345
22081,41698
22082,40000
22083,64250
22084,53904
22085,50618
22086,78498
22087,41348
22088,45202
22089,40000
22090,40000
22091,40000
22092,43505
22093,69032
22094,76245
22095,50512
22096,96620
22097,40000
22098,42333
22099,63518
22100,85569
22101,40000
22102,51629
22103,40000
22104,40000
22105,40000
22106,40000
22107,63841
22108,49900
22109,54515
22110,61136
22111,66782
22112,51291
22113,40000
22114,68789
22115,77536
22116,60028
22117,84621
22118,40000
22119,91106
22120,62420
22121,40000
22122,51702
22123,55057
22124,71853
22125,40000
22126,53179
22127,89001
22128,40000
22129,61403
22130,64354
22131,67760
22132,44479
22133,40000
22134,64456
22135,48289
22136,69488
22137,72025
22138,40000
22139,42700
22140,62443
22141,40000
22142,40000
22143,47022
22144,63074
22145,60786
22146,40000
22147,73536
22148,40000
22149,40000
22150,67163
22151,40000
22152,52641
22153,40000
22154,54435
22155,41313
22156,58428
22157,40000
22158,40000
22159,75032
22160,40000
22161,79688
22162,40000
22163,40000
22164,54934
22165,63349
22166,42009
22167,53151
22168,40000
22169,40000
22170,42396
22171,40000
22172,68968
22173,40000
22174,40000
22175,40000
22176,45722
22177,40000
22178,40000
22179,71161
22180,43450
22181,40000
22182,59410
22183,65345
22184,68433
22185,40000
22186,81869
22187,40000
22188,54658
22189,50392
22190,58561
22191,53415
22192,46250
22193,53631
22194,46592
22195,46654
22196,40000
22197,52660
22198,60666
22199,45320
22200,69494
22201,40000
22202,40000
22203,40000
22204,84634
22205,53244
22206,40000
22207,48768
22208,59059
22209,40000
22210,63788
22211,59200
22212,54336
22213,44462
22214,40000
22215,57957
22216,64616
22217,51567
22218,40000
22219,66276
22220,73018
22221,40000
22222,40000
22223,60445
22224,61487
22225,71996
22226,43408
22227,43195
22228,43889
22229,79761
22230,47232
22231,40000
22232,40000
22233,47259
22234,56671
22235,51778
22236,43721
22237,41765
22238,40000
22239,40000
22240,92619
22241,40000
22242,47762
22243,70205
22244,40000
22245,46316
22246,46604
22247,60863
22248,54380
22249,66445
22250,40000
22251,52747
22252,43515
22253,85302
22254,40000
22255,43442
22256,40000
22257,58736
22258,40000
22259,77634
22260,47644
22261,45771
22262,63656
22263,58364
22264,59479
22265,40000
22266,76045
22267,40000
22268,45478
22269,40000
22270,40000
22271,40000
22272,56648
22273,54059
22274,60107
22275,67536
22276,50602
22277,64457
22278,70178
22279,77912
22280,44175
22281,40000
22282,60024
22283,61620
22284,54303
22285,50094
22286,86934
22287,72658
22288,40000
22289,51023
22290,40000
22291,92215
22292,40000
22293,40000
22294,56354
22295,69406
22296,49212
22297,42362
22298,52139
22299,61407
22300,63017
22301,62889
22302,47002
22303,51855
22304,54667
22305,68290
22306,71090
22307,40000
22308,55847
22309,62189
22310,44049
22311,40000
22312,73674
22313,48730
22314,57767
22315,70532
22316,42882
22317,63239
22318,42906
22319,51321
22320,40000
22321,51795
22322,40000
22323,67156
22324,62725
22325,44813
22326,74850
22327,49765
22328,57438
22329,40000
22330,88154
22331,40000
22332,40000
22333,41624
22334,45602
22335,59393
22336,40000
22337,40000
22338,93719
22339,81135
22340,41676
22341,40000
22342,40000
22343,65029
22344,49571
22345,71956
22346,40000
22347,85890
22348,72427
22349,47307
22350,75737
22351,40000
22352,49765
22353,40496
22354,53975
22355,69530
22356,40000
22357,40000
22358,67778
22359,45881
22360,80000
22361,40000
22362,59967
22363,40000
22364,78414
22365,63822
22366,42310
22367,40329
22368,40000
22369,61188
22370,76113
22371,53109
22372,43809
22373,40000
22374,76757
22375,47344
22376,71842
22377,75473
22378,63127
22379,40000
22380,40000
22381,77651
22382,65504
22383,58703
22384,66590
22385,57465
22386,40000
22387,40000
22388,59343
22389,72544
22390,66505
22391,40000
22392,63334
22393,71888
22394,45938
22395,40000
22396,40000
22397,69568
22398,93837
22399,40316
22400,57003
22401,46915
22402,40000
22403,50582
22404,40000
22405,56020
22406,84957
22407,101165
22408,49978
22409,74847
22410,40000
22411,66743
22412,75013
22413,42233
22414,56397
22415,69277
22416,40000
22417,40358
22418,40000
22419,44272
22420,40000
22421,40000
22422,59462
22423,41257
22424,47921
22425,40000
22426,40000
22427,46305
22428,58637
22429,41561
22430,52279
22431,40000
22432,76591
22433,48264
22434,47914
22435,64898
22436,63415
22437,41444
22438,67750
22439,46676
22440,40000
22441,64361
22442,62788
22443,51204
22444,76989
22445,54054
22446,50205
22447,60987
22448,59895
22449,68820
22450,40000
22451,40000
22452,40000
22453,40000
22454,40000
22455,69644
22456,47868
22457,68759
22458,72314
22459,81555
22460,63051
22461,40000
22462,40000
22463,65491
22464,71869
22465,75546
22466,42564
22467,40000
22468,55054
22469,40075
22470,45090
22471,52701
22472,64459
22473,49851
22474,50055
22475,45003
22476,40000
22477,44124
22478,40000
22479,40000
22480,78893
22481,40000
22482,40000
22483,56135
22484,67055
22485,40000
22486,40000
22487,54667
22488,48560
22489,73198
22490,50994
22491,40000
22492,79198
22493,40000
22494,52675
22495,44193
22496,44922
22497,40000
22498,73184
22499,76080
22500,53954
22501,55239
22502,57324
22503,55517
22504,53948
22505,40000
22506,70332
22507,41529
22508,45862
22509,61470
22510,40000
22511,40000
22512,74340
22513,40536
22514,55739
22515,40666
22516,54043
22517,40000
22518,40000
22519,40000
22520,45814
22521,50008
22522,53642
22523,40000
22524,45659
22525,40000
22526,40000
22527,49863
22528,40000
22529,45654
22530,80189
22531,65155
22532,54750
22533,40000
22534,75003
22535,60182
22536,40000
22537,40000
22538,48354
22539,48650
22540,53066
22541,40000
22542,40000
22543,72853
22544,50126
22545,53035
22546,40000
22547,40000
22548,53616
22549,52206
22550,64120
22551,63950
22552,45249
22553,40000
22554,48595
22555,41694
22556,67390
22557,82178
22558,40000
22559,69454
22560,47222
22561,69661
22562,40000
22563,60608
22564,100278
22565,40000
22566,40000
22567,52020
22568,49960
22569,74934
22570,64089
22571,85992
22572,68344
22573,56836
22574,62146
22575,44921
22576,40000
22577,86493
22578,56570
22579,40000
22580,43524
22581,53196
22582,40000
22583,44350
22584,40000
22585,40143
22586,70786
22587,51761
22588,52750
22589,42520
22590,83493
22591,56913
22592,40000
22593,52423
22594,45997
22595,40000
22596,47430
22597,50475
22598,45061
22599,52873
22600,40000
22601,56272
22602,50922
22603,50608
22604,65481
22605,46132
22606,40000
22607,93743
22608,45417
22609,66371
22610,50356
22611,66736
22612,40000
22613,86477
22614,48477
22615,40000
22616,40000
22617,40000
22618,73504
22619,40000
22620,62623
22621,47983
22622,40000
22623,46491
22624,64652
22625,40000
22626,50025
22627,73614
22628,73962
22629,56674
22630,54841
22631,69111
22632,68876
22633,65226
22634,42442
22635,40000
22636,40000
22637,46312
22638,68821
22639,57002
22640,54359
22641,40000
22642,64014
22643,44792
22644,46243
22645,40000
22646,40000
22647,49891
22648,47655
22649,40376
22650,92035
22651,41904
22652,40000
22653,49377
22654,73170
22655,40000
22656,60522
22657,70734
22658,40000
22659,59941
22660,40000
22661,117303
22662,40000
22663,64475
22664,40000
22665,44807
22666,40000
22667,53768
22668,52354
22669,40000
22670,49369
22671,54109
22672,40000
22673,81003
22674,40000
22675,40000
22676,40000
22677,74780
22678,40000
22679,40000
22680,58627
22681,50543
22682,40000
22683,40000
22684,40000
22685,40000
22686,43350
22687,45048
22688,43606
22689,40000
22690,41846
22691,62992
22692,69531
22693,75385
22694,42321
22695,52725
22696,48385
22697,40000
22698,42395
22699,44948
22700,40000
22701,72365
22702,40000
22703,98691
22704,47431
22705,56787
22706,40000
22707,62982
22708,40000
22709,42555
22710,50120
22711,57144
22712,82681
22713,40000
22714,40000
22715,68366
22716,64602
22717,75496
22718,40000
22719,62977
22720,52448
22721,72573
22722,40000
22723,40000
22724,52580
22725,59279
22726,67607
22727,103556
22728,99580
22729,40000
22730,51123
22731,40000
22732,52959
22733,56901
22734,40000
22735,42702
22736,40000
22737,94679
22738,54888
22739,40000
22740,49686
22741,49704
22742,43766
22743,40000
22744,51822
22745,40000
22746,74510
22747,40000
22748,59870
22749,53701
22750,68865
22751,42354
22752,64309
22753,40000
22754,40000
22755,63264
22756,74744
22757,45253
22758,59665
22759,64096
22760,55751
22761,49308
22762,48955
22763,43523
22764,40000
22765,68013
22766,40000
22767,71320
22768,45205
22769,56079
22770,75136
22771,40000
22772,46367
22773,65893
22774,40000
22775,40000
22776,54775
22777,40000
22778,45799
22779,40000
22780,40000
22781,69020
22782,40000
22783,83582
22784,44597
22785,45030
22786,105882
22787,73873
22788,40000
22789,65401
22790,40000
22791,40000
22792,40157
22793,53630
22794,40000
22795,67599
22796,43731
22797,45371
22798,55980
22799,67213
22800,56668
22801,40000
22802,40000
22803,43622
22804,48881
22805,60322
22806,40000
22807,101337
22808,55893
22809,40000
22810,49175
22811,40000
22812,53399
22813,45542
22814,40000
22815,82112
22816,40000
22817,40000
22818,45957
22819,60430
22820,43423
22821,40325
22822,40000
22823,40000
22824,76736
22825,69437
22826,40000
22827,47192
22828,40000
22829,60331
22830,40000
22831,52273
22832,48211
22833,51912
22834,54835
22835,52762
22836,40000
22837,40000
22838,40000
22839,40000
22840,91566
22841,40000
22842,46158
22843,71220
22844,40000
22845,58769
22846,49593
22847,40000
22848,48539
22849,59451
22850,71258
22851,42427
22852,75231
22853,68906
22854,41649
22855,46111
22856,40000
22857,40240
22858,47038
22859,49942
22860,70362
22861,56524
22862,40000
22863,57027
22864,51198
22865,73038
22866,62162
22867,74949
22868,66727
22869,49135
22870,40000
22871,68081
22872,67699
22873,59298
22874,45824
22875,55331
22876,56481
22877,40000
22878,46933
22879,47761
22880,40000
22881,40000
22882,77154
22883,60005
22884,44395
22885,40000
22886,40000
22887,74536
22888,40000
22889,40000
22890,44426
22891,50824
22892,75843
22893,50589
22894,76090
22895,40000
22896,40000
22897,40000
22898,40000
22899,40000
22900,62819
22901,40490
22902,40000
22903,40119
22904,40000
22905,74995
22906,43605
22907,45668
22908,40000
22909,56258
22910,72381
22911,40000
22912,40000
22913,40000
22914,66672
22915,40000
22916,45958
22917,47460
22918,54179
22919,40000
22920,40000
22921,40797
22922,74043
22923,43991
22924,53978
22925,46148
22926,56184
22927,40000
22928,40000
22929,48747
22930,67634
22931,56537
22932,84386
22933,63584
22934,91442
22935,40000
22936,63779
22937,40000
22938,40000
22939,40000
22940,40000
22941,61154
22942,48382
22943,62556
22944,40000
22945,54122
22946,40000
22947,61316
22948,40000
22949,63212
22950,40000
22951,42669
22952,87124
22953,43331
22954,40000
22955,57080
22956,55371
22957,61215
22958,61430
22959,40000
22960,40000
22961,44463
22962,40000
22963,78323
22964,44023
22965,40000
22966,50108
22967,40000
22968,65637
22969,47544
22970,40000
22971,49344
22972,68730
22973,54251
22974,45063
22975,44197
22976,70831
22977,49862
22978,47420
22979,49732
22980,40000
22981,51131
22982,40595
22983,54062
22984,40000
22985,63562
22986,40000
22987,40708
22988,40000
22989,40000
22990,41339
22991,40000
22992,40795
22993,44931
22994,59774
22995,57931
22996,45763
22997,50160
22998,40000
22999,65582
23000,40000
23001,52018
23002,48399
23003,43154
23004,53352
23005,82666
23006,40000
23007,63693
23008,76029
23009,44097
23010,74205
23011,50445
23012,40431
23013,48742
23014,44525
23015,75888
23016,81929
23017,65647
23018,54738
23019,40000
23020,40000
23021,40000
23022,40000
23023,40000
23024,52347
23025,40000
23026,52693
23027,40000
23028,63497
23029,48430
23030,88762
23031,40000
23032,44276
23033,68149
23034,40000
23035,40000
23036,40000
23037,52165
23038,41104
23039,56610
23040,81708
23041,40000
23042,44455
23043,43897
23044,45900
23045,49830
23046,57272
23047,40000
23048,40000
23049,40000
23050,48684
23051,40000
23052,68964
23053,40000
23054,44444
23055,40000
23056,63777
23057,57188
23058,40000
23059,40000
23060,46008
23061,40000
23062,46427
23063,52527
23064,47003
23065,40000
23066,51798
23067,46605
23068,40000
23069,40000
23070,78050
23071,55599
23072,40000
23073,40000
23074,76124
23075,59564
23076,67001
23077,40000
23078,40000
23079,51224
23080,40000
23081,66419
23082,60259
23083,40000
23084,51278
23085,83971
23086,40000
23087,75082
23088,53128
23089,93452
23090,40000
23091,68962
23092,40000
23093,94962
23094,71212
23095,56231
23096,40534
23097,55384
23098,65524
23099,67371
23100,46599
23101,65548
23102,43032
23103,49215
23104,40000
23105,40000
23106,40000
23107,59720
23108,40000
23109,42124
23110,60446
23111,45250
23112,52579
23113,59457
23114,82330
23115,55571
23116,66406
23117,49811
23118,87947
23119,52289
23120,52198
23121,59119
23122,84082
23123,40770
23124,84218
23125,57010
23126,40000
23127,40000
23128,66325
23129,57955
23130,40000
23131,40000
23132,44134
23133,40000
23134,40000
23135,59272
23136,56024
23137,52552
23138,40000
23139,43272
23140,40000
23141,40000
23142,40000
23143,40000
23144,40000
23145,40000
23146,42203
23147,40000
23148,44902
23149,40000
23150,69212
23151,91783
23152,79496
23153,51059
23154,40000
23155,40938
23156,58707
23157,40000
23158,40000
23159,40435
23160,71899
23161,40826
23162,62575
23163,53984
23164,40000
23165,75237
23166,57248
23167,40000
23168,44486
23169,78790
23170,40000
23171,40000
23172,44565
23173,57346
23174,40000
23175,58754
23176,78657
23177,60736
23178,40000
23179,62510
23180,49791
23181,40000
23182,54087
23183,56069
23184,40000
23185,59378
23186,40000
23187,64069
23188,40000
23189,107306
23190,40000
23191,86886
23192,40000
23193,58502
23194,40000
23195,47070
23196,65710
23197,40000
23198,72375
23199,40000
23200,40000
23201,45781
23202,43823
23203,40000
23204,40000
23205,45027
23206,45787
23207,40000
23208,73846
23209,54001
23210,51184
23211,40000
23212,62788
23213,40000
23214,40000
23215,40000
23216,41986
23217,52794
23218,40000
23219,54657
23220,40000
23221,58631
23222,40000
23223,51979
23224,50328
23225,55906
23226,41316
23227,50664
23228,42686
23229,40000
23230,40000
23231,44978
23232,47420
23233,65688
23234,74253
23235,60495
23236,51500
23237,40000
23238,44014
23239,40000
23240,62721
23241,48726
23242,65197
23243,40000
23244,42721
23245,40000
23246,61942
23247,43691
23248,40000
23249,72783
23250,40288
23251,44566
23252,64713
23253,41571
23254,40000
23255,78287
23256,45651
23257,52060
23258,40000
23259,62270
23260,109690
23261,79806
23262,40000
23263,40000
23264,40000
23265,40000
23266,48364
23267,40000
23268,63159
23269,49962
23270,77023
23271,46403
23272,42939
23273,69525
23274,58176
23275,40000
23276,48257
23277,40000
23278,50229
23279,95216
23280,69818
23281,58939
23282,54785
23283,63618
23284,51007
23285,65021
23286,79613
23287,52946
23288,46063
23289,40000
23290,62875
23291,41773
23292,40000
23293,103436
23294,89665
23295,41110
23296,62062
23297,70944
23298,80107
23299,47905
23300,60044
23301,64263
23302,40000
23303,66277
23304,40000
23305,42282
23306,47240
23307,40000
23308,67100
23309,64851
23310,40000
23311,40468
23312,59918
23313,55834
23314,81622
23315,40000
23316,59118
23317,40000
23318,40000
23319,95085
23320,62369
23321,41889
23322,40000
23323,48952
23324,46445
23325,78903
23326,40000
23327,43162
23328,90121
23329,57660
23330,61255
23331,55825
23332,40000
23333,40000
23334,47874
23335,40000
23336,52996
23337,74299
23338,63891
23339,40000
23340,40000
23341,40000
23342,40000
23343,40000
23344,56007
23345,44419
23346,40000
23347,71668
23348,63472
23349,40000
23350,40000
23351,40000
23352,55910
23353,40000
23354,45655
23355,52020
23356,40000
23357,47927
23358,43958
23359,40000
23360,45930
23361,40000
23362,47408
23363,47315
23364,40000
23365,41833
23366,50225
23367,85611
23368,59029
23369,61057
23370,45506
23371,40000
23372,40000
23373,59405
23374,40000
23375,56416
23376,80813
23377,48094
23378,42162
23379,68068
23380,60757
23381,61024
23382,40000
23383,49313
23384,44719
23385,85129
23386,48351
23387,70045
23388,40707
23389,61760
23390,68821
23391,40000
23392,40000
23393,67321
23394,52340
23395,43321
23396,55806
23397,96419
23398,69439
23399,40000
23400,60857
23401,40000
23402,40000
23403,40000
23404,63624
23405,86754
23406,65602
23407,67916
23408,40000
23409,46798
23410,40000
23411,60719
23412,45720
23413,50953
23414,58205
23415,40000
23416,62692
23417,43561
23418,44772
23419,56559
23420,43571
23421,42253
23422,64596
23423,65861
23424,61060
23425,40000
23426,44553
23427,74237
23428,57558
23429,52519
23430,52031
23431,40000
23432,74710
23433,51941
23434,42264
23435,54495
23436,42345
23437,62604
23438,42606
23439,67634
23440,69184
23441,43192
23442,40000
23443,48181
23444,84223
23445,62918
23446,57893
23447,64189
23448,55573
23449,40000
23450,71737
23451,76767
23452,58036
23453,48776
23454,74964
23455,44109
23456,59689
23457,40000
23458,40000
23459,102854
23460,62890
23461,42906
23462,40000
23463,71975
23464,93212
23465,89534
23466,56208
23467,40000
23468,67814
23469,40000
23470,58086
23471,59263
23472,76981
23473,58426
23474,69168
23475,67422
23476,47149
23477,63845
23478,51692
23479,40000
23480,53631
23481,56999
23482,62427
23483,48145
23484,58230
23485,49018
23486,56487
23487,71069
23488,40000
23489,40000
23490,40000
23491,41014
23492,58449
23493,40000
23494,74123
23495,91671
23496,68252
23497,50722
23498,56011
23499,43719
23500,88307
23501,42775
23502,71076
23503,66179
23504,62604
23505,108941
23506,40000
23507,40000
23508,71990
23509,41713
23510,83972
23511,43560
23512,62705
23513,40000
23514,58098
23515,40000
23516,41942
23517,56951
23518,76391
23519,46612
23520,54252
23521,40000
23522,86150
23523,53544
23524,52087
23525,63025
23526,40000
23527,40000
23528,40000
23529,73729
23530,60693
23531,54256
23532,65085
23533,51814
23534,40000
23535,41565
23536,40000
23537,72962
23538,46145
23539,52325
23540,43095
23541,40000
23542,70955
23543,74063
23544,40000
23545,83617
23546,40000
23547,49064
23548,40000
23549,58014
23550,54803
23551,40000
23552,78322
23553,48844
23554,53968
23555,50832
23556,50895
23557,63292
23558,40000
23559,45681
23560,49208
23561,48337
23562,44355
23563,70340
23564,57319
23565,98190
23566,56187
23567,62749
23568,40000
23569,55731
23570,40000
23571,40000
23572,45005
23573,40000
23574,84926
23575,66753
23576,40000
23577,40000
23578,40000
23579,54022
23580,90682
23581,69404
23582,40000
23583,50574
23584,45910
23585,57431
23586,42074
23587,67556
23588,61775
23589,48998
23590,69474
23591,58092
23592,68278
23593,88230
23594,73864
23595,54324
23596,40000
23597,64529
23598,42302
23599,61703
23600,40000
23601,42853
23602,47198
23603,76178
23604,70055
23605,92200
23606,40737
23607,45465
23608,61000
23609,40000
23610,81656
23611,71040
23612,40000
23613,40000
23614,47911
23615,59958
23616,61175
23617,40892
23618,54787
23619,40000
23620,77230
23621,60957
23622,44078
23623,82192
23624,45955
23625,63880
23626,40000
23627,40000
23628,75581
23629,44867
23630,61578
23631,40000
23632,46670
23633,45809
23634,51688
23635,86069
23636,40000
23637,42819
23638,58864
23639,48783
23640,48632
23641,46878
23642,48854
23643,43055
23644,63412
23645,46497
23646,73869
23647,40000
23648,40000
23649,55877
23650,46037
23651,59198
23652,98946
23653,87055
23654,43993
23655,84924
23656,50614
23657,44040
23658,58167
23659,40000
23660,40000
23661,40000
23662,40000
23663,57706
23664,55441
23665,74041
23666,48498
23667,53065
23668,51574
23669,40000
23670,40000
23671,40000
23672,40000
23673,67806
23674,40000
23675,40000
23676,90184
23677,96782
23678,46927
23679,40000
23680,49111
23681,40000
23682,45100
23683,40000
23684,52280
23685,51440
23686,40000
23687,45484
23688,64673
23689,79479
23690,40000
23691,60076
23692,43618
23693,40000
23694,72299
23695,40000
23696,64325
23697,56151
23698,40000
23699,62695
23700,44247
23701,51588
23702,40000
23703,40000
23704,72755
23705,51011
23706,66344
23707,46238
23708,41530
23709,40000
23710,68416
23711,41109
23712,59772
23713,40000
23714,47444
23715,46622
23716,47821
23717,58355
23718,40000
23719,66639
23720,40000
23721,61282
23722,44584
23723,44666
23724,40000
23725,95908
23726,58415
23727,44627
23728,69784
23729,54507
23730,46296
23731,50496
23732,50639
23733,48848
23734,85924
23735,40000
23736,40000
23737,40000
23738,51301
23739,76242
23740,50650
23741,67369
23742,40000
23743,61198
23744,90745
23745,43314
23746,40000
23747,54727
23748,78958
23749,40000
23750,46225
23751,40000
23752,48598
23753,64455
23754,40000
23755,40000
23756,45770
23757,47056
23758,40000
23759,57786
23760,57720
23761,76893
23762,40000
23763,51515
23764,47732
23765,45377
23766,48008
23767,107534
23768,52902
23769,76929
23770,40000
23771,40000
23772,40000
23773,41166
23774,40000
23775,40000
23776,40000
23777,40000
23778,103169
23779,72662
23780,50581
23781,40000
23782,40000
23783,45359
23784,40000
23785,58076
23786,85718
23787,56307
23788,76427
23789,55867
23790,40000
23791,55247
23792,49217
23793,55304
23794,40000
23795,40000
23796,68786
23797,56625
23798,40000
23799,51121
23800,61582
23801,58567
23802,44085
23803,40000
23804,42246
23805,40000
23806,45461
23807,68534
23808,68561
23809,63216
23810,40000
23811,40000
23812,92255
23813,40000
23814,78947
23815,73954
23816,40000
23817,71444
23818,75498
23819,40000
23820,45592
23821,62585
23822,57773
23823,40000
23824,40000
23825,43237
23826,40000
23827,40000
23828,40000
23829,40000
23830,60728
23831,71369
23832,56084
23833,46869
23834,98291
23835,40000
23836,43480
23837,62765
23838,40000
23839,75544
23840,43469
23841,40000
23842,40000
23843,77598
23844,53410
23845,60364
23846,60127
23847,59813
23848,60191
23849,59001
23850,57258
23851,45887
23852,40000
23853,41173
23854,64834
23855,40000
23856,61115
23857,46531
23858,61292
23859,40000
23860,66328
23861,50245
23862,40000
23863,41568
23864,53850
23865,63876
23866,65554
23867,44600
23868,49745
23869,40000
23870,75916
23871,49073
23872,60200
23873,57381
23874,47981
23875,40000
23876,50600
23877,82724
23878,50042
23879,51842
23880,40000
23881,56278
23882,57208
23883,40783
23884,42403
23885,46362
23886,71380
23887,66057
23888,40000
23889,44788
23890,72278
23891,51841
23892,40000
23893,47607
23894,40000
23895,40000
23896,40000
23897,83330
23898,70929
23899,40765
23900,40265
23901,40000
23902,40000
23903,80865
23904,40000
23905,40000
23906,50070
23907,68827
23908,47690
23909,40000
23910,42803
23911,76163
23912,54462
23913,40000
23914,41066
23915,40128
23916,40000
23917,53021
23918,61268
23919,74781
23920,82168
23921,79054
23922,45561
23923,40000
23924,40000
23925,48956
23926,81269
23927,52804
23928,40000
23929,77835
23930,40000
23931,40000
23932,40000
23933,44307
23934,44512
23935,40000
23936,44666
23937,60597
23938,49319
23939,50300
23940,50848
23941,53210
23942,68917
23943,64997
23944,55554
23945,46760
23946,41631
23947,40000
23948,83651
23949,40869
23950,40000
23951,40000
23952,70411
23953,41145
23954,40000
23955,67055
23956,79051
23957,42838
23958,40000
23959,61256
23960,102652
23961,68606
23962,46916
23963,40000
23964,42684
23965,40000
23966,55993
23967,76968
23968,49505
23969,61491
23970,40000
23971,47145
23972,79025
23973,44459
23974,69350
23975,45491
23976,74792
23977,84078
23978,40000
23979,40000
23980,40000
23981,44797
23982,40000
23983,64495
23984,40000
23985,56013
23986,42303
23987,40000
23988,48259
23989,40000
23990,40000
23991,40000
23992,58746
23993,40000
23994,40000
23995,63784
23996,40000
23997,45485
23998,95371
23999,54051
24000,43790
24001,42026
24002,47199
24003,59452
24004,47440
24005,40000
24006,92181
24007,49687
24008,40131
24009,63231
24010,40000
24011,41752
24012,44768
24013,40000
24014,47406
24015,72669
24016,76941
24017,40000
24018,40000
24019,63285
24020,40000
24021,40000
24022,47881
24023,40000
24024,40000
24025,69930
24026,56959
24027,44275
24028,46472
24029,57431
24030,65840
24031,70260
24032,49688
24033,52489
24034,40000
24035,55740
24036,40000
24037,48070
24038,47166
24039,47091
24040,40000
24041,40000
24042,53639
24043,40000
24044,62056
24045,40000
24046,42721
24047,43000
24048,40000
24049,71364
24050,40000
24051,49541
24052,55105
24053,54857
24054,45536
24055,71838
24056,91264
24057,68556
24058,40000
24059,40000
24060,40000
24061,40000
24062,61855
24063,56335
24064,40000
24065,40000
24066,40000
24067,50205
24068,59326
24069,50808
24070,40000
24071,40000
24072,42591
24073,54426
24074,69304
24075,50043
24076,41020
24077,73732
24078,62737
24079,55633
24080,47203
24081,40000
24082,55277
24083,56986
24084,44034
24085,68612
24086,43279
24087,45896
24088,45217
24089,49168
24090,48916
24091,40000
24092,60236
24093,40000
24094,40000
24095,40000
24096,58936
24097,48551
24098,40000
24099,111525
24100,68063
24101,43919
24102,70671
24103,40000
24104,55685
24105,66810
24106,83728
24107,40000
24108,44261
24109,40000
24110,65941
24111,70160
24112,45327
24113,72343
24114,70972
24115,55510
24116,40000
24117,45562
24118,77728
24119,55932
24120,40000
24121,63748
24122,40000
24123,74890
24124,63539
24125,53159
24126,40599
24127,41720
24128,49841
24129,40000
24130,58807
24131,55570
24132,40000
24133,40000
24134,42531
24135,40166
24136,57963
24137,40000
24138,54713
24139,40000
24140,59707
24141,41018
24142,40000
24143,40648
24144,40000
24145,40985
24146,50734
24147,73089
24148,40000
24149,58768
24150,69647
24151,40000
24152,40000
24153,63144
24154,79702
24155,66159
24156,42938
24157,65186
24158,59654
24159,67657
24160,40000
24161,67922
24162,40000
24163,42108
24164,65017
24165,52084
24166,57476
24167,55706
24168,63022
24169,43175
24170,40000
24171,40000
24172,40000
24173,40000
24174,43944
24175,40000
24176,69004
24177,49836
24178,49316
24179,63352
24180,71966
24181,59590
24182,40000
24183,48461
24184,103152
24185,50885
24186,40000
24187,69613
24188,46625
24189,40000
24190,67127
24191,43895
24192,42943
24193,40642
24194,40237
24195,40000
24196,68657
24197,40000
24198,44576
24199,43068
24200,40000
24201,60016
24202,45475
24203,82901
24204,40000
24205,49424
24206,55869
24207,40389
24208,50756
24209,40000
24210,84343
24211,40000
24212,52857
24213,66048
24214,46054
24215,70276
24216,40000
24217,72668
24218,40000
24219,40000
24220,41183
24221,46511
24222,40000
24223,40636
24224,49619
24225,98584
24226,40000
24227,40000
24228,61892
24229,57582
24230,70969
24231,58547
24232,40000
24233,79159
24234,50587
24235,58722
24236,54270
24237,40000
24238,53391
24239,44538
24240,40000
24241,73515
24242,46900
24243,65990
24244,42606
24245,40000
24246,67284
24247,76925
24248,49780
24249,54638
24250,40000
24251,56717
24252,68102
24253,57744
24254,40000
24255,40000
24256,40200
24257,44042
24258,40000
24259,60921
24260,40000
24261,68689
24262,62076
24263,42675
24264,48674
24265,72952
24266,69637
24267,46834
24268,40000
24269,51386
24270,40000
24271,71040
24272,48912
24273,40000
24274,40000
24275,47678
24276,73167
24277,40000
24278,66785
24279,74482
24280,65901
24281,57860
24282,62174
24283,70591
24284,73889
24285,58599
24286,64632
24287,53160
24288,47741
24289,40000
24290,73967
24291,62420
24292,57094
24293,40000
24294,68371
24295,40000
24296,40000
24297,65091
24298,40000
24299,40000
24300,40000
24301,49450
24302,40000
24303,40000
24304,80351
24305,56006
24306,40000
24307,60487
24308,40000
24309,40000
24310,62568
24311,87043
24312,40000
24313,46597
24314,75887
24315,55860
24316,40000
24317,48693
24318,42766
24319,49122
24320,70992
24321,40000
24322,40000
24323,40000
24324,67721
24325,40000
24326,80206
24327,40000
24328,40000
24329,40000
24330,66078
24331,54490
24332,61655
24333,56458
24334,73699
24335,40000
24336,40000
24337,50060
24338,40014
24339,45366
24340,65406
24341,57826
24342,40000
24343,52170
24344,62074
24345,66447
24346,58410
24347,40000
24348,47956
24349,46425
24350,40000
24351,47713
24352,40000
24353,40000
24354,40000
24355,58914
24356,40000
24357,40343
24358,40000
24359,51831
24360,61477
24361,65403
24362,72325
24363,43392
24364,66205
24365,40000
24366,40000
24367,51891
24368,49326
24369,54477
24370,40000
24371,52707
24372,40164
24373,92535
24374,40000
24375,52888
24376,40000
24377,42900
24378,57011
24379,40000
24380,40000
24381,66703
24382,40000
24383,40000
24384,45012
24385,40000
24386,51163
24387,51326
24388,61315
24389,55607
24390,67818
24391,40000
24392,94290
24393,71099
24394,55035
24395,73125
24396,40000
24397,52260
24398,40000
24399,40000
24400,67028
24401,71608
24402,40000
24403,53353
24404,40000
24405,66206
24406,86072
24407,41419
24408,40000
24409,40000
24410,49448
24411,40000
24412,63826
24413,56047
24414,47725
24415,40000
24416,53570
24417,83176
24418,54426
24419,40000
24420,82158
24421,48385
24422,75015
24423,73857
24424,68582
24425,47159
24426,45626
24427,40000
24428,40000
24429,70034
24430,40000
24431,91918
24432,74287
24433,81234
24434,40000
24435,50544
24436,40000
24437,73277
24438,40000
24439,59200
24440,40000
24441,43134
24442,40462
24443,53410
24444,56191
24445,43362
24446,40000
24447,48625
24448,62048
24449,70909
24450,40000
24451,54382
24452,50184
24453,45652
24454,52281
24455,57538
24456,40000
24457,40000
24458,55430
24459,41215
24460,69794
24461,40000
24462,42789
24463,43575
24464,62108
24465,74415
24466,50356
24467,47683
24468,40000
24469,67765
24470,50530
24471,51103
24472,76011
24473,56410
24474,40000
24475,40000
24476,40000
24477,40000
24478,40000
24479,59695
24480,44990
24481,58975
24482,57467
24483,40000
24484,80829
24485,40000
24486,61923
24487,66339
24488,66155
24489,65616
24490,58400
24491,40000
24492,60541
24493,52655
24494,47178
24495,40000
24496,40000
24497,40000
24498,83416
24499,67181
24500,88265
24501,50495
24502,66628
24503,40000
24504,43495
24505,40000
24506,59939
24507,40000
24508,66662
24509,47357
24510,40000
24511,48536
24512,60281
24513,40000
24514,40000
24515,40000
24516,62150
24517,40000
24518,61123
24519,43513
24520,55755
24521,40000
24522,40000
24523,70747
24524,56857
24525,40000
24526,40981
24527,52878
24528,49430
24529,40000
24530,82781
24531,78567
24532,53338
24533,49362
24534,40000
24535,61364
24536,40000
24537,63802
24538,50257
24539,52815
24540,40000
24541,83248
24542,41778
24543,68655
24544,40000
24545,55233
24546,53685
24547,62341
24548,80586
24549,40000
24550,40000
24551,69009
24552,58263
24553,58459
24554,53164
24555,70489
24556,78072
24557,40000
24558,40000
24559,83718
24560,51680
24561,40000
24562,40000
24563,64467
24564,58810
24565,61503
24566,42482
24567,91543
24568,44078
24569,43672
24570,47251
24571,40000
24572,63273
24573,58300
24574,59140
24575,47671
24576,60497
24577,48046
24578,59073
24579,40000
24580,65469
24581,61538
24582,48578
24583,62401
24584,48248
24585,40000
24586,57311
24587,55934
24588,104465
24589,68938
24590,63218
24591,40000
24592,53936
24593,82666
24594,57432
24595,40000
24596,68819
24597,83392
24598,88467
24599,59108
24600,40678
24601,43267
24602,40000
24603,48774
24604,40221
24605,57809
24606,41593
24607,40000
24608,61503
24609,40000
24610,40000
24611,40000
24612,40000
24613,72578
24614,40000
24615,49998
24616,45841
24617,40000
24618,41286
24619,41837
24620,48346
24621,40000
24622,40000
24623,54803
24624,49708
24625,40000
24626,77176
24627,40000
24628,40000
24629,71827
24630,47432
24631,65176
24632,40000
24633,40000
24634,71355
24635,67649
24636,47689
24637,54847
24638,42511
24639,40000
24640,40000
24641,52376
24642,40000
24643,40000
24644,45531
24645,40000
24646,50383
24647,49392
24648,72364
24649,40000
24650,40000
24651,74116
24652,44665
24653,66328
24654,49076
24655,52087
24656,40000
24657,40000
24658,40000
24659,40000
24660,40906
24661,40000
24662,44433
24663,40000
24664,40000
24665,70372
24666,67836
24667,40000
24668,40709
24669,55574
24670,53316
24671,40000
24672,40000
24673,49838
24674,40000
24675,40000
24676,46407
24677,82864
24678,40000
24679,40000
24680,46522
24681,40000
24682,40000
24683,67204
24684,68564
24685,82454
24686,51862
24687,46185
24688,46267
24689,70932
24690,63340
24691,56697
24692,63918
24693,65673
24694,68149
24695,62995
24696,40000
24697,59392
24698,74264
24699,67039
24700,40000
24701,40000
24702,67273
24703,66328
24704,62079
24705,83320
24706,40770
24707,40000
24708,44493
24709,64876
24710,40000
24711,64205
24712,66188
24713,56090
24714,40000
24715,59673
24716,40000
24717,60131
24718,58794
24719,69411
24720,58014
24721,85522
24722,59643
24723,41958
24724,40000
24725,70008
24726,40000
24727,59984
24728,53750
24729,43563
24730,73062
24731,40000
24732,40000
24733,58751
24734,51368
24735,40000
24736,40000
24737,73468
24738,40000
24739,42829
24740,42519
24741,64430
24742,55965
24743,42914
24744,55248
24745,65485
24746,60533
24747,40037
24748,56646
24749,60247
24750,51199
24751,60951
24752,43763
24753,40000
24754,40000
24755,85955
24756,62934
24757,40000
24758,53783
24759,60760
24760,76187
24761,75656
24762,40000
24763,47456
24764,40000
24765,86045
24766,77362
24767,40000
24768,62962
24769,40000
24770,40000
24771,52627
24772,40000
24773,82612
24774,87631
24775,40000
24776,46406
24777,40000
24778,50066
24779,41881
24780,71952
24781,40000
24782,40000
24783,40000
24784,55609
24785,40000
24786,40000
24787,66220
24788,40000
24789,40000
24790,78040
24791,46268
24792,40000
24793,66663
24794,40000
24795,108837
24796,51055
24797,46355
24798,42226
24799,71571
24800,47869
24801,40000
24802,40000
24803,40000
24804,40000
24805,53411
24806,51567
24807,100168
24808,40000
24809,51514
24810,79368
24811,61879
24812,41540
24813,40000
24814,74105
24815,81298
24816,53884
24817,40000
24818,57516
24819,93410
24820,43632
24821,56776
24822,40000
24823,60223
24824,40000
24825,66419
24826,40000
24827,57591
24828,60492
24829,47574
24830,40000
24831,47099
24832,42333
24833,42872
24834,67490
24835,40000
24836,61410
24837,48104
24838,48762
24839,72781
24840,40000
24841,64645
24842,40000
24843,47522
24844,45654
24845,40000
24846,40000
24847,40000
24848,40000
24849,49408
24850,40000
24851,40185
24852,47266
24853,64042
24854,44178
24855,40000
24856,40000
24857,56884
24858,48457
24859,40620
24860,40000
24861,68066
24862,82129
24863,84286
24864,40000
24865,40000
24866,43604
24867,48552
24868,40000
24869,49713
24870,40000
24871,76858
24872,89311
24873,48171
24874,43060
24875,40000
24876,69163
24877,40000
24878,43561
24879,63435
24880,40000
24881,40000
24882,40000
24883,48378
24884,70836
24885,65963
24886,45788
24887,40000
24888,90268
24889,58165
24890,40000
24891,40000
24892,65997
24893,72549
24894,62348
24895,78399
24896,40000
24897,51328
24898,53997
24899,40000
24900,40000
24901,45384
24902,40000
24903,58812
24904,46354
24905,61593
24906,50852
24907,40000
24908,68586
24909,74552
24910,40000
24911,47707
24912,40000
24913,40000
24914,54623
24915,59866
24916,40000
24917,40000
24918,54979
24919,40000
24920,40000
24921,40000
24922,54008
24923,53876
24924,40883
24925,60601
24926,76566
24927,45855
24928,40000
24929,42448
24930,40000
24931,75811
24932,73521
24933,45690
24934,40000
24935,61101
24936,43384
24937,40000
24938,43837
24939,43476
24940,44067
24941,56420
24942,73518
24943,48164
24944,40000
24945,61592
24946,101210
24947,76976
24948,46263
24949,41974
24950,40000
24951,41297
24952,55743
24953,40000
24954,64934
24955,40000
24956,75901
24957,52147
24958,55185
24959,42211
24960,54170
24961,57622
24962,53808
24963,47590
24964,52416
24965,51883
24966,40000
24967,64162
24968,40000
24969,63564
24970,46038
24971,41440
24972,52907
24973,40000
24974,40000
24975,41026
24976,67727
24977,47511
24978,42828
24979,63492
24980,40000
24981,40000
24982,48844
24983,40000
24984,40000
24985,73662
24986,56846
24987,40000
24988,92786
24989,69521
24990,54158
24991,40000
24992,64670
24993,73600
24994,73108
24995,83735
24996,56216
24997,40000
24998,47327
24999,55558
25000,40000
25001,78084
25002,40000
25003,85160
25004,58960
25005,44335
25006,40000
25007,40000
25008,40671
25009,40000
25010,49444
25011,55574
25012,40000
25013,40000
25014,55499
25015,59911
25016,40000
25017,55067
25018,40356
25019,40000
25020,50459
25021,45692
25022,62723
25023,61373
25024,67933
25025,40000
25026,66563
25027,40000
25028,76609
25029,40000
25030,71339
25031,52630
25032,51622
25033,40067
25034,40000
25035,68043
25036,40000
25037,63524
25038,40000
25039,54949
25040,102036
25041,40000
25042,48052
25043,47440
25044,40000
25045,54804
25046,55583
25047,48467
25048,40000
25049,40000
25050,40000
25051,53017
25052,40000
25053,48026
25054,40000
25055,40000
25056,40000
25057,65638
25058,40000
25059,40000
25060,56744
25061,68708
25062,64785
25063,40000
25064,87556
25065,40000
25066,40000
25067,40000
25068,68766
25069,40000
25070,51459
25071,41836
25072,82174
25073,43484
25074,40000
25075,72098
25076,41499
25077,57864
25078,48505
25079,43438
25080,65518
25081,40000
25082,65892
25083,41976
25084,61168
25085,69009
25086,40000
25087,40000
25088,48012
25089,73736
25090,46810
25091,40000
25092,40000
25093,67602
25094,50102
25095,40000
25096,40000
25097,78294
25098,70929
25099,48454
25100,65684
25101,72836
25102,44215
25103,60585
25104,40855
25105,42977
25106,59729
25107,45891
25108,53886
25109,40000
25110,49840
25111,40000
25112,68760
25113,46267
25114,68053
25115,40000
25116,40000
25117,50673
25118,40000
25119,62082
25120,69380
25121,47564
25122,48271
25123,51633
25124,43318
25125,40000
25126,91404
25127,67728
25128,72715
25129,48669
25130,40000
25131,80897
25132,65024
25133,40000
25134,67829
25135,40000
25136,72930
25137,73473
25138,40000
25139,51419
25140,50020
25141,49130
25142,55199
25143,45390
25144,65183
25145,40000
25146,52457
25147,52316
25148,63048
25149,40000
25150,48656
25151,60735
25152,40000
25153,56867
25154,40000
25155,71519
25156,40000
25157,40000
25158,84802
25159,63455
25160,51334
25161,55722
25162,40000
25163,47034
25164,40000
25165,60564
25166,41344
25167,40000
25168,59797
25169,57588
25170,43263
25171,40000
25172,48598
25173,40000
25174,61643
25175,51336
25176,40693
25177,60495
25178,40000
25179,40000
25180,56299
25181,44591
25182,43519
25183,40000
25184,75353
25185,68165
25186,40000
25187,40000
25188,44058
25189,40000
25190,43749
25191,51212
25192,40912
25193,51134
25194,40000
25195,45684
25196,40000
25197,40000
25198,45247
25199,78518
25200,46597
25201,80074
25202,44936
25203,40000
25204,70036
25205,40000
25206,68470
25207,80404
25208,40000
25209,48198
25210,40000
25211,73962
25212,73741
25213,56368
25214,68002
25215,55318
25216,40000
25217,40000
25218,45132
25219,40000
25220,40000
25221,58777
25222,45419
25223,40000
25224,43536
25225,63803
25226,40000
25227,40000
25228,53158
25229,50945
25230,64089
25231,64231
25232,40000
25233,54393
25234,40000
25235,70051
25236,52632
25237,40000
25238,40000
25239,64603
25240,77555
25241,40000
25242,70570
25243,93142
25244,40000
25245,40000
25246,48424
25247,55251
25248,40000
25249,42115
25250,40000
25251,45835
25252,57734
25253,40000
25254,61383
25255,84701
25256,53646
25257,40000
25258,48579
25259,73613
25260,56193
25261,58164
25262,78100
25263,40000
25264,40000
25265,40000
25266,40000
25267,40836
25268,40000
25269,62306
25270,65659
25271,46277
25272,40000
25273,49272
25274,40000
25275,40000
25276,70633
25277,40000
25278,40000
25279,52912
25280,79375
25281,47478
25282,43928
25283,65190
25284,40000
25285,77217
25286,53194
25287,40000
25288,91452
25289,46393
25290,43801
25291,40000
25292,48062
25293,54517
25294,40000
25295,49136
25296,40000
25297,40000
25298,51486
25299,48887
25300,50025
25301,55025
25302,40162
25303,47217
25304,58283
25305,50727
25306,77819
25307,40000
25308,40000
25309,71008
25310,41218
25311,47919
25312,40000
25313,67054
25314,40000
25315,53091
25316,58994
25317,77684
25318,40000
25319,40000
25320,40000
25321,47157
25322,46486
25323,40000
25324,76779
25325,40000
25326,51557
25327,53164
25328,48236
25329,61884
25330,45586
25331,41603
25332,40000
25333,54357
25334,40000
25335,40000
25336,40000
25337,59941
25338,40000
25339,40000
25340,75322
25341,40000
25342,51143
25343,40000
25344,77321
25345,51530
25346,53086
25347,46364
25348,40000
25349,40000
25350,40000
25351,44761
25352,40000
25353,40000
25354,40000
25355,43863
25356,40000
25357,45716
25358,54536
25359,40000
25360,71796
25361,62017
25362,52215
25363,40000
25364,81531
25365,40000
25366,40000
25367,42673
25368,40000
25369,40000
25370,72462
25371,40000
25372,40000
25373,71432
25374,40000
25375,45614
25376,45803
25377,40000
25378,46797
25379,59373
25380,52921
25381,40000
25382,45356
25383,71583
25384,40000
25385,40000
25386,40000
25387,50572
25388,108827
25389,80711
25390,47796
25391,40000
25392,50453
25393,65677
25394,40000
25395,50093
25396,40000
25397,58657
25398,45207
25399,52948
25400,61724
25401,58499
25402,73189
25403,48418
25404,57590
25405,65137
25406,40000
25407,68796
25408,53536
25409,40000
25410,59748
25411,67921
25412,43360
25413,40000
25414,63336
25415,40000
25416,40000
25417,49640
25418,40000
25419,40000
25420,40000
25421,40000
25422,40000
25423,40000
25424,55370
25425,56994
25426,58778
25427,40000
25428,40000
25429,40000
25430,40000
25431,42210
25432,62723
25433,52129
25434,41826
25435,59856
25436,49248
25437,40000
25438,60668
25439,40000
25440,74313
25441,59807
25442,66807
25443,40000
25444,41745
25445,85377
25446,40000
25447,65240
25448,56484
25449,40000
25450,51686
25451,44706
25452,54117
25453,40000
25454,40000
25455,66472
25456,82337
25457,40000
25458,72731
25459,54862
25460,40000
25461,54416
25462,40000
25463,40000
25464,56397
25465,40000
25466,70872
25467,60266
25468,40000
25469,57367
25470,58403
25471,70031
25472,120775
25473,56845
25474,68157
25475,40000
25476,40000
25477,48618
25478,55430
25479,41726
25480,55471
25481,40000
25482,46743
25483,65168
25484,64246
25485,44542
25486,40000
25487,63675
25488,40851
25489,59483
25490,48781
25491,44737
25492,40000
25493,64443
25494,67368
25495,58845
25496,77766
25497,40000
25498,40000
25499,50636
25500,43102
25501,40000
25502,44703
25503,43660
25504,40000
25505,46721
25506,40000
25507,59212
25508,67088
25509,83649
25510,40000
25511,40000
25512,48767
25513,69288
25514,58733
25515,60722
25516,51701
25517,108684
25518,46192
25519,65437
25520,40000
25521,52752
25522,45355
25523,59891
25524,52439
25525,40000
25526,40000
25527,40000
25528,47971
25529,67433
25530,45012
25531,40000
25532,65583
25533,101277
25534,50138
25535,50069
25536,55194
25537,103268
25538,58455
25539,40000
25540,78160
25541,40716
25542,68520
25543,71213
25544,61990
25545,40000
25546,40000
25547,40000
25548,47327
25549,52437
25550,40000
25551,91924
25552,83203
25553,45363
25554,45298
25555,40000
25556,46041
25557,48292
25558,42248
25559,40000
25560,45511
25561,49710
25562,62196
25563,42688
25564,67295
25565,72824
25566,54135
25567,43153
25568,72329
25569,47544
25570,57518
25571,75599
25572,40000
25573,65382
25574,46311
25575,43837
25576,40000
25577,41934
25578,49691
25579,40000
25580,68698
25581,55871
25582,55643
25583,68122
25584,40000
25585,66970
25586,43296
25587,40000
25588,40000
25589,62853
25590,40000
25591,64213
25592,51231
25593,40000
25594,42109
25595,40000
25596,84983
25597,51902
25598,40000
25599,82038
25600,87210
25601,40000
25602,40000
25603,62162
25604,40000
25605,40000
25606,68682
25607,52786
25608,40000
25609,53410
25610,56820
25611,63699
25612,84090
25613,53984
25614,73256
25615,55339
25616,44318
25617,67541
25618,59644
25619,40000
25620,57686
25621,58879
25622,70595
25623,40000
25624,92702
25625,40000
25626,40047
25627,77766
25628,49460
25629,41223
25630,56287
25631,62832
25632,56685
25633,43726
25634,56541
25635,84342
25636,40000
25637,40000
25638,49738
25639,86730
25640,51923
25641,82835
25642,40000
25643,60206
25644,58794
25645,40000
25646,49149
25647,40000
25648,63092
25649,42632
25650,86063
25651,44258
25652,47007
25653,89293
25654,67530
25655,57546
25656,40000
25657,40000
25658,52984
25659,116145
25660,60083
25661,51795
25662,40000
25663,40000
25664,64486
25665,66349
25666,40000
25667,40000
25668,44841
25669,56990
25670,40000
25671,48994
25672,52332
25673,44111
25674,40000
25675,40000
25676,40000
25677,51602
25678,70049
25679,40000
25680,47252
25681,40000
25682,47014
25683,78772
25684,42576
25685,48843
25686,58416
25687,62169
25688,47971
25689,61804
25690,41521
25691,49917
25692,40000
25693,48240
25694,60037
25695,51603
25696,78366
25697,52092
25698,40000
25699,83601
25700,65455
25701,64187
25702,55426
25703,40000
25704,40000
25705,40000
25706,49966
25707,40000
25708,43761
25709,63795
25710,51046
25711,40995
25712,40000
25713,56926
25714,73684
25715,64941
25716,40000
25717,66977
25718,47778
25719,64645
25720,40000
25721,71907
25722,40000
25723,77217
25724,40000
25725,62426
25726,54934
25727,40000
25728,69900
25729,50910
25730,67870
25731,51968
25732,41037
25733,40000
25734,40000
25735,51386
25736,40000
25737,40000
25738,75043
25739,41719
25740,40000
25741,56749
25742,67029
25743,40000
25744,40000
25745,46964
25746,48070
25747,40535
25748,40000
25749,58100
25750,56495
25751,81834
25752,77769
25753,40000
25754,66810
25755,40000
25756,59864
25757,74308
25758,40000
25759,40000
25760,64773
25761,55770
25762,89544
25763,40000
25764,40000
25765,56143
25766,40000
25767,49914
25768,44220
25769,53538
25770,40000
25771,40000
25772,51275
25773,40000
25774,52064
25775,40000
25776,86762
25777,44614
25778,72486
25779,47467
25780,54425
25781,52277
25782,40000
25783,67947
25784,68129
25785,55294
25786,55084
25787,44017
25788,40000
25789,52081
25790,59606
25791,68747
25792,56841
25793,40000
25794,64431
25795,40000
25796,43314
25797,40000
25798,40000
25799,44116
25800,65515
25801,52478
25802,40000
25803,51407
25804,42937
25805,47819
25806,42806
25807,50694
25808,45512
25809,40000
25810,50255
25811,48112
25812,47019
25813,40000
25814,48420
25815,61117
25816,88244
25817,63925
25818,43711
25819,63800
25820,62899
25821,57237
25822,48197
25823,41046
25824,40000
25825,40000
25826,40000
25827,40000
25828,40000
25829,47245
25830,69560
25831,61259
25832,40000
25833,40000
25834,40000
25835,40000
25836,40000
25837,47233
25838,40000
25839,40000
25840,40000
25841,58556
25842,40000
25843,51562
25844,40000
25845,54109
25846,49882
25847,40000
25848,41030
25849,56376
25850,55936
25851,50768
25852,40000
25853,55569
25854,60586
25855,55596
25856,40000
25857,50885
25858,40000
25859,44460
25860,40000
25861,63718
25862,40000
25863,48700
25864,54475
25865,40000
25866,58319
25867,69313
25868,40000
25869,54743
25870,40000
25871,40000
25872,41662
25873,40000
25874,40000
25875,47304
25876,40000
25877,40000
25878,71248
25879,58658
25880,40000
25881,40000
25882,83732
25883,77785
25884,40000
25885,55643
25886,42791
25887,40000
25888,40000
25889,40000
25890,56351
25891,40000
25892,60626
25893,40000
25894,74375
25895,45742
25896,40000
25897,65776
25898,49766
25899,42677
25900,40000
25901,83541
25902,40000
25903,46303
25904,60537
25905,56884
25906,73481
25907,49580
25908,65074
25909,42105
25910,40000
25911,40000
25912,48095
25913,41736
25914,55445
25915,40000
25916,45138
25917,40000
25918,58774
25919,88390
25920,40000
25921,40000
25922,60682
25923,58655
25924,49272
25925,51910
25926,45186
25927,48087
25928,40000
25929,105920
25930,58292
25931,40000
25932,41836
25933,43099
25934,40000
25935,72520
25936,46315
25937,40000
25938,40000
25939,58709
25940,40000
25941,50864
25942,40000
25943,50203
25944,85150
25945,46223
25946,83956
25947,40465
25948,46715
25949,66784
25950,94683
25951,40554
25952,64988
25953,67347
25954,40000
25955,44993
25956,66866
25957,40000
25958,50495
25959,40000
25960,50362
25961,56505
25962,40000
25963,68178
25964,54673
25965,63250
25966,40000
25967,40000
25968,50126
25969,73573
25970,68389
25971,40000
25972,44564
25973,40000
25974,40000
25975,48893
25976,48729
25977,43851
25978,83211
25979,61616
25980,40000
25981,40000
25982,40000
25983,40000
25984,44448
25985,67049
25986,70218
25987,63307
25988,65250
25989,40000
25990,40000
25991,49046
25992,60761
25993,49060
25994,45889
25995,40000
25996,40000
25997,47041
25998,43701
25999,74743
26000,40000
26001,60985
26002,68629
26003,58853
26004,40000
26005,40000
26006,64852
26007,40000
26008,40000
26009,40000
26010,55602
26011,44474
26012,41765
26013,65121
26014,42611
26015,42643
26016,44426
26017,67358
26018,54443
26019,40000
26020,40000
26021,58143
26022,69958
26023,69447
26024,40000
26025,41290
26026,40000
26027,40000
26028,73311
26029,61052
26030,40000
26031,103372
26032,51648
26033,47713
26034,41589
26035,50834
26036,40000
26037,43940
26038,59282
26039,78538
26040,70946
26041,48119
26042,61425
26043,40000
26044,58582
26045,40000
26046,57933
26047,50154
26048,57236
26049,79509
26050,46637
26051,62608
26052,40000
26053,78218
26054,59321
26055,43235
26056,53427
26057,40000
26058,40000
26059,41958
26060,52231
26061,90653
26062,81785
26063,59489
26064,40000
26065,40000
26066,45341
26067,74891
26068,49724
26069,52233
26070,75664
26071,45310
26072,59587
26073,44270
26074,40000
26075,50808
26076,63509
26077,57345
26078,40000
26079,40000
26080,40000
26081,42505
26082,60985
26083,68433
26084,81840
26085,40000
26086,53923
26087,40000
26088,40000
26089,59199
26090,40000
26091,50145
26092,60983
26093,40000
26094,40000
26095,58872
26096,52257
26097,40000
26098,40000
26099,52793
26100,66930
26101,66698
26102,62902
26103,46956
26104,53666
26105,40000
26106,49105
26107,40000
26108,74106
26109,68109
26110,45294
26111,60490
26112,52959
26113,79099
26114,55581
26115,98623
26116,80610
26117,53529
26118,53618
26119,40000
26120,57038
26121,40000
26122,40000
26123,46191
26124,40000
26125,40000
26126,62077
26127,40000
26128,46803
26129,60928
26130,40000
26131,40000
26132,53904
26133,72502
26134,42993
26135,40100
26136,40000
26137,64854
26138,40000
26139,42204
26140,62064
26141,51820
26142,61145
26143,56818
26144,66843
26145,58107
26146,40000
26147,78085
26148,47823
26149,73234
26150,63094
26151,40000
26152,49158
26153,40000
26154,70263
26155,75482
26156,68578
26157,61713
26158,40000
26159,49739
26160,42170
26161,46947
26162,53817
26163,56439
26164,53260
26165,44813
26166,50542
26167,72952
26168,40000
26169,69803
26170,40000
26171,40000
26172,51715
26173,40000
26174,40000
26175,40000
26176,40000
26177,40000
26178,65554
26179,42113
26180,40249
26181,48518
26182,40000
26183,72904
26184,40000
26185,40000
26186,77451
26187,42161
26188,47055
26189,40000
26190,77943
26191,40000
26192,55928
26193,40000
26194,40000
26195,56109
26196,40000
26197,63229
26198,40000
26199,40000
26200,48760
26201,40000
26202,73416
26203,40000
26204,40000
26205,60726
26206,52787
26207,40000
26208,84183
26209,40000
26210,40000
26211,50890
26212,40000
26213,74785
26214,82146
26215,40000
26216,70707
26217,45768
26218,40000
26219,52194
26220,40000
26221,40000
26222,53243
26223,40000
26224,42142
26225,40000
26226,60957
26227,102928
26228,77147
26229,40000
26230,55131
26231,40000
26232,40000
26233,50782
26234,68918
26235,40000
26236,48052
26237,49234
26238,90444
26239,40000
26240,49739
26241,40000
26242,50152
26243,58251
26244,70367
26245,41721
26246,71373
26247,45201
26248,40709
26249,68075
26250,61609
26251,40799
26252,82085
26253,62503
26254,40000
26255,75317
26256,61641
26257,40000
26258,59117
26259,40000
26260,87904
26261,52784
26262,54941
26263,45523
26264,64582
26265,59176
26266,48958
26267,54381
26268,46314
26269,40000
26270,40573
26271,62396
26272,40000
26273,49931
26274,51012
26275,53847
26276,93175
26277,41775
26278,45405
26279,49503
26280,52920
26281,40000
26282,40000
26283,40000
26284,50540
26285,42133
26286,40446
26287,68385
26288,49376
26289,44134
26290,46675
26291,41869
26292,70933
26293,55011
26294,43955
26295,61461
26296,40000
26297,56535
26298,67875
26299,40000
26300,45251
26301,49085
26302,84744
26303,40000
26304,67638
26305,83011
26306,52053
26307,41031
26308,47019
26309,42809
26310,65391
26311,40000
26312,56889
26313,45004
26314,41716
26315,40000
26316,40000
26317,85740
26318,55434
26319,44603
26320,40000
26321,54211
26322,40000
26323,40000
26324,40000
26325,62732
26326,61308
26327,40000
26328,40000
26329,62687
26330,40000
26331,55958
26332,40000
26333,64068
26334,43840
26335,46954
26336,60836
26337,67721
26338,40000
26339,46822
26340,40000
26341,86641
26342,43227
26343,60949
26344,61884
26345,55947
26346,65209
26347,47961
26348,44380
26349,43948
26350,40462
26351,71884
26352,84880
26353,40000
26354,54568
26355,54530
26356,50003
26357,62045
26358,44397
26359,40000
26360,40000
26361,59189
26362,40000
26363,40000
26364,81710
26365,73334
26366,40000
26367,40000
26368,40000
26369,51127
26370,75826
26371,40000
26372,40000
26373,59111
26374,40000
26375,54381
26376,56299
26377,52110
26378,40000
26379,56819
26380,63087
26381,40000
26382,79109
26383,58092
26384,40000
26385,66888
26386,40000
26387,77576
26388,62158
26389,40000
26390,40000
26391,59753
26392,40000
26393,96780
26394,40050
26395,71167
26396,53684
26397,40000
26398,49535
26399,55264
26400,56724
26401,51017
26402,53570
26403,60888
26404,45374
26405,57061
26406,40000
26407,40000
26408,43600
26409,40000
26410,40000
26411,55765
26412,43690
26413,67744
26414,40000
26415,49007
26416,44016
26417,47874
26418,75057
26419,40000
26420,56730
26421,40000
26422,40705
26423,78740
26424,48306
26425,61777
26426,40000
26427,40000
26428,40000
26429,40000
26430,44838
26431,53858
26432,80003
26433,66155
26434,40000
26435,63954
26436,75466
26437,49995
26438,40000
26439,67617
26440,73925
26441,53388
26442,41663
26443,40000
26444,40000
26445,52959
26446,40000
26447,40000
26448,40000
26449,53525
26450,40000
26451,70078
26452,73793
26453,40000
26454,50434
26455,70368
26456,68472
26457,69001
26458,53610
26459,50107
26460,43344
26461,40000
26462,40000
26463,87527
26464,47754
26465,40000
26466,73178
26467,87887
26468,76785
26469,52710
26470,40000
26471,65749
26472,81329
26473,42377
26474,60255
26475,53886
26476,69850
26477,42698
26478,40000
26479,66664
26480,59913
26481,40000
26482,42467
26483,42181
26484,50739
26485,43387
26486,49938
26487,70187
26488,63394
26489,40000
26490,59533
26491,74702
26492,40000
26493,42879
26494,40000
26495,80181
26496,96184
26497,40000
26498,40000
26499,40000
26500,58347
26501,40000
26502,53951
26503,82404
26504,47638
26505,40000
26506,57364
26507,40538
26508,74639
26509,47812
26510,51058
26511,40000
26512,40000
26513,59811
26514,60132
26515,40023
26516,40000
26517,88506
26518,40000
26519,73846
26520,40000
26521,83487
26522,47666
26523,40000
26524,86105
26525,51331
26526,70892
26527,47179
26528,50284
26529,55709
26530,40000
26531,48539
26532,40000
26533,40000
26534,88767
26535,40000
26536,86080
26537,40000
26538,40000
26539,40000
26540,69773
26541,48557
26542,43360
26543,40000
26544,45074
26545,71774
26546,40000
26547,63083
26548,40000
26549,78731
26550,40000
26551,61981
26552,40000
26553,46566
26554,40000
26555,55374
26556,40000
26557,40000
26558,40000
26559,74766
26560,40000
26561,42642
26562,55170
26563,68997
26564,40000
26565,63361
26566,40000
26567,47610
26568,53797
26569,40000
26570,72849
26571,46571
26572,95788
26573,63265
26574,63209
26575,40319
26576,55703
26577,40000
26578,64290
26579,40000
26580,40000
26581,45414
26582,40000
26583,40000
26584,40000
26585,66616
26586,43656
26587,52607
26588,52965
26589,40000
26590,40000
26591,40000
26592,72085
26593,40000
26594,61670
26595,46003
26596,40000
26597,77177
26598,40000
26599,40000
26600,50634
26601,40000
26602,40000
26603,48186
26604,59283
26605,45181
26606,40000
26607,40000
26608,50840
26609,43169
26610,40000
26611,40000
26612,40000
26613,40000
26614,61801
26615,40000
26616,103956
26617,46589
26618,65413
26619,40000
26620,48954
26621,40000
26622,77068
26623,86569
26624,54370
26625,44686
26626,49923
26627,65602
26628,54447
26629,50836
26630,40000
26631,96347
26632,53001
26633,59386
26634,81163
26635,61583
26636,68058
26637,46453
26638,69591
26639,67344
26640,40000
26641,53935
26642,41834
26643,49803
26644,40000
26645,72546
26646,54278
26647,75199
26648,40000
26649,40617
26650,43059
26651,46885
26652,40000
26653,59354
26654,41867
26655,66762
26656,40000
26657,47039
26658,42910
26659,43037
26660,40000
26661,45294
26662,54173
26663,40000
26664,42132
26665,71186
26666,47517
26667,47240
26668,40000
26669,40000
26670,105615
26671,68039
26672,51130
26673,62748
26674,58877
26675,46407
26676,40000
26677,40000
26678,40000
26679,49178
26680,67093
26681,78804
26682,71340
26683,40000
26684,40000
26685,47790
26686,43247
26687,83186
26688,55733
26689,46459
26690,57384
26691,40000
26692,65459
26693,40678
26694,89279
26695,57403
26696,68786
26697,47376
26698,75855
26699,40000
26700,40000
26701,60243
26702,68313
26703,40000
26704,40000
26705,40000
26706,56957
26707,41861
26708,40000
26709,46944
26710,67185
26711,67010
26712,63221
26713,45139
26714,40000
26715,69180
26716,43639
26717,40000
26718,63905
26719,48120
26720,79633
26721,48147
26722,71973
26723,40163
26724,69016
26725,49639
26726,40000
26727,49047
26728,46074
26729,61942
26730,51235
26731,69766
26732,46908
26733,40000
26734,85052
26735,40000
26736,40000
26737,40000
26738,54261
26739,54994
26740,47820
26741,50011
26742,47574
26743,62372
26744,47118
26745,40000
26746,53343
26747,40699
26748,63385
26749,42853
26750,70070
26751,45388
26752,40000
26753,58599
26754,60149
26755,45695
26756,55664
26757,94073
26758,54190
26759,49444
26760,68405
26761,53788
26762,40000
26763,40000
26764,78028
26765,50533
26766,40000
26767,40274
26768,44588
26769,66776
26770,53125
26771,40000
26772,48153
26773,74723
26774,41346
26775,40000
26776,44382
26777,51054
26778,85211
26779,52430
26780,51781
26781,55064
26782,40000
26783,60606
26784,88043
26785,68476
26786,40000
26787,40000
26788,40000
26789,58312
26790,40000
26791,71219
26792,40000
26793,71800
26794,40000
26795,53146
26796,40000
26797,54717
26798,42856
26799,40000
26800,87127
26801,40000
26802,40000
26803,40000
26804,50997
26805,40000
26806,40000
26807,76020
26808,86652
26809,42449
26810,40000
26811,73589
26812,42793
26813,40000
26814,48927
26815,51855
26816,55713
26817,57948
26818,50223
26819,54658
26820,55323
26821,40941
26822,40000
26823,56224
26824,40000
26825,44071
26826,82798
26827,45658
26828,78666
26829,47746
26830,40000
26831,59906
26832,75666
26833,62956
26834,40000
26835,40000
26836,40000
26837,40000
26838,61883
26839,51045
26840,44285
26841,47474
26842,58881
26843,60399
26844,62732
26845,50456
26846,64015
26847,40000
26848,45160
26849,53110
26850,50782
26851,83325
26852,63900
26853,62721
26854,74496
26855,40000
26856,50395
26857,40000
26858,40000
26859,40000
26860,40000
26861,55382
26862,40000
26863,40000
26864,66496
26865,78482
26866,50743
26867,49989
26868,66916
26869,64525
26870,40000
26871,64463
26872,40000
26873,68854
26874,79703
26875,54597
26876,40000
26877,69992
26878,40000
26879,40000
26880,40000
26881,40000
26882,69980
26883,40000
26884,50330
26885,42382
26886,78292
26887,46982
26888,40000
26889,40000
26890,40000
26891,64837
26892,41272
26893,40000
26894,69837
26895,58216
26896,47937
26897,53766
26898,52502
26899,42431
26900,40000
26901,70054
26902,71381
26903,40000
26904,40000
26905,71078
26906,40000
26907,41344
26908,49065
26909,40000
26910,40000
26911,40000
26912,40000
26913,70794
26914,40000
26915,48686
26916,40000
26917,75626
26918,40000
26919,46390
26920,69895
26921,62886
26922,54153
26923,70566
26924,63738
26925,88404
26926,44845
26927,40000
26928,68546
26929,40000
26930,79780
26931,40000
26932,40000
26933,47244
26934,51430
26935,50482
26936,46450
26937,57553
26938,50572
26939,40743
26940,54125
26941,40000
26942,62562
26943,40000
26944,40000
26945,40000
26946,70444
26947,40000
26948,76047
26949,64513
26950,40000
26951,78490
26952,40000
26953,40000
26954,40000
26955,40000
26956,46112
26957,50237
26958,45702
26959,70603
26960,40000
26961,46220
26962,40000
26963,65546
26964,51852
26965,66363
26966,73457
26967,41399
26968,45574
26969,40249
26970,68879
26971,54105
26972,77339
26973,40000
26974,40034
26975,51985
26976,71078
26977,59252
26978,40000
26979,40710
26980,40000
26981,59559
26982,49045
26983,40000
26984,84631
26985,40000
26986,66537
26987,69697
26988,40000
26989,40000
26990,40000
26991,50676
26992,43440
26993,49730
26994,48478
26995,40000
26996,76220
26997,40000
26998,46250
26999,40000
27000,66097
27001,60405
27002,53412
27003,52579
27004,40000
27005,40000
27006,53398
27007,40000
27008,62222
27009,40000
27010,77340
27011,70824
27012,40000
27013,44612
27014,78625
27015,57529
27016,40000
27017,67384
27018,40000
27019,59134
27020,40000
27021,40000
27022,47498
27023,40000
27024,70255
27025,40000
27026,40000
27027,40000
27028,42553
27029,78320
27030,40350
27031,58184
27032,66703
27033,42374
27034,56702
27035,74162
27036,47125
27037,64358
27038,40000
27039,45513
27040,52207
27041,40000
27042,62421
27043,65845
27044,43197
27045,40000
27046,52013
27047,58869
27048,64719
27049,40000
27050,50818
27051,40000
27052,87421
27053,40000
27054,68382
27055,40160
27056,74261
27057,40000
27058,54591
27059,46119
27060,40000
27061,44913
27062,65760
27063,49181
27064,83243
27065,44482
27066,65684
27067,59296
27068,40000
27069,44325
27070,67216
27071,40000
27072,70902
27073,40000
27074,59096
27075,52595
27076,74680
27077,57626
27078,58551
27079,46435
27080,67610
27081,53815
27082,40000
27083,65159
27084,40000
27085,76673
27086,40000
27087,40000
27088,40753
27089,55317
27090,86074
27091,44298
27092,80198
27093,40000
27094,40000
27095,49894
27096,44992
27097,40000
27098,46654
27099,81039
27100,40000
27101,40000
27102,40000
27103,41603
27104,40000
27105,40000
27106,58292
27107,40000
27108,80700
27109,40000
27110,41257
27111,40000
27112,40000
27113,40951
27114,40000
27115,40000
27116,40000
27117,40000
27118,40000
27119,40000
27120,48131
27121,48738
27122,68090
27123,40000
27124,40000
27125,40000
27126,42623
27127,75172
27128,40000
27129,40000
27130,40000
27131,40000
27132,79921
27133,78041
27134,40000
27135,63178
27136,40000
27137,40000
27138,70588
27139,95291
27140,57461
27141,40000
27142,40000
27143,54035
27144,40000
27145,40000
27146,55427
27147,40000
27148,40000
27149,40000
27150,77037
27151,90592
27152,54247
27153,40000
27154,61090
27155,46125
27156,62478
27157,75852
27158,63958
27159,64476
27160,62713
27161,45108
27162,40000
27163,64468
27164,51836
27165,101697
27166,40000
27167,58987
27168,40000
27169,49647
27170,66271
27171,55388
27172,50251
27173,43973
27174,47126
27175,94484
27176,74119
27177,40000
27178,40000
27179,40000
27180,72728
27181,61719
27182,61684
27183,66999
27184,77657
27185,55566
27186,59516
27187,40000
27188,47337
27189,77232
27190,40000
27191,54075
27192,40000
27193,55338
27194,40000
27195,56469
27196,40000
27197,58213
27198,40000
27199,40000
27200,84621
27201,42573
27202,40000
27203,57122
27204,44427
27205,44547
27206,41788
27207,72418
27208,65162
27209,40000
27210,40000
27211,58226
27212,64392
27213,63555
27214,44920
27215,62435
27216,40000
27217,74569
27218,40000
27219,52189
27220,40617
27221,86287
27222,40000
27223,65810
27224,40000
27225,40000
27226,40000
27227,47984
27228,47549
27229,40000
27230,40000
27231,67570
27232,87115
27233,42639
27234,40000
27235,68260
27236,40000
27237,40000
27238,47160
27239,59501
27240,40000
27241,40000
27242,57968
27243,60937
27244,59056
27245,66767
27246,44377
27247,53082
27248,40000
27249,51002
27250,59495
27251,50304
27252,40816
27253,89314
27254,40000
27255,77797
27256,51540
27257,82890
27258,40900
27259,60272
27260,40000
27261,52987
27262,40000
27263,68902
27264,40000
27265,70578
27266,40000
27267,53681
27268,40000
27269,73512
27270,74392
27271,55686
27272,83908
27273,40000
27274,48070
27275,40000
27276,40000
27277,51194
27278,46806
27279,50286
27280,40000
27281,40026
27282,66217
27283,51604
27284,59205
27285,40000
27286,40725
27287,42150
27288,52665
27289,70204
27290,73321
27291,40000
27292,42106
27293,60575
27294,53481
27295,62985
27296,65456
27297,56848
27298,55080
27299,40000
27300,46432
27301,58031
27302,81891
27303,40000
27304,63674
27305,52935
27306,40721
27307,48311
27308,50989
27309,42064
27310,50936
27311,40000
27312,52443
27313,69648
27314,40210
27315,48981
27316,40000
27317,58974
27318,57764
27319,53917
27320,40000
27321,40000
27322,82060
27323,59992
27324,40000
27325,40000
27326,40000
27327,46358
27328,40000
27329,40000
27330,58562
27331,40000
27332,50065
27333,61801
27334,68204
27335,48142
27336,44953
27337,76666
27338,51290
27339,48449
27340,40000
27341,42879
27342,48422
27343,64902
27344,49350
27345,40000
27346,46306
27347,40000
27348,64275
27349,92070
27350,44233
27351,62163
27352,45470
27353,61313
27354,55183
27355,54199
27356,66169
27357,50247
27358,40000
27359,83593
27360,40000
27361,40000
27362,68448
27363,43981
27364,40000
27365,55807
27366,67919
27367,43757
27368,67825
27369,60493
27370,52242
27371,48195
27372,40000
27373,47814
27374,40000
27375,40000
27376,42948
27377,84481
27378,48227
27379,42079
27380,56442
27381,42709
27382,40000
27383,75857
27384,40000
27385,40000
27386,40000
27387,52339
27388,40000
27389,41892
27390,40625
27391,53867
27392,79915
27393,40000
27394,61639
27395,57206
27396,55838
27397,77163
27398,57033
27399,69153
27400,40000
27401,74078
27402,40000
27403,62351
27404,40000
27405,42642
27406,74178
27407,61607
27408,40000
27409,48563
27410,55405
27411,52332
27412,61079
27413,55604
27414,40000
27415,56123
27416,69385
27417,43369
27418,47543
27419,40000
27420,40973
27421,40000
27422,52710
27423,43844
27424,40000
27425,40000
27426,71256
27427,40000
27428,64402
27429,43877
27430,54873
27431,61695
27432,82447
27433,75952
27434,59875
27435,40000
27436,48795
27437,49610
27438,73066
27439,40000
27440,40000
27441,40000
27442,56117
27443,55649
27444,40000
27445,40000
27446,50327
27447,77865
27448,40000
27449,72617
27450,67240
27451,52767
27452,45508
27453,48235
27454,40000
27455,40000
27456,67887
27457,40000
27458,58190
27459,44593
27460,75794
27461,40000
27462,40000
27463,69431
27464,43436
27465,46034
27466,58199
27467,40000
27468,41745
27469,40000
27470,60674
27471,47982
27472,88335
27473,86555
27474,40000
27475,50212
27476,70492
27477,70293
27478,40000
27479,72273
27480,40000
27481,43207
27482,40000
27483,55563
27484,80337
27485,48025
27486,40000
27487,63290
27488,40000
27489,75508
27490,40460
27491,68147
27492,40000
27493,76319
27494,47351
27495,79522
27496,40000
27497,44968
27498,58684
27499,61803
27500,40000
27501,71370
27502,46420
27503,41767
27504,40000
27505,54254
27506,40000
27507,80136
27508,40000
27509,40000
27510,40000
27511,56672
27512,62362
27513,57027
27514,51310
27515,72650
27516,65599
27517,40499
27518,40000
27519,53019
27520,40000
27521,64261
27522,61544
27523,55242
27524,54795
27525,92302
27526,69917
27527,40000
27528,60021
27529,45982
27530,40000
27531,50569
27532,45728
27533,43030
27534,41231
27535,40000
27536,48458
27537,40000
27538,61173
27539,62806
27540,79186
27541,40000
27542,84241
27543,56209
27544,40000
27545,44427
27546,40000
27547,59391
27548,84954
27549,40000
27550,51098
27551,69817
27552,52129
27553,63858
27554,40000
27555,69844
27556,75442
27557,75640
27558,40000
27559,76842
27560,60911
27561,58690
27562,72816
27563,40000
27564,40000
27565,47832
27566,43878
27567,88689
27568,44312
27569,62012
27570,49174
27571,40000
27572,65316
27573,45276
27574,81165
27575,40000
27576,40000
27577,41479
27578,40000
27579,46200
27580,41048
27581,74611
27582,40000
27583,51712
27584,43261
27585,40000
27586,60927
27587,75617
27588,53287
27589,47005
27590,71271
27591,72791
27592,40278
27593,43415
27594,47970
27595,40000
27596,40000
27597,74182
27598,40000
27599,66642
27600,69682
27601,40000
27602,46675
27603,53029
27604,65633
27605,40000
27606,40000
27607,58395
27608,50557
27609,40000
27610,66251
27611,64311
27612,54294
27613,49199
27614,40000
27615,61394
27616,82893
27617,56763
27618,41445
27619,40000
27620,40000
27621,65214
27622,69719
27623,71141
27624,62341
27625,41617
27626,55682
27627,45200
27628,40000
27629,50942
27630,65149
27631,40000
27632,75099
27633,90679
27634,40000
27635,40000
27636,62486
27637,78110
27638,42551
27639,53970
27640,82234
27641,40000
27642,55756
27643,63273
27644,40000
27645,40000
27646,56071
27647,40000
27648,54164
27649,40000
27650,53422
27651,70818
27652,65541
27653,68834
27654,40000
27655,40000
27656,40000
27657,46066
27658,40000
27659,40000
27660,40000
27661,76117
27662,40000
27663,87097
27664,49322
27665,52943
27666,44962
27667,44294
27668,40000
27669,41627
27670,56308
27671,40000
27672,53521
27673,83261
27674,62945
27675,40000
27676,69903
27677,40000
27678,78150
27679,40000
27680,52241
27681,44861
27682,66925
27683,68159
27684,88108
27685,40000
27686,62592
27687,59878
27688,40000
27689,40000
27690,40000
27691,43916
27692,44239
27693,40000
27694,41438
27695,100405
27696,66720
27697,58471
27698,70278
27699,67505
27700,40000
27701,40000
27702,40000
27703,60307
27704,50851
27705,40000
27706,40337
27707,48938
27708,40000
27709,40000
27710,58812
27711,61350
27712,40000
27713,92544
27714,42592
27715,66699
27716,40000
27717,40000
27718,40000
27719,64373
27720,74275
27721,40000
27722,40516
27723,40000
27724,46338
27725,40000
27726,40000
27727,56078
27728,40000
27729,69143
27730,58624
27731,40000
27732,48552
27733,40000
27734,42729
27735,61904
27736,43415
27737,40000
27738,40000
27739,65487
27740,49758
27741,63370
27742,40000
27743,40000
27744,50321
27745,80112
27746,59731
27747,40000
27748,40000
27749,75591
27750,58530
27751,59831
27752,41946
27753,40000
27754,56721
27755,66807
27756,67919
27757,40000
27758,40000
27759,40000
27760,54318
27761,40000
27762,57852
27763,76022
27764,40000
27765,54079
27766,40000
27767,40000
27768,40000
27769,58689
27770,74848
27771,40000
27772,78337
27773,55186
27774,40000
27775,40000
27776,42907
27777,57074
27778,77268
27779,81454
27780,50109
27781,62986
27782,50868
27783,40000
27784,55246
27785,57637
27786,40000
27787,40000
27788,40171
27789,63208
27790,40000
27791,73613
27792,40000
27793,71560
27794,40000
27795,78648
27796,40000
27797,80542
27798,47638
27799,98938
27800,60680
27801,49614
27802,75532
27803,44879
27804,44363
27805,53638
27806,52884
27807,40000
27808,65114
27809,40000
27810,40000
27811,54004
27812,51933
27813,41329
27814,64578
27815,70792
27816,78093
27817,71561
27818,90506
27819,40000
27820,54842
27821,50272
27822,46302
27823,47367
27824,50788
27825,52323
27826,52947
27827,41727
27828,56259
27829,48499
27830,64325
27831,42126
27832,40000
27833,65299
27834,40000
27835,40000
27836,40000
27837,48325
27838,48479
27839,41002
27840,54886
27841,53139
27842,81586
27843,45565
27844,54077
27845,40000
27846,56465
27847,51468
27848,57650
27849,62300
27850,69305
27851,58836
27852,70559
27853,53807
27854,40000
27855,40000
27856,40000
27857,52642
27858,88462
27859,40000
27860,78928
27861,66509
27862,47604
27863,40000
27864,40000
27865,89261
27866,42837
27867,82669
27868,40000
27869,67067
27870,49748
27871,40000
27872,95941
27873,42235
27874,57405
27875,45741
27876,40000
27877,79461
27878,83592
27879,40000
27880,51080
27881,47153
27882,40000
27883,40000
27884,61284
27885,40000
27886,40000
27887,40000
27888,44357
27889,40000
27890,44596
27891,40000
27892,73600
27893,62257
27894,40000
27895,42441
27896,40707
27897,57333
27898,48340
27899,82598
27900,48890
27901,60403
27902,64525
27903,48846
27904,49772
27905,40000
27906,50923
27907,40000
27908,40000
27909,40000
27910,45887
27911,51877
27912,55683
27913,50657
27914,40000
27915,40000
27916,52660
27917,100827
27918,40000
27919,40000
27920,77458
27921,40000
27922,40869
27923,40000
27924,71710
27925,49431
27926,40000
27927,40000
27928,56633
27929,46495
27930,42237
27931,40000
27932,59157
27933,66820
27934,42877
27935,69520
27936,40000
27937,48771
27938,40000
27939,44292
27940,60965
27941,82947
27942,40781
27943,40000
27944,75830
27945,78924
27946,41498
27947,79538
27948,57421
27949,40000
27950,66086
27951,84906
27952,40000
27953,58600
27954,58968
27955,40000
27956,74778
27957,77529
27958,40000
27959,41635
27960,40000
27961,40000
27962,55455
27963,65048
27964,53770
27965,60512
27966,54899
27967,52238
27968,40000
27969,47799
27970,40000
27971,40000
27972,40000
27973,40000
27974,64705
27975,40000
27976,67063
27977,40000
27978,48155
27979,40000
27980,42749
27981,56940
27982,40000
27983,77081
27984,63393
27985,47581
27986,40000
27987,50660
27988,40000
27989,40000
27990,40535
27991,48949
27992,53401
27993,40000
27994,40000
27995,40000
27996,60908
27997,40000
27998,40000
27999,48493
28000,67616
28001,76072
28002,40000
28003,41146
28004,40000
28005,66851
28006,43952
28007,62599
28008,40000
28009,40000
28010,56701
28011,60258
28012,40000
28013,40000
28014,67087
28015,50286
28016,79894
28017,44668
28018,40000
28019,40000
28020,78695
28021,48117
28022,40000
28023,75660
28024,40000
28025,40000
28026,82358
28027,43739
28028,85655
28029,47191
28030,74149
28031,40000
28032,40000
28033,44091
28034,81927
28035,40000
28036,45367
28037,40000
28038,40000
28039,44619
28040,67628
28041,40000
28042,74138
28043,65313
28044,40000
28045,40000
28046,43339
28047,40000
28048,70343
28049,65531
28050,40000
28051,40000
28052,68316
28053,40000
28054,57002
28055,40000
28056,40000
28057,47325
28058,81880
28059,51553
28060,40000
28061,40000
28062,74281
28063,45757
28064,79058
28065,59328
28066,71891
28067,97897
28068,64995
28069,50817
28070,56494
28071,40000
28072,40000
28073,65373
28074,73538
28075,40000
28076,69666
28077,40000
28078,49735
28079,45156
28080,76991
28081,50718
28082,48193
28083,41227
28084,49748
28085,44742
28086,40000
28087,74981
28088,55818
28089,56309
28090,40000
28091,56710
28092,46076
28093,41764
28094,40000
28095,53926
28096,44336
28097,44324
28098,52051
28099,61458
28100,55686
28101,40000
28102,40320
28103,97665
28104,40000
28105,40000
28106,40000
28107,52626
28108,40067
28109,69938
28110,65974
28111,40000
28112,40000
28113,79907
28114,40000
28115,40000
28116,51508
28117,40000
28118,40000
28119,44390
28120,44790
28121,40000
28122,47410
28123,44496
28124,107583
28125,44141
28126,42338
28127,60672
28128,78258
28129,40000
28130,40000
28131,60713
28132,60249
28133,42975
28134,40000
28135,50621
28136,53997
28137,40000
28138,53123
28139,40000
28140,43677
28141,54543
28142,40000
28143,50403
28144,41183
28145,67809
28146,65417
28147,40000
28148,51435
28149,40000
28150,53796
28151,50209
28152,73612
28153,40000
28154,53131
28155,74637
28156,46513
28157,66377
28158,40000
28159,66187
28160,40000
28161,86867
28162,70207
28163,40000
28164,64878
28165,52169
28166,48041
28167,69529
28168,62031
28169,40000
28170,52358
28171,40000
28172,56284
28173,40000
28174,40000
28175,40000
28176,54864
28177,43223
28178,40000
28179,40000
28180,40000
28181,68331
28182,42597
28183,66777
28184,40000
28185,88243
28186,51086
28187,40000
28188,40000
28189,40000
28190,72237
28191,50248
28192,95514
28193,40490
28194,51077
28195,60889
28196,44910
28197,66260
28198,40000
28199,57923
28200,60737
28201,40000
28202,53152
28203,43722
28204,68547
28205,67158
28206,40000
28207,70931
28208,41234
28209,55371
28210,40000
28211,64421
28212,54248
28213,40000
28214,61313
28215,59135
28216,40000
28217,40000
28218,65145
28219,40000
28220,40000
28221,66382
28222,40000
28223,57767
28224,44914
28225,91072
28226,40000
28227,40000
28228,62620
28229,70078
28230,47427
28231,59554
28232,59132
28233,50058
28234,63535
28235,41495
28236,40000
28237,40000
28238,41214
28239,62978
28240,68969
28241,62395
28242,86610
28243,40000
28244,91764
28245,40000
28246,55411
28247,80631
28248,40000
28249,40000
28250,62657
28251,65956
28252,89992
28253,81724
28254,41600
28255,86336
28256,40000
28257,53976
28258,40000
28259,40000
28260,40000
28261,51817
28262,49727
28263,53037
28264,47284
28265,84926
28266,50480
28267,40000
28268,43389
28269,40000
28270,40000
28271,48247
28272,71251
28273,40000
28274,66657
28275,40000
28276,58448
28277,40000
28278,52015
28279,58480
28280,40000
28281,101359
28282,68565
28283,61549
28284,77270
28285,63974
28286,52065
28287,40000
28288,40000
28289,40000
28290,40000
28291,40230
28292,47449
28293,41279
28294,54890
28295,40000
28296,41744
28297,40000
28298,79373
28299,40000
28300,70507
28301,120446
28302,44309
28303,69208
28304,58177
28305,77298
28306,42741
28307,48692
28308,40000
28309,54211
28310,45560
28311,58885
28312,56869
28313,47148
28314,80865
28315,44797
28316,40000
28317,40000
28318,40000
28319,68069
28320,40000
28321,63173
28322,51484
28323,73321
28324,54791
28325,60460
28326,40000
28327,43771
28328,65683
28329,47905
28330,40000
28331,44361
28332,40000
28333,76899
28334,40000
28335,67908
28336,67870
28337,105552
28338,40000
28339,79281
28340,66778
28341,40000
28342,40000
28343,73574
28344,72407
28345,69757
28346,62521
28347,77258
28348,79783
28349,40000
28350,70661
28351,40000
28352,46148
28353,62411
28354,73846
28355,42330
28356,70323
28357,54720
28358,69377
28359,50744
28360,87141
28361,62850
28362,60719
28363,40716
28364,70106
28365,40000
28366,62653
28367,48669
28368,40000
28369,54972
28370,52072
28371,40000
28372,58148
28373,100154
28374,74972
28375,47597
28376,40436
28377,60068
28378,51630
28379,72971
28380,54636
28381,83084
28382,40000
28383,69090
28384,52839
28385,58947
28386,60977
28387,69980
28388,40000
28389,40000
28390,50840
28391,40000
28392,40000
28393,54308
28394,40000
28395,46785
28396,40000
28397,40378
28398,41595
28399,65578
28400,40000
28401,51604
28402,73970
28403,53016
28404,61697
28405,56629
28406,40000
28407,51877
28408,42739
28409,40000
28410,68614
28411,79294
28412,40000
28413,40000
28414,40000
28415,47765
28416,74471
28417,40000
28418,51567
28419,40000
28420,40000
28421,46896
28422,42779
28423,91802
28424,40000
28425,40735
28426,40543
28427,44347
28428,48582
28429,64122
28430,42019
28431,70721
28432,40000
28433,58925
28434,63214
28435,93837
28436,40000
28437,40000
28438,49440
28439,66376
28440,52279
28441,47445
28442,52050
28443,67494
28444,58330
28445,40000
28446,40000
28447,40000
28448,40000
28449,54911
28450,59495
28451,40000
28452,82517
28453,59855
28454,41078
28455,61401
28456,52043
28457,79826
28458,68823
28459,77030
28460,50356
28461,76354
28462,56281
28463,40000
28464,48177
28465,40000
28466,74728
28467,47362
28468,66670
28469,54402
28470,47001
28471,49938
28472,40000
28473,46196
28474,50872
28475,40000
28476,47961
28477,67990
28478,40000
28479,94684
28480,60198
28481,53458
28482,79191
28483,64115
28484,40000
28485,53167
28486,46520
28487,71338
28488,40000
28489,42185
28490,40932
28491,50293
28492,40620
28493,65928
28494,41814
28495,40000
28496,40000
28497,48265
28498,40000
28499,86848
28500,40000
28501,40000
28502,40000
28503,79201
28504,68605
28505,57539
28506,67277
28507,40000
28508,45563
28509,40000
28510,59021
28511,40000
28512,41826
28513,40000
28514,59029
28515,42439
28516,40000
28517,49848
28518,40000
28519,40000
28520,42006
28521,107769
28522,78469
28523,60875
28524,40000
28525,68550
28526,40000
28527,41549
28528,42429
28529,45642
28530,40000
28531,61029
28532,55342
28533,40000
28534,69197
28535,46671
28536,51740
28537,47086
28538,71432
28539,40000
28540,40000
28541,57548
28542,40000
28543,58545
28544,41115
28545,40627
28546,40000
28547,57195
28548,64778
28549,101538
28550,57678
28551,52184
28552,40000
28553,41736
28554,50047
28555,83282
28556,40000
28557,71065
28558,50782
28559,69976
28560,40000
28561,54126
28562,40000
28563,65124
28564,41804
28565,77381
28566,71011
28567,52237
28568,40000
28569,74157
28570,57501
28571,40000
28572,52765
28573,40000
28574,45359
28575,68733
28576,56343
28577,40000
28578,40000
28579,40000
28580,40000
28581,65428
28582,40000
28583,40000
28584,40000
28585,73118
28586,46746
28587,40000
28588,40000
28589,62110
28590,56163
28591,83782
28592,47641
28593,50324
28594,40000
28595,40011
28596,81312
28597,52504
28598,49169
28599,67815
28600,59057
28601,40000
28602,47788
28603,45293
28604,71276
28605,40000
28606,51543
28607,44179
28608,60234
28609,42501
28610,75254
28611,41750
28612,45973
28613,43165
28614,40000
28615,60154
28616,55595
28617,40000
28618,54076
28619,85927
28620,71779
28621,61447
28622,49234
28623,40000
28624,45048
28625,46472
28626,53687
28627,51711
28628,40000
28629,44229
28630,53954
28631,78423
28632,40000
28633,74220
28634,90420
28635,51826
28636,40000
28637,44050
28638,40000
28639,66736
28640,46670
28641,90839
28642,86212
28643,40000
28644,80698
28645,41191
28646,52783
28647,57488
28648,83050
28649,77962
28650,59907
28651,72512
28652,52974
28653,40000
28654,40000
28655,54172
28656,40116
28657,42079
28658,40000
28659,73742
28660,41716
28661,40000
28662,45383
28663,40000
28664,68430
28665,63537
28666,48576
28667,40000
28668,79175
28669,67578
28670,40000
28671,40000
28672,63541
28673,40000
28674,58393
28675,40000
28676,40000
28677,40000
28678,51839
28679,40000
28680,49255
28681,40000
28682,87771
28683,69040
28684,40000
28685,57310
28686,62087
28687,78825
28688,67572
28689,81307
28690,78574
28691,50158
28692,52924
28693,40000
28694,49250
28695,40000
28696,47503
28697,59126
28698,45868
28699,56572
28700,62271
28701,62898
28702,81925
28703,40000
28704,40000
28705,40000
28706,87008
28707,52849
28708,41297
28709,40000
28710,44639
28711,40000
28712,40000
28713,77804
28714,40000
28715,40000
28716,62924
28717,63906
28718,66541
28719,40000
28720,41505
28721,41613
28722,40000
28723,67755
28724,49244
28725,40000
28726,54207
28727,48284
28728,40000
28729,40000
28730,71858
28731,69306
28732,40000
28733,40000
28734,83827
28735,61658
28736,72044
28737,104477
28738,40000
28739,68199
28740,45253
28741,67473
28742,62010
28743,40000
28744,56004
28745,42343
28746,42912
28747,40000
28748,87869
28749,50119
28750,56693
28751,58394
28752,40000
28753,73262
28754,40000
28755,40000
28756,40000
28757,40000
28758,50130
28759,51247
28760,40000
28761,106209
28762,40000
28763,48957
28764,58837
28765,53906
28766,41927
28767,68789
28768,62346
28769,46465
28770,49773
28771,46711
28772,40000
28773,40000
28774,71107
28775,42034
28776,40000
28777,74941
28778,63925
28779,68120
28780,40000
28781,40000
28782,48475
28783,54346
28784,45951
28785,40000
28786,76746
28787,43904
28788,53166
28789,40000
28790,64469
28791,49888
28792,70186
28793,53332
28794,40000
28795,60679
28796,82222
28797,47701
28798,55763
28799,60263
28800,40000
28801,51032
28802,40000
28803,64668
28804,54717
28805,40000
28806,40000
28807,49333
28808,99053
28809,44805
28810,42459
28811,56023
28812,50212
28813,45866
28814,51953
28815,50818
28816,73376
28817,40000
28818,40000
28819,49336
28820,82939
28821,50396
28822,67858
28823,62549
28824,75513
28825,70383
28826,40000
28827,51130
28828,43525
28829,53318
28830,113720
28831,56102
28832,40742
28833,40000
28834,43888
28835,73441
28836,83843
28837,66584
28838,43960
28839,52485
28840,45588
28841,48455
28842,67218
28843,43797
28844,67148
28845,44768
28846,43520
28847,40000
28848,40000
28849,84875
28850,48187
28851,69276
28852,40000
28853,64590
28854,40000
28855,56014
28856,86306
28857,50215
28858,40000
28859,40000
28860,77312
28861,46711
28862,46865
28863,55020
28864,46291
28865,40000
28866,40000
28867,60339
28868,40368
28869,64591
28870,66988
28871,46842
28872,40000
28873,40000
28874,52961
28875,56921
28876,53348
28877,40000
28878,64826
28879,68161
28880,40000
28881,43881
28882,49771
28883,40000
28884,46779
28885,40000
28886,40000
28887,58081
28888,42313
28889,40000
28890,40000
28891,40000
28892,49534
28893,40079
28894,61805
28895,42509
28896,40483
28897,59744
28898,40000
28899,57949
28900,57239
28901,40000
28902,87400
28903,40000
28904,51110
28905,54278
28906,52870
28907,46375
28908,56977
28909,72206
28910,65975
28911,61428
28912,42226
28913,40000
28914,45019
28915,55301
28916,40887
28917,40000
28918,40000
28919,40000
28920,60046
28921,44444
28922,40000
28923,85577
28924,69038
28925,53023
28926,47444
28927,46303
28928,48101
28929,72240
28930,49090
28931,41151
28932,47833
28933,40000
28934,44216
28935,78636
28936,40000
28937,40000
28938,40000
28939,68070
28940,40000
28941,69638
28942,40000
28943,40000
28944,40000
28945,56643
28946,86127
28947,56388
28948,40000
28949,81460
28950,62469
28951,45768
28952,55733
28953,68012
28954,50107
28955,50870
28956,45903
28957,59891
28958,61697
28959,62635
28960,96007
28961,58768
28962,40000
28963,40000
28964,52412
28965,53949
28966,40000
28967,59424
28968,62182
28969,40000
28970,58517
28971,46382
28972,75895
28973,43735
28974,40000
28975,56242
28976,40000
28977,40000
28978,42288
28979,59173
28980,64298
28981,40000
28982,69562
28983,40000
28984,40263
28985,56583
28986,45027
28987,42998
28988,47185
28989,40000
28990,40000
28991,40000
28992,40000
28993,65380
28994,40000
28995,40000
28996,40000
28997,66934
28998,40000
28999,40000
29000,59790
29001,87329
29002,40000
29003,75270
29004,40000
29005,51804
29006,41229
29007,46896
29008,40000
29009,75933
29010,68939
29011,75261
29012,55766
29013,51951
29014,72096
29015,45185
29016,40000
29017,43050
29018,46300
29019,48034
29020,56131
29021,58537
29022,40000
29023,75505
29024,41232
29025,95810
29026,40000
29027,45080
29028,51159
29029,43846
29030,66552
29031,52206
29032,61256
29033,47296
29034,63268
29035,40000
29036,62357
29037,69912
29038,44817
29039,59210
29040,50125
29041,58578
29042,43660
29043,40000
29044,44742
29045,85902
29046,53442
29047,56303
29048,40000
29049,44159
29050,57837
29051,58243
29052,40000
29053,44742
29054,40000
29055,55673
29056,76922
29057,57402
29058,64679
29059,57837
29060,76276
29061,71502
29062,40000
29063,41782
29064,40000
29065,53264
29066,43720
29067,78822
29068,40000
29069,40000
29070,54315
29071,55949
29072,59386
29073,67297
29074,85131
29075,56001
29076,40000
29077,41624
29078,40000
29079,52916
29080,46519
29081,83196
29082,44576
29083,40000
29084,40000
29085,52251
29086,66619
29087,41925
29088,40000
29089,63871
29090,40000
29091,57034
29092,47936
29093,56416
29094,63587
29095,78630
29096,49965
29097,67343
29098,40000
29099,51557
29100,50203
29101,40000
29102,40000
29103,40338
29104,51499
29105,52645
29106,43049
29107,53905
29108,58162
29109,73103
29110,53319
29111,65801
29112,49096
29113,78067
29114,48982
29115,52750
29116,40000
29117,51762
29118,67818
29119,40000
29120,85465
29121,64449
29122,54161
29123,84957
29124,60479
29125,57429
29126,49310
29127,44618
29128,62447
29129,40000
29130,67033
29131,71988
29132,49273
29133,67100
29134,43434
29135,40000
29136,72094
29137,83080
29138,40000
29139,77065
29140,41152
29141,45267
29142,46448
29143,53487
29144,56079
29145,85105
29146,44656
29147,43902
29148,40000
29149,40000
29150,50276
29151,71683
29152,40000
29153,60950
29154,40770
29155,49113
29156,40509
29157,42786
29158,63610
29159,48869
29160,40000
29161,44720
29162,64708
29163,40000
29164,62223
29165,65143
29166,40000
29167,58995
29168,49547
29169,101044
29170,70961
29171,69479
29172,40000
29173,83018
29174,68513
29175,43552
29176,53543
29177,40000
29178,50500
29179,40000
29180,77044
29181,67599
29182,40000
29183,77076
29184,40000
29185,62023
29186,75259
29187,67016
29188,46754
29189,51225
29190,40000
29191,46650
29192,81037
29193,62719
29194,47274
29195,81901
29196,70718
29197,67607
29198,40000
29199,59549
29200,48514
29201,48447
29202,56930
29203,65175
29204,40000
29205,54392
29206,46621
29207,40000
29208,52370
29209,74632
29210,65098
29211,43161
29212,40000
29213,81631
29214,47759
29215,40000
29216,40000
29217,83756
29218,78200
29219,62349
29220,53396
29221,40000
29222,40000
29223,40000
29224,118027
29225,46234
29226,50214
29227,40394
29228,40000
29229,86799
29230,40000
29231,70917
29232,40000
29233,54265
29234,76193
29235,83810
29236,40000
29237,40000
29238,65495
29239,62649
29240,57189
29241,81718
29242,77253
29243,54488
29244,40000
29245,40000
29246,40000
29247,87841
29248,40000
29249,48125
29250,60178
29251,61480
29252,67823
29253,40000
29254,40000
29255,51440
29256,41599
29257,48421
29258,63732
29259,42070
29260,41973
29261,51731
29262,46325
29263,40000
29264,59673
29265,40000
29266,70906
29267,69626
29268,47332
29269,42064
29270,67261
29271,90728
29272,40000
29273,72029
29274,40000
29275,47954
29276,59239
29277,60976
29278,40000
29279,40000
29280,40000
29281,57238
29282,53053
29283,40000
29284,59542
29285,40000
29286,45624
29287,50921
29288,40000
29289,50504
29290,42117
29291,65468
29292,40000
29293,42040
29294,40000
29295,53155
29296,45777
29297,74161
29298,77427
29299,40000
29300,54015
29301,76134
29302,81125
29303,50266
29304,53403
29305,44233
29306,64850
29307,42687
29308,40000
29309,58614
29310,51562
29311,42509
29312,40000
29313,46588
29314,63541
29315,40000
29316,40000
29317,40000
29318,40000
29319,52383
29320,54936
29321,52774
29322,58398
29323,79625
29324,40000
29325,50737
29326,50693
29327,40000
29328,40000
29329,58949
29330,45343
29331,40000
29332,49666
29333,43700
29334,48912
29335,55794
29336,40954
29337,45118
29338,40000
29339,56652
29340,40000
29341,70452
29342,40000
29343,42582
29344,40000
29345,40000
29346,61229
29347,52662
29348,83352
29349,46730
29350,79015
29351,40000
29352,64706
29353,52008
29354,41027
29355,40000
29356,57670
29357,40000
29358,40000
29359,40000
29360,41458
29361,40000
29362,41201
29363,45423
29364,90047
29365,58255
29366,54398
29367,63891
29368,40000
29369,40000
29370,40000
29371,46085
29372,40000
29373,45468
29374,40000
29375,69957
29376,47083
29377,49483
29378,75223
29379,40000
29380,48212
29381,40000
29382,50852
29383,40000
29384,57354
29385,40000
29386,40000
29387,81501
29388,40000
29389,40000
29390,40000
29391,54825
29392,50066
29393,40000
29394,50569
29395,98469
29396,47787
29397,50431
29398,92572
29399,40000
29400,40000
29401,40000
29402,53310
29403,40000
29404,40000
29405,54951
29406,40495
29407,40000
29408,42639
29409,43224
29410,59468
29411,87413
29412,40000
29413,68551
29414,69120
29415,40000
29416,40000
29417,57509
29418,57496
29419,51369
29420,46900
29421,52090
29422,40000
29423,40000
29424,40000
29425,40000
29426,49033
29427,58294
29428,92600
29429,44656
29430,40000
29431,73830
29432,40000
29433,40000
29434,63244
29435,72302
29436,52520
29437,40000
29438,53050
29439,40000
29440,81037
29441,40000
29442,52113
29443,40000
29444,61518
29445,41860
29446,65199
29447,49081
29448,40000
29449,40000
29450,51333
29451,52978
29452,66577
29453,40000
29454,43830
29455,54608
29456,58290
29457,77124
29458,58869
29459,42345
29460,40000
29461,40000
29462,55859
29463,47756
29464,77198
29465,82584
29466,40000
29467,48757
29468,40000
29469,46713
29470,40000
29471,45058
29472,41893
29473,41522
29474,62025
29475,40000
29476,40000
29477,50134
29478,75048
29479,50609
29480,40000
29481,59827
29482,43076
29483,68801
29484,50278
29485,55230
29486,61982
29487,93841
29488,51869
29489,40000
29490,40000
29491,52895
29492,78100
29493,40000
29494,40764
29495,70970
29496,40000
29497,50407
29498,40000
29499,64855
29500,59680
29501,40000
29502,48053
29503,64768
29504,43279
29505,41049
29506,40000
29507,58624
29508,40000
29509,40000
29510,40000
29511,47419
29512,54243
29513,43835
29514,40000
29515,40000
29516,78237
29517,67031
29518,40000
29519,55816
29520,40000
29521,73555
29522,51113
29523,75564
29524,40000
29525,40000
29526,49365
29527,58827
29528,40668
29529,40000
29530,47489
29531,40000
29532,58267
29533,78683
29534,56588
29535,68530
29536,47591
29537,42851
29538,58898
29539,86735
29540,75597
29541,40000
29542,40000
29543,48029
29544,70906
29545,40000
29546,40000
29547,78758
29548,70616
29549,42717
29550,62111
29551,50588
29552,55325
29553,40000
29554,40000
29555,40000
29556,55325
29557,52857
29558,56987
29559,56698
29560,43095
29561,51797
29562,51439
29563,53732
29564,74755
29565,70414
29566,45247
29567,76707
29568,86169
29569,74201
29570,71760
29571,77952
29572,40000
29573,84246
29574,57806
29575,40000
29576,40000
29577,40296
29578,88665
29579,53544
29580,42440
29581,92779
29582,44900
29583,80921
29584,59953
29585,40000
29586,40000
29587,79516
29588,41078
29589,40000
29590,51036
29591,53542
29592,40000
29593,40000
29594,47004
29595,40000
29596,60429
29597,40000
29598,63453
29599,46740
29600,40000
29601,61140
29602,62358
29603,68610
29604,48231
29605,58877
29606,44992
29607,61265
29608,54845
29609,40000
29610,64000
29611,91608
29612,43840
29613,45821
29614,52211
29615,46031
29616,49358
29617,40000
29618,40000
29619,40000
29620,40000
29621,79605
29622,42526
29623,40000
29624,40000
29625,87414
29626,40000
29627,40000
29628,42838
29629,56331
29630,60496
29631,59568
29632,40000
29633,46451
29634,61756
29635,52247
29636,65617
29637,82143
29638,85908
29639,55942
29640,67842
29641,40000
29642,93350
29643,40000
29644,40000
29645,48992
29646,45927
29647,43712
29648,42660
29649,67454
29650,75044
29651,68240
29652,40000
29653,40000
29654,40000
29655,40000
29656,68471
29657,82949
29658,40206
29659,45464
29660,70473
29661,40000
29662,46299
29663,48104
29664,47908
29665,65610
29666,79310
29667,73501
29668,40000
29669,40000
29670,72782
29671,53180
29672,72426
29673,40000
29674,48645
29675,56532
29676,40000
29677,40000
29678,40000
29679,44381
29680,47788
29681,62110
29682,60529
29683,40000
29684,61061
29685,45154
29686,99311
29687,71575
29688,40000
29689,72446
29690,90555
29691,40000
29692,41597
29693,70783
29694,67898
29695,40000
29696,66380
29697,45283
29698,43336
29699,87111
29700,40000
29701,40000
29702,59343
29703,72245
29704,40000
29705,40000
29706,40000
29707,70504
29708,40000
29709,40000
29710,62329
29711,63965
29712,58377
29713,40000
29714,40000
29715,63539
29716,43271
29717,46746
29718,41360
29719,66023
29720,76134
29721,52369
29722,54348
29723,42621
29724,40000
29725,53846
29726,81968
29727,40000
29728,40000
29729,87778
29730,40000
29731,40000
29732,53403
29733,47937
29734,53447
29735,70233
29736,40000
29737,78317
29738,53859
29739,40000
29740,68909
29741,47987
29742,40000
29743,40000
29744,40000
29745,40000
29746,46208
29747,76845
29748,48702
29749,40000
29750,85774
29751,40000
29752,49227
29753,40000
29754,40000
29755,42685
29756,53848
29757,40000
29758,40000
29759,40000
29760,68525
29761,40000
29762,40000
29763,55309
29764,59016
29765,41588
29766,42071
29767,40000
29768,40000
29769,41362
29770,59068
29771,40000
29772,40000
29773,40000
29774,57670
29775,69274
29776,56815
29777,44291
29778,40216
29779,91031
29780,76767
29781,60393
29782,45222
29783,50728
29784,40000
29785,40000
29786,53938
29787,51139
29788,50834
29789,77930
29790,40000
29791,40000
29792,50553
29793,48646
29794,40000
29795,72639
29796,57073
29797,40000
29798,51684
29799,61674
29800,74101
29801,40000
29802,40000
29803,40000
29804,52527
29805,40000
29806,65802
29807,101220
29808,43044
29809,40000
29810,56015
29811,48409
29812,45714
29813,64475
29814,40000
29815,40000
29816,64415
29817,41810
29818,79384
29819,43576
29820,90396
29821,47533
29822,95987
29823,66084
29824,44803
29825,40000
29826,41976
29827,40000
29828,54322
29829,44008
29830,77304
29831,40000
29832,40000
29833,75114
29834,46399
29835,68960
29836,48323
29837,73953
29838,50755
29839,40000
29840,40000
29841,45236
29842,43121
29843,50433
29844,40000
29845,48491
29846,40087
29847,40000
29848,42138
29849,40000
29850,50393
29851,46963
29852,51147
29853,42557
29854,75103
29855,52817
29856,40000
29857,40000
29858,58586
29859,40000
29860,48133
29861,82987
29862,61981
29863,40000
29864,40000
29865,40000
29866,47037
29867,79144
29868,57322
29869,40840
29870,58013
29871,56260
29872,62308
29873,40075
29874,50496
29875,95283
29876,40000
29877,40000
29878,40000
29879,84917
29880,40000
29881,72571
29882,47746
29883,51385
29884,55783
29885,40000
29886,62868
29887,102640
29888,40000
29889,40000
29890,85107
29891,40536
29892,42006
29893,62135
29894,57274
29895,40000
29896,68200
29897,63924
29898,54510
29899,75004
29900,40000
29901,70404
29902,65826
29903,40000
29904,52883
29905,64226
29906,40000
29907,40000
29908,43554
29909,84117
29910,57098
29911,70362
29912,40000
29913,63670
29914,44833
29915,61506
29916,46400
29917,79167
29918,65998
29919,40000
29920,40000
29921,63462
29922,40000
29923,79743
29924,62261
29925,48233
29926,63618
29927,40000
29928,40000
29929,44516
29930,45667
29931,42132
29932,40000
29933,44165
29934,70620
29935,40000
29936,86142
29937,55055
29938,53257
29939,53536
29940,42938
29941,89149
29942,40000
29943,67449
29944,61826
29945,77220
29946,55355
29947,80073
29948,40000
29949,40000
29950,43906
29951,76272
29952,40000
29953,54399
29954,40000
29955,40000
29956,61039
29957,43975
29958,45164
29959,53762
29960,57688
29961,64858
29962,112576
29963,49839
29964,40000
29965,40000
29966,40000
29967,80121
29968,78731
29969,40000
29970,67525
29971,40000
29972,69458
29973,49387
29974,40000
29975,64075
29976,40000
29977,40978
29978,60172
29979,47000
29980,83050
29981,93263
29982,40000
29983,40000
29984,53422
29985,60087
29986,41091
29987,40000
29988,66531
29989,40000
29990,75994
29991,83701
29992,64214
29993,46875
29994,72313
29995,40000
29996,40000
29997,73262
29998,40000
29999,40000
30000,58543
30001,40000
30002,71829
30003,59115
30004,40000
30005,59628
30006,57059
30007,56378
30008,57431
30009,65994
30010,62531
30011,56948
30012,50038
30013,61918
30014,47811
30015,43109
30016,40000
30017,59894
30018,53804
30019,67971
30020,41789
30021,74081
30022,70392
30023,40000
30024,58726
30025,40000
30026,65539
30027,40000
30028,60463
30029,40000
30030,55392
30031,41099
30032,46459
30033,44176
30034,40000
30035,45843
30036,46544
30037,56411
30038,61422
30039,40000
30040,40000
30041,65952
30042,41052
30043,40000
30044,52091
30045,62403
30046,63664
30047,49750
30048,44801
30049,70530
30050,40000
30051,60395
30052,40000
30053,45295
30054,40000
30055,56326
30056,40000
30057,61304
30058,40000
30059,70127
30060,69625
30061,56515
30062,40000
30063,79562
30064,47011
30065,94016
30066,40000
30067,43478
30068,49940
30069,40000
30070,69584
30071,40000
30072,63519
30073,40000
30074,87605
30075,55958
30076,91441
30077,78426
30078,44080
30079,46177
30080,40000
30081,71466
30082,40000
30083,50950
30084,66588
30085,45253
30086,42987
30087,46392
30088,40000
30089,51659
30090,53047
30091,69331
30092,73013
30093,54162
30094,46899
30095,40000
30096,46458
30097,49601
30098,43895
30099,40000
30100,50328
30101,40000
30102,40000
30103,81159
30104,40000
30105,104617
30106,40000
30107,44582
30108,40000
30109,40000
30110,45459
30111,76584
30112,68504
30113,69927
30114,77989
30115,40150
30116,44599
30117,43706
30118,40000
30119,58757
30120,46832
30121,66748
30122,53142
30123,78638
30124,59836
30125,40000
30126,40000
30127,70264
30128,49227
30129,59906
30130,40000
30131,47411
30132,69662
30133,40000
30134,47722
30135,76607
30136,40000
30137,40000
30138,59036
30139,63086
30140,52433
30141,45720
30142,41026
30143,53875
30144,54312
30145,40000
30146,40000
30147,40000
30148,68284
30149,45494
30150,51303
30151,74761
30152,82254
30153,98585
30154,40000
30155,40247
30156,40000
30157,40000
30158,53938
30159,74064
30160,74836
30161,40000
30162,59784
30163,79691
30164,40000
30165,40000
30166,40000
30167,64649
30168,60000
30169,51952
30170,62976
30171,65426
30172,84108
30173,57918
30174,40000
30175,40596
30176,40000
30177,64279
30178,68667
30179,76390
30180,47150
30181,50309
30182,61572
30183,58332
30184,40000
30185,73633
30186,43522
30187,74943
30188,81648
30189,40000
30190,40000
30191,40000
30192,40000
30193,59789
30194,55677
30195,63234
30196,86532
30197,51012
30198,40000
30199,43637
30200,40000
30201,40000
30202,55704
30203,40448
30204,66261
30205,40000
30206,40000
30207,40000
30208,90338
30209,89176
30210,45063
30211,68997
30212,53724
30213,56686
30214,61524
30215,83816
30216,59465
30217,40000
30218,62768
30219,40000
30220,40000
30221,72096
30222,40045
30223,40000
30224,48803
30225,40000
30226,47180
30227,42138
30228,56450
30229,72307
30230,78914
30231,42245
30232,42712
30233,45897
30234,53720
30235,42567
30236,85405
30237,40000
30238,45645
30239,67027
30240,103696
30241,63819
30242,77204
30243,49173
30244,52364
30245,57980
30246,46036
30247,40000
30248,40080
30249,75323
30250,40000
30251,40000
30252,53993
30253,72827
30254,42706
30255,40000
30256,75509
30257,40000
30258,40000
30259,49841
30260,105455
30261,64090
30262,40000
30263,75954
30264,40000
30265,54871
30266,79581
30267,46648
30268,45147
30269,40000
30270,40000
30271,58322
30272,62102
30273,40000
30274,41486
30275,47626
30276,40000
30277,40000
30278,54630
30279,40000
30280,40000
30281,48414
30282,67361
30283,56514
30284,58878
30285,40000
30286,42257
30287,60587
30288,43064
30289,75393
30290,40000
30291,40000
30292,45912
30293,48469
30294,41907
30295,65632
30296,60890
30297,40000
30298,40000
30299,46956
30300,40000
30301,40000
30302,80557
30303,44574
30304,41445
30305,66002
30306,46817
30307,40000
30308,40000
30309,41215
30310,40000
30311,40000
30312,40000
30313,63475
30314,40000
30315,45811
30316,88038
30317,40000
30318,41487
30319,40348
30320,40000
30321,74703
30322,40000
30323,40000
30324,43253
30325,75141
30326,52110
30327,54670
30328,52121
30329,40000
30330,74776
30331,53126
30332,84544
30333,41372
30334,40000
30335,48688
30336,42747
30337,61912
30338,40000
30339,60402
30340,51477
30341,70258
30342,51519
30343,78217
30344,71352
30345,54809
30346,59860
30347,52167
30348,61080
30349,40000
30350,40000
30351,85423
30352,63333
30353,40000
30354,57150
30355,55733
30356,40000
30357,75962
30358,59017
30359,45282
30360,70657
30361,40000
30362,97680
30363,70004
30364,40000
30365,58273
30366,40000
30367,40000
30368,41731
30369,40000
30370,43123
30371,55157
30372,41315
30373,75420
30374,40000
30375,65152
30376,58872
30377,70149
30378,66538
30379,63843
30380,40000
30381,44351
30382,62175
30383,56877
30384,40000
30385,85256
30386,45661
30387,40000
30388,54351
30389,61887
30390,56468
30391,69310
30392,56397
30393,40000
30394,62332
30395,40000
30396,43983
30397,62624
30398,96102
30399,42275
30400,74036
30401,65666
30402,64948
30403,40000
30404,85827
30405,40000
30406,51896
30407,40000
30408,40000
30409,49270
30410,70577
30411,40000
30412,65753
30413,71612
30414,40000
30415,40520
30416,74389
30417,49192
30418,61205
30419,40000
30420,51121
30421,40000
30422,52688
30423,52198
30424,54214
30425,86775
30426,40000
30427,40000
30428,40000
30429,47474
30430,62321
30431,40000
30432,51346
30433,40000
30434,61097
30435,43699
30436,47054
30437,45815
30438,48632
30439,78004
30440,67794
30441,42747
30442,46227
30443,40000
30444,64314
30445,59329
30446,64778
30447,40000
30448,52135
30449,40000
30450,46815
30451,40000
30452,40000
30453,40000
30454,40000
30455,83242
30456,87335
30457,40000
30458,79048
30459,40000
30460,52429
30461,56575
30462,81318
30463,59745
30464,66601
30465,41895
30466,78285
30467,54901
30468,40000
30469,66303
30470,63439
30471,54387
30472,49423
30473,62882
30474,49859
30475,46081
30476,40000
30477,57572
30478,55970
30479,56666
30480,40000
30481,42415
30482,53148
30483,40000
30484,62692
30485,76474
30486,40000
30487,40000
30488,57486
30489,40094
30490,83746
30491,63857
30492,49029
30493,43880
30494,47778
30495,71075
30496,63982
30497,79544
30498,49808
30499,40000
30500,40000
30501,43713
30502,46590
30503,40000
30504,57341
30505,40000
30506,67413
30507,44681
30508,76313
30509,88983
30510,40000
30511,60058
30512,53916
30513,62978
30514,55066
30515,46146
30516,45465
30517,49854
30518,90423
30519,63444
30520,75946
30521,67215
30522,40000
30523,40000
30524,62229
30525,52728
30526,60377
30527,40000
30528,49378
30529,81137
30530,54213
30531,40000
30532,40000
30533,40000
30534,40000
30535,79141
30536,58543
30537,40000
30538,53045
30539,65241
30540,71925
30541,57096
30542,66983
30543,51387
30544,43755
30545,48661
30546,50375
30547,73268
30548,40000
30549,40000
30550,51270
30551,65227
30552,40000
30553,62018
30554,45259
30555,92164
30556,40000
30557,40000
30558,43096
30559,83373
30560,40000
30561,40186
30562,79148
30563,61939
30564,42719
30565,40000
30566,40000
30567,77355
30568,47684
30569,47765
30570,75628
30571,40000
30572,71079
30573,40000
30574,40000
30575,57856
30576,40000
30577,47757
30578,44474
30579,40000
30580,61019
30581,53935
30582,40000
30583,64371
30584,44290
30585,45839
30586,51831
30587,61721
30588,40000
30589,49982
30590,44766
30591,40000
30592,61284
30593,40000
30594,65838
30595,53543
30596,40000
30597,69404
30598,40000
30599,50174
30600,65059
30601,66545
30602,44316
30603,40000
30604,43129
30605,52298
30606,50508
30607,62633
30608,50289
30609,40000
30610,42905
30611,40000
30612,40000
30613,45530
30614,40000
30615,49996
30616,41967
30617,56811
30618,54036
30619,60551
30620,61080
30621,40000
30622,65210
30623,61578
30624,66064
30625,50641
30626,67756
30627,62670
30628,47496
30629,40000
30630,45115
30631,54318
30632,46469
30633,50009
30634,45289
30635,63652
30636,60782
30637,40000
30638,47504
30639,40000
30640,50918
30641,64987
30642,40000
30643,65863
30644,40000
30645,40000
30646,56021
30647,67561
30648,40000
30649,54757
30650,40000
30651,40000
30652,56034
30653,48869
30654,40000
30655,74391
30656,40000
30657,51754
30658,59361
30659,44485
30660,46852
30661,51977
30662,85441
30663,69262
30664,40000
30665,83366
30666,48925
30667,51772
30668,40000
30669,64964
30670,70748
30671,42272
30672,83681
30673,42867
30674,40000
30675,40424
30676,50602
30677,40000
30678,48972
30679,49164
30680,68898
30681,70939
30682,52989
30683,49323
30684,40000
30685,40000
30686,82308
30687,75261
30688,64459
30689,43243
30690,68905
30691,40000
30692,71457
30693,40000
30694,40000
30695,42052
30696,89527
30697,91947
30698,40000
30699,67167
30700,71460
30701,40000
30702,47555
30703,40825
30704,40000
30705,55385
30706,40000
30707,40000
30708,45362
30709,60323
30710,59718
30711,53824
30712,40000
30713,99489
30714,62585
30715,47875
30716,59581
30717,40000
30718,76358
30719,44046
30720,40775
30721,40000
30722,40000
30723,40000
30724,65353
30725,44601
30726,40000
30727,85079
30728,40000
30729,45942
30730,105440
30731,56440
30732,40000
30733,52643
30734,42018
30735,55736
30736,46532
30737,40527
30738,75494
30739,43191
30740,59707
30741,61168
30742,44746
30743,57740
30744,46573
30745,40000
30746,55326
30747,50626
30748,67498
30749,42304
30750,57397
30751,40333
30752,40000
30753,40000
30754,40000
30755,49594
30756,40000
30757,71357
30758,43045
30759,40000
30760,55701
30761,40000
30762,40000
30763,54639
30764,62577
30765,72748
30766,93875
30767,40000
30768,40000
30769,83160
30770,51997
30771,40000
30772,65401
30773,40000
30774,60345
30775,41141
30776,58491
30777,45096
30778,70733
30779,40000
30780,40000
30781,47178
30782,90850
30783,58432
30784,77026
30785,43712
30786,75623
30787,40000
30788,63849
30789,64302
30790,40647
30791,40000
30792,41236
30793,62769
30794,55141
30795,53010
30796,52841
30797,59785
30798,46997
30799,52550
30800,40000
30801,74874
30802,40000
30803,40000
30804,43686
30805,86977
30806,52621
30807,48733
30808,45286
30809,40000
30810,47410
30811,40000
30812,40000
30813,47560
30814,43795
30815,40000
30816,45294
30817,40000
30818,40000
30819,40000
30820,68521
30821,52469
30822,59150
30823,58420
30824,49016
30825,40000
30826,49815
30827,40000
30828,40000
30829,52367
30830,115647
30831,65636
30832,49196
30833,65042
30834,94027
30835,40000
30836,47831
30837,40000
30838,40000
30839,69494
30840,62154
30841,56703
30842,87577
30843,67252
30844,44054
30845,50576
30846,46544
30847,74816
30848,48911
30849,40000
30850,40000
30851,73710
30852,69783
30853,40000
30854,59083
30855,68941
30856,40000
30857,40000
30858,40000
30859,44914
30860,64620
30861,71160
30862,65276
30863,40000
30864,79970
30865,40000
30866,40603
30867,40000
30868,42224
30869,50193
30870,79831
30871,40000
30872,65096
30873,54705
30874,97200
30875,40000
30876,42440
30877,40000
30878,50305
30879,40000
30880,40000
30881,75247
30882,53969
30883,40000
30884,40000
30885,52837
30886,54643
30887,44803
30888,40760
30889,58868
30890,45370
30891,40000
30892,50545
30893,40000
30894,52044
30895,55302
30896,45513
30897,46053
30898,63178
30899,50645
30900,50016
30901,40000
30902,48202
30903,69361
30904,73089
30905,40000
30906,58331
30907,40000
30908,50731
30909,68390
30910,40000
30911,69925
30912,64985
30913,50008
30914,54677
30915,40000
30916,40000
30917,45307
30918,67487
30919,64592
30920,40097
30921,49315
30922,53115
30923,52403
30924,53758
30925,48556
30926,40000
30927,77298
30928,96527
30929,41719
30930,40000
30931,80317
30932,51596
30933,40000
30934,47487
30935,40000
30936,47433
30937,40000
30938,43593
30939,46364
30940,40000
30941,52825
30942,50926
30943,56064
30944,60082
30945,63937
30946,48177
30947,65763
30948,50840
30949,40000
30950,53987
30951,40000
30952,55926
30953,45238
30954,57347
30955,56808
30956,44841
30957,72327
30958,40000
30959,40000
30960,71725
30961,40000
30962,41478
30963,53480
30964,40000
30965,54589
30966,40000
30967,40000
30968,40000
30969,77061
30970,46103
30971,40000
30972,53049
30973,44273
30974,40000
30975,73180
30976,44381
30977,47879
30978,66427
30979,40000
30980,45369
30981,82688
30982,77472
30983,40000
30984,69771
30985,40000
30986,40000
30987,43297
30988,40000
30989,44414
30990,69997
30991,88541
30992,40000
30993,50360
30994,64380
30995,60478
30996,62493
30997,40000
30998,40000
30999,40000
31000,49870
31001,62394
31002,43203
31003,70834
31004,40000
31005,60742
31006,70933
31007,43473
31008,52450
31009,40000
31010,86545
31011,72482
31012,56774
31013,45672
31014,40000
31015,40000
31016,40000
31017,80497
31018,40000
31019,40000
31020,40000
31021,40000
31022,49461
31023,40000
31024,63217
31025,51188
31026,40262
31027,46172
31028,78425
31029,40000
31030,40663
31031,50016
31032,68615
31033,74913
31034,58018
31035,54691
31036,40000
31037,40000
31038,67275
31039,56950
31040,50179
31041,40000
31042,71304
31043,40000
31044,40000
31045,40000
31046,40000
31047,51799
31048,40000
31049,40000
31050,40000
31051,41138
31052,82218
31053,41119
31054,59592
31055,49030
31056,56208
31057,52418
31058,41299
31059,84932
31060,55819
31061,56213
31062,40000
31063,58350
31064,40000
31065,47316
31066,60757
31067,48396
31068,50522
31069,58991
31070,40000
31071,48421
31072,48824
31073,70865
31074,54624
31075,67447
31076,59858
31077,76076
31078,40000
31079,43872
31080,80452
31081,70642
31082,63131
31083,57700
31084,57597
31085,45891
31086,40000
31087,40000
31088,61347
31089,40000
31090,47665
31091,55994
31092,41259
31093,59318
31094,44425
31095,41200
31096,46470
31097,40000
31098,40000
31099,70250
31100,40000
31101,56424
31102,77471
31103,74172
31104,73276
31105,43411
31106,40000
31107,53759
31108,63511
31109,71200
31110,49593
31111,78119
31112,53445
31113,40000
31114,40000
31115,56125
31116,75769
31117,68993
31118,40000
31119,42252
31120,50643
31121,40000
31122,40000
31123,40000
31124,61308
31125,40000
31126,40000
31127,101146
31128,67108
31129,71681
31130,77320
31131,58256
31132,61007
31133,41046
31134,43871
31135,80525
31136,40909
31137,63032
31138,45611
31139,42069
31140,40000
31141,47335
31142,40000
31143,52550
31144,40125
31145,40000
31146,52850
31147,54305
31148,40000
31149,49313
31150,40000
31151,47635
31152,42484
31153,46295
31154,95814
31155,51764
31156,47846
31157,58705
31158,40000
31159,91267
31160,40000
31161,54331
31162,40000
31163,40000
31164,67968
31165,77348
31166,98106
31167,40000
31168,42355
31169,61861
31170,54779
31171,70765
31172,64053
31173,84671
31174,74544
31175,45437
31176,56850
31177,40000
31178,69258
31179,40000
31180,42633
31181,40000
31182,41547
31183,40000
31184,40000
31185,40000
31186,89731
31187,61663
31188,40000
31189,54937
31190,46120
31191,46013
31192,51109
31193,47837
31194,83516
31195,40000
31196,40000
31197,54985
31198,43690
31199,79687
31200,92227
31201,40000
31202,53917
31203,43297
31204,44437
31205,40000
31206,50703
31207,40000
31208,40000
31209,53351
31210,54973
31211,48422
31212,40000
31213,71130
31214,49337
31215,40000
31216,40000
31217,40000
31218,69008
31219,62149
31220,74531
31221,40000
31222,40000
31223,40000
31224,64379
31225,82548
31226,68028
31227,40000
31228,40000
31229,40000
31230,64519
31231,76614
31232,40000
31233,46165
31234,40236
31235,44867
31236,55421
31237,40000
31238,47932
31239,40000
31240,40000
31241,49878
31242,40000
31243,40000
31244,48473
31245,65950
31246,58196
31247,40000
31248,41967
31249,60501
31250,61131
31251,40000
31252,55418
31253,68111
31254,56297
31255,45037
31256,40000
31257,45626
31258,40000
31259,56770
31260,55673
31261,40000
31262,43751
31263,52356
31264,40000
31265,56735
31266,80850
31267,44601
31268,40000
31269,60481
31270,40000
31271,59400
31272,66281
31273,45448
31274,45277
31275,40000
31276,40000
31277,51869
31278,65940
31279,66593
31280,46005
31281,40000
31282,47242
31283,40000
31284,40000
31285,40000
31286,48847
31287,72512
31288,40000
31289,59360
31290,40000
31291,76000
31292,40000
31293,71377
31294,53561
31295,40832
31296,60468
31297,46839
31298,50202
31299,46653
31300,40000
31301,66539
31302,40000
31303,49812
31304,49553
31305,40000
31306,47432
31307,62750
31308,59376
31309,66578
31310,52199
31311,46996
31312,47195
31313,48508
31314,97760
31315,40000
31316,41131
31317,40000
31318,78626
31319,58527
31320,40000
31321,46146
31322,58891
31323,40000
31324,40000
31325,71640
31326,40088
31327,40000
31328,40818
31329,66774
31330,62475
31331,68416
31332,40000
31333,40000
31334,60339
31335,60674
31336,59209
31337,58548
31338,40000
31339,79319
31340,47817
31341,53219
31342,52377
31343,53011
31344,80458
31345,67126
31346,40049
31347,58661
31348,63192
31349,47322
31350,67931
31351,70185
31352,42846
31353,52657
31354,44739
31355,84076
31356,80635
31357,40000
31358,40000
31359,48385
31360,45582
31361,40000
31362,40000
31363,95246
31364,67845
31365,42546
31366,58955
31367,40000
31368,41513
31369,40662
31370,44714
31371,40000
31372,40874
31373,48448
31374,72381
31375,67669
31376,52466
31377,40000
31378,40000
31379,64084
31380,49902
31381,45827
31382,74350
31383,40000
31384,40000
31385,67392
31386,61512
31387,51483
31388,86983
31389,44210
31390,40000
31391,40000
31392,51670
31393,40000
31394,60196
31395,50280
31396,40000
31397,56842
31398,68119
31399,43007
31400,43855
31401,69819
31402,40000
31403,50871
31404,40000
31405,40000
31406,72918
31407,55682
31408,98690
31409,69731
31410,72890
31411,58147
31412,49532
31413,40000
31414,65407
31415,40000
31416,40000
31417,67485
31418,79720
31419,46272
31420,58629
31421,40000
31422,54378
31423,40000
31424,72971
31425,70854
31426,40000
31427,67096
31428,69363
31429,45192
31430,73741
31431,40000
31432,40000
31433,53891
31434,81612
31435,47164
31436,49255
31437,40000
31438,40000
31439,79462
31440,50663
31441,69938
31442,57830
31443,52174
31444,80873
31445,52696
31446,40000
31447,45295
31448,80313
31449,48162
31450,54273
31451,75912
31452,41580
31453,40699
31454,65371
31455,40000
31456,40390
31457,46069
31458,67313
31459,82454
31460,40000
31461,70999
31462,64765
31463,40622
31464,40000
31465,40000
31466,40000
31467,48115
31468,40000
31469,53476
31470,41758
31471,40000
31472,40000
31473,60634
31474,60818
31475,58593
31476,51226
31477,40000
31478,40000
31479,43795
31480,40000
31481,40000
31482,47218
31483,60081
31484,85085
31485,40000
31486,40000
31487,40000
31488,40000
31489,40000
31490,40000
31491,65744
31492,81830
31493,65891
31494,59270
31495,62324
31496,54889
31497,40000
31498,58546
31499,99981
31500,65605
31501,40000
31502,51342
31503,40000
31504,58564
31505,40000
31506,48599
31507,59565
31508,64226
31509,40000
31510,40000
31511,40000
31512,62404
31513,40000
31514,62415
31515,57985
31516,43609
31517,55517
31518,40000
31519,40000
31520,71316
31521,95398
31522,50453
31523,40000
31524,65006
31525,59272
31526,40000
31527,40000
31528,48580
31529,40000
31530,40000
31531,52369
31532,40360
31533,68960
31534,81099
31535,63264
31536,40000
31537,40000
31538,40000
31539,40000
31540,40571
31541,51449
31542,44523
31543,56768
31544,44808
31545,82063
31546,81040
31547,40000
31548,40000
31549,70225
31550,59236
31551,53971
31552,56338
31553,74233
31554,51589
31555,40000
31556,40000
31557,45801
31558,81615
31559,61143
31560,59277
31561,72198
31562,40000
31563,64202
31564,65166
31565,87966
31566,48909
31567,49322
31568,67061
31569,40000
31570,40000
31571,45695
31572,55459
31573,41096
31574,40000
31575,40000
31576,92696
31577,71309
31578,62809
31579,47959
31580,74380
31581,49827
31582,49363
31583,40000
31584,67223
31585,63590
31586,69292
31587,40000
31588,40000
31589,40000
31590,53373
31591,40000
31592,63464
31593,48653
31594,40000
31595,99948
31596,40000
31597,40000
31598,40000
31599,40000
31600,40000
31601,49176
31602,40000
31603,71710
31604,54821
31605,64310
31606,40000
31607,99988
31608,40000
31609,50981
31610,47624
31611,53171
31612,40000
31613,40000
31614,49566
31615,49121
31616,43620
31617,40000
31618,45521
31619,46967
31620,47413
31621,52653
31622,68294
31623,60296
31624,52661
31625,44586
31626,53751
31627,53558
31628,86050
31629,73023
31630,40000
31631,58418
31632,43055
31633,40000
31634,40000
31635,45025
31636,61617
31637,50864
31638,61854
31639,89224
31640,58419
31641,47195
31642,48983
31643,51058
31644,40000
31645,40000
31646,40000
31647,40000
31648,42715
31649,40000
31650,75830
31651,65403
31652,44105
31653,66194
31654,90238
31655,58286
31656,54795
31657,40000
31658,62574
31659,66031
31660,40000
31661,81944
31662,43681
31663,56398
31664,40000
31665,99221
31666,40000
31667,44738
31668,74124
31669,40000
31670,58873
31671,40000
31672,47627
31673,40000
31674,47707
31675,40000
31676,93354
31677,40000
31678,76335
31679,58865
31680,71139
31681,51299
31682,40000
31683,61360
31684,40000
31685,42047
31686,62799
31687,71681
31688,40000
31689,43156
31690,64898
31691,40000
31692,54130
31693,47319
31694,50339
31695,49612
31696,77023
31697,58839
31698,78665
31699,60983
31700,112359
31701,45909
31702,59652
31703,85717
31704,45863
31705,80962
31706,69883
31707,40000
31708,60270
31709,40000
31710,40000
31711,61675
31712,70751
31713,49954
31714,41320
31715,57626
31716,40000
31717,40000
31718,62380
31719,70273
31720,40000
31721,40000
31722,50988
31723,40000
31724,40000
31725,40000
31726,69654
31727,53945
31728,70658
31729,63079
31730,40000
31731,58123
31732,40000
31733,40000
31734,40000
31735,44821
31736,44578
31737,40000
31738,40000
31739,49070
31740,40000
31741,40000
31742,48750
31743,62219
31744,40000
31745,40000
31746,58027
31747,40000
31748,40000
31749,40499
31750,103725
31751,40000
31752,40000
31753,41047
31754,40000
31755,40000
31756,55327
31757,75435
31758,40000
31759,45406
31760,53952
31761,73776
31762,68399
31763,64009
31764,78463
31765,40000
31766,71487
31767,53197
31768,49473
31769,40000
31770,66188
31771,80427
31772,40000
31773,72821
31774,75561
31775,56002
31776,48143
31777,40913
31778,43932
31779,40000
31780,57608
31781,40000
31782,43622
31783,40000
31784,54135
31785,52393
31786,46949
31787,63446
31788,45942
31789,40000
31790,51635
31791,70715
31792,85883
31793,40000
31794,40000
31795,53637
31796,58553
31797,80749
31798,44550
31799,69164
31800,57409
31801,51687
31802,41583
31803,62197
31804,78831
31805,60777
31806,69037
31807,56293
31808,52945
31809,40000
31810,40000
31811,79747
31812,40000
31813,40000
31814,44990
31815,54110
31816,40000
31817,64626
31818,40000
31819,43995
31820,40000
31821,50650
31822,57667
31823,55457
31824,85053
31825,58886
31826,75498
31827,83564
31828,79641
31829,64379
31830,94895
31831,81406
31832,54933
31833,43908
31834,45663
31835,40000
31836,72239
31837,51475
31838,58540
31839,60187
31840,58684
31841,60846
31842,55155
31843,55143
31844,63109
31845,52557
31846,40000
31847,40000
31848,40000
31849,68108
31850,56889
31851,51577
31852,40000
31853,49969
31854,69958
31855,65377
31856,40000
31857,61592
31858,72004
31859,86006
31860,40000
31861,40000
31862,53445
31863,90398
31864,63209
31865,40000
31866,70258
31867,40000
31868,76175
31869,40000
31870,50901
31871,68844
31872,40000
31873,83567
31874,49727
31875,40000
31876,40000
31877,40000
31878,75407
31879,50262
31880,48033
31881,61270
31882,40000
31883,63960
31884,40000
31885,62520
31886,51924
31887,65016
31888,40000
31889,40000
31890,72616
31891,81855
31892,54745
31893,56609
31894,45991
31895,46136
31896,49553
31897,68845
31898,42311
31899,57543
31900,40000
31901,87911
31902,40000
31903,46558
31904,57191
31905,68002
31906,40000
31907,49801
31908,43351
31909,46224
31910,40000
31911,57542
31912,46848
31913,43601
31914,47718
31915,64076
31916,44198
31917,40000
31918,54169
31919,57418
31920,40000
31921,57100
31922,46838
31923,47912
31924,57801
31925,40000
31926,70942
31927,40000
31928,53610
31929,40000
31930,76692
31931,57226
31932,46960
31933,45733
31934,62530
31935,40040
31936,58902
31937,40000
31938,40000
31939,60728
31940,40000
31941,40000
31942,40000
31943,49006
31944,70500
31945,76271
31946,50469
31947,40000
31948,47279
31949,57107
31950,50367
31951,89605
31952,61327
31953,40000
31954,61029
31955,60518
31956,59475
31957,68261
31958,106247
31959,62764
31960,40000
31961,40000
31962,40000
31963,52236
31964,46144
31965,40000
31966,40000
31967,44372
31968,45779
31969,87548
31970,40000
31971,40000
31972,68011
31973,63790
31974,40000
31975,40000
31976,49085
31977,40000
31978,50317
31979,43309
31980,40000
31981,57542
31982,54264
31983,40000
31984,40000
31985,40000
31986,49116
31987,53761
31988,40000
31989,70714
31990,55939
31991,40000
31992,40000
31993,40000
31994,40000
31995,47077
31996,40000
31997,57575
31998,40000
31999,75988
32000,70983
32001,69437
32002,40000
32003,40000
32004,50551
32005,72207
32006,41521
32007,67576
32008,40000
32009,71504
32010,80328
32011,40000
32012,40000
32013,65048
32014,48958
32015,54164
32016,40000
32017,50170
32018,54539
32019,82308
32020,40000
32021,40000
32022,51761
32023,40000
32024,40117
32025,40000
32026,75657
32027,75407
32028,46844
32029,72584
32030,44259
32031,40000
32032,80483
32033,40000
32034,75195
32035,50655
32036,40000
32037,40000
32038,40000
32039,48699
32040,74661
32041,56852
32042,40000
32043,40164
32044,55551
32045,55963
32046,65020
32047,46197
32048,40000
32049,40000
32050,83763
32051,51838
32052,53724
32053,40000
32054,47349
32055,62325
32056,74149
32057,42160
32058,40000
32059,47985
32060,45332
32061,40000
32062,86879
32063,43351
32064,65677
32065,80805
32066,72951
32067,40922
32068,63509
32069,49676
32070,61970
32071,40000
32072,40000
32073,48046
32074,52903
32075,85163
32076,40000
32077,65123
32078,40000
32079,63439
32080,55749
32081,65925
32082,79758
32083,40000
32084,40000
32085,58507
32086,79754
32087,60904
32088,85331
32089,40000
32090,40000
32091,44472
32092,46333
32093,40000
32094,49016
32095,40000
32096,40000
32097,40000
32098,40781
32099,53364
32100,46562
32101,54409
32102,56798
32103,83925
32104,40000
32105,40000
32106,56982
32107,40000
32108,54708
32109,54776
32110,40000
32111,45616
32112,40000
32113,40000
32114,48289
32115,64017
32116,40000
32117,75835
32118,40000
32119,57153
32120,69923
32121,40000
32122,44764
32123,49918
32124,44957
32125,40000
32126,40000
32127,45643
32128,91444
32129,70155
32130,40000
32131,51518
32132,88252
32133,40000
32134,40231
32135,40000
32136,49997
32137,40000
32138,61638
32139,56299
32140,41951
32141,40000
32142,52338
32143,71407
32144,51346
32145,50883
32146,40516
32147,60777
32148,46258
32149,40000
32150,71626
32151,66760
32152,41138
32153,41070
32154,40000
32155,40000
32156,40000
32157,50767
32158,40000
32159,57045
32160,70638
32161,46802
32162,44997
32163,40763
32164,89304
32165,46650
32166,83228
32167,60044
32168,40000
32169,50602
32170,47113
32171,40000
32172,86570
32173,51328
32174,40000
32175,52878
32176,71971
32177,40000
32178,55551
32179,65715
32180,58455
32181,40000
32182,80944
32183,40000
32184,40000
32185,48918
32186,45214
32187,82564
32188,88053
32189,42247
32190,49202
32191,56781
32192,74305
32193,76023
32194,50869
32195,56200
32196,40000
32197,64708
32198,85006
32199,54153
32200,42770
32201,45148
32202,55834
32203,40000
32204,66340
32205,51896
32206,48707
32207,40000
32208,40000
32209,40000
32210,56274
32211,55263
32212,60549
32213,47818
32214,57029
32215,40938
32216,48207
32217,40000
32218,40000
32219,41419
32220,90512
32221,80099
32222,102973
32223,40824
32224,40000
32225,45505
32226,43047
32227,40000
32228,51157
32229,84030
32230,41610
32231,40263
32232,65492
32233,52122
32234,40000
32235,40000
32236,51365
32237,67128
32238,66766
32239,47582
32240,40000
32241,48861
32242,42857
32243,40000
32244,66180
32245,40000
32246,52240
32247,41900
32248,40006
32249,40000
32250,52029
32251,40000
32252,40000
32253,58474
32254,45040
32255,40000
32256,40000
32257,40000
32258,48365
32259,48895
32260,57956
32261,61148
32262,40000
32263,72645
32264,40000
32265,74117
32266,40000
32267,85023
32268,57044
32269,41545
32270,52318
32271,40000
32272,55504
32273,74696
32274,56433
32275,51708
32276,40000
32277,40000
32278,40000
32279,53022
32280,78966
32281,72144
32282,45852
32283,65451
32284,75011
32285,58347
32286,54905
32287,43259
32288,53991
32289,44759
32290,50833
32291,42915
32292,40000
32293,40000
32294,44476
32295,51520
32296,40000
32297,54438
32298,51386
32299,56672
32300,40000
32301,40000
32302,40000
32303,56708
32304,52186
32305,51280
32306,40000
32307,40000
32308,40000
32309,40000
32310,40000
32311,40000
32312,42416
32313,40684
32314,47043
32315,65184
32316,40000
32317,40000
32318,40000
32319,88024
32320,40000
32321,53604
32322,81252
32323,66592
32324,63511
32325,44180
32326,40000
32327,40000
32328,58954
32329,56054
32330,54131
32331,40000
32332,66051
32333,40000
32334,58388
32335,60559
32336,67993
32337,82766
32338,40170
32339,70580
32340,40821
32341,46179
32342,57537
32343,55872
32344,40000
32345,45368
32346,40000
32347,66965
32348,67275
32349,71859
32350,40000
32351,44663
32352,42104
32353,41650
32354,40000
32355,65727
32356,42864
32357,40000
32358,63427
32359,55578
32360,52661
32361,40000
32362,64934
32363,42353
32364,40000
32365,40000
32366,44027
32367,40000
32368,48784
32369,60557
32370,78609
32371,40000
32372,40000
32373,46076
32374,40000
32375,40000
32376,40000
32377,54396
32378,56645
32379,40167
32380,40000
32381,80395
32382,55192
32383,40000
32384,74230
32385,61915
32386,46045
32387,41515
32388,54852
32389,40000
32390,40429
32391,40000
32392,40000
32393,40000
32394,60626
32395,40000
32396,73346
32397,40000
32398,40000
32399,40000
32400,49277
32401,47065
32402,40000
32403,41907
32404,45664
32405,61565
32406,41061
32407,40000
32408,43193
32409,40000
32410,63475
32411,70112
32412,43601
32413,54198
32414,40000
32415,51644
32416,58481
32417,50080
32418,63085
32419,41602
32420,52624
32421,93113
32422,69619
32423,46298
32424,73712
32425,76232
32426,40000
32427,54041
32428,59945
32429,40000
32430,40000
32431,40000
32432,40000
32433,40000
32434,64493
32435,40000
32436,61910
32437,57536
32438,47342
32439,64457
32440,40000
32441,40000
32442,40000
32443,69653
32444,40518
32445,43142
32446,40000
32447,64767
32448,40000
32449,43675
32450,78160
32451,40042
32452,40000
32453,62296
32454,42496
32455,53757
32456,40000
32457,50007
32458,40000
32459,40000
32460,45013
32461,40000
32462,40000
32463,57360
32464,57864
32465,40000
32466,88340
32467,40000
32468,81351
32469,52360
32470,45768
32471,79834
32472,42525
32473,40000
32474,63082
32475,40215
32476,55939
32477,40000
32478,48396
32479,86880
32480,67159
32481,40000
32482,85327
32483,49352
32484,42073
32485,57561
32486,44718
32487,56318
32488,40000
32489,58424
32490,72938
32491,67305
32492,52108
32493,42918
32494,40000
32495,40000
32496,48530
32497,55756
32498,57839
32499,45077
32500,57718
32501,44590
32502,57343
32503,43500
32504,66251
32505,63297
32506,40000
32507,60029
32508,45207
32509,59509
32510,40000
32511,57209
32512,42848
32513,79342
32514,44509
32515,40000
32516,41915
32517,74846
32518,40000
32519,56200
32520,40000
32521,40000
32522,51493
32523,40000
32524,40000
32525,52907
32526,40000
32527,50707
32528,61189
32529,72480
32530,74762
32531,63102
32532,52124
32533,52083
32534,40000
32535,40000
32536,43559
32537,62912
32538,40000
32539,64920
32540,67316
32541,40000
32542,40000
32543,40000
32544,70489
32545,40000
32546,42309
32547,56061
32548,55055
32549,65309
32550,40000
32551,41106
32552,50710
32553,40000
32554,41707
32555,42405
32556,41182
32557,56582
32558,67215
32559,40000
32560,40000
32561,55923
32562,75112
32563,40000
32564,40000
32565,48958
32566,74272
32567,65352
32568,40000
32569,71900
32570,40000
32571,48321
32572,40135
32573,43212
32574,49361
32575,40000
32576,76882
32577,40000
32578,48555
32579,40000
32580,46813
32581,40109
32582,40000
32583,56028
32584,41257
32585,76488
32586,64585
32587,40000
32588,54144
32589,40357
32590,40000
32591,58367
32592,66696
32593,40000
32594,54143
32595,69937
32596,40000
32597,40000
32598,41742
32599,66123
32600,63863
32601,46680
32602,40000
32603,67620
32604,52059
32605,40000
32606,92571
32607,66651
32608,40000
32609,68374
32610,63357
32611,73291
32612,49392
32613,45120
32614,44039
32615,40000
32616,40000
32617,66167
32618,71728
32619,69413
32620,58922
32621,40000
32622,40000
32623,54177
32624,41617
32625,46936
32626,57195
32627,56850
32628,48286
32629,40000
32630,40000
32631,40000
32632,40000
32633,74726
32634,40000
32635,54511
32636,57178
32637,61060
32638,80548
32639,72331
32640,69207
32641,54119
32642,40000
32643,40000
32644,40000
32645,58469
32646,68621
32647,40000
32648,45614
32649,51124
32650,44715
32651,54345
32652,48904
32653,81357
32654,63665
32655,40000
32656,50919
32657,44427
32658,40000
32659,62165
32660,60619
32661,73315
32662,68987
32663,40000
32664,78762
32665,40419
32666,40000
32667,48149
32668,48221
32669,48969
32670,44027
32671,40000
32672,44802
32673,40000
32674,78231
32675,40000
32676,40000
32677,40000
32678,43929
32679,40000
32680,46968
32681,54192
32682,45653
32683,40000
32684,65665
32685,56209
32686,58054
32687,55170
32688,47198
32689,58830
32690,40000
32691,54217
32692,49711
32693,53443
32694,40057
32695,50082
32696,54072
32697,75121
32698,40000
32699,40000
32700,40000
32701,59104
32702,42608
32703,66739
32704,40000
32705,44671
32706,40000
32707,40000
32708,74066
32709,49775
32710,45720
32711,44246
32712,40000
32713,44004
32714,82622
32715,40000
32716,40000
32717,51008
32718,40000
32719,67046
32720,40000
32721,40000
32722,40000
32723,40000
32724,63495
32725,79699
32726,43388
32727,42812
32728,46721
32729,53249
32730,51368
32731,40000
32732,62161
32733,56207
32734,40000
32735,78009
32736,40000
32737,49513
32738,61190
32739,40000
32740,57710
32741,90317
32742,72804
32743,76279
32744,40000
32745,53303
32746,40000
32747,57363
32748,40000
32749,55410
32750,40000
32751,48712
32752,53722
32753,87223
32754,40000
32755,60087
32756,53753
32757,71763
32758,53199
32759,40000
32760,67565
32761,40000
32762,50904
32763,40000
32764,44245
32765,40000
32766,56601
32767,52384
32768,67471
32769,40000
32770,40000
32771,40000
32772,51901
32773,81948
32774,61938
32775,40000
32776,84122
32777,40000
32778,40000
32779,65837
32780,40000
32781,42753
32782,50912
32783,40000
32784,40000
32785,40000
32786,40000
32787,58447
32788,49257
32789,43068
32790,40000
32791,55774
32792,53842
32793,55263
32794,41284
32795,40000
32796,40000
32797,63195
32798,44882
32799,40000
32800,40000
32801,43684
32802,40000
32803,40000
32804,44186
32805,61075
32806,53026
32807,53535
32808,53860
32809,45997
32810,40000
32811,52806
32812,44507
32813,40000
32814,40000
32815,61523
32816,67442
32817,48143
32818,57513
32819,57766
32820,52863
32821,40000
32822,71631
32823,40000
32824,50347
32825,79676
32826,107576
32827,54018
32828,40000
32829,40000
32830,49425
32831,55959
32832,67459
32833,54147
32834,54706
32835,40000
32836,40000
32837,40000
32838,55707
32839,47357
32840,63477
32841,59935
32842,66052
32843,44117
32844,48091
32845,44293
32846,84004
32847,40000
32848,53597
32849,55787
32850,40000
32851,70868
32852,40000
32853,48863
32854,40000
32855,40000
32856,43674
32857,45951
32858,45763
32859,64215
32860,40000
32861,40000
32862,40326
32863,40000
32864,49402
32865,54826
32866,50704
32867,71301
32868,56953
32869,47954
32870,86555
32871,68073
32872,60788
32873,41802
32874,50907
32875,40000
32876,57470
32877,80458
32878,40000
32879,57013
32880,53072
32881,77457
32882,65857
32883,67056
32884,40000
32885,40000
32886,58308
32887,81342
32888,43906
32889,77339
32890,63430
32891,40000
32892,56137
32893,44045
32894,45247
32895,50421
32896,71168
32897,40000
32898,94018
32899,61517
32900,55327
32901,40000
32902,40000
32903,52832
32904,49904
32905,67415
32906,53752
32907,60549
32908,40000
32909,40000
32910,40000
32911,40000
32912,67579
32913,57040
32914,47891
32915,40000
32916,42744
32917,40000
32918,78664
32919,40000
32920,40000
32921,41505
32922,40000
32923,70256
32924,78242
32925,40000
32926,44243
32927,63048
32928,60926
32929,97811
32930,73261
32931,74697
32932,40000
32933,40000
32934,47709
32935,40000
32936,73509
32937,85035
32938,40000
32939,40000
32940,49421
32941,40016
32942,40000
32943,40000
32944,51254
32945,45469
32946,40000
32947,53005
32948,84373
32949,52242
32950,40000
32951,40000
32952,40000
32953,82056
32954,49044
32955,59778
32956,87342
32957,65054
32958,62209
32959,40000
32960,46046
32961,50004
32962,49726
32963,40000
32964,40000
32965,64891
32966,40000
32967,40000
32968,44148
32969,48441
32970,48327
32971,53425
32972,40000
32973,44975
32974,53913
32975,40000
32976,40000
32977,65540
32978,40937
32979,40000
32980,40000
32981,63823
32982,57400
32983,40000
32984,69384
32985,63938
32986,40000
32987,57530
32988,55057
32989,40000
32990,40000
32991,41957
32992,40000
32993,62831
32994,40000
32995,42905
32996,60074
32997,57984
32998,86524
32999,67329
33000,40000
33001,40000
33002,55032
33003,40000
33004,40000
33005,48402
33006,64984
33007,58433
33008,96870
33009,76829
33010,48000
33011,40000
33012,56537
33013,40000
33014,40000
33015,64941
33016,56577
33017,62994
33018,47993
33019,40000
33020,40000
33021,66907
33022,48762
33023,40000
33024,85573
33025,40000
33026,49240
33027,84490
33028,45530
33029,41358
33030,43206
33031,76979
33032,74787
33033,66791
33034,46256
33035,53034
33036,40000
33037,49493
33038,40000
33039,40000
33040,48200
33041,58318
33042,46563
33043,47550
33044,62764
33045,44343
33046,68672
33047,40000
33048,46363
33049,40000
33050,50145
33051,53440
33052,40000
33053,40000
33054,44198
33055,52251
33056,52483
33057,57558
33058,55026
33059,40000
33060,40000
33061,45523
33062,40000
33063,40000
33064,49121
33065,43492
33066,43468
33067,62458
33068,62374
33069,40000
33070,56524
33071,40000
33072,73984
33073,89246
33074,40000
33075,75877
33076,59053
33077,50894
33078,84655
33079,61434
33080,50666
33081,40000
33082,62924
33083,47381
33084,40000
33085,53869
33086,40000
33087,53996
33088,62352
33089,84081
33090,41229
33091,70509
33092,65665
33093,45566
33094,41149
33095,43854
33096,40000
33097,40000
33098,42312
33099,92727
33100,49895
33101,56229
33102,41560
33103,79499
33104,40000
33105,40000
33106,59899
33107,40436
33108,40000
33109,40000
33110,45551
33111,66747
33112,40000
33113,47071
33114,57787
33115,44843
33116,52316
33117,48354
33118,55284
33119,44693
33120,40000
33121,59728
33122,56637
33123,43475
33124,72961
33125,40000
33126,40000
33127,40000
33128,57386
33129,56744
33130,48255
33131,40000
33132,40000
33133,40000
33134,44414
33135,40000
33136,81096
33137,49486
33138,43671
33139,40000
33140,53173
33141,50397
33142,51291
33143,40000
33144,63875
33145,65938
33146,52636
33147,40000
33148,80674
33149,54988
33150,40000
33151,46884
33152,79023
33153,62876
33154,111551
33155,84604
33156,48823
33157,70916
33158,47475
33159,40000
33160,78873
33161,40000
33162,40000
33163,44918
33164,49953
33165,63802
33166,58305
33167,84977
33168,40000
33169,41505
33170,40000
33171,51582
33172,72959
33173,40000
33174,40000
33175,48033
33176,70407
33177,40000
33178,40000
33179,71335
33180,44041
33181,47598
33182,43938
33183,48354
33184,72067
33185,63633
33186,40000
33187,42169
33188,88447
33189,62875
33190,49300
33191,44876
33192,92899
33193,95718
33194,40000
33195,42185
33196,70306
33197,80779
33198,71602
33199,40824
33200,68520
33201,40000
33202,43849
33203,40814
33204,57930
33205,67507
33206,40000
33207,41316
33208,48597
33209,101928
33210,49222
33211,40000
33212,85199
33213,58427
33214,62657
33215,48797
33216,68912
33217,62513
33218,52303
33219,40000
33220,40000
33221,40000
33222,40000
33223,40504
33224,40000
33225,50864
33226,64453
33227,40000
33228,52607
33229,40000
33230,75090
33231,40000
33232,40347
33233,61631
33234,61930
33235,54325
33236,40000
33237,40000
33238,69017
33239,49871
33240,40000
33241,40000
33242,51929
33243,40000
33244,45095
33245,43807
33246,42189
33247,43372
33248,40376
33249,78988
33250,53461
33251,41245
33252,44559
33253,72538
33254,40000
33255,46539
33256,40000
33257,40000
33258,56808
33259,40000
33260,44011
33261,60431
33262,40000
33263,40000
33264,46425
33265,47335
33266,40000
33267,77378
33268,40000
33269,52229
33270,64195
33271,40000
33272,59647
33273,40431
33274,40000
33275,79065
33276,72527
33277,46245
33278,100298
33279,71953
33280,56946
33281,42158
33282,40000
33283,49133
33284,46114
33285,77214
33286,40000
33287,43194
33288,40000
33289,40000
33290,52318
33291,95412
33292,60060
33293,40000
33294,58527
33295,56835
33296,53913
33297,59246
33298,42686
33299,68034
33300,86154
33301,51917
33302,40000
33303,45513
33304,45176
33305,57090
33306,67855
33307,40000
33308,70410
33309,73339
33310,49421
33311,40000
33312,40041
33313,40000
33314,65674
33315,73518
33316,51877
33317,99773
33318,42063
33319,49838
33320,40000
33321,40000
33322,40000
33323,40000
33324,45687
33325,40000
33326,48451
33327,40000
33328,74143
33329,45067
33330,61559
33331,40000
33332,63790
33333,63358
33334,55488
33335,40000
33336,65522
33337,74475
33338,41818
33339,43185
33340,49082
33341,55299
33342,45997
33343,81974
33344,55732
33345,40000
33346,47185
33347,40000
33348,81361
33349,40000
33350,54610
33351,43024
33352,59477
33353,57267
33354,40000
33355,50045
33356,91248
33357,50673
33358,40000
33359,86412
33360,43073
33361,40000
33362,44410
33363,71033
33364,40000
33365,59261
33366,50667
33367,83244
33368,40000
33369,57990
33370,54680
33371,40000
33372,61055
33373,48118
33374,59769
33375,40000
33376,55079
33377,81202
33378,69494
33379,40455
33380,40000
33381,40000
33382,59618
33383,40000
33384,47579
33385,49278
33386,56808
33387,47342
33388,66354
33389,65847
33390,56994
33391,40000
33392,41403
33393,40000
33394,64774
33395,40000
33396,72283
33397,44022
33398,72849
33399,40000
33400,40000
33401,40000
33402,46633
33403,66777
33404,43417
33405,56038
33406,68350
33407,64022
33408,40000
33409,40000
33410,51607
33411,75586
33412,40000
33413,52045
33414,73034
33415,40000
33416,40000
33417,40000
33418,40000
33419,47133
33420,47652
33421,57461
33422,40000
33423,61001
33424,40000
33425,44147
33426,60211
33427,40000
33428,44132
33429,77914
33430,40000
33431,57458
33432,56322
33433,84694
33434,50870
33435,51349
33436,74674
33437,40000
33438,40000
33439,45528
33440,88999
33441,40000
33442,41223
33443,72827
33444,63744
33445,40000
33446,43333
33447,58095
33448,43739
33449,81076
33450,55069
33451,52827
33452,84271
33453,41609
33454,81225
33455,81856
33456,47793
33457,40000
33458,40000
33459,61683
33460,63971
33461,77933
33462,51327
33463,40000
33464,71288
33465,40000
33466,40000
33467,40000
33468,40000
33469,54796
33470,44293
33471,42532
33472,51543
33473,94755
33474,65050
33475,44717
33476,61596
33477,42703
33478,40000
33479,40000
33480,62034
33481,68794
33482,93807
33483,40000
33484,54148
33485,43328
33486,59028
33487,56931
33488,40000
33489,53929
33490,40000
33491,47077
33492,62544
33493,43226
33494,56768
33495,45981
33496,62400
33497,62639
33498,61214
33499,56936
33500,40000
33501,41750
33502,55519
33503,60065
33504,40000
33505,49718
33506,40000
33507,65530
33508,40000
33509,66918
33510,57425
33511,40000
33512,46848
33513,40000
33514,40000
33515,84118
33516,40000
33517,40542
33518,54322
33519,75091
33520,40000
33521,52616
33522,40000
33523,80979
33524,49306
33525,67866
33526,51563
33527,82090
33528,60126
33529,48047
33530,40000
33531,66797
33532,57669
33533,65026
33534,91449
33535,40000
33536,60075
33537,63051
33538,46327
33539,40000
33540,40000
33541,51248
33542,54906
33543,102312
33544,40000
33545,60133
33546,63822
33547,50664
33548,40451
33549,40000
33550,45732
33551,57814
33552,70187
33553,93109
33554,59400
33555,77978
33556,86066
33557,59176
33558,50443
33559,50518
33560,68165
33561,54423
33562,40000
33563,40000
33564,41845
33565,49769
33566,48158
33567,48014
33568,78100
33569,49074
33570,40000
33571,40000
33572,52097
33573,40000
33574,40000
33575,58399
33576,74359
33577,62161
33578,40000
33579,78586
33580,50330
33581,58948
33582,100577
33583,52604
33584,40000
33585,40000
33586,40000
33587,49296
33588,42222
33589,62113
33590,40648
33591,46621
33592,40000
33593,65392
33594,62310
33595,40000
33596,49845
33597,61734
33598,40000
33599,75583
33600,40000
33601,40000
33602,40000
33603,87759
33604,77175
33605,47791
33606,61733
33607,85377
33608,43048
33609,74297
33610,45995
33611,40000
33612,40000
33613,63455
33614,40000
33615,51000
33616,40000
33617,108525
33618,67111
33619,40000
33620,40000
33621,40214
33622,72538
33623,40000
33624,40000
33625,61313
33626,52891
33627,69746
33628,44804
33629,40000
33630,40000
33631,66795
33632,51309
33633,43850
33634,44919
33635,43512
33636,51664
33637,40000
33638,98800
33639,69726
33640,40000
33641,88900
33642,42935
33643,40000
33644,86315
33645,40000
33646,68324
33647,65433
33648,40000
33649,40000
33650,61720
33651,50340
33652,44082
33653,41618
33654,40000
33655,40501
33656,47749
33657,40000
33658,40000
33659,75004
33660,40000
33661,90893
33662,48195
33663,40000
33664,40000
33665,45540
33666,40000
33667,51436
33668,41791
33669,46161
33670,56031
33671,43849
33672,40000
33673,56673
33674,54210
33675,40000
33676,40000
33677,57673
33678,40000
33679,40000
33680,67569
33681,78274
33682,40000
33683,40000
33684,64081
33685,63064
33686,40000
33687,40000
33688,63038
33689,63978
33690,50239
33691,59986
33692,40000
33693,42502
33694,40000
33695,91278
33696,40000
33697,40000
33698,80844
33699,77924
33700,40000
33701,120986
33702,42705
33703,40000
33704,40000
33705,40000
33706,45022
33707,40000
33708,51385
33709,70062
33710,40000
33711,44715
33712,45839
33713,58532
33714,47445
33715,53944
33716,40000
33717,101006
33718,68681
33719,58894
33720,41498
33721,81957
33722,40000
33723,40000
33724,40000
33725,40000
33726,48271
33727,66611
33728,40000
33729,40000
33730,40000
33731,40000
33732,70127
33733,40000
33734,40000
33735,46330
33736,55845
33737,41716
33738,49544
33739,43122
33740,80588
33741,40000
33742,40000
33743,40000
33744,60228
33745,49426
33746,40000
33747,53761
33748,68785
33749,63367
33750,46559
33751,59642
33752,42603
33753,75717
33754,53591
33755,46670
33756,59237
33757,64261
33758,45955
33759,40000
33760,110072
33761,41007
33762,40000
33763,90211
33764,44624
33765,40000
33766,55945
33767,40000
33768,40000
33769,56270
33770,40000
33771,45859
33772,59878
33773,40000
33774,47732
33775,51221
33776,54904
33777,58197
33778,53467
33779,95999
33780,41814
33781,54762
33782,40000
33783,51456
33784,40000
33785,40000
33786,72813
33787,46176
33788,60704
33789,40000
33790,40000
33791,49556
33792,40000
33793,51808
33794,49243
33795,40000
33796,59077
33797,68242
33798,40000
33799,40000
33800,40000
33801,40000
33802,52899
33803,41919
33804,66725
33805,44748
33806,81697
33807,61304
33808,41201
33809,57401
33810,53642
33811,69560
33812,73574
33813,52836
33814,73352
33815,40420
33816,62527
33817,40000
33818,40000
33819,74567
33820,75351
33821,40000
33822,64170
33823,64256
33824,83641
33825,42621
33826,68831
33827,56153
33828,40000
33829,40725
33830,40000
33831,68264
33832,40000
33833,40000
33834,48529
33835,40000
33836,52974
33837,56012
33838,58188
33839,40482
33840,51300
33841,66334
33842,53772
33843,40000
33844,42560
33845,62125
33846,40861
33847,40000
33848,42480
33849,40000
33850,40000
33851,44582
33852,74269
33853,40000
33854,83724
33855,40000
33856,40000
33857,47471
33858,81578
33859,44112
33860,52064
33861,67434
33862,81758
33863,40694
33864,47981
33865,74001
33866,40000
33867,40000
33868,40000
33869,89526
33870,40000
33871,40000
33872,45905
33873,40653
33874,40000
33875,51218
33876,42922
33877,40000
33878,75807
33879,40000
33880,40000
33881,44526
33882,40000
33883,48499
33884,40000
33885,40000
33886,56569
33887,48237
33888,75812
33889,40000
33890,40000
33891,40000
33892,40000
33893,40000
33894,70823
33895,40000
33896,40000
33897,40000
33898,53738
33899,40000
33900,51997
33901,63026
33902,46777
33903,52660
33904,72491
33905,40000
33906,53162
33907,67143
33908,40670
33909,40000
33910,51998
33911,40000
33912,40000
33913,50784
33914,58307
33915,50880
33916,72076
33917,49306
33918,80261
33919,54482
33920,43742
33921,40000
33922,40000
33923,66687
33924,40000
33925,40000
33926,40000
33927,53116
33928,56351
33929,62535
33930,54550
33931,56044
33932,52567
33933,40000
33934,40000
33935,59802
33936,49329
33937,76719
33938,44512
33939,40000
33940,40000
33941,65903
33942,53687
33943,70944
33944,40000
33945,43282
33946,52564
33947,70130
33948,54004
33949,100908
33950,51630
33951,59947
33952,68037
33953,42374
33954,40000
33955,68339
33956,40000
33957,40000
33958,40000
33959,40000
33960,40000
33961,50509
33962,49623
33963,40962
33964,45491
33965,40000
33966,40000
33967,40000
33968,86808
33969,59860
33970,47828
33971,68256
33972,51931
33973,45097
33974,40000
33975,75985
33976,40000
33977,74909
33978,67149
33979,40453
33980,53864
33981,47451
33982,40000
33983,59416
33984,64798
33985,59359
33986,52344
33987,68816
33988,40835
33989,40000
33990,40000
33991,64612
33992,44382
33993,40000
33994,43558
33995,49482
33996,40000
33997,49357
33998,40000
33999,40000
34000,69448
34001,57531
34002,40000
34003,90110
34004,57208
34005,49413
34006,49593
34007,40000
34008,46740
34009,40000
34010,52440
34011,60227
34012,41695
34013,71666
34014,53675
34015,40000
34016,84189
34017,89859
34018,40677
34019,40000
34020,40000
34021,51956
34022,40000
34023,40936
34024,84446
34025,40000
34026,44899
34027,46745
34028,51418
34029,42059
34030,84366
34031,41651
34032,62672
34033,78300
34034,51579
34035,40000
34036,66650
34037,40000
34038,66763
34039,40000
34040,40000
34041,58173
34042,65437
34043,77227
34044,51567
34045,69158
34046,40000
34047,40000
34048,67482
34049,75061
34050,63832
34051,40000
34052,54251
34053,56274
34054,84877
34055,61616
34056,43530
34057,40000
34058,40000
34059,54776
34060,40000
34061,55175
34062,43831
34063,61844
34064,68256
34065,50818
34066,40000
34067,73825
34068,52100
34069,77105
34070,40000
34071,58120
34072,68592
34073,40710
34074,42838
34075,55343
34076,49446
34077,50005
34078,40000
34079,49029
34080,47543
34081,68703
34082,43989
34083,53360
34084,62516
34085,40000
34086,40000
34087,49450
34088,40000
34089,40000
34090,42832
34091,69703
34092,57994
34093,40000
34094,42817
34095,83358
34096,46035
34097,65730
34098,41302
34099,56672
34100,57116
34101,58334
34102,60641
34103,66144
34104,51051
34105,44121
34106,40000
34107,40000
34108,75209
34109,81088
34110,51644
34111,46429
34112,67899
34113,50816
34114,65815
34115,40000
34116,40000
34117,40000
34118,66090
34119,40000
34120,61681
34121,50950
34122,68696
34123,61299
34124,47317
34125,44093
34126,91800
34127,59845
34128,89866
34129,40000
34130,40000
34131,62060
34132,56065
34133,56304
34134,53407
34135,52171
34136,55215
34137,43519
34138,49068
34139,61770
34140,67891
34141,40000
34142,44423
34143,67335
34144,57338
34145,40000
34146,88954
34147,87973
34148,40000
34149,81074
34150,71615
34151,44063
34152,59135
34153,40000
34154,62699
34155,53963
34156,43804
34157,40000
34158,60792
34159,85308
34160,51464
34161,40000
34162,51900
34163,40000
34164,88265
34165,40000
34166,40000
34167,75263
34168,40000
34169,78609
34170,62798
34171,40000
34172,56002
34173,65828
34174,40000
34175,61003
34176,40000
34177,62921
34178,49908
34179,40000
34180,40000
34181,40000
34182,49609
34183,40000
34184,55794
34185,40000
34186,78759
34187,41608
34188,75303
34189,40000
34190,51406
34191,82375
34192,46882
34193,40000
34194,40956
34195,56882
34196,63773
34197,78602
34198,40000
34199,40000
34200,40000
34201,80635
34202,43449
34203,41793
34204,40000
34205,43400
34206,51439
34207,40000
34208,40000
34209,52474
34210,46154
34211,43052
34212,40000
34213,40000
34214,64553
34215,75410
34216,40000
34217,75235
34218,40000
34219,77590
34220,58032
34221,42518
34222,42837
34223,79150
34224,40000
34225,59401
34226,59199
34227,40000
34228,40000
34229,48725
34230,53639
34231,40000
34232,40000
34233,59320
34234,40000
34235,79980
34236,40000
34237,40000
34238,61940
34239,61245
34240,73937
34241,71910
34242,40000
34243,41642
34244,40000
34245,45058
34246,58501
34247,55621
34248,47475
34249,85018
34250,78564
34251,60596
34252,65306
34253,40000
34254,40000
34255,40000
34256,40000
34257,40000
34258,78941
34259,40000
34260,58528
34261,40000
34262,76078
34263,40000
34264,47190
34265,40000
34266,40000
34267,77098
34268,62612
34269,60296
34270,48006
34271,72529
34272,47360
34273,69091
34274,40000
34275,40000
34276,49104
34277,40000
34278,73380
34279,40000
34280,68353
34281,58011
34282,63609
34283,58397
34284,56038
34285,40000
34286,40000
34287,57743
34288,45167
34289,68223
34290,59960
34291,55361
34292,40000
34293,70488
34294,61781
34295,50910
34296,40000
34297,40000
34298,61027
34299,40843
34300,40000
34301,50182
34302,40000
34303,57547
34304,40000
34305,47492
34306,77132
34307,41696
34308,50746
34309,52073
34310,61635
34311,41110
34312,40329
34313,40000
34314,40000
34315,51583
34316,55435
34317,44003
34318,71253
34319,60968
34320,81680
34321,62650
34322,51175
34323,40000
34324,40000
34325,40000
34326,46551
34327,52876
34328,78987
34329,40000
34330,55286
34331,40000
34332,45545
34333,65893
34334,47401
34335,44464
34336,51516
34337,58008
34338,40000
34339,41023
34340,44207
34341,97544
34342,59313
34343,62698
34344,52140
34345,55519
34346,76033
34347,84742
34348,50163
34349,46214
34350,43536
34351,51647
34352,52851
34353,85326
34354,52117
34355,40000
34356,40000
34357,67767
34358,50593
34359,78918
34360,40000
34361,84565
34362,42717
34363,49819
34364,40000
34365,40000
34366,40000
34367,40000
34368,63925
34369,40000
34370,65604
34371,58387
34372,75561
34373,55406
34374,72162
34375,45550
34376,48908
34377,40000
34378,40000
34379,44972
34380,68594
34381,44381
34382,101364
34383,59944
34384,48618
34385,40000
34386,59884
34387,46021
34388,40986
34389,58503
34390,40000
34391,78470
34392,56433
34393,40000
34394,40000
34395,62299
34396,40000
34397,57415
34398,77930
34399,40866
34400,57121
34401,80958
34402,65248
34403,91801
34404,40000
34405,90451
34406,81629
34407,40000
34408,61604
34409,40000
34410,65395
34411,56068
34412,67006
34413,48648
34414,55929
34415,40000
34416,69832
34417,53607
34418,56739
34419,53599
34420,84047
34421,40000
34422,40000
34423,53606
34424,77745
34425,51788
34426,70764
34427,64456
34428,40000
34429,78657
34430,63063
34431,40000
34432,58769
34433,63190
34434,67576
34435,40000
34436,40000
34437,40000
34438,42595
34439,40000
34440,63860
34441,40000
34442,66465
34443,54382
34444,52565
34445,40000
34446,40000
34447,40000
34448,44193
34449,48681
34450,85895
34451,60961
34452,50679
34453,40000
34454,40000
34455,64030
34456,40000
34457,61989
34458,40000
34459,44591
34460,40000
34461,56128
34462,40000
34463,40000
34464,53417
34465,40000
34466,40000
34467,45342
34468,40000
34469,70576
34470,40000
34471,61783
34472,88851
34473,47241
34474,67580
34475,72400
34476,51829
34477,52941
34478,40000
34479,48847
34480,50644
34481,40000
34482,94971
34483,41900
34484,77495
34485,42223
34486,64095
34487,60731
34488,40000
34489,40000
34490,40000
34491,43725
34492,68705
34493,87011
34494,49566
34495,44442
34496,51248
34497,57853
34498,68928
34499,40000
34500,45280
34501,42341
34502,40000
34503,68809
34504,40000
34505,87384
34506,50006
34507,45441
34508,64133
34509,54652
34510,60603
34511,75920
34512,44086
34513,84410
34514,74292
34515,40000
34516,58702
34517,40000
34518,40000
34519,40000
34520,40000
34521,42132
34522,53327
34523,60673
34524,78058
34525,47681
34526,53052
34527,40000
34528,47599
34529,40000
34530,40000
34531,52188
34532,68947
34533,40829
34534,40000
34535,40000
34536,51324
34537,44214
34538,43516
34539,40000
34540,66030
34541,40000
34542,48990
34543,40000
34544,41914
34545,48085
34546,81150
34547,81207
34548,44666
34549,56838
34550,100936
34551,63670
34552,73652
34553,80388
34554,58055
34555,40000
34556,63944
34557,41941
34558,62679
34559,40000
34560,40000
34561,58711
34562,61787
34563,62203
34564,62048
34565,40000
34566,40000
34567,40000
34568,40000
34569,40209
34570,41072
34571,57578
34572,79281
34573,45425
34574,67874
34575,41767
34576,50344
34577,54215
34578,44973
34579,46793
34580,40000
34581,83443
34582,40966
34583,64133
34584,53101
34585,70131
34586,68572
34587,77504
34588,59558
34589,45684
34590,53351
34591,40000
34592,57585
34593,64093
34594,54306
34595,62996
34596,45569
34597,68624
34598,69487
34599,66310
34600,67242
34601,55152
34602,48108
34603,55895
34604,40000
34605,52614
34606,58484
34607,40000
34608,55837
34609,76958
34610,40000
34611,75146
34612,62424
34613,41845
34614,52978
34615,55204
34616,58004
34617,41157
34618,40000
34619,40000
34620,45981
34621,59001
34622,40000
34623,81602
34624,72872
34625,61327
34626,55992
34627,65257
34628,53330
34629,40000
34630,63282
34631,44417
34632,40000
34633,49103
34634,83126
34635,40000
34636,54470
34637,54188
34638,40000
34639,56154
34640,40000
34641,69772
34642,55459
34643,66804
34644,67298
34645,61065
34646,66960
34647,40000
34648,41767
34649,40000
34650,42701
34651,40000
34652,40520
34653,42588
34654,50717
34655,40000
34656,63009
34657,44513
34658,50375
34659,40000
34660,47352
34661,41753
34662,75580
34663,46699
34664,90141
34665,40000
34666,48831
34667,40000
34668,58438
34669,50288
34670,66069
34671,50445
34672,40000
34673,40000
34674,60711
34675,40000
34676,65373
34677,49886
34678,79538
34679,77544
34680,66717
34681,43436
34682,51939
34683,81652
34684,40000
34685,40000
34686,77452
34687,40000
34688,40000
34689,54008
34690,75200
34691,40000
34692,40000
34693,45211
34694,40000
34695,40000
34696,46334
34697,40000
34698,43446
34699,71424
34700,53973
34701,40000
34702,40000
34703,55874
34704,44865
34705,40000
34706,56341
34707,40000
34708,40000
34709,50591
34710,57960
34711,55140
34712,80820
34713,47534
34714,40000
34715,41205
34716,69268
34717,54454
34718,45240
34719,40000
34720,40000
34721,40000
34722,65283
34723,50675
34724,61181
34725,81438
34726,75135
34727,61669
34728,48580
34729,49643
34730,40000
34731,46284
34732,40000
34733,40000
34734,48174
34735,40000
34736,51184
34737,40000
34738,40000
34739,40000
34740,40000
34741,54201
34742,40000
34743,63645
34744,56108
34745,74173
34746,40000
34747,40000
34748,40438
34749,40000
34750,49315
34751,95933
34752,62624
34753,62860
34754,75069
34755,43893
34756,40000
34757,80156
34758,53596
34759,52835
34760,51351
34761,55964
34762,40000
34763,40000
34764,44874
34765,40000
34766,40000
34767,42492
34768,52592
34769,40000
34770,48373
34771,69844
34772,73777
34773,40000
34774,40000
34775,65535
34776,60433
34777,40000
34778,67003
34779,40000
34780,64125
34781,60130
34782,40000
34783,78080
34784,90344
34785,40000
34786,40000
34787,89711
34788,58068
34789,63724
34790,40000
34791,53148
34792,48821
34793,40000
34794,53311
34795,47742
34796,50327
34797,40000
34798,51671
34799,56270
34800,40000
34801,47586
34802,57579
34803,53607
34804,58261
34805,50971
34806,40000
34807,40000
34808,40000
34809,57526
34810,75120
34811,55683
34812,40000
34813,40000
34814,78886
34815,40000
34816,54144
34817,40000
34818,48344
34819,57896
34820,45498
34821,77773
34822,61554
34823,61240
34824,40000
34825,42816
34826,77159
34827,76940
34828,58258
34829,40000
34830,40000
34831,59304
34832,52977
34833,57920
34834,63115
34835,40000
34836,40000
34837,49581
34838,40000
34839,65656
34840,40000
34841,40000
34842,47263
34843,40000
34844,80432
34845,47827
34846,40000
34847,40000
34848,64057
34849,68266
34850,40000
34851,40000
34852,75967
34853,47912
34854,40082
34855,67452
34856,76718
34857,64062
34858,40000
34859,59014
34860,85297
34861,59912
34862,44987
34863,45598
34864,76887
34865,76175
34866,64709
34867,70229
34868,48870
34869,40000
34870,51171
34871,48699
34872,43734
34873,40000
34874,40000
34875,58817
34876,58293
34877,40000
34878,56197
34879,72503
34880,40000
34881,70731
34882,53570
34883,40000
34884,55291
34885,40000
34886,88080
34887,58972
34888,79060
34889,92235
34890,73312
34891,62691
34892,40000
34893,42090
34894,64843
34895,42413
34896,40000
34897,49117
34898,71226
34899,49614
34900,75065
34901,54946
34902,64573
34903,51367
34904,40000
34905,58477
34906,40000
34907,41912
34908,59220
34909,62115
34910,57111
34911,40000
34912,64839
34913,43304
34914,64219
34915,53614
34916,40000
34917,40000
34918,47267
34919,65021
34920,40000
34921,56745
34922,40263
34923,71188
34924,40000
34925,69368
34926,51292
34927,47175
34928,40000
34929,40000
34930,61870
34931,76072
34932,44047
34933,40000
34934,57584
34935,56217
34936,65899
34937,44214
34938,42794
34939,76555
34940,40000
34941,85526
34942,65463
34943,40000
34944,40000
34945,57080
34946,50386
34947,85470
34948,48690
34949,40000
34950,96748
34951,67944
34952,40000
34953,84121
34954,58992
34955,47438
34956,53655
34957,40000
34958,40000
34959,83014
34960,76011
34961,50765
34962,40000
34963,40000
34964,68370
34965,40000
34966,59206
34967,42388
34968,46467
34969,58694
34970,61005
34971,40000
34972,40000
34973,51852
34974,40000
34975,40000
34976,61588
34977,40000
34978,44222
34979,57989
34980,40000
34981,40973
34982,64173
34983,46473
34984,40000
34985,44969
34986,40000
34987,52629
34988,55828
34989,40000
34990,58959
34991,40000
34992,55409
34993,94139
34994,59835
34995,40889
34996,59347
34997,58060
34998,57664
34999,56185
35000,40000
35001,53574
35002,72146
35003,63306
35004,40000
35005,54293
35006,40000
35007,65629
35008,58372
35009,65754
35010,40000
35011,41668
35012,79235
35013,60626
35014,46782
35015,43725
35016,40000
35017,40000
35018,40000
35019,65128
35020,49884
35021,49897
35022,73212
35023,40000
35024,40000
35025,45689
35026,40000
35027,66043
35028,67606
35029,40000
35030,55516
35031,40000
35032,40000
35033,52604
35034,72890
35035,40811
35036,54028
35037,40000
35038,43279
35039,40000
35040,51346
35041,74175
35042,65916
35043,54488
35044,52310
35045,40000
35046,62184
35047,55184
35048,56648
35049,40000
35050,63086
35051,45131
35052,40000
35053,40000
35054,42210
35055,40000
35056,84150
35057,67807
35058,57033
35059,52725
35060,63208
35061,78366
35062,44467
35063,40000
35064,40000
35065,70906
35066,83493
35067,41666
35068,40000
35069,100102
35070,67308
35071,46060
35072,65490
35073,76107
35074,57128
35075,40000
35076,67009
35077,54576
35078,79299
35079,60866
35080,73337
35081,53560
35082,41249
35083,40000
35084,40000
35085,62286
35086,40000
35087,40000
35088,40000
35089,45709
35090,76632
35091,46087
35092,40000
35093,72488
35094,77148
35095,50073
35096,40000
35097,67185
35098,64975
35099,48344
35100,71200
35101,59452
35102,47107
35103,49182
35104,61353
35105,53354
35106,40000
35107,43967
35108,58284
35109,50052
35110,48028
35111,40000
35112,51396
35113,40000
35114,51026
35115,40600
35116,40000
35117,64116
35118,76190
35119,48582
35120,85483
35121,64590
35122,67242
35123,57984
35124,66140
35125,40000
35126,40000
35127,53729
35128,54727
35129,61380
35130,44071
35131,81585
35132,48643
35133,43346
35134,61410
35135,40000
35136,58261
35137,66091
35138,49606
35139,41713
35140,76279
35141,54392
35142,47813
35143,40000
35144,56009
35145,40000
35146,61920
35147,47559
35148,51790
35149,68239
35150,86457
35151,40000
35152,58205
35153,73786
35154,40335
35155,41131
35156,60168
35157,53172
35158,40000
35159,40000
35160,54983
35161,72741
35162,55375
35163,45323
35164,55939
35165,109702
35166,53029
35167,69775
35168,40000
35169,68844
35170,61423
35171,40945
35172,40000
35173,40000
35174,40000
35175,67570
35176,54946
35177,40000
35178,75955
35179,50885
35180,40000
35181,64459
35182,57876
35183,65251
35184,40000
35185,40000
35186,46690
35187,72842
35188,40000
35189,55529
35190,42274
35191,65698
35192,40000
35193,40000
35194,40062
35195,40000
35196,52887
35197,40857
35198,40000
35199,58150
35200,40513
35201,58548
35202,40000
35203,40000
35204,40000
35205,60607
35206,70499
35207,40000
35208,40000
35209,75258
35210,51082
35211,56994
35212,68731
35213,102601
35214,45631
35215,51746
35216,44245
35217,54863
35218,53459
35219,41797
35220,40000
35221,58091
35222,69859
35223,40000
35224,40000
35225,70468
35226,53616
35227,40000
35228,44900
35229,55678
35230,76376
35231,70201
35232,57075
35233,70057
35234,90096
35235,49653
35236,47431
35237,50898
35238,40000
35239,82270
35240,43894
35241,40000
35242,61929
35243,41919
35244,54334
35245,40000
35246,50592
35247,40557
35248,40495
35249,40000
35250,76228
35251,71540
35252,49310
35253,40000
35254,45751
35255,54283
35256,67495
35257,40000
35258,48179
35259,40000
35260,40000
35261,73768
35262,66423
35263,40000
35264,40000
35265,40552
35266,97263
35267,41995
35268,41554
35269,40000
35270,40338
35271,55686
35272,55866
35273,46480
35274,40000
35275,40000
35276,59979
35277,44284
35278,56383
35279,72756
35280,40000
35281,40000
35282,40000
35283,63755
35284,40000
35285,40000
35286,40281
35287,55486
35288,40000
35289,40000
35290,71556
35291,60447
35292,48853
35293,55038
35294,78690
35295,55851
35296,73390
35297,40000
35298,40000
35299,40000
35300,40000
35301,66575
35302,72278
35303,40000
35304,56369
35305,74875
35306,44239
35307,45571
35308,58875
35309,47590
35310,52553
35311,40000
35312,50784
35313,56052
35314,49251
35315,52891
35316,47245
35317,71767
35318,40000
35319,40000
35320,41523
35321,46561
35322,88350
35323,53816
35324,51285
35325,40000
35326,40000
35327,40000
35328,71650
35329,62611
35330,67987
35331,52066
35332,40000
35333,43872
35334,73920
35335,40000
35336,40000
35337,44224
35338,47051
35339,59091
35340,40000
35341,40000
35342,60912
35343,61737
35344,69887
35345,65134
35346,40000
35347,40626
35348,93977
35349,40000
35350,68581
35351,40000
35352,40000
35353,56791
35354,40000
35355,78961
35356,44732
35357,40000
35358,40000
35359,74458
35360,58569
35361,49542
35362,40000
35363,61245
35364,40000
35365,40000
35366,75982
35367,108451
35368,48310
35369,60269
35370,40093
35371,40000
35372,45174
35373,70037
35374,50137
35375,83672
35376,40000
35377,45285
35378,60302
35379,40000
35380,70512
35381,85115
35382,57851
35383,40000
35384,81491
35385,65847
35386,43810
35387,59517
35388,45100
35389,77000
35390,65630
35391,71894
35392,40000
35393,75785
35394,40000
35395,68294
35396,40000
35397,45509
35398,47335
35399,40000
35400,55905
35401,45156
35402,49357
35403,46810
35404,76385
35405,57254
35406,40000
35407,64195
35408,73644
35409,54424
35410,40000
35411,40000
35412,79356
35413,63539
35414,61354
35415,41350
35416,40000
35417,62000
35418,58389
35419,63347
35420,88265
35421,43098
35422,40000
35423,58766
35424,40000
35425,73784
35426,40000
35427,72567
35428,40000
35429,61992
35430,46248
35431,40000
35432,40000
35433,71373
35434,70287
35435,40000
35436,40000
35437,64304
35438,51311
35439,40000
35440,40000
35441,48152
35442,83090
35443,46492
35444,40000
35445,53226
35446,59875
35447,44649
35448,40000
35449,87434
35450,57240
35451,40000
35452,59814
35453,40000
35454,60742
35455,50944
35456,43407
35457,74050
35458,45836
35459,40000
35460,40000
35461,40000
35462,47231
35463,53617
35464,60639
35465,71263
35466,72703
35467,40000
35468,55203
35469,79699
35470,64604
35471,81401
35472,69631
35473,66295
35474,71662
35475,65504
35476,51888
35477,49703
35478,65443
35479,40000
35480,49335
35481,77990
35482,67888
35483,40000
35484,41546
35485,41376
35486,40000
35487,42759
35488,56078
35489,42090
35490,45547
35491,48505
35492,65792
35493,65762
35494,42816
35495,40000
35496,40000
35497,66685
35498,40000
35499,40000
35500,40000
35501,45820
35502,42200
35503,94370
35504,42418
35505,51767
35506,44779
35507,48638
35508,66977
35509,74304
35510,40000
35511,40000
35512,43529
35513,61625
35514,45988
35515,56490
35516,58978
35517,40479
35518,40000
35519,76208
35520,52664
35521,65054
35522,48306
35523,40000
35524,48663
35525,40000
35526,40000
35527,54319
35528,40000
35529,72359
35530,81496
35531,78552
35532,41882
35533,48609
35534,49901
35535,47450
35536,40000
35537,48405
35538,40000
35539,103598
35540,59570
35541,40000
35542,40000
35543,50904
35544,57705
35545,41049
35546,44239
35547,47567
35548,64051
35549,64880
35550,67201
35551,48156
35552,54056
35553,63885
35554,40000
35555,54628
35556,40000
35557,62287
35558,62866
35559,48834
35560,52469
35561,68168
35562,40000
35563,64538
35564,40000
35565,70691
35566,62685
35567,59775
35568,45215
35569,80314
35570,55970
35571,72091
35572,40000
35573,41784
35574,82077
35575,48329
35576,63097
35577,60386
35578,40000
35579,40000
35580,58594
35581,52051
35582,40000
35583,41407
35584,58810
35585,80091
35586,40000
35587,40000
35588,44313
35589,49962
35590,40000
35591,40000
35592,48004
35593,40000
35594,70720
35595,69184
35596,58135
35597,44793
35598,40000
35599,72943
35600,40000
35601,47985
35602,68948
35603,40000
35604,55773
35605,40000
35606,40000
35607,40000
35608,40000
35609,47430
35610,40000
35611,55043
35612,70360
35613,54543
35614,40000
35615,81351
35616,72223
35617,42795
35618,48723
35619,52258
35620,87641
35621,73621
35622,53689
35623,73668
35624,79404
35625,40000
35626,44353
35627,62341
35628,52932
35629,67752
35630,40000
35631,87374
35632,47044
35633,66800
35634,61922
35635,40000
35636,52118
35637,40000
35638,88781
35639,40000
35640,43257
35641,57196
35642,40000
35643,40332
35644,44118
35645,78324
35646,40000
35647,77708
35648,40000
35649,96045
35650,40000
35651,59771
35652,43977
35653,40000
35654,55486
35655,72227
35656,69666
35657,40000
35658,65944
35659,80399
35660,40000
35661,54603
35662,40000
35663,62771
35664,43044
35665,40000
35666,47885
35667,40000
35668,41135
35669,89491
35670,60634
35671,70577
35672,40000
35673,50178
35674,40000
35675,40000
35676,43461
35677,40000
35678,69567
35679,52312
35680,85780
35681,71140
35682,66939
35683,40000
35684,45268
35685,54930
35686,83750
35687,69292
35688,54187
35689,73443
35690,59855
35691,95220
35692,59544
35693,43115
35694,40725
35695,65248
35696,60860
35697,65830
35698,40000
35699,77539
35700,40000
35701,40000
35702,40000
35703,40000
35704,52028
35705,40000
35706,50374
35707,41457
35708,55538
35709,61461
35710,46543
35711,40000
35712,88380
35713,49930
35714,65544
35715,45628
35716,40000
35717,107188
35718,57242
35719,80680
35720,40000
35721,43552
35722,40000
35723,40797
35724,65673
35725,91701
35726,67875
35727,51280
35728,40000
35729,48865
35730,40000
35731,49767
35732,48573
35733,56793
35734,40483
35735,41723
35736,54086
35737,52290
35738,44955
35739,63348
35740,61048
35741,78889
35742,40000
35743,46661
35744,62228
35745,48737
35746,42274
35747,40000
35748,40000
35749,52064
35750,86151
35751,45695
35752,40000
35753,40000
35754,50822
35755,40000
35756,40000
35757,40000
35758,40000
35759,50428
35760,55513
35761,40000
35762,58997
35763,63000
35764,76119
35765,72520
35766,102135
35767,40000
35768,73419
35769,40000
35770,40000
35771,72914
35772,54813
35773,40000
35774,58604
35775,40000
35776,53730
35777,40000
35778,49239
35779,89776
35780,57827
35781,40000
35782,91710
35783,107016
35784,79887
35785,45160
35786,55772
35787,51220
35788,43458
35789,43114
35790,40000
35791,86545
35792,46020
35793,56473
35794,40000
35795,40000
35796,48042
35797,49630
35798,41160
35799,40000
35800,55436
35801,40664
35802,50550
35803,40000
35804,60178
35805,40000
35806,40000
35807,40000
35808,49343
35809,47901
35810,62762
35811,40000
35812,59544
35813,40000
35814,68304
35815,45737
35816,40000
35817,78607
35818,76657
35819,42967
35820,62351
35821,45728
35822,40000
35823,61456
35824,40000
35825,40000
35826,40000
35827,55189
35828,40000
35829,40000
35830,40000
35831,43828
35832,45407
35833,54889
35834,40000
35835,43034
35836,48549
35837,74647
35838,79515
35839,43249
35840,40000
35841,40000
35842,49531
35843,40294
35844,40000
35845,72107
35846,62216
35847,58928
35848,61907
35849,40000
35850,85085
35851,67942
35852,41604
35853,40000
35854,64374
35855,40000
35856,52705
35857,86521
35858,45526
35859,72499
35860,73292
35861,40773
35862,60972
35863,50954
35864,76328
35865,40000
35866,41657
35867,53655
35868,60174
35869,40000
35870,40000
35871,49145
35872,49011
35873,74711
35874,64006
35875,40000
35876,60161
35877,40000
35878,60218
35879,40000
35880,54721
35881,72977
35882,51400
35883,69649
35884,46376
35885,40000
35886,49110
35887,40000
35888,40000
35889,40000
35890,46597
35891,43592
35892,48250
35893,62844
35894,40000
35895,40000
35896,74388
35897,45353
35898,40000
35899,40000
35900,51155
35901,68653
35902,63493
35903,81355
35904,40000
35905,60921
35906,40000
35907,58086
35908,40000
35909,44826
35910,45740
35911,48516
35912,61688
35913,40000
35914,40000
35915,40000
35916,40000
35917,80947
35918,61346
35919,49614
35920,62151
35921,40000
35922,71532
35923,40000
35924,67311
35925,40975
35926,43570
35927,40000
35928,86741
35929,64392
35930,75027
35931,40000
35932,40192
35933,40000
35934,48006
35935,49529
35936,45434
35937,73154
35938,78708
35939,57329
35940,59504
35941,64020
35942,78795
35943,70225
35944,54934
35945,47578
35946,50836
35947,43539
35948,61947
35949,58554
35950,72169
35951,40000
35952,56156
35953,61964
35954,40000
35955,40000
35956,41019
35957,40000
35958,40000
35959,60442
35960,52523
35961,58741
35962,40000
35963,43587
35964,40000
35965,53265
35966,61821
35967,47022
35968,64231
35969,50033
35970,67504
35971,40000
35972,40000
35973,40000
35974,40000
35975,49725
35976,70093
35977,40000
35978,64880
35979,50993
35980,40000
35981,86519
35982,49486
35983,48716
35984,43750
35985,71186
35986,91952
35987,82758
35988,40000
35989,70224
35990,47334
35991,60311
35992,40467
35993,56423
35994,58800
35995,40000
35996,41734
35997,40000
35998,40000
35999,43674
36000,40000
36001,40000
36002,40000
36003,40000
36004,76449
36005,41387
36006,40000
36007,87252
36008,56334
36009,41986
36010,66459
36011,53228
36012,64635
36013,40000
36014,50590
36015,55921
36016,40000
36017,40000
36018,41836
36019,40000
36020,55481
36021,65699
36022,40000
36023,51717
36024,47498
36025,44409
36026,56070
36027,40000
36028,40000
36029,55678
36030,63630
36031,40000
36032,63299
36033,45014
36034,40000
36035,86787
36036,40422
36037,58114
36038,67159
36039,40000
36040,45366
36041,58828
36042,66139
36043,90719
36044,59923
36045,40000
36046,40000
36047,42373
36048,46526
36049,43985
36050,61412
36051,43590
36052,40000
36053,61103
36054,43265
36055,72106
36056,47115
36057,54474
36058,40000
36059,76877
36060,40000
36061,40000
36062,40000
36063,55915
36064,76123
36065,40000
36066,64323
36067,46015
36068,40000
36069,61869
36070,66660
36071,67520
36072,54325
36073,77598
36074,40000
36075,40000
36076,66873
36077,40000
36078,57372
36079,40606
36080,40000
36081,46652
36082,70079
36083,40000
36084,40000
36085,91786
36086,59510
36087,75397
36088,40000
36089,41838
36090,40000
36091,76509
36092,76290
36093,40000
36094,57421
36095,42533
36096,40000
36097,71806
36098,48237
36099,40000
36100,45537
36101,40000
36102,48689
36103,60476
36104,58972
36105,47771
36106,62352
36107,42232
36108,40000
36109,40000
36110,69048
36111,55442
36112,40000
36113,59172
36114,40000
36115,40000
36116,40000
36117,75991
36118,65338
36119,40470
36120,40000
36121,82831
36122,53498
36123,51918
36124,53183
36125,76548
36126,40000
36127,43020
36128,57372
36129,40000
36130,50372
36131,46336
36132,55629
36133,88007
36134,101028
36135,103460
36136,59418
36137,80372
36138,40000
36139,50677
36140,63787
36141,40000
36142,53912
36143,40000
36144,71864
36145,40000
36146,58977
36147,53798
36148,55436
36149,63060
36150,46042
36151,44952
36152,44926
36153,40000
36154,40000
36155,96211
36156,56782
36157,75548
36158,75511
36159,52413
36160,47915
36161,42157
36162,76506
36163,45671
36164,57864
36165,45211
36166,40000
36167,40000
36168,41988
36169,40000
36170,62557
36171,40000
36172,40000
36173,57002
36174,68190
36175,56193
36176,56485
36177,40000
36178,89600
36179,59900
36180,40000
36181,62553
36182,40000
36183,88087
36184,62343
36185,76317
36186,43149
36187,50107
36188,81997
36189,40000
36190,40298
36191,59213
36192,50929
36193,40000
36194,76955
36195,40000
36196,40000
36197,40000
36198,53882
36199,48792
36200,40000
36201,55136
36202,40000
36203,52203
36204,66116
36205,74921
36206,40000
36207,54245
36208,40000
36209,94923
36210,40000
36211,47344
36212,79310
36213,101204
36214,43500
36215,73726
36216,40000
36217,40000
36218,67843
36219,107935
36220,40000
36221,53144
36222,40000
36223,42949
36224,46744
36225,71511
36226,51360
36227,44984
36228,65438
36229,49946
36230,40000
36231,50909
36232,96465
36233,41625
36234,47658
36235,40000
36236,54239
36237,40000
36238,40000
36239,77554
36240,40000
36241,47346
36242,45641
36243,43206
36244,78131
36245,50032
36246,40000
36247,44731
36248,40000
36249,57547
36250,42989
36251,40000
36252,50589
36253,47695
36254,50931
36255,40000
36256,43620
36257,48139
36258,52231
36259,71471
36260,40000
36261,52000
36262,65651
36263,61614
36264,67391
36265,56252
36266,43701
36267,78997
36268,42432
36269,48476
36270,79715
36271,40000
36272,66936
36273,62817
36274,69538
36275,53415
36276,40000
36277,40000
36278,44271
36279,50647
36280,64458
36281,40000
36282,41978
36283,40000
36284,79781
36285,53894
36286,58204
36287,47825
36288,40000
36289,49604
36290,40000
36291,44197
36292,78991
36293,40000
36294,46998
36295,41434
36296,46967
36297,40000
36298,57916
36299,62024
36300,62587
36301,72168
36302,40000
36303,52644
36304,40111
36305,57105
36306,61714
36307,44223
36308,40000
36309,46800
36310,52671
36311,78715
36312,75960
36313,43863
36314,40000
36315,40000
36316,42744
36317,40000
36318,77441
36319,48669
36320,40000
36321,45236
36322,40000
36323,45018
36324,40000
36325,46386
36326,40000
36327,49601
36328,80654
36329,53723
36330,56926
36331,57934
36332,53537
36333,74655
36334,48776
36335,40679
36336,43994
36337,43236
36338,41846
36339,46245
36340,53971
36341,40000
36342,51711
36343,43607
36344,66907
36345,71589
36346,54530
36347,51260
36348,73444
36349,60033
36350,79161
36351,54247
36352,40000
36353,51692
36354,81523
36355,56593
36356,93403
36357,41131
36358,72511
36359,45842
36360,69911
36361,40000
36362,40000
36363,53738
36364,40000
36365,76574
36366,40000
36367,40000
36368,72138
36369,45967
36370,56266
36371,56426
36372,74338
36373,50154
36374,64518
36375,53220
36376,48517
36377,92885
36378,50406
36379,47152
36380,48042
36381,60352
36382,40000
36383,40000
36384,47888
36385,40000
36386,45644
36387,60105
36388,97455
36389,40000
36390,40000
36391,40000
36392,56252
36393,43710
36394,64096
36395,75189
36396,40000
36397,56034
36398,71549
36399,69263
36400,58634
36401,40000
36402,62455
36403,80571
36404,40000
36405,58148
36406,42523
36407,70305
36408,52152
36409,40000
36410,50895
36411,77522
36412,61626
36413,40000
36414,63726
36415,40000
36416,43464
36417,57701
36418,63303
36419,45210
36420,44880
36421,40000
36422,77230
36423,40000
36424,101842
36425,61969
36426,40000
36427,46282
36428,40000
36429,40642
36430,68793
36431,80279
36432,40000
36433,87626
36434,77850
36435,40000
36436,40000
36437,92918
36438,59614
36439,40000
36440,74455
36441,43986
36442,63765
36443,40000
36444,45188
36445,92608
36446,46814
36447,40000
36448,52484
36449,40000
36450,51634
36451,51490
36452,80945
36453,40000
36454,57969
36455,40000
36456,40000
36457,60427
36458,58669
36459,89989
36460,61677
36461,57198
36462,53437
36463,68998
36464,40174
36465,58424
36466,53729
36467,64835
36468,40135
36469,46167
36470,50417
36471,40000
36472,40000
36473,40000
36474,40000
36475,40000
36476,48893
36477,40000
36478,40000
36479,70590
36480,46455
36481,40000
36482,57922
36483,40000
36484,40000
36485,40000
36486,40000
36487,55277
36488,46716
36489,48154
36490,40420
36491,52847
36492,66605
36493,56013
36494,40000
36495,40000
36496,56996
36497,40000
36498,40000
36499,40000
36500,40000
36501,40000
36502,40000
36503,45740
36504,40000
36505,46996
36506,40000
36507,50835
36508,67028
36509,40000
36510,43176
36511,60096
36512,40000
36513,45930
36514,40000
36515,48861
36516,40000
36517,63573
36518,51918
36519,54857
36520,47466
36521,57111
36522,73586
36523,40000
36524,40434
36525,78190
36526,70741
36527,50464
36528,64872
36529,62064
36530,40000
36531,48633
36532,52945
36533,77643
36534,40000
36535,46531
36536,71404
36537,40000
36538,40000
36539,40000
36540,45135
36541,40006
36542,40000
36543,40000
36544,62705
36545,40000
36546,72459
36547,47520
36548,79370
36549,84311
36550,99531
36551,40000
36552,40000
36553,40000
36554,64347
36555,44044
36556,40000
36557,49462
36558,40000
36559,40000
36560,40000
36561,77753
36562,67660
36563,40000
36564,40000
36565,40000
36566,49680
36567,53314
36568,52951
36569,46713
36570,40000
36571,63241
36572,47575
36573,40000
36574,55990
36575,66553
36576,47027
36577,60603
36578,43648
36579,65922
36580,51676
36581,55724
36582,63036
36583,56739
36584,82535
36585,84039
36586,40000
36587,77348
36588,40000
36589,43270
36590,40000
36591,75346
36592,40605
36593,42116
36594,40000
36595,95561
36596,46410
36597,80678
36598,72884
36599,40000
36600,52145
36601,60992
36602,44881
36603,40000
36604,40000
36605,79174
36606,84937
36607,40000
36608,69148
36609,46218
36610,65369
36611,40000
36612,40000
36613,56356
36614,50204
36615,40000
36616,40000
36617,40000
36618,58104
36619,40000
36620,87944
36621,75765
36622,40000
36623,86790
36624,60183
36625,40000
36626,48437
36627,58519
36628,40000
36629,65307
36630,67446
36631,53149
36632,44341
36633,60193
36634,49850
36635,50734
36636,40873
36637,61566
36638,52553
36639,40000
36640,42768
36641,40000
36642,40000
36643,40000
36644,92075
36645,62617
36646,40000
36647,40000
36648,40000
36649,75081
36650,81706
36651,40571
36652,49653
36653,44921
36654,40000
36655,83512
36656,40000
36657,40000
36658,50247
36659,48191
36660,40000
36661,59444
36662,67005
36663,85461
36664,40000
36665,74480
36666,40000
36667,43625
36668,66768
36669,40506
36670,50152
36671,43532
36672,52700
36673,40000
36674,40000
36675,67467
36676,40000
36677,40000
36678,75201
36679,51654
36680,40000
36681,43274
36682,88354
36683,40000
36684,40000
36685,53760
36686,40000
36687,89798
36688,40294
36689,68693
36690,40000
36691,41904
36692,45352
36693,56523
36694,64737
36695,40063
36696,46499
36697,81315
36698,63881
36699,80512
36700,56003
36701,40000
36702,57246
36703,48488
36704,62893
36705,45466
36706,40000
36707,40000
36708,40000
36709,40000
36710,63155
36711,40000
36712,69977
36713,40000
36714,47417
36715,40000
36716,40565
36717,40000
36718,40000
36719,47077
36720,72385
36721,40000
36722,40000
36723,61157
36724,50693
36725,52687
36726,62088
36727,59923
36728,67641
36729,59388
36730,45805
36731,86004
36732,40000
36733,40000
36734,46502
36735,62247
36736,64045
36737,60387
36738,51151
36739,49916
36740,40643
36741,57225
36742,40000
36743,86056
36744,40000
36745,40000
36746,40000
36747,40000
36748,56219
36749,40000
36750,75623
36751,52105
36752,73838
36753,40000
36754,40000
36755,54928
36756,43880
36757,40000
36758,43216
36759,40578
36760,77750
36761,40000
36762,68559
36763,40000
36764,40000
36765,46756
36766,40000
36767,44616
36768,50712
36769,45559
36770,40000
36771,64758
36772,40000
36773,40000
36774,48916
36775,66646
36776,66119
36777,40000
36778,77177
36779,40000
36780,40000
36781,46887
36782,44229
36783,40000
36784,53953
36785,40000
36786,62179
36787,69860
36788,40000
36789,40000
36790,77007
36791,83373
36792,51646
36793,40000
36794,49164
36795,66279
36796,40000
36797,59545
36798,40000
36799,46041
36800,40000
36801,40667
36802,43269
36803,40000
36804,53790
36805,52867
36806,41828
36807,64655
36808,55479
36809,40000
36810,40000
36811,70879
36812,52884
36813,43271
36814,78125
36815,44574
36816,40000
36817,80634
36818,40000
36819,85601
36820,72470
36821,70547
36822,46443
36823,40000
36824,51142
36825,40000
36826,43173
36827,75538
36828,80991
36829,40000
36830,57140
36831,40000
36832,50564
36833,52730
36834,54637
36835,48048
36836,64254
36837,40000
36838,75001
36839,47331
36840,48918
36841,40000
36842,49755
36843,66556
36844,57007
36845,45713
36846,40000
36847,48431
36848,49372
36849,72893
36850,40000
36851,40000
36852,52119
36853,62661
36854,40000
36855,53361
36856,75433
36857,69176
36858,47557
36859,40000
36860,45021
36861,47885
36862,40000
36863,59861
36864,51863
36865,40000
36866,62440
36867,40636
36868,40000
36869,40000
36870,40000
36871,50661
36872,40000
36873,54626
36874,62935
36875,40000
36876,41221
36877,63066
36878,46720
36879,71130
36880,65342
36881,40000
36882,40000
36883,56442
36884,40000
36885,72220
36886,52247
36887,44419
36888,40000
36889,51849
36890,56434
36891,68322
36892,44777
36893,40000
36894,40000
36895,60484
36896,54473
36897,61928
36898,40000
36899,62283
36900,43971
36901,52167
36902,40000
36903,80584
36904,87256
36905,101986
36906,40000
36907,73177
36908,87980
36909,40000
36910,56653
36911,53519
36912,79235
36913,51232
36914,44308
36915,40000
36916,57107
36917,48748
36918,50538
36919,40009
36920,40000
36921,40000
36922,51644
36923,49941
36924,68664
36925,57920
36926,84678
36927,48664
36928,73707
36929,40000
36930,40000
36931,40000
36932,44878
36933,40000
36934,40000
36935,64613
36936,40000
36937,40000
36938,53445
36939,69058
36940,47444
36941,50219
36942,49078
36943,63489
36944,55246
36945,73380
36946,40000
36947,40000
36948,40000
36949,61424
36950,40000
36951,40000
36952,71611
36953,70537
36954,40000
36955,68821
36956,53776
36957,91386
36958,40000
36959,58965
36960,55830
36961,54795
36962,60996
36963,46689
36964,40000
36965,51883
36966,40000
36967,58556
36968,65871
36969,63801
36970,80614
36971,48530
36972,53572
36973,49315
36974,61030
36975,40194
36976,50171
36977,55937
36978,60225
36979,40000
36980,72222
36981,63132
36982,40000
36983,47029
36984,48785
36985,48756
36986,60249
36987,64202
36988,82219
36989,40000
36990,40000
36991,65297
36992,71822
36993,65179
36994,40000
36995,50247
36996,69338
36997,64425
36998,78990
36999,60401
37000,41367
37001,52522
37002,59737
37003,40000
37004,40000
37005,42453
37006,50081
37007,63839
37008,40000
37009,44867
37010,45064
37011,54778
37012,67010
37013,40000
37014,64994
37015,48252
37016,40000
37017,40000
37018,40000
37019,61420
37020,40000
37021,40000
37022,86449
37023,77184
37024,40000
37025,49178
37026,65625
37027,48593
37028,46975
37029,40000
37030,40000
37031,51931
37032,82292
37033,43459
37034,63689
37035,67750
37036,59326
37037,45281
37038,40000
37039,40000
37040,67367
37041,40000
37042,46768
37043,59158
37044,46321
37045,84391
37046,40000
37047,40000
37048,40000
37049,40000
37050,40000
37051,82255
37052,48339
37053,40000
37054,40000
37055,40000
37056,64550
37057,49701
37058,40176
37059,40000
37060,43123
37061,40000
37062,40000
37063,51442
37064,51233
37065,48441
37066,40847
37067,40000
37068,67150
37069,40000
37070,43215
37071,43069
37072,44905
37073,46747
37074,40000
37075,41657
37076,50773
37077,68744
37078,57082
37079,54263
37080,40000
37081,65485
37082,52389
37083,40000
37084,40000
37085,70604
37086,56775
37087,40991
37088,45865
37089,40000
37090,40000
37091,40000
37092,40000
37093,59480
37094,56527
37095,57474
37096,59244
37097,40000
37098,43181
37099,49549
37100,54935
37101,54846
37102,40000
37103,41973
37104,40000
37105,48231
37106,40000
37107,46376
37108,51095
37109,47630
37110,66812
37111,74695
37112,64433
37113,94272
37114,69482
37115,54179
37116,40000
37117,40000
37118,40000
37119,48728
37120,64839
37121,40000
37122,49684
37123,60506
37124,68956
37125,40000
37126,40000
37127,40000
37128,40000
37129,63018
37130,45749
37131,40000
37132,40000
37133,56823
37134,47738
37135,54469
37136,41082
37137,41768
37138,40000
37139,49774
37140,91012
37141,40000
37142,90028
37143,84838
37144,45380
37145,41609
37146,55189
37147,71982
37148,43620
37149,77095
37150,65760
37151,43944
37152,59041
37153,40000
37154,55025
37155,47208
37156,46090
37157,40000
37158,41295
37159,50011
37160,62079
37161,79875
37162,43045
37163,106411
37164,46579
37165,40000
37166,46858
37167,40000
37168,40000
37169,47989
37170,40000
37171,56266
37172,69501
37173,40000
37174,40000
37175,51802
37176,45396
37177,45180
37178,47865
37179,40000
37180,88430
37181,40000
37182,40000
37183,52791
37184,40000
37185,61823
37186,40527
37187,40000
37188,50660
37189,56353
37190,43508
37191,40000
37192,42024
37193,40000
37194,59169
37195,67704
37196,40000
37197,46435
37198,49413
37199,40000
37200,40000
37201,48782
37202,40000
37203,70097
37204,42693
37205,71923
37206,73681
37207,40000
37208,40000
37209,40000
37210,40000
37211,40000
37212,73097
37213,40000
37214,44970
37215,70598
37216,49109
37217,46349
37218,49231
37219,70851
37220,75415
37221,43089
37222,40000
37223,72125
37224,53546
37225,40000
37226,40000
37227,40000
37228,100801
37229,68603
37230,55894
37231,69868
37232,79380
37233,46313
37234,40000
37235,85716
37236,51628
37237,90610
37238,40000
37239,42575
37240,79556
37241,40000
37242,40000
37243,40000
37244,72554
37245,74284
37246,40000
37247,56547
37248,63587
37249,46584
37250,41042
37251,40000
37252,49541
37253,52208
37254,63951
37255,65731
37256,64784
37257,40000
37258,54565
37259,40000
37260,40795
37261,56050
37262,51539
37263,74238
37264,40000
37265,41467
37266,56264
37267,64159
37268,42399
37269,65166
37270,40000
37271,72492
37272,54363
37273,73752
37274,40000
37275,41361
37276,61660
37277,58837
37278,55757
37279,53309
37280,56824
37281,69468
37282,40000
37283,40000
37284,44858
37285,52405
37286,51635
37287,43966
37288,63929
37289,40000
37290,40000
37291,41553
37292,51803
37293,52963
37294,49294
37295,71559
37296,40000
37297,50632
37298,53373
37299,40000
37300,74632
37301,65866
37302,62442
37303,59660
37304,40000
37305,40000
37306,44816
37307,54006
37308,62491
37309,46441
37310,48903
37311,42339
37312,91985
37313,40000
37314,84402
37315,56483
37316,40000
37317,40000
37318,57930
37319,46314
37320,52725
37321,70679
37322,53724
37323,62071
37324,66589
37325,84481
37326,65455
37327,40000
37328,40000
37329,53568
37330,97689
37331,99139
37332,67426
37333,77228
37334,49946
37335,50320
37336,63547
37337,87500
37338,41418
37339,40000
37340,40000
37341,57540
37342,52598
37343,72404
37344,57940
37345,65495
37346,58486
37347,50862
37348,81615
37349,40000
37350,77099
37351,46078
37352,46383
37353,40000
37354,40000
37355,76140
37356,48661
37357,45577
37358,53836
37359,69896
37360,49164
37361,41767
37362,64745
37363,40000
37364,40000
37365,63628
37366,61047
37367,40000
37368,40000
37369,49891
37370,40000
37371,57671
37372,45450
37373,54342
37374,40000
37375,73755
37376,50799
37377,40000
37378,47828
37379,58784
37380,40000
37381,81169
37382,89086
37383,46881
37384,70282
37385,40000
37386,49487
37387,40000
37388,40000
37389,40000
37390,42762
37391,47817
37392,40000
37393,40000
37394,44988
37395,40000
37396,63369
37397,56851
37398,74648
37399,42951
37400,40000
37401,45298
37402,73442
37403,55996
37404,45476
37405,61932
37406,58809
37407,46908
37408,40286
37409,52220
37410,52564
37411,68784
37412,64888
37413,40000
37414,97791
37415,45754
37416,40000
37417,43193
37418,46091
37419,40832
37420,54083
37421,48821
37422,48050
37423,40551
37424,40000
37425,40545
37426,71713
37427,40000
37428,43844
37429,40000
37430,61416
37431,61910
37432,70777
37433,71822
37434,59578
37435,53957
37436,40679
37437,45996
37438,43818
37439,62358
37440,89694
37441,41174
37442,70371
37443,69291
37444,40000
37445,40000
37446,65332
37447,40143
37448,54205
37449,69529
37450,50208
37451,40000
37452,40000
37453,45456
37454,73239
37455,50361
37456,61656
37457,48819
37458,49468
37459,46425
37460,44788
37461,62096
37462,40000
37463,70632
37464,55562
37465,45562
37466,40000
37467,69332
37468,49009
37469,40000
37470,41834
37471,48910
37472,40000
37473,55963
37474,40000
37475,60027
37476,63274
37477,59573
37478,40000
37479,40000
37480,40000
37481,40000
37482,58803
37483,43534
37484,59244
37485,85859
37486,40000
37487,40000
37488,67175
37489,51873
37490,40000
37491,95789
37492,40000
37493,69834
37494,93372
37495,40000
37496,72940
37497,60871
37498,92237
37499,70220
37500,40000
37501,40000
37502,40000
37503,53187
37504,40000
37505,60295
37506,73470
37507,65398
37508,51931
37509,40000
37510,46324
37511,60659
37512,60103
37513,56630
37514,89422
37515,64035
37516,75299
37517,40000
37518,40000
37519,46846
37520,70098
37521,40000
37522,74757
37523,40150
37524,49082
37525,86780
37526,40000
37527,46632
37528,58451
37529,86178
37530,46203
37531,65537
37532,61666
37533,40000
37534,40000
37535,62704
37536,52680
37537,45567
37538,40000
37539,42533
37540,48382
37541,40000
37542,74780
37543,50009
37544,67910
37545,41716
37546,43499
37547,54176
37548,44148
37549,47823
37550,40000
37551,67908
37552,40000
37553,47118
37554,40000
37555,64100
37556,82949
37557,40000
37558,125469
37559,82935
37560,50703
37561,54647
37562,46045
37563,40000
37564,56620
37565,40000
37566,54836
37567,40000
37568,40000
37569,73260
37570,42914
37571,63776
37572,40000
37573,40171
37574,51664
37575,65452
37576,40000
37577,72384
37578,46707
37579,46091
37580,55752
37581,40000
37582,65205
37583,40000
37584,40000
37585,40000
37586,58840
37587,61162
37588,40000
37589,64255
37590,50763
37591,40000
37592,69900
37593,60290
37594,66716
37595,40000
37596,59775
37597,40000
37598,81003
37599,81247
37600,71481
37601,58896
37602,47033
37603,55690
37604,61954
37605,69366
37606,50046
37607,40000
37608,42490
37609,40000
37610,40000
37611,46087
37612,55447
37613,41783
37614,62558
37615,40000
37616,41479
37617,47983
37618,46135
37619,63840
37620,40000
37621,48360
37622,40000
37623,73275
37624,60860
37625,52103
37626,62898
37627,65895
37628,40000
37629,54509
37630,65700
37631,64701
37632,91334
37633,47808
37634,73847
37635,60903
37636,40000
37637,40000
37638,83620
37639,40000
37640,48311
37641,54425
37642,40000
37643,41290
37644,40000
37645,53242
37646,78472
37647,48316
37648,52219
37649,69185
37650,44318
37651,40000
37652,40000
37653,88273
37654,42600
37655,40000
37656,40000
37657,42369
37658,57425
37659,64978
37660,71713
37661,67898
37662,42701
37663,48458
37664,40000
37665,40000
37666,40000
37667,69655
37668,53295
37669,47769
37670,56462
37671,62003
37672,40000
37673,40000
37674,83927
37675,40000
37676,57860
37677,40000
37678,85915
37679,40000
37680,49160
37681,40000
37682,43702
37683,55075
37684,40000
37685,40000
37686,67426
37687,75401
37688,53591
37689,40000
37690,40949
37691,83678
37692,74789
37693,44874
37694,87169
37695,47088
37696,55070
37697,40000
37698,54941
37699,40000
37700,46658
37701,40000
37702,40000
37703,51988
37704,47445
37705,54898
37706,42540
37707,51929
37708,54956
37709,40000
37710,40000
37711,40000
37712,48944
37713,54318
37714,40000
37715,52989
37716,40000
37717,84584
37718,40000
37719,51093
37720,40000
37721,51955
37722,70760
37723,40000
37724,45938
37725,53952
37726,40000
37727,40000
37728,40000
37729,40000
37730,57348
37731,73344
37732,40000
37733,100288
37734,68864
37735,40000
37736,40000
37737,40000
37738,40000
37739,40000
37740,57918
37741,40000
37742,57655
37743,53632
37744,42952
37745,60173
37746,40000
37747,45519
37748,46845
37749,43883
37750,40000
37751,59872
37752,40000
37753,40000
37754,40000
37755,40000
37756,40000
37757,65473
37758,64836
37759,40000
37760,53906
37761,64677
37762,40000
37763,40000
37764,52634
37765,105750
37766,48138
37767,40000
37768,63585
37769,40000
37770,40000
37771,45564
37772,65961
37773,40000
37774,57599
37775,40000
37776,40000
37777,58844
37778,83322
37779,67598
37780,81801
37781,40000
37782,91486
37783,62051
37784,47541
37785,52094
37786,40000
37787,50022
37788,62986
37789,40000
37790,54450
37791,49927
37792,57071
37793,47195
37794,49173
37795,40000
37796,40000
37797,57231
37798,40000
37799,53148
37800,46392
37801,43425
37802,40000
37803,40000
37804,66223
37805,40000
37806,90749
37807,64932
37808,40000
37809,54192
37810,40000
37811,40000
37812,45958
37813,53416
37814,86781
37815,47981
37816,40000
37817,40000
37818,41072
37819,40000
37820,42895
37821,51935
37822,40000
37823,53356
37824,43784
37825,74552
37826,52805
37827,48639
37828,52309
37829,40000
37830,40000
37831,58233
37832,41977
37833,45428
37834,50115
37835,49724
37836,40000
37837,40000
37838,40000
37839,60277
37840,40000
37841,52592
37842,58774
37843,56969
37844,40000
37845,47139
37846,40000
37847,48303
37848,42198
37849,47296
37850,40000
37851,40000
37852,66409
37853,69654
37854,50534
37855,54607
37856,68358
37857,40000
37858,40269
37859,71145
37860,54260
37861,40000
37862,52065
37863,40000
37864,40000
37865,78145
37866,73787
37867,43285
37868,41559
37869,87345
37870,61256
37871,50815
37872,40000
37873,47803
37874,50547
37875,40000
37876,40000
37877,67095
37878,66884
37879,41425
37880,46577
37881,69675
37882,70731
37883,54409
37884,56273
37885,63716
37886,46095
37887,40000
37888,40000
37889,40000
37890,53245
37891,40000
37892,56205
37893,40000
37894,59888
37895,54580
37896,40000
37897,40000
37898,40000
37899,40000
37900,48991
37901,48961
37902,40000
37903,70575
37904,70942
37905,49466
37906,58675
37907,40000
37908,40000
37909,51967
37910,66572
37911,76675
37912,40000
37913,92986
37914,48118
37915,40000
37916,41006
37917,97314
37918,42927
37919,58965
37920,55638
37921,40000
37922,58819
37923,40000
37924,52823
37925,40000
37926,40000
37927,40000
37928,42472
37929,42764
37930,40000
37931,47237
37932,40000
37933,56707
37934,40000
37935,40000
37936,40000
37937,74014
37938,48638
37939,40000
37940,40000
37941,60994
37942,73412
37943,57475
37944,40000
37945,40000
37946,40000
37947,78291
37948,56561
37949,42101
37950,40000
37951,40000
37952,40000
37953,56038
37954,55915
37955,40000
37956,72407
37957,60711
37958,40000
37959,56740
37960,40000
37961,49051
37962,48545
37963,40000
37964,40000
37965,53406
37966,40000
37967,78068
37968,46468
37969,53431
37970,60997
37971,40000
37972,42325
37973,40000
37974,56036
37975,67190
37976,56026
37977,44920
37978,43673
37979,86190
37980,47859
37981,63002
37982,79488
37983,63061
37984,40000
37985,61760
37986,40000
37987,51970
37988,48588
37989,62435
37990,52846
37991,40000
37992,62047
37993,62961
37994,40000
37995,87596
37996,50610
37997,40000
37998,49031
37999,54151
38000,40000
38001,40000
38002,45001
38003,40000
38004,40000
38005,40000
38006,67575
38007,61039
38008,60332
38009,40000
38010,41056
38011,70817
38012,59606
38013,73932
38014,64101
38015,40000
38016,40423
38017,40977
38018,42537
38019,94643
38020,40000
38021,40000
38022,58795
38023,40000
38024,40000
38025,40053
38026,40000
38027,40000
38028,83047
38029,52294
38030,61523
38031,54246
38032,48647
38033,45721
38034,57329
38035,44764
38036,67208
38037,41043
38038,40373
38039,40000
38040,79667
38041,62031
38042,40000
38043,49927
38044,63235
38045,40000
38046,40000
38047,40000
38048,83682
38049,50390
38050,68234
38051,40000
38052,68014
38053,63520
38054,60972
38055,52647
38056,40000
38057,40000
38058,40081
38059,44195
38060,70402
38061,40000
38062,40000
38063,40000
38064,42391
38065,55189
38066,78515
38067,41483
38068,70555
38069,41351
38070,49500
38071,51143
38072,41970
38073,46351
38074,82778
38075,56297
38076,63867
38077,40000
38078,40000
38079,46227
38080,52526
38081,72247
38082,40000
38083,46027
38084,48357
38085,63234
38086,49851
38087,66477
38088,74707
38089,40000
38090,43890
38091,76352
38092,59651
38093,70171
38094,50264
38095,101798
38096,47273
38097,49508
38098,40000
38099,52569
38100,58693
38101,44115
38102,53671
38103,48383
38104,40000
38105,54952
38106,73040
38107,68973
38108,79371
38109,40000
38110,40000
38111,54505
38112,40000
38113,40000
38114,40000
38115,40000
38116,59000
38117,93702
38118,56157
38119,45423
38120,58102
38121,40000
38122,40000
38123,69068
38124,40421
38125,66463
38126,89326
38127,71894
38128,40000
38129,40000
38130,52009
38131,52029
38132,40000
38133,68163
38134,40000
38135,40000
38136,48031
38137,40000
38138,63695
38139,40000
38140,44368
38141,55853
38142,43508
38143,56627
38144,52049
38145,61384
38146,59776
38147,83753
38148,45586
38149,40000
38150,43758
38151,40453
38152,49974
38153,40000
38154,75698
38155,56473
38156,40000
38157,47959
38158,47314
38159,46426
38160,54283
38161,96193
38162,69278
38163,58765
38164,54587
38165,67215
38166,60127
38167,51766
38168,40000
38169,40000
38170,83450
38171,69466
38172,78376
38173,40000
38174,94390
38175,54740
38176,66959
38177,64135
38178,40000
38179,70730
38180,45438
38181,56574
38182,45803
38183,40000
38184,75770
38185,40000
38186,75869
38187,102392
38188,44985
38189,40000
38190,44202
38191,46724
38192,40000
38193,40423
38194,58498
38195,43167
38196,54163
38197,56628
38198,70736
38199,67591
38200,77464
38201,40000
38202,53154
38203,47081
38204,81148
38205,40000
38206,54598
38207,40000
38208,40000
38209,40000
38210,72544
38211,40000
38212,40000
38213,41251
38214,40000
38215,60244
38216,40000
38217,50966
38218,57689
38219,40000
38220,67125
38221,86342
38222,90206
38223,64664
38224,40000
38225,67904
38226,40000
38227,40000
38228,53696
38229,40000
38230,45185
38231,40000
38232,76914
38233,81947
38234,43168
38235,43228
38236,41008
38237,61491
38238,40000
38239,93385
38240,65799
38241,64920
38242,47954
38243,42467
38244,72130
38245,62062
38246,57172
38247,52426
38248,59972
38249,79042
38250,72940
38251,40000
38252,68528
38253,65246
38254,58486
38255,58250
38256,40439
38257,46929
38258,72867
38259,40000
38260,46294
38261,56917
38262,70650
38263,69216
38264,69479
38265,62718
38266,54756
38267,53738
38268,59754
38269,61233
38270,50671
38271,60603
38272,41497
38273,40000
38274,40000
38275,40000
38276,40000
38277,46965
38278,40000
38279,47269
38280,50076
38281,40000
38282,40117
38283,67825
38284,58052
38285,63023
38286,57165
38287,77881
38288,61616
38289,50648
38290,64071
38291,52851
38292,55907
38293,40000
38294,42190
38295,87842
38296,77801
38297,40000
38298,67790
38299,40000
38300,52991
38301,40000
38302,87296
38303,40000
38304,53763
38305,40000
38306,100721
38307,40000
38308,86983
38309,40000
38310,76643
38311,40000
38312,40000
38313,40000
38314,40000
38315,87545
38316,40000
38317,40000
38318,40000
38319,40000
38320,95596
38321,40000
38322,60484
38323,40000
38324,40000
38325,40000
38326,57582
38327,48978
38328,68916
38329,40000
38330,55363
38331,64320
38332,61371
38333,40000
38334,85718
38335,40000
38336,66319
38337,62380
38338,62311
38339,40000
38340,40000
38341,40000
38342,55799
38343,50888
38344,64309
38345,43212
38346,40000
38347,87184
38348,52585
38349,66123
38350,40000
38351,114812
38352,40000
38353,40000
38354,40000
38355,53045
38356,58050
38357,47229
38358,41881
38359,46415
38360,40000
38361,40000
38362,85006
38363,40000
38364,62332
38365,62991
38366,43001
38367,40000
38368,79999
38369,41567
38370,73747
38371,73199
38372,43981
38373,40000
38374,40000
38375,65044
38376,40000
38377,43045
38378,84088
38379,46986
38380,57445
38381,51895
38382,40000
38383,63869
38384,40000
38385,52560
38386,62243
38387,40000
38388,67375
38389,40000
38390,80575
38391,49842
38392,40000
38393,42378
38394,72014
38395,40000
38396,51783
38397,49921
38398,65521
38399,40000
38400,40000
38401,40000
38402,85956
38403,40000
38404,47942
38405,54793
38406,40000
38407,76823
38408,59237
38409,46383
38410,60869
38411,40000
38412,44923
38413,60480
38414,55599
38415,40000
38416,43502
38417,62712
38418,71226
38419,78182
38420,40410
38421,57118
38422,40000
38423,61218
38424,40000
38425,72249
38426,40027
38427,41397
38428,57811
38429,40000
38430,52355
38431,86138
38432,52414
38433,40000
38434,40560
38435,52875
38436,41001
38437,40000
38438,57469
38439,44895
38440,68199
38441,43874
38442,40000
38443,40000
38444,61979
38445,78245
38446,85733
38447,51600
38448,40000
38449,40449
38450,40000
38451,77762
38452,75472
38453,40000
38454,48620
38455,59050
38456,40000
38457,40000
38458,42190
38459,73554
38460,49917
38461,80973
38462,40000
38463,40000
38464,40000
38465,43662
38466,40000
38467,41370
38468,52401
38469,40000
38470,40000
38471,42445
38472,40000
38473,76717
38474,40000
38475,40000
38476,47626
38477,53898
38478,46424
38479,50736
38480,40000
38481,40000
38482,40000
38483,40000
38484,42130
38485,59307
38486,56124
38487,40000
38488,66765
38489,73942
38490,40000
38491,84126
38492,40540
38493,59624
38494,57837
38495,40000
38496,40000
38497,57075
38498,49597
38499,48618
38500,58247
38501,40000
38502,40000
38503,48579
38504,68668
38505,68259
38506,64395
38507,55509
38508,92012
38509,40000
38510,40000
38511,85147
38512,41647
38513,52762
38514,60601
38515,42525
38516,53036
38517,40000
38518,40000
38519,40000
38520,60098
38521,40000
38522,96306
38523,58726
38524,41322
38525,48449
38526,40000
38527,57060
38528,40000
38529,72123
38530,46429
38531,48282
38532,41095
38533,40000
38534,55358
38535,48358
38536,40000
38537,60050
38538,85646
38539,58282
38540,40000
38541,40000
38542,40743
38543,40000
38544,62870
38545,56871
38546,62603
38547,53375
38548,40035
38549,77224
38550,40000
38551,40000
38552,80856
38553,69755
38554,94613
38555,58172
38556,46658
38557,40000
38558,40000
38559,40000
38560,40000
38561,91075
38562,45371
38563,58365
38564,40000
38565,40000
38566,50783
38567,46159
38568,80197
38569,86905
38570,42573
38571,41747
38572,44203
38573,73651
38574,64035
38575,72053
38576,40000
38577,66362
38578,40000
38579,69661
38580,40000
38581,43182
38582,40000
38583,75327
38584,40000
38585,40000
38586,40000
38587,92493
38588,40000
38589,82948
38590,40000
38591,69929
38592,72891
38593,60124
38594,73656
38595,59210
38596,45694
38597,60227
38598,40000
38599,40000
38600,77605
38601,40000
38602,40438
38603,45040
38604,73517
38605,40000
38606,49460
38607,40000
38608,57367
38609,40000
38610,50074
38611,40000
38612,40000
38613,40000
38614,43583
38615,40000
38616,54214
38617,53968
38618,74196
38619,62447
38620,41603
38621,74420
38622,59474
38623,53235
38624,43526
38625,40000
38626,40000
38627,57324
38628,45064
38629,68006
38630,49368
38631,66367
38632,40000
38633,52191
38634,40000
38635,73211
38636,40000
38637,40000
38638,49094
38639,63122
38640,40000
38641,55619
38642,40000
38643,49346
38644,50220
38645,42835
38646,78732
38647,48309
38648,85934
38649,40000
38650,40000
38651,50879
38652,63596
38653,43608
38654,40000
38655,45103
38656,40000
38657,40000
38658,40000
38659,40000
38660,40640
38661,53356
38662,70187
38663,40000
38664,51612
38665,57466
38666,89526
38667,40000
38668,45949
38669,40000
38670,40000
38671,70440
38672,40000
38673,53881
38674,57683
38675,46791
38676,40000
38677,63824
38678,41938
38679,40000
38680,44548
38681,63310
38682,40000
38683,82495
38684,61822
38685,77311
38686,70968
38687,40000
38688,40000
38689,48983
38690,76709
38691,88947
38692,40000
38693,60327
38694,55494
38695,55241
38696,43443
38697,40000
38698,40000
38699,79165
38700,46767
38701,65123
38702,47277
38703,48358
38704,79507
38705,45067
38706,49814
38707,72764
38708,81511
38709,44475
38710,55671
38711,40000
38712,60900
38713,54252
38714,54114
38715,47766
38716,65186
38717,40907
38718,67023
38719,50031
38720,59877
38721,40000
38722,40000
38723,40000
38724,44818
38725,65736
38726,54787
38727,40000
38728,49639
38729,49748
38730,46960
38731,97396
38732,59347
38733,46149
38734,40000
38735,51457
38736,44720
38737,40000
38738,58355
38739,64425
38740,67013
38741,40000
38742,54480
38743,47504
38744,40000
38745,46908
38746,60243
38747,53127
38748,46535
38749,58174
38750,44744
38751,52350
38752,41790
38753,53991
38754,40000
38755,40000
38756,40117
38757,82062
38758,44221
38759,62177
38760,52867
38761,44414
38762,48837
38763,95443
38764,40000
38765,40000
38766,77109
38767,40000
38768,40000
38769,40000
38770,66317
38771,71293
38772,49160
38773,57751
38774,72511
38775,48247
38776,81441
38777,40000
38778,40000
38779,40000
38780,55360
38781,40000
38782,40000
38783,66045
38784,40000
38785,48543
38786,42016
38787,47833
38788,40000
38789,48597
38790,52039
38791,41678
38792,71110
38793,40000
38794,46069
38795,54243
38796,47850
38797,40000
38798,60948
38799,62793
38800,40000
38801,57171
38802,40000
38803,47517
38804,52847
38805,68559
38806,40000
38807,71116
38808,46100
38809,40000
38810,82962
38811,40000
38812,57062
38813,40000
38814,48920
38815,40000
38816,47536
38817,76886
38818,40000
38819,40000
38820,53317
38821,100798
38822,59185
38823,53988
38824,40000
38825,69149
38826,69381
38827,66632
38828,40135
38829,53637
38830,40000
38831,67505
38832,40000
38833,83487
38834,40000
38835,48681
38836,40000
38837,50249
38838,40000
38839,88431
38840,61551
38841,40000
38842,56585
38843,54642
38844,64140
38845,47785
38846,64877
38847,63542
38848,74252
38849,59847
38850,40000
38851,40000
38852,58217
38853,51393
38854,49060
38855,67568
38856,40000
38857,40000
38858,45927
38859,83977
38860,50989
38861,40000
38862,40000
38863,44883
38864,48846
38865,41408
38866,40000
38867,40000
38868,63905
38869,60744
38870,40000
38871,49159
38872,44409
38873,40000
38874,40000
38875,41538
38876,40000
38877,50173
38878,67876
38879,40000
38880,53139
38881,40000
38882,40000
38883,62712
38884,41253
38885,58685
38886,63535
38887,50048
38888,40000
38889,54208
38890,102256
38891,40000
38892,56624
38893,40000
38894,68337
38895,44049
38896,47103
38897,47505
38898,53357
38899,40000
38900,60646
38901,58460
38902,72010
38903,52083
38904,40000
38905,40923
38906,40000
38907,70973
38908,40000
38909,40565
38910,40000
38911,45888
38912,58699
38913,40818
38914,43481
38915,53650
38916,62303
38917,40000
38918,40000
38919,86952
38920,53528
38921,40000
38922,40000
38923,48448
38924,58972
38925,42655
38926,47512
38927,50643
38928,45285
38929,40000
38930,41422
38931,40000
38932,40000
38933,71039
38934,77315
38935,40000
38936,43734
38937,40000
38938,77062
38939,40000
38940,43625
38941,58859
38942,68402
38943,40000
38944,83997
38945,40000
38946,41618
38947,40000
38948,40000
38949,69183
38950,42823
38951,71348
38952,56871
38953,40000
38954,66093
38955,40000
38956,50917
38957,66178
38958,59396
38959,40000
38960,59436
38961,60996
38962,77111
38963,68874
38964,40000
38965,62141
38966,60162
38967,63628
38968,40000
38969,53927
38970,71800
38971,47331
38972,40000
38973,40000
38974,57082
38975,40000
38976,40313
38977,40000
38978,51276
38979,44330
38980,40000
38981,40000
38982,53681
38983,89962
38984,47679
38985,66001
38986,44096
38987,40000
38988,40000
38989,40000
38990,72613
38991,40000
38992,60270
38993,55323
38994,63956
38995,40000
38996,44837
38997,40000
38998,62709
38999,43686
39000,48649
39001,44043
39002,101119
39003,64647
39004,43809
39005,40000
39006,40000
39007,45210
39008,69202
39009,59593
39010,75999
39011,40000
39012,40000
39013,42620
39014,52083
39015,71653
39016,71459
39017,40525
39018,74032
39019,48222
39020,40000
39021,40000
39022,40000
39023,40000
39024,40000
39025,40000
39026,40000
39027,62362
39028,40000
39029,40000
39030,55336
39031,69625
39032,44849
39033,58856
39034,44772
39035,49007
39036,40000
39037,40000
39038,57494
39039,76771
39040,40000
39041,40000
39042,40000
39043,40000
39044,40000
39045,40000
39046,40000
39047,48655
39048,76047
39049,40000
39050,40000
39051,48359
39052,46528
39053,46890
39054,61573
39055,72269
39056,40000
39057,45612
39058,44230
39059,62678
39060,45274
39061,73879
39062,42727
39063,63419
39064,40000
39065,52912
39066,55306
39067,57171
39068,40000
39069,62702
39070,55445
39071,68706
39072,74711
39073,52692
39074,49527
39075,57443
39076,40000
39077,52126
39078,40000
39079,40000
39080,84908
39081,57298
39082,50270
39083,63638
39084,40000
39085,83802
39086,66259
39087,65569
39088,60857
39089,40000
39090,40000
39091,55763
39092,53010
39093,41405
39094,42313
39095,82992
39096,40000
39097,100558
39098,40000
39099,67721
39100,70969
39101,56565
39102,65067
39103,57744
39104,40000
39105,42331
39106,85791
39107,40000
39108,40000
39109,74824
39110,74996
39111,44904
39112,40000
39113,65332
39114,40000
39115,49869
39116,42913
39117,70383
39118,70897
39119,45650
39120,71887
39121,40000
39122,40350
39123,40000
39124,46351
39125,52288
39126,54221
39127,44508
39128,51463
39129,40000
39130,50340
39131,40000
39132,43652
39133,40000
39134,49727
39135,40000
39136,69644
39137,58206
39138,40000
39139,42330
39140,44553
39141,69069
39142,72121
39143,92256
39144,40000
39145,90755
39146,52992
39147,56339
39148,86607
39149,40000
39150,40000
39151,40000
39152,49407
39153,40000
39154,40000
39155,76574
39156,40000
39157,70488
39158,65831
39159,49765
39160,40000
39161,40000
39162,66698
39163,66133
39164,54742
39165,40000
39166,48271
39167,40234
39168,77561
39169,40000
39170,40000
39171,51047
39172,40000
39173,92232
39174,85278
39175,60190
39176,40000
39177,55497
39178,76249
39179,60231
39180,40000
39181,42291
39182,61918
39183,46682
39184,48371
39185,65421
39186,55310
39187,64468
39188,43766
39189,58941
39190,58462
39191,40000
39192,40000
39193,71527
39194,43727
39195,40000
39196,49373
39197,65134
39198,74038
39199,80930
39200,52563
39201,40000
39202,40000
39203,40000
39204,46105
39205,63915
39206,40000
39207,52700
39208,40000
39209,67877
39210,51473
39211,58974
39212,40000
39213,57833
39214,47933
39215,40000
39216,46430
39217,47604
39218,49506
39219,40000
39220,46193
39221,41640
39222,40000
39223,65013
39224,42034
39225,40000
39226,52379
39227,40000
39228,52195
39229,71733
39230,40000
39231,40000
39232,72086
39233,51553
39234,57029
39235,65281
39236,85578
39237,40000
39238,56303
39239,61532
39240,40000
39241,40000
39242,41262
39243,51048
39244,41664
39245,71175
39246,58637
39247,54225
39248,43755
39249,60170
39250,52723
39251,40000
39252,57122
39253,73443
39254,40000
39255,40000
39256,62858
39257,40000
39258,45284
39259,45752
39260,63479
39261,45294
39262,41059
39263,40634
39264,44376
39265,41568
39266,76321
39267,40000
39268,52535
39269,71078
39270,67633
39271,56459
39272,53232
39273,55451
39274,40000
39275,74401
39276,46595
39277,42693
39278,68655
39279,73606
39280,40000
39281,40000
39282,53420
39283,40000
39284,40000
39285,40000
39286,40000
39287,46497
39288,54778
39289,50714
39290,47380
39291,100691
39292,62991
39293,40000
39294,58018
39295,50741
39296,76371
39297,40000
39298,57143
39299,60661
39300,67942
39301,40000
39302,40807
39303,60685
39304,43676
39305,40000
39306,82710
39307,40995
39308,56287
39309,49408
39310,40000
39311,54951
39312,62517
39313,42974
39314,40000
39315,63195
39316,64705
39317,56963
39318,53472
39319,42902
39320,40000
39321,40000
39322,40000
39323,53506
39324,53737
39325,74419
39326,49662
39327,40000
39328,40000
39329,60344
39330,40000
39331,62137
39332,56408
39333,40000
39334,40000
39335,40000
39336,40853
39337,48270
39338,62684
39339,61728
39340,40000
39341,50645
39342,53828
39343,60287
39344,40985
39345,47196
39346,40000
39347,40000
39348,71294
39349,48329
39350,71314
39351,40000
39352,42137
39353,40000
39354,40000
39355,40000
39356,40000
39357,53575
39358,40000
39359,58029
39360,62546
39361,40000
39362,40440
39363,65764
39364,40000
39365,70044
39366,40000
39367,40000
39368,40000
39369,40000
39370,79130
39371,40000
39372,40000
39373,74339
39374,89542
39375,75545
39376,40000
39377,80506
39378,75701
39379,53193
39380,69862
39381,40000
39382,47959
39383,61353
39384,61016
39385,88365
39386,56211
39387,40000
39388,40000
39389,42205
39390,40000
39391,40000
39392,40000
39393,40000
39394,43665
39395,46414
39396,46393
39397,40000
39398,41399
39399,67965
39400,44166
39401,43450
39402,40000
39403,46403
39404,62275
39405,50102
39406,40000
39407,46522
39408,80982
39409,41548
39410,54902
39411,89534
39412,55581
39413,40000
39414,43953
39415,40000
39416,58939
39417,71847
39418,45460
39419,55597
39420,40000
39421,56144
39422,46603
39423,40000
39424,92874
39425,68340
39426,51988
39427,40000
39428,40275
39429,61445
39430,66313
39431,80666
39432,40000
39433,40000
39434,52963
39435,40000
39436,58957
39437,75430
39438,40000
39439,63019
39440,62801
39441,46875
39442,40000
39443,40000
39444,75905
39445,40000
39446,45028
39447,40000
39448,46559
39449,42354
39450,43984
39451,52633
39452,40000
39453,43346
39454,40000
39455,40000
39456,59669
39457,56724
39458,52570
39459,46921
39460,58770
39461,42458
39462,41412
39463,53163
39464,40000
39465,40000
39466,41013
39467,40000
39468,40087
39469,65064
39470,57595
39471,49834
39472,81131
39473,47141
39474,40697
39475,42222
39476,49352
39477,51694
39478,40000
39479,54273
39480,40000
39481,40000
39482,46919
39483,40000
39484,76201
39485,80358
39486,59534
39487,62068
39488,78382
39489,54454
39490,40000
39491,43451
39492,73621
39493,40000
39494,47415
39495,72440
39496,68175
39497,40000
39498,40000
39499,78799
39500,56573
39501,40000
39502,40000
39503,43815
39504,74282
39505,40000
39506,40000
39507,45824
39508,40000
39509,40873
39510,46180
39511,40000
39512,40000
39513,77418
39514,40000
39515,40000
39516,40000
39517,78039
39518,71293
39519,40000
39520,58586
39521,40000
39522,62152
39523,55356
39524,94696
39525,49609
39526,40000
39527,70315
39528,46007
39529,40000
39530,43538
39531,54019
39532,58394
39533,58823
39534,51458
39535,41005
39536,64171
39537,40000
39538,86423
39539,61299
39540,55628
39541,40000
39542,40000
39543,40000
39544,47812
39545,47734
39546,40000
39547,40000
39548,55764
39549,40000
39550,65795
39551,40000
39552,69239
39553,40000
39554,57123
39555,48092
39556,40000
39557,40000
39558,40000
39559,41336
39560,40000
39561,40000
39562,72923
39563,70952
39564,66340
39565,40000
39566,55244
39567,40000
39568,57474
39569,55082
39570,65790
39571,51596
39572,41775
39573,66799
39574,83628
39575,59642
39576,58465
39577,40000
39578,40597
39579,40000
39580,40864
39581,40000
39582,40000
39583,58625
39584,40000
39585,56196
39586,66326
39587,41509
39588,47827
39589,51539
39590,71963
39591,49095
39592,52173
39593,42661
39594,62973
39595,40000
39596,47485
39597,47917
39598,40000
39599,82946
39600,85804
39601,49762
39602,40589
39603,62753
39604,45454
39605,55984
39606,40000
39607,48123
39608,57036
39609,40000
39610,81313
39611,58724
39612,85241
39613,40000
39614,40840
39615,52528
39616,41348
39617,40257
39618,50718
39619,57371
39620,40000
39621,66903
39622,40000
39623,40000
39624,40000
39625,48635
39626,40000
39627,56691
39628,51159
39629,42106
39630,40000
39631,79889
39632,60331
39633,55391
39634,40000
39635,40000
39636,70782
39637,43618
39638,55695
39639,40000
39640,49797
39641,68580
39642,60677
39643,46024
39644,50698
39645,50536
39646,60447
39647,55875
39648,85292
39649,40000
39650,40000
39651,50904
39652,47633
39653,76017
39654,63373
39655,44339
39656,75928
39657,51419
39658,40000
39659,50474
39660,50155
39661,42392
39662,40000
39663,63592
39664,74267
39665,68525
39666,50955
39667,40000
39668,65380
39669,61706
39670,72517
39671,68004
39672,40000
39673,63888
39674,40000
39675,48777
39676,59104
39677,55315
39678,40297
39679,54673
39680,68898
39681,69718
39682,54312
39683,41590
39684,59743
39685,57881
39686,56721
39687,48026
39688,55374
39689,45051
39690,59330
39691,54534
39692,60957
39693,40000
39694,43640
39695,58290
39696,51733
39697,54312
39698,56401
39699,42189
39700,42841
39701,40000
39702,40000
39703,40000
39704,40000
39705,58025
39706,40000
39707,40000
39708,40000
39709,51883
39710,43135
39711,45112
39712,75967
39713,58663
39714,42473
39715,40000
39716,40000
39717,54237
39718,40351
39719,43024
39720,40000
39721,40000
39722,102622
39723,60909
39724,40545
39725,40000
39726,40000
39727,40000
39728,42801
39729,40000
39730,40000
39731,40000
39732,44579
39733,68401
39734,43572
39735,46780
39736,43968
39737,67914
39738,40000
39739,40000
39740,69358
39741,106218
39742,40000
39743,49429
39744,52933
39745,40000
39746,53864
39747,40000
39748,40000
39749,48318
39750,45977
39751,52233
39752,53461
39753,40510
39754,58542
39755,51322
39756,77527
39757,40000
39758,40000
39759,50964
39760,52083
39761,40000
39762,58938
39763,40000
39764,45703
39765,64049
39766,72494
39767,62316
39768,67745
39769,40000
39770,41797
39771,41741
39772,44116
39773,40000
39774,48449
39775,40000
39776,40000
39777,63208
39778,40000
39779,54642
39780,60930
39781,43808
39782,58324
39783,56982
39784,56339
39785,54394
39786,57777
39787,50904
39788,49409
39789,46112
39790,70403
39791,77532
39792,41951
39793,44090
39794,65087
39795,60836
39796,45748
39797,66998
39798,57370
39799,40000
39800,60018
39801,50033
39802,40000
39803,59866
39804,53016
39805,84953
39806,80871
39807,44196
39808,40000
39809,44196
39810,52122
39811,60690
39812,42858
39813,40000
39814,62192
39815,52945
39816,55307
39817,40000
39818,42362
39819,50496
39820,59212
39821,53469
39822,40000
39823,40000
39824,71370
39825,40000
39826,53258
39827,60423
39828,40000
39829,40000
39830,93665
39831,43589
39832,74227
39833,46729
39834,68699
39835,40000
39836,64310
39837,59726
39838,40000
39839,77376
39840,40000
39841,40000
39842,40000
39843,58022
39844,50365
39845,46791
39846,90781
39847,59061
39848,41775
39849,40000
39850,40000
39851,40000
39852,78900
39853,40858
39854,40000
39855,47593
39856,64331
39857,40000
39858,79712
39859,40581
39860,47505
39861,51449
39862,62086
39863,46900
39864,60803
39865,40000
39866,56828
39867,40000
39868,42251
39869,42279
39870,40000
39871,97488
39872,40000
39873,40000
39874,45886
39875,40000
39876,64090
39877,43721
39878,46791
39879,55662
39880,79958
39881,47975
39882,40000
39883,40000
39884,40000
39885,62853
39886,51445
39887,45453
39888,42553
39889,66236
39890,80691
39891,54443
39892,40000
39893,47073
39894,40000
39895,62562
39896,71045
39897,40000
39898,40000
39899,40000
39900,40000
39901,40000
39902,49797
39903,40000
39904,40000
39905,67486
39906,64261
39907,41445
39908,40000
39909,56365
39910,81974
39911,40000
39912,40000
39913,40000
39914,40000
39915,63434
39916,44605
39917,40000
39918,53617
39919,61713
39920,54861
39921,60027
39922,63690
39923,40000
39924,65150
39925,52051
39926,52824
39927,40906
39928,40000
39929,51384
39930,66694
39931,41955
39932,84566
39933,62458
39934,40000
39935,40000
39936,40000
39937,67816
39938,90535
39939,46627
39940,44130
39941,46110
39942,53338
39943,41113
39944,56010
39945,47508
39946,62873
39947,43834
39948,71315
39949,62669
39950,40000
39951,51996
39952,80468
39953,68010
39954,84752
39955,60531
39956,40000
39957,70633
39958,49030
39959,40000
39960,40000
39961,49818
39962,41242
39963,40000
39964,120487
39965,40000
39966,46206
39967,40000
39968,40000
39969,40000
39970,78546
39971,52482
39972,40000
39973,40000
39974,82341
39975,58643
39976,55696
39977,55196
39978,40000
39979,62086
39980,50762
39981,44156
39982,40000
39983,54594
39984,45674
39985,40000
39986,40000
39987,64267
39988,40000
39989,54218
39990,40000
39991,72898
39992,54972
39993,40000
39994,49539
39995,62346
39996,40000
39997,58026
39998,80905
39999,40000
40000,57473
40001,44199
40002,40000
40003,64542
40004,79507
40005,40000
40006,58147
40007,40000
40008,40000
40009,43688
40010,57690
40011,51166
40012,40000
40013,40000
40014,58163
40015,40000
40016,40000
40017,58153
40018,40000
40019,66272
40020,47786
40021,72516
40022,55289
40023,48009
40024,63305
40025,40000
40026,40000
40027,69057
40028,51480
40029,68008
40030,40000
40031,51026
40032,51142
40033,49455
40034,60815
40035,83081
40036,40000
40037,40000
40038,40000
40039,53570
40040,40000
40041,80059
40042,43711
40043,40000
40044,64963
40045,56775
40046,45644
40047,56334
40048,78142
40049,74802
40050,40000
40051,68799
40052,40000
40053,55323
40054,59427
40055,40000
40056,47633
40057,76287
40058,53411
40059,56743
40060,54477
40061,40000
40062,83298
40063,43581
40064,75437
40065,75268
40066,61098
40067,42613
40068,72044
40069,55863
40070,53147
40071,47432
40072,40000
40073,40135
40074,40000
40075,64487
40076,40000
40077,40000
40078,44567
40079,56940
40080,67789
40081,80142
40082,55912
40083,81504
40084,73450
40085,81731
40086,41689
40087,40000
40088,87770
40089,40000
40090,41510
40091,40000
40092,40000
40093,40000
40094,63783
40095,45880
40096,78822
40097,40000
40098,49698
40099,64107
40100,40000
40101,40000
40102,60461
40103,54015
40104,47614
40105,56091
40106,48937
40107,71380
40108,42612
40109,40000
40110,40000
40111,61234
40112,40000
40113,52083
40114,65934
40115,50755
40116,40000
40117,46964
40118,46413
40119,45915
40120,40000
40121,40000
40122,40000
40123,40000
40124,40000
40125,54468
40126,43575
40127,49058
40128,40504
40129,50060
40130,54343
40131,57765
40132,52763
40133,47742
40134,45538
40135,40000
40136,63221
40137,40000
40138,65263
40139,49284
40140,76833
40141,40000
40142,49545
40143,40000
40144,56732
40145,56431
40146,40000
40147,40000
40148,56362
40149,41169
40150,76941
40151,46310
40152,40000
40153,40000
40154,46719
40155,40000
40156,73828
40157,75987
40158,66204
40159,40000
40160,49198
40161,44569
40162,62036
40163,83931
40164,40508
40165,67006
40166,40000
40167,64444
40168,40000
40169,74199
40170,40000
40171,58251
40172,42783
40173,40000
40174,40000
40175,51610
40176,40000
40177,76588
40178,40000
40179,56806
40180,65722
40181,47380
40182,65433
40183,40000
40184,40000
40185,48366
40186,40000
40187,40000
40188,40000
40189,73713
40190,40000
40191,40000
40192,87121
40193,58530
40194,50065
40195,56323
40196,58607
40197,68982
40198,40000
40199,70018
40200,52846
40201,61574
40202,40000
40203,64627
40204,44465
40205,48463
40206,65639
40207,44837
40208,40000
40209,40000
40210,71681
40211,40000
40212,44892
40213,48930
40214,40000
40215,51102
40216,65612
40217,73014
40218,91425
40219,40000
40220,60295
40221,94038
40222,40000
40223,54982
40224,97707
40225,56016
40226,65346
40227,63015
40228,48677
40229,70874
40230,100164
40231,40000
40232,45781
40233,41899
40234,40000
40235,40000
40236,45167
40237,42221
40238,69342
40239,40000
40240,58087
40241,44115
40242,40000
40243,40000
40244,55994
40245,43076
40246,50600
40247,41415
40248,44655
40249,40753
40250,44232
40251,59489
40252,67038
40253,48389
40254,55349
40255,40000
40256,57629
40257,45098
40258,47400
40259,65754
40260,68236
40261,41179
40262,71284
40263,51199
40264,40000
40265,40000
40266,40000
40267,51920
40268,41176
40269,70370
40270,50853
40271,63776
40272,40000
40273,42334
40274,42185
40275,40000
40276,58357
40277,40000
40278,70371
40279,48558
40280,40000
40281,52945
40282,43644
40283,40000
40284,61277
40285,46661
40286,40000
40287,40000
40288,40000
40289,44218
40290,40000
40291,40000
40292,41682
40293,59184
40294,54838
40295,93107
40296,97540
40297,56855
40298,40000
40299,40000
40300,40000
40301,40000
40302,88292
40303,53667
40304,77270
40305,58944
40306,64146
40307,60660
40308,40000
40309,73616
40310,40000
40311,40135
40312,60199
40313,49088
40314,42728
40315,40000
40316,72718
40317,61230
40318,40000
40319,52531
40320,40000
40321,40148
40322,64532
40323,79009
40324,93950
40325,40000
40326,40000
40327,40000
40328,58163
40329,40000
40330,44790
40331,40000
40332,53899
40333,40000
40334,50828
40335,51656
40336,40000
40337,44336
40338,64614
40339,48764
40340,60613
40341,73266
40342,40000
40343,53895
40344,45631
40345,53933
40346,59602
40347,40000
40348,41504
40349,40831
40350,70771
40351,40123
40352,61494
40353,40000
40354,40000
40355,44706
40356,66535
40357,40000
40358,45184
40359,44267
40360,40000
40361,44883
40362,55612
40363,51124
40364,85099
40365,62414
40366,40000
40367,80729
40368,40000
40369,40000
40370,51907
40371,54045
40372,50075
40373,57274
40374,46675
40375,40000
40376,63627
40377,42792
40378,72862
40379,57017
40380,40006
40381,41717
40382,48440
40383,100674
40384,40000
40385,40000
40386,52043
40387,61618
40388,64200
40389,54860
40390,56292
40391,51481
40392,58839
40393,61394
40394,59001
40395,40808
40396,69282
40397,57791
40398,59898
40399,50115
40400,40000
40401,86857
40402,57094
40403,51304
40404,43052
40405,47169
40406,67085
40407,49477
40408,40000
40409,40929
40410,40000
40411,66868
40412,44245
40413,83079
40414,59837
40415,58071
40416,47190
40417,67561
40418,55220
40419,75005
40420,40000
40421,76210
40422,43613
40423,49072
40424,40000
40425,57197
40426,63652
40427,61770
40428,70829
40429,40000
40430,40000
40431,49790
40432,61952
40433,55270
40434,40000
40435,40000
40436,55932
40437,73524
40438,81584
40439,62759
40440,40000
40441,80577
40442,40000
40443,52078
40444,71857
40445,70532
40446,74613
40447,40000
40448,40000
40449,40000
40450,40000
40451,86940
40452,52409
40453,40000
40454,42286
40455,61345
40456,45277
40457,52648
40458,40000
40459,40000
40460,40000
40461,106597
40462,40000
40463,40000
40464,53245
40465,43862
40466,40000
40467,77357
40468,78919
40469,83584
40470,49404
40471,40488
40472,46812
40473,54316
40474,71797
40475,90027
40476,46188
40477,40000
40478,40000
40479,40000
40480,59773
40481,40000
40482,72067
40483,40000
40484,40000
40485,40000
40486,56273
40487,40000
40488,56858
40489,40829
40490,62523
40491,40371
40492,63755
40493,67055
40494,62052
40495,40000
40496,45233
40497,44015
40498,54126
40499,40000
40500,88311
40501,65856
40502,40000
40503,86265
40504,88105
40505,70885
40506,46898
40507,45608
40508,46135
40509,82876
40510,55160
40511,45087
40512,65684
40513,81786
40514,54250
40515,53547
40516,75700
40517,40000
40518,40000
40519,40824
40520,66529
40521,43840
40522,40000
40523,40000
40524,40000
40525,55789
40526,40000
40527,65168
40528,57748
40529,57533
40530,53511
40531,58929
40532,40000
40533,40000
40534,40000
40535,71908
40536,49948
40537,51265
40538,40000
40539,40000
40540,40000
40541,65305
40542,40000
40543,57903
40544,40000
40545,40000
40546,40000
40547,40000
40548,46425
40549,42174
40550,45859
40551,40000
40552,56346
40553,64358
40554,40000
40555,65368
40556,73750
40557,102390
40558,61535
40559,40376
40560,48446
40561,40000
40562,69368
40563,40000
40564,40000
40565,70373
40566,57317
40567,44900
40568,40000
40569,40000
40570,40000
40571,54557
40572,78040
40573,40000
40574,40000
40575,40000
40576,40000
40577,45619
40578,40000
40579,65080
40580,69941
40581,40000
40582,98758
40583,40000
40584,72611
40585,47867
40586,62382
40587,42759
40588,55023
40589,40000
40590,45299
40591,41974
40592,40000
40593,40000
40594,57344
40595,54101
40596,40000
40597,49354
40598,60834
40599,40000
40600,40000
40601,40000
40602,40000
40603,40000
40604,66009
40605,71690
40606,40000
40607,40498
40608,40000
40609,40000
40610,47657
40611,40000
40612,40000
40613,69092
40614,67307
40615,40000
40616,73671
40617,46828
40618,40000
40619,46943
40620,40000
40621,42570
40622,74336
40623,54832
40624,66702
40625,63690
40626,43017
40627,40000
40628,40000
40629,40000
40630,40000
40631,40000
40632,51299
40633,45560
40634,65332
40635,44619
40636,58477
40637,50692
40638,40000
40639,79572
40640,82120
40641,63394
40642,40000
40643,40000
40644,75828
40645,73604
40646,40000
40647,57576
40648,91874
40649,71315
40650,40000
40651,41315
40652,40000
40653,68891
40654,63468
40655,58329
40656,58753
40657,40000
40658,49341
40659,40000
40660,65305
40661,68142
40662,63040
40663,49738
40664,54707
40665,45165
40666,47153
40667,78483
40668,40000
40669,56321
40670,48166
40671,40000
40672,52697
40673,54438
40674,81326
40675,50324
40676,73363
40677,40000
40678,40000
40679,40000
40680,87367
40681,61492
40682,55853
40683,45069
40684,55908
40685,65968
40686,40000
40687,44682
40688,40000
40689,93622
40690,55510
40691,40000
40692,52523
40693,70606
40694,51587
40695,40000
40696,81157
40697,46246
40698,72089
40699,56874
40700,79405
40701,40000
40702,41857
40703,61984
40704,54407
40705,48623
40706,61866
40707,59439
40708,56667
40709,40000
40710,53533
40711,77254
40712,40000
40713,40000
40714,81620
40715,43971
40716,40000
40717,40000
40718,45764
40719,47414
40720,43501
40721,40000
40722,40000
40723,51246
40724,66286
40725,40000
40726,40000
40727,46706
40728,40000
40729,57635
40730,65973
40731,49775
40732,77111
40733,40000
40734,40000
40735,40000
40736,40000
40737,86431
40738,47455
40739,61851
40740,49873
40741,47025
40742,60510
40743,40000
40744,40000
40745,60252
40746,66630
40747,57965
40748,69890
40749,83103
40750,67716
40751,40000
40752,76803
40753,72886
40754,40000
40755,61125
40756,40000
40757,51834
40758,41671
40759,69357
40760,70624
40761,92037
40762,57456
40763,40000
40764,69996
40765,51758
40766,42522
40767,49865
40768,58402
40769,40000
40770,63213
40771,40000
40772,46981
40773,40000
40774,40000
40775,40000
40776,40000
40777,40000
40778,86804
40779,40000
40780,48782
40781,58106
40782,53078
40783,70992
40784,74690
40785,49404
40786,40000
40787,58329
40788,45501
40789,40000
40790,60701
40791,72649
40792,40000
40793,40000
40794,40000
40795,40000
40796,62569
40797,42688
40798,67813
40799,48081
40800,42486
40801,48859
40802,40839
40803,45180
40804,53870
40805,43179
40806,68085
40807,55785
40808,40000
40809,45661
40810,43468
40811,40000
40812,63738
40813,54009
40814,40000
40815,40000
40816,73414
40817,74256
40818,52047
40819,52992
40820,40000
40821,55533
40822,42852
40823,53677
40824,40000
40825,66550
40826,45591
40827,95642
40828,40000
40829,58904
40830,62253
40831,67803
40832,47243
40833,40000
40834,42735
40835,40000
40836,40000
40837,60958
40838,42802
40839,48531
40840,61508
40841,40000
40842,41098
40843,51876
40844,71414
40845,40000
40846,51647
40847,40000
40848,56427
40849,40000
40850,44858
40851,52575
40852,44675
40853,40000
40854,57266
40855,46089
40856,40000
40857,65520
40858,40000
40859,40000
40860,75432
40861,63138
40862,40000
40863,40000
40864,52754
40865,63244
40866,72083
40867,40000
40868,40548
40869,43224
40870,40373
40871,40090
40872,59283
40873,41414
40874,67549
40875,40000
40876,60477
40877,42672
40878,75729
40879,50152
40880,40000
40881,40000
40882,54611
40883,40000
40884,47218
40885,40203
40886,40000
40887,40000
40888,50652
40889,63251
40890,68314
40891,61702
40892,40848
40893,64748
40894,40000
40895,40000
40896,48350
40897,43504
40898,40000
40899,75423
40900,40047
40901,47423
40902,42158
40903,40000
40904,40000
40905,50921
40906,40000
40907,57079
40908,51369
40909,40000
40910,40000
40911,52207
40912,87972
40913,78694
40914,44357
40915,55743
40916,49286
40917,41938
40918,50861
40919,57980
40920,42990
40921,88714
40922,40000
40923,63102
40924,103919
40925,40000
40926,53395
40927,66231
40928,51912
40929,40000
40930,45595
40931,44801
40932,45478
40933,52912
40934,40000
40935,46404
40936,51510
40937,62073
40938,40000
40939,43853
40940,52131
40941,40000
40942,61511
40943,74362
40944,46656
40945,74413
40946,46334
40947,40519
40948,40000
40949,40000
40950,54784
40951,57665
40952,56242
40953,82477
40954,61981
40955,56850
40956,44631
40957,81482
40958,40000
40959,40000
40960,40000
40961,40000
40962,71448
40963,55943
40964,47815
40965,40000
40966,60924
40967,40000
40968,40000
40969,40000
40970,48393
40971,55385
40972,76003
40973,45591
40974,40000
40975,40000
40976,49596
40977,85663
40978,40000
40979,40000
40980,40000
40981,40000
40982,41794
40983,40000
40984,71748
40985,52180
40986,40000
40987,40000
40988,60446
40989,51350
40990,50945
40991,57985
40992,49389
40993,57261
40994,78290
40995,40000
40996,40000
40997,40000
40998,59709
40999,77170
41000,45164
41001,40000
41002,55700
41003,41471
41004,58766
41005,40000
41006,63042
41007,79962
41008,69445
41009,73034
41010,62559
41011,90027
41012,54317
41013,40000
41014,83521
41015,53125
41016,53898
41017,44069
41018,55396
41019,55177
41020,48252
41021,40711
41022,55806
41023,59633
41024,71279
41025,75352
41026,66758
41027,45866
41028,64276
41029,60735
41030,47957
41031,40000
41032,40000
41033,48566
41034,79602
41035,40000
41036,40000
41037,40112
41038,54554
41039,40000
41040,66193
41041,40000
41042,75701
41043,40000
41044,44918
41045,74521
41046,43176
41047,40000
41048,50326
41049,40000
41050,51413
41051,92072
41052,41558
41053,40000
41054,47399
41055,70127
41056,57699
41057,40000
41058,40767
41059,72383
41060,40000
41061,40000
41062,40000
41063,40000
41064,72025
41065,40000
41066,53117
41067,40000
41068,50398
41069,40000
41070,40000
41071,56593
41072,40000
41073,56226
41074,95738
41075,52612
41076,52483
41077,61355
41078,76209
41079,40000
41080,48713
41081,40000
41082,71735
41083,40000
41084,59878
41085,49386
41086,40000
41087,40000
41088,40000
41089,47863
41090,40000
41091,70282
41092,40024
41093,53898
41094,63536
41095,40000
41096,47598
41097,46976
41098,55427
41099,56924
41100,59354
41101,60846
41102,53759
41103,82690
41104,46094
41105,40000
41106,40000
41107,59813
41108,45621
41109,50617
41110,55739
41111,40000
41112,83334
41113,58221
41114,60729
41115,48417
41116,40000
41117,58206
41118,57610
41119,51229
41120,40000
41121,48456
41122,82505
41123,59841
41124,40000
41125,40000
41126,40000
41127,50334
41128,73018
41129,44525
41130,73032
41131,50294
41132,43814
41133,64225
41134,40000
41135,63758
41136,58463
41137,71921
41138,52132
41139,40000
41140,74619
41141,43180
41142,52964
41143,70928
41144,40000
41145,54251
41146,58455
41147,40000
41148,50508
41149,40000
41150,41762
41151,40000
41152,64292
41153,54315
41154,40000
41155,40000
41156,40000
41157,40000
41158,52366
41159,40000
41160,70155
41161,75961
41162,40000
41163,40000
41164,49315
41165,48381
41166,46889
41167,41740
41168,66715
41169,90016
41170,53342
41171,40000
41172,40000
41173,42081
41174,47227
41175,78305
41176,54385
41177,69471
41178,40260
41179,40000
41180,95923
41181,40000
41182,49873
41183,59866
41184,55776
41185,71454
41186,40000
41187,41604
41188,57958
41189,42849
41190,45856
41191,76379
41192,47779
41193,69045
41194,42646
41195,40000
41196,40323
41197,61924
41198,40000
41199,72672
41200,40000
41201,80973
41202,64224
41203,58832
41204,60574
41205,75669
41206,40000
41207,94322
41208,40000
41209,40000
41210,40000
41211,74141
41212,40000
41213,69603
41214,40000
41215,50752
41216,40000
41217,60888
41218,55332
41219,40000
41220,41455
41221,40805
41222,43943
41223,79955
41224,40000
41225,40000
41226,67032
41227,67989
41228,40000
41229,46157
41230,40168
41231,61386
41232,42328
41233,57670
41234,44171
41235,40000
41236,67759
41237,49264
41238,47042
41239,70272
41240,46787
41241,42730
41242,81709
41243,59591
41244,52507
41245,41899
41246,44577
41247,47654
41248,84448
41249,40000
41250,40000
41251,94297
41252,40966
41253,40000
41254,40000
41255,40000
41256,40000
41257,40873
41258,82222
41259,55143
41260,45835
41261,52095
41262,40000
41263,80578
41264,40000
41265,83775
41266,54371
41267,77783
41268,44709
41269,40000
41270,40000
41271,48513
41272,58257
41273,43260
41274,47643
41275,40000
41276,40000
41277,45585
41278,60493
41279,58995
41280,88826
41281,40000
41282,48406
41283,52746
41284,56059
41285,40000
41286,51033
41287,40000
41288,53752
41289,47374
41290,59901
41291,54677
41292,40000
41293,95091
41294,41578
41295,60864
41296,71448
41297,49863
41298,74563
41299,40000
41300,66264
41301,40000
41302,47879
41303,51318
41304,40000
41305,40000
41306,40000
41307,108252
41308,40000
41309,60188
41310,40000
41311,47413
41312,53076
41313,42736
41314,48129
41315,52918
41316,86723
41317,40000
41318,67987
41319,62785
41320,65625
41321,55822
41322,40457
41323,62268
41324,51785
41325,63293
41326,57986
41327,64060
41328,40000
41329,49564
41330,59399
41331,40000
41332,58699
41333,40000
41334,52716
41335,48562
41336,70069
41337,67920
41338,40000
41339,40797
41340,40000
41341,40651
41342,40000
41343,48162
41344,90328
41345,58616
41346,40000
41347,49967
41348,61913
41349,44005
41350,40352
41351,40000
41352,40000
41353,47710
41354,40000
41355,45215
41356,76462
41357,59086
41358,55378
41359,47321
41360,50484
41361,43001
41362,40000
41363,74383
41364,40000
41365,43972
41366,40000
41367,82807
41368,63706
41369,40000
41370,68913
41371,57056
41372,72840
41373,67890
41374,40000
41375,40000
41376,40000
41377,71430
41378,40000
41379,52888
41380,86976
41381,63775
41382,40000
41383,50768
41384,81394
41385,40000
41386,51279
41387,45104
41388,40000
41389,50412
41390,67837
41391,51024
41392,40000
41393,40000
41394,76484
41395,58782
41396,57111
41397,40000
41398,40000
41399,40000
41400,48559
41401,53968
41402,68954
41403,71453
41404,54030
41405,78025
41406,56447
41407,62819
41408,40000
41409,47411
41410,94193
41411,40000
41412,89969
41413,44883
41414,47293
41415,45481
41416,52614
41417,51952
41418,40000
41419,40000
41420,64063
41421,56003
41422,40000
41423,40000
41424,54483
41425,40000
41426,49228
41427,49601
41428,66910
41429,40888
41430,40000
41431,40000
41432,65558
41433,54112
41434,40000
41435,57224
41436,81415
41437,44964
41438,50100
41439,50915
41440,40000
41441,40000
41442,61458
41443,70326
41444,52661
41445,67106
41446,40000
41447,53477
41448,69086
41449,46503
41450,40000
41451,53659
41452,80506
41453,51352
41454,42551
41455,40000
41456,57944
41457,40000
41458,40000
41459,40000
41460,53034
41461,40000
41462,60498
41463,71083
41464,40000
41465,52639
41466,47656
41467,58777
41468,40000
41469,60554
41470,50952
41471,44685
41472,40000
41473,40000
41474,72401
41475,40000
41476,46177
41477,63821
41478,61980
41479,40000
41480,83215
41481,78717
41482,51253
41483,58556
41484,40000
41485,40000
41486,40000
41487,58494
41488,49251
41489,81355
41490,40000
41491,91813
41492,40000
41493,52677
41494,73854
41495,40000
41496,78140
41497,51981
41498,45952
41499,62462
41500,40000
41501,40000
41502,40000
41503,52906
41504,48631
41505,40000
41506,93234
41507,60557
41508,41856
41509,45099
41510,56505
41511,40000
41512,48852
41513,72584
41514,49760
41515,53979
41516,63055
41517,40000
41518,47399
41519,50101
41520,44818
41521,44779
41522,40000
41523,55733
41524,40000
41525,40000
41526,40000
41527,75220
41528,44934
41529,70828
41530,40000
41531,40000
41532,40000
41533,40000
41534,58578
41535,47049
41536,64095
41537,47943
41538,51755
41539,40000
41540,40000
41541,47389
41542,69478
41543,40000
41544,58503
41545,40000
41546,40000
41547,69184
41548,40000
41549,40058
41550,78231
41551,52130
41552,46811
41553,58051
41554,64937
41555,90622
41556,44737
41557,59357
41558,74211
41559,83897
41560,74843
41561,78156
41562,77405
41563,41784
41564,40733
41565,40000
41566,40000
41567,50826
41568,40000
41569,42284
41570,60933
41571,40000
41572,49017
41573,40000
41574,40000
41575,40000
41576,55037
41577,41186
41578,44637
41579,40000
41580,43640
41581,40000
41582,68952
41583,57443
41584,40000
41585,56812
41586,56294
41587,41337
41588,48501
41589,58313
41590,61911
41591,73502
41592,40000
41593,40000
41594,44299
41595,44827
41596,47158
41597,40000
41598,85144
41599,56880
41600,58973
41601,54415
41602,85266
41603,40000
41604,41782
41605,79501
41606,51546
41607,46879
41608,47061
41609,60396
41610,40000
41611,40000
41612,46111
41613,40000
41614,63178
41615,40838
41616,53486
41617,79113
41618,41662
41619,46975
41620,63129
41621,40000
41622,94694
41623,82107
41624,45970
41625,66089
41626,56428
41627,41234
41628,51886
41629,42548
41630,42095
41631,40000
41632,48030
41633,78017
41634,55018
41635,40000
41636,49717
41637,66187
41638,40000
41639,75487
41640,76372
41641,42488
41642,40000
41643,46939
41644,73942
41645,53371
41646,40000
41647,42496
41648,46167
41649,45838
41650,83772
41651,52539
41652,40436
41653,68819
41654,47979
41655,45534
41656,40000
41657,71504
41658,65345
41659,54546
41660,68423
41661,50628
41662,77061
41663,54162
41664,40000
41665,46240
41666,41087
41667,40000
41668,57099
41669,66640
41670,40000
41671,40000
41672,40000
41673,59816
41674,40000
41675,82833
41676,40000
41677,70041
41678,65735
41679,41537
41680,63096
41681,40000
41682,88875
41683,76329
41684,47976
41685,40000
41686,61102
41687,85546
41688,40000
41689,45957
41690,51778
41691,40000
41692,40000
41693,72130
41694,40000
41695,76517
41696,40000
41697,40000
41698,72815
41699,40000
41700,52138
41701,47335
41702,62239
41703,48836
41704,51456
41705,59322
41706,54667
41707,40000
41708,61025
41709,40000
41710,59888
41711,40000
41712,40000
41713,42536
41714,67751
41715,72299
41716,40000
41717,60452
41718,40000
41719,56337
41720,40000
41721,59641
41722,52855
41723,59027
41724,49067
41725,52548
41726,44041
41727,61871
41728,90260
41729,59307
41730,52367
41731,40000
41732,49130
41733,82495
41734,44290
41735,46650
41736,40000
41737,81561
41738,91880
41739,53905
41740,62106
41741,50999
41742,70199
41743,48669
41744,40000
41745,75943
41746,40493
41747,55617
41748,40000
41749,40000
41750,77543
41751,40000
41752,40000
41753,40000
41754,59888
41755,40000
41756,96562
41757,40000
41758,84622
41759,80164
41760,62918
41761,40000
41762,40000
41763,50063
41764,40000
41765,40192
41766,101299
41767,56500
41768,40000
41769,50350
41770,40347
41771,51215
41772,62906
41773,40000
41774,40000
41775,40000
41776,40000
41777,49149
41778,40000
41779,44385
41780,66693
41781,41633
41782,48813
41783,54525
41784,40000
41785,51660
41786,40000
41787,42994
41788,104508
41789,58319
41790,40000
41791,48805
41792,82485
41793,40000
41794,53597
41795,52675
41796,40000
41797,50524
41798,46925
41799,44424
41800,72140
41801,40000
41802,53599
41803,62453
41804,56601
41805,43951
41806,40000
41807,70410
41808,40000
41809,40000
41810,61708
41811,57136
41812,40000
41813,40470
41814,40000
41815,60067
41816,78005
41817,67452
41818,40000
41819,80927
41820,48272
41821,45977
41822,110727
41823,40000
41824,40000
41825,101083
41826,40000
41827,40000
41828,40000
41829,59942
41830,55056
41831,40000
41832,44875
41833,40000
41834,53376
41835,40000
41836,40000
41837,46835
41838,40000
41839,40000
41840,57471
41841,51875
41842,40000
41843,60550
41844,80095
41845,40000
41846,46140
41847,49580
41848,62602
41849,40000
41850,51917
41851,40000
41852,40000
41853,42603
41854,40000
41855,40000
41856,54322
41857,51412
41858,99406
41859,51376
41860,47643
41861,45964
41862,68412
41863,44460
41864,76595
41865,40000
41866,62980
41867,43943
41868,69689
41869,40000
41870,73759
41871,40000
41872,40000
41873,48191
41874,74204
41875,87167
41876,40000
41877,55453
41878,40000
41879,58295
41880,74389
41881,46763
41882,61513
41883,40000
41884,55331
41885,68151
41886,40385
41887,53817
41888,60903
41889,56719
41890,52168
41891,40000
41892,44559
41893,40000
41894,40000
41895,53472
41896,42725
41897,70664
41898,52274
41899,40000
41900,52920
41901,44842
41902,40000
41903,59404
41904,43199
41905,71663
41906,74849
41907,42147
41908,40000
41909,40000
41910,53041
41911,46540
41912,41568
41913,40000
41914,40000
41915,53632
41916,40000
41917,69069
41918,49253
41919,97699
41920,40000
41921,40000
41922,54517
41923,49820
41924,67706
41925,40000
41926,44357
41927,58470
41928,54530
41929,40000
41930,40000
41931,40000
41932,40000
41933,73490
41934,88791
41935,44341
41936,46725
41937,65796
41938,52337
41939,52241
41940,52026
41941,40000
41942,68638
41943,45971
41944,55510
41945,67971
41946,40000
41947,62141
41948,70688
41949,40000
41950,40469
41951,40117
41952,64910
41953,51338
41954,40000
41955,40072
41956,40000
41957,44748
41958,64580
41959,73635
41960,83654
41961,45758
41962,48821
41963,46899
41964,102036
41965,40000
41966,40000
41967,54882
41968,45265
41969,49216
41970,46341
41971,40000
41972,67410
41973,68064
41974,70438
41975,59910
41976,40000
41977,42421
41978,40000
41979,40000
41980,50160
41981,40000
41982,65076
41983,40000
41984,41008
41985,75389
41986,67430
41987,61089
41988,42193
41989,56659
41990,54905
41991,40613
41992,65696
41993,40000
41994,40000
41995,68002
41996,103444
41997,63951
41998,94800
41999,54423
42000,59444
42001,40743
42002,40000
42003,44070
42004,52257
42005,63357
42006,71824
42007,56974
42008,40000
42009,56604
42010,40000
42011,99417
42012,40000
42013,59946
42014,40000
42015,70858
42016,92408
42017,47116
42018,40000
42019,40000
42020,40000
42021,40000
42022,44663
42023,47050
42024,40000
42025,54411
42026,49957
42027,40000
42028,42546
42029,60140
42030,40000
42031,60699
42032,40000
42033,60624
42034,40000
42035,42033
42036,40000
42037,74658
42038,72069
42039,41844
42040,65517
42041,40000
42042,69275
42043,40000
42044,77574
42045,88680
42046,53233
42047,44306
42048,40000
42049,63031
42050,40000
42051,46398
42052,40906
42053,40000
42054,42629
42055,56336
42056,40000
42057,58899
42058,84995
42059,60089
42060,75576
42061,41216
42062,72122
42063,53197
42064,57806
42065,58929
42066,46953
42067,51980
42068,40000
42069,44705
42070,40000
42071,40000
42072,102981
42073,40000
42074,73472
42075,40000
42076,40144
42077,48866
42078,42059
42079,40000
42080,87178
42081,41972
42082,55819
42083,40000
42084,49791
42085,84291
42086,65260
42087,40000
42088,40000
42089,49349
42090,54830
42091,67130
42092,66371
42093,40000
42094,40000
42095,53149
42096,81256
42097,49705
42098,70280
42099,40000
42100,65208
42101,62754
42102,40000
42103,52240
42104,40000
42105,40000
42106,40000
42107,59538
42108,40000
42109,73290
42110,54229
42111,40000
42112,40000
42113,40000
42114,40000
42115,68599
42116,40000
42117,40404
42118,50066
42119,62437
42120,69997
42121,80848
42122,70229
42123,69716
42124,89198
42125,42367
42126,45880
42127,40000
42128,66443
42129,40351
42130,40000
42131,65153
42132,47499
42133,40000
42134,40000
42135,66377
42136,48425
42137,50452
42138,73884
42139,40373
42140,51665
42141,48395
42142,48686
42143,50804
42144,40000
42145,40000
42146,45662
42147,42403
42148,44837
42149,40000
42150,62401
42151,45904
42152,40000
42153,74913
42154,45291
42155,64539
42156,63828
42157,55338
42158,40000
42159,66459
42160,63744
42161,69306
42162,63945
42163,57073
42164,40000
42165,65211
42166,55529
42167,46180
42168,65074
42169,70310
42170,51645
42171,40000
42172,40000
42173,40612
42174,40000
42175,40000
42176,47777
42177,40000
42178,40000
42179,40000
42180,40000
42181,50280
42182,59211
42183,67838
42184,61968
42185,41027
42186,40000
42187,40000
42188,51942
42189,68259
42190,98173
42191,52267
42192,46861
42193,40000
42194,70551
42195,43185
42196,47787
42197,40000
42198,40000
42199,90455
42200,40000
42201,56274
42202,69151
42203,40000
42204,40000
42205,42212
42206,48970
42207,68519
42208,84672
42209,40000
42210,40000
42211,40000
42212,50584
42213,40000
42214,65875
42215,60427
42216,59217
42217,40000
42218,50804
42219,49080
42220,51631
42221,52005
42222,40000
42223,43758
42224,75914
42225,70349
42226,61016
42227,61260
42228,46664
42229,70297
42230,40000
42231,40000
42232,50521
42233,54841
42234,40000
42235,44672
42236,66568
42237,49612
42238,54183
42239,40000
42240,40000
42241,40000
42242,53984
42243,69787
42244,40000
42245,69037
42246,40000
42247,40000
42248,40000
42249,52546
42250,67921
42251,49056
42252,40000
42253,62554
42254,93654
42255,41501
42256,40000
42257,47067
42258,40000
42259,41836
42260,61801
42261,66206
42262,57221
42263,55009
42264,43579
42265,40000
42266,40000
42267,80106
42268,46187
42269,62742
42270,62624
42271,66875
42272,46389
42273,42579
42274,40000
42275,40000
42276,49919
42277,77425
42278,51405
42279,40000
42280,44766
42281,49133
42282,40000
42283,42972
42284,58671
42285,58673
42286,40000
42287,53489
42288,42436
42289,40000
42290,40000
42291,89271
42292,40000
42293,87794
42294,49786
42295,50095
42296,44036
42297,40000
42298,40000
42299,42768
42300,64797
42301,40000
42302,56993
42303,69501
42304,58047
42305,43172
42306,53664
42307,40000
42308,54938
42309,62874
42310,53864
42311,40000
42312,76017
42313,54441
42314,40000
42315,40000
42316,46559
42317,40000
42318,40000
42319,41955
42320,63937
42321,40000
42322,60682
42323,67641
42324,40000
42325,40000
42326,73944
42327,76815
42328,40000
42329,57377
42330,40000
42331,50757
42332,40000
42333,95443
42334,68441
42335,83727
42336,42637
42337,66370
42338,67788
42339,40000
42340,45261
42341,55897
42342,79957
42343,48978
42344,40000
42345,70080
42346,57646
42347,40000
42348,40000
42349,51784
42350,58428
42351,40000
42352,40000
42353,47887
42354,54449
42355,40000
42356,61714
42357,40000
42358,40000
42359,40000
42360,49051
42361,40000
42362,85914
42363,45757
42364,40000
42365,50196
42366,40417
42367,56222
42368,61539
42369,40000
42370,40000
42371,89143
42372,49903
42373,52378
42374,46625
42375,66909
42376,52001
42377,65514
42378,84623
42379,40000
42380,45963
42381,46408
42382,55516
42383,40000
42384,40000
42385,53601
42386,40000
42387,48946
42388,42620
42389,69138
42390,40000
42391,59790
42392,40000
42393,62459
42394,44462
42395,40000
42396,68912
42397,52122
42398,40000
42399,63430
42400,67197
42401,83765
42402,42261
42403,73023
42404,40000
42405,40000
42406,47773
42407,83666
42408,53983
42409,60279
42410,40000
42411,73899
42412,44690
42413,41110
42414,42095
42415,53398
42416,43175
42417,79077
42418,40000
42419,40000
42420,40000
42421,40000
42422,51005
42423,54726
42424,40000
42425,45191
42426,57687
42427,40000
42428,48105
42429,55578
42430,40000
42431,52398
42432,43055
42433,40000
42434,75431
42435,51573
42436,74681
42437,44520
42438,43925
42439,40000
42440,52491
42441,40000
42442,63092
42443,40895
42444,40000
42445,53995
42446,49715
42447,62618
42448,57401
42449,40000
42450,46735
42451,40946
42452,77072
42453,42609
42454,52539
42455,40000
42456,45087
42457,52575
42458,46545
42459,40000
42460,45978
42461,40000
42462,40000
42463,40000
42464,42545
42465,49144
42466,40000
42467,43934
42468,54940
42469,40000
42470,62687
42471,40000
42472,54334
42473,53587
42474,43560
42475,40315
42476,40000
42477,42061
42478,55244
42479,40000
42480,40000
42481,40000
42482,42826
42483,40000
42484,67932
42485,40000
42486,53470
42487,40000
42488,48657
42489,40000
42490,67358
42491,95007
42492,40000
42493,48148
42494,63561
42495,63347
42496,44587
42497,108864
42498,59559
42499,40000
42500,59420
42501,40143
42502,40000
42503,47422
42504,51874
42505,41593
42506,65647
42507,46254
42508,62673
42509,41199
42510,42335
42511,49227
42512,41861
42513,58021
42514,60253
42515,43452
42516,40000
42517,40000
42518,69519
42519,59242
42520,70870
42521,40000
42522,64131
42523,40000
42524,59787
42525,50465
42526,62882
42527,62939
42528,40000
42529,40000
42530,40000
42531,61308
42532,56422
42533,59087
42534,49634
42535,40000
42536,40000
42537,40000
42538,63259
42539,57647
42540,49159
42541,40000
42542,41225
42543,52784
42544,43367
42545,44739
42546,40000
42547,58460
42548,46325
42549,58269
42550,62434
42551,94605
42552,57145
42553,40000
42554,86226
42555,69152
42556,73524
42557,40000
42558,68826
42559,40000
42560,55587
42561,40000
42562,41566
42563,53409
42564,40000
42565,48901
42566,40000
42567,91888
42568,40000
42569,42379
42570,44107
42571,62710
42572,42040
42573,63101
42574,67381
42575,40000
42576,42227
42577,73210
42578,40000
42579,40000
42580,59256
42581,50186
42582,40000
42583,75901
42584,69967
42585,40000
42586,63325
42587,40000
42588,42965
42589,40000
42590,46900
42591,51629
42592,50525
42593,40000
42594,73276
42595,42928
42596,71777
42597,55433
42598,49240
42599,40000
42600,40000
42601,48823
42602,40000
42603,42284
42604,62877
42605,61017
42606,78409
42607,40000
42608,40000
42609,40000
42610,44735
42611,71433
42612,64517
42613,40000
42614,64339
42615,54782
42616,46972
42617,40000
42618,55636
42619,40000
42620,40000
42621,55847
42622,53716
42623,67798
42624,62450
42625,55095
42626,40000
42627,52936
42628,46062
42629,40000
42630,40000
42631,40000
42632,43580
42633,63302
42634,78096
42635,40000
42636,73224
42637,54579
42638,40000
42639,40000
42640,41568
42641,76080
42642,102424
42643,65058
42644,46042
42645,40000
42646,61360
42647,40000
42648,51511
42649,53104
42650,79698
42651,55696
42652,40000
42653,40000
42654,59512
42655,56287
42656,40000
42657,49933
42658,70491
42659,59667
42660,56194
42661,40000
42662,64639
42663,48741
42664,56067
42665,70826
42666,61906
42667,56781
42668,40000
42669,59988
42670,44396
42671,61834
42672,40000
42673,51589
42674,70522
42675,61439
42676,70056
42677,83313
42678,40000
42679,45818
42680,55290
42681,54461
42682,40000
42683,40000
42684,40000
42685,40000
42686,40000
42687,56814
42688,40000
42689,59401
42690,49626
42691,46142
42692,86176
42693,65640
42694,69995
42695,62558
42696,68521
42697,59314
42698,69009
42699,40000
42700,64565
42701,47329
42702,40000
42703,45211
42704,71204
42705,54410
42706,66095
42707,63505
42708,49449
42709,56704
42710,43660
42711,40000
42712,58687
42713,40000
42714,55408
42715,44349
42716,68036
42717,55239
42718,80036
42719,70959
42720,40000
42721,50426
42722,80166
42723,40675
42724,44534
42725,40000
42726,43203
42727,49285
42728,40000
42729,96636
42730,51924
42731,40000
42732,40494
42733,40000
42734,77409
42735,52514
42736,43805
42737,52729
42738,51839
42739,40000
42740,48389
42741,50499
42742,40000
42743,40000
42744,40000
42745,45329
42746,63771
42747,51037
42748,55814
42749,40000
42750,52026
42751,49467
42752,40000
42753,40000
42754,40000
42755,63897
42756,71985
42757,73008
42758,65222
42759,40000
42760,58608
42761,40913
42762,40000
42763,41561
42764,40000
42765,58435
42766,59282
42767,53711
42768,71091
42769,71631
42770,57422
42771,74672
42772,40000
42773,61216
42774,54260
42775,58985
42776,46902
42777,64566
42778,40000
42779,54797
42780,40000
42781,40000
42782,40000
42783,65859
42784,77524
42785,44504
42786,40000
42787,40000
42788,40000
42789,40000
42790,40000
42791,50687
42792,52897
42793,73748
42794,51618
42795,62006
42796,44168
42797,42314
42798,40000
42799,40000
42800,40000
42801,50167
42802,40000
42803,40000
42804,40000
42805,54064
42806,40000
42807,51786
42808,62563
42809,59590
42810,41513
42811,40000
42812,40000
42813,60288
42814,40000
42815,40740
42816,40969
42817,67706
42818,53858
42819,46469
42820,53082
42821,64939
42822,40000
42823,84706
42824,40000
42825,40000
42826,40000
42827,61514
42828,50054
42829,89826
42830,44467
42831,44233
42832,50890
42833,66393
42834,68491
42835,40000
42836,42946
42837,57553
42838,55207
42839,63618
42840,40000
42841,40000
42842,60013
42843,40000
42844,40000
42845,40000
42846,40000
42847,62320
42848,40000
42849,44799
42850,48482
42851,73653
42852,44529
42853,40000
42854,40000
42855,40000
42856,62039
42857,45594
42858,54934
42859,49627
42860,40000
42861,86521
42862,63860
42863,40000
42864,92845
42865,53392
42866,46531
42867,60696
42868,64679
42869,40000
42870,40000
42871,41571
42872,59125
42873,40000
42874,47200
42875,55983
42876,40000
42877,40000
42878,40000
42879,74055
42880,86854
42881,69360
42882,50049
42883,40000
42884,49843
42885,79676
42886,66633
42887,56796
42888,51784
42889,52003
42890,40000
42891,64347
42892,40000
42893,72015
42894,54260
42895,62637
42896,40000
42897,40000
42898,52094
42899,42382
42900,42886
42901,40000
42902,41736
42903,40000
42904,40000
42905,62394
42906,55521
42907,86657
42908,58753
42909,40000
42910,44969
42911,40181
42912,56897
42913,71096
42914,44814
42915,40000
42916,40000
42917,73219
42918,74693
42919,40000
42920,53511
42921,40000
42922,40000
42923,51335
42924,40000
42925,74096
42926,40000
42927,40000
42928,50015
42929,40000
42930,46579
42931,54997
42932,40335
42933,49736
42934,84409
42935,45166
42936,97540
42937,40000
42938,78876
42939,49236
42940,40000
42941,42913
42942,40000
42943,73458
42944,52682
42945,45680
42946,65713
42947,50692
42948,40000
42949,44164
42950,40000
42951,68161
42952,53941
42953,64507
42954,40185
42955,40000
42956,62326
42957,46061
42958,83622
42959,71371
42960,40000
42961,54001
42962,51795
42963,50006
42964,77747
42965,40000
42966,77232
42967,61771
42968,40000
42969,40904
42970,64192
42971,40000
42972,49077
42973,74013
42974,40000
42975,64130
42976,47360
42977,74892
42978,47141
42979,40000
42980,88919
42981,40000
42982,40000
42983,40000
42984,43923
42985,40000
42986,81519
42987,40000
42988,40000
42989,48872
42990,47086
42991,62801
42992,61878
42993,40000
42994,47783
42995,55618
42996,51671
42997,56659
42998,40000
42999,40000
43000,72403
43001,40000
43002,40000
43003,40000
43004,66676
43005,45991
43006,40000
43007,59171
43008,40000
43009,42542
43010,40000
43011,61844
43012,62011
43013,49759
43014,85066
43015,46356
43016,78589
43017,40000
43018,54310
43019,94112
43020,109141
43021,56370
43022,40000
43023,58832
43024,41512
43025,67980
43026,40000
43027,40000
43028,71839
43029,51268
43030,44840
43031,40000
43032,67076
43033,40000
43034,73997
43035,40000
43036,51075
43037,94134
43038,87342
43039,40000
43040,69716
43041,53193
43042,40000
43043,45199
43044,58333
43045,55441
43046,40000
43047,43480
43048,40000
43049,50016
43050,46067
43051,40000
43052,60582
43053,50758
43054,55168
43055,40000
43056,74088
43057,40000
43058,46940
43059,59333
43060,40000
43061,57084
43062,40000
43063,40000
43064,40669
43065,40000
43066,50711
43067,65523
43068,40000
43069,48643
43070,68370
43071,55295
43072,40000
43073,57625
43074,70033
43075,40000
43076,50424
43077,40000
43078,77051
43079,75328
43080,40000
43081,40665
43082,40000
43083,60825
43084,43792
43085,40026
43086,40000
43087,56562
43088,58038
43089,58356
43090,74598
43091,40000
43092,40000
43093,40000
43094,40000
43095,51809
43096,69596
43097,40000
43098,44479
43099,56300
43100,40000
43101,41979
43102,52211
43103,64376
43104,40000
43105,47824
43106,55441
43107,64672
43108,67152
43109,56802
43110,64807
43111,43086
43112,86138
43113,67640
43114,45216
43115,41450
43116,54643
43117,55608
43118,40000
43119,40000
43120,40000
43121,68269
43122,42442
43123,45370
43124,40000
43125,63364
43126,53283
43127,44900
43128,61705
43129,64513
43130,40000
43131,40000
43132,46069
43133,40000
43134,73265
43135,71167
43136,71494
43137,74045
43138,40000
43139,40000
43140,40000
43141,40000
43142,78941
43143,43198
43144,62755
43145,42514
43146,53462
43147,70970
43148,73987
43149,40000
43150,40000
43151,53737
43152,45408
43153,55504
43154,69813
43155,66933
43156,44031
43157,40000
43158,48340
43159,50392
43160,40000
43161,40000
43162,75039
43163,69241
43164,40000
43165,64909
43166,40000
43167,46720
43168,54418
43169,52326
43170,40000
43171,40000
43172,45134
43173,69398
43174,51185
43175,40000
43176,73085
43177,76519
43178,43921
43179,52691
43180,40000
43181,62518
43182,57782
43183,79722
43184,50368
43185,40000
43186,52203
43187,67500
43188,40000
43189,62408
43190,40000
43191,40000
43192,54327
43193,41173
43194,40000
43195,40000
43196,40000
43197,47596
43198,55977
43199,60316
43200,52152
43201,40000
43202,52697
43203,57858
43204,40000
43205,40000
43206,40000
43207,43618
43208,40000
43209,40000
43210,83465
43211,48255
43212,70427
43213,54912
43214,55039
43215,64293
43216,40000
43217,55100
43218,42920
43219,67662
43220,66790
43221,83018
43222,95505
43223,42959
43224,40000
43225,40000
43226,40000
43227,58532
43228,40000
43229,56682
43230,40000
43231,50188
43232,70380
43233,78705
43234,41246
43235,59072
43236,52812
43237,40000
43238,60467
43239,40000
43240,45490
43241,71985
43242,40000
43243,69769
43244,40000
43245,49400
43246,64678
43247,47883
43248,43413
43249,90940
43250,49648
43251,40000
43252,40000
43253,40000
43254,53108
43255,44672
43256,40000
43257,42408
43258,48477
43259,79254
43260,40000
43261,47937
43262,71173
43263,49866
43264,40000
43265,57180
43266,40000
43267,40000
43268,67534
43269,57472
43270,69542
43271,78541
43272,43913
43273,59083
43274,73775
43275,40000
43276,51042
43277,40482
43278,54660
43279,55237
43280,75526
43281,66419
43282,40763
43283,71298
43284,40000
43285,50452
43286,47837
43287,59932
43288,40000
43289,53609
43290,63838
43291,64743
43292,69945
43293,63901
43294,57460
43295,66365
43296,40000
43297,66182
43298,46780
43299,52929
43300,40000
43301,40000
43302,57164
43303,49937
43304,69536
43305,42246
43306,57336
43307,40000
43308,40000
43309,54208
43310,40000
43311,104427
43312,46944
43313,71198
43314,67175
43315,53689
43316,77534
43317,42381
43318,40000
43319,83285
43320,51495
43321,40000
43322,40450
43323,41787
43324,93707
43325,55080
43326,54879
43327,82959
43328,40000
43329,44520
43330,45425
43331,40000
43332,51967
43333,54279
43334,52677
43335,86213
43336,45793
43337,42617
43338,41197
43339,51308
43340,52551
43341,40000
43342,55017
43343,70239
43344,40000
43345,40000
43346,40000
43347,64641
43348,40000
43349,59928
43350,40397
43351,40000
43352,43116
43353,53973
43354,62183
43355,62306
43356,79771
43357,61939
43358,63651
43359,46380
43360,54499
43361,42222
43362,57733
43363,40000
43364,46406
43365,46068
43366,40000
43367,62045
43368,86916
43369,54523
43370,75631
43371,46131
43372,60662
43373,50872
43374,40000
43375,67467
43376,74059
43377,66901
43378,54780
43379,42504
43380,40000
43381,43343
43382,40000
43383,40000
43384,59943
43385,66637
43386,40000
43387,57988
43388,47347
43389,40000
43390,71080
43391,57474
43392,41940
43393,53610
43394,40000
43395,40000
43396,46748
43397,40000
43398,47759
43399,40000
43400,69144
43401,40000
43402,41084
43403,98768
43404,40000
43405,51615
43406,51195
43407,40000
43408,49227
43409,72684
43410,42336
43411,87041
43412,40000
43413,69729
43414,40000
43415,41633
43416,76726
43417,72346
43418,40000
43419,51972
43420,60747
43421,58540
43422,42851
43423,54352
43424,75377
43425,40000
43426,52383
43427,43842
43428,52284
43429,60843
43430,82455
43431,41441
43432,43693
43433,61416
43434,40000
43435,51174
43436,40000
43437,40000
43438,75609
43439,67405
43440,41988
43441,75646
43442,53762
43443,40000
43444,66356
43445,52065
43446,40000
43447,66055
43448,47038
43449,51506
43450,97620
43451,60302
43452,51616
43453,40000
43454,56929
43455,53877
43456,40000
43457,40000
43458,49659
43459,40000
43460,40911
43461,40000
43462,40000
43463,40000
43464,40000
43465,53891
43466,80655
43467,75837
43468,57570
43469,40000
43470,40000
43471,40023
43472,69456
43473,78933
43474,57277
43475,40000
43476,91399
43477,76029
43478,72114
43479,40000
43480,100573
43481,40000
43482,114603
43483,40000
43484,53414
43485,68335
43486,48229
43487,55035
43488,48485
43489,78919
43490,64091
43491,40000
43492,40000
43493,40000
43494,40000
43495,40000
43496,70148
43497,40000
43498,43102
43499,66919
43500,40355
43501,71412
43502,40000
43503,43980
43504,75179
43505,40684
43506,71219
43507,48292
43508,73028
43509,54951
43510,40000
43511,62116
43512,40000
43513,47420
43514,40000
43515,66079
43516,48914
43517,40000
43518,86619
43519,63491
43520,44820
43521,40000
43522,49746
43523,73500
43524,65786
43525,40000
43526,56203
43527,40000
43528,51835
43529,72754
43530,40000
43531,40000
43532,40981
43533,56977
43534,46015
43535,40000
43536,40000
43537,88279
43538,62454
43539,51730
43540,51211
43541,40000
43542,43750
43543,47728
43544,45021
43545,40702
43546,61434
43547,45929
43548,69391
43549,53740
43550,49215
43551,40000
43552,81293
43553,43083
43554,52680
43555,61940
43556,64785
43557,40000
43558,91984
43559,65523
43560,94907
43561,71363
43562,40000
43563,63511
43564,60517
43565,40000
43566,77018
43567,60087
43568,67501
43569,70759
43570,74102
43571,56381
43572,40000
43573,40000
43574,77486
43575,43566
43576,40000
43577,40000
43578,40000
43579,40000
43580,74961
43581,40000
43582,59155
43583,42792
43584,40000
43585,40000
43586,75412
43587,40000
43588,54985
43589,55316
43590,40000
43591,40000
43592,77133
43593,44955
43594,68494
43595,78792
43596,48158
43597,54018
43598,68912
43599,85712
43600,40000
43601,67370
43602,47650
43603,61336
43604,45643
43605,91158
43606,66486
43607,40000
43608,69358
43609,52118
43610,41446
43611,59224
43612,40466
43613,40000
43614,45270
43615,48869
43616,40000
43617,60349
43618,109268
43619,50280
43620,42182
43621,65312
43622,52050
43623,47557
43624,116058
43625,67289
43626,79109
43627,40000
43628,47583
43629,44797
43630,40000
43631,44966
43632,58605
43633,57657
43634,72505
43635,40000
43636,40000
43637,45548
43638,46845
43639,65190
43640,61964
43641,58007
43642,40000
43643,45040
43644,43728
43645,50861
43646,70867
43647,83202
43648,40000
43649,63987
43650,83708
43651,55105
43652,43316
43653,54680
43654,40000
43655,66043
43656,42251
43657,40000
43658,40000
43659,86197
43660,40152
43661,56507
43662,40000
43663,60861
43664,76148
43665,83350
43666,40000
43667,40000
43668,99862
43669,40000
43670,66797
43671,43350
43672,43715
43673,40704
43674,40000
43675,69829
43676,64747
43677,40000
43678,73684
43679,66526
43680,60535
43681,87635
43682,40000
43683,40000
43684,40000
43685,40000
43686,40000
43687,59722
43688,40000
43689,56132
43690,74042
43691,73340
43692,40000
43693,55885
43694,40000
43695,69028
43696,40000
43697,80085
43698,54363
43699,40000
43700,40000
43701,48158
43702,40000
43703,112193
43704,64860
43705,46616
43706,40000
43707,63262
43708,78503
43709,98736
43710,88704
43711,40000
43712,43074
43713,49743
43714,54915
43715,54674
43716,96835
43717,62288
43718,83717
43719,40000
43720,44238
43721,41497
43722,75830
43723,40000
43724,40000
43725,49047
43726,74099
43727,40000
43728,70167
43729,40000
43730,47964
43731,59109
43732,80474
43733,40000
43734,47680
43735,40000
43736,73865
43737,62498
43738,40000
43739,49936
43740,40000
43741,86974
43742,40000
43743,62238
43744,47804
43745,94985
43746,40000
43747,41569
43748,72833
43749,75309
43750,40000
43751,61787
43752,40000
43753,50379
43754,53293
43755,40000
43756,66947
43757,40000
43758,42985
43759,42470
43760,51323
43761,53529
43762,64128
43763,61584
43764,40000
43765,47172
43766,86316
43767,42965
43768,46908
43769,40000
43770,40000
43771,62869
43772,40000
43773,55882
43774,46288
43775,70439
43776,44288
43777,40000
43778,66097
43779,49107
43780,59728
43781,40000
43782,41065
43783,50026
43784,56313
43785,40000
43786,48293
43787,40000
43788,76278
43789,45751
43790,42022
43791,51380
43792,63576
43793,40000
43794,85481
43795,40000
43796,44039
43797,53911
43798,78681
43799,40000
43800,48947
43801,74988
43802,68619
43803,40000
43804,62953
43805,40000
43806,40000
43807,51163
43808,45735
43809,74029
43810,40000
43811,75346
43812,52070
43813,44094
43814,59131
43815,93043
43816,44911
43817,40000
43818,76654
43819,40000
43820,40000
43821,40000
43822,66502
43823,49087
43824,53279
43825,40000
43826,81785
43827,56942
43828,40000
43829,45090
43830,53017
43831,40000
43832,52622
43833,68656
43834,68846
43835,75611
43836,56752
43837,54237
43838,56980
43839,40000
43840,40000
43841,48310
43842,40000
43843,74535
43844,40000
43845,40000
43846,56980
43847,58249
43848,40000
43849,55659
43850,42064
43851,40000
43852,40000
43853,40000
43854,47416
43855,58134
43856,40000
43857,40000
43858,86960
43859,48903
43860,42438
43861,40000
43862,71119
43863,54108
43864,40000
43865,40000
43866,53214
43867,69955
43868,41300
43869,53794
43870,47138
43871,43717
43872,68241
43873,40000
43874,91612
43875,42932
43876,40000
43877,48996
43878,40000
43879,57805
43880,41654
43881,63132
43882,40000
43883,40000
43884,68950
43885,73599
43886,54407
43887,40000
43888,86714
43889,54414
43890,40000
43891,89545
43892,60860
43893,42739
43894,47079
43895,40000
43896,43923
43897,63681
43898,40000
43899,64785
43900,52400
43901,57037
43902,59464
43903,40000
43904,57825
43905,61314
43906,58493
43907,65325
43908,66606
43909,40000
43910,40000
43911,40000
43912,52939
43913,61682
43914,42256
43915,40000
43916,45902
43917,44647
43918,40000
43919,51523
43920,65104
43921,40000
43922,51119
43923,40000
43924,40000
43925,70266
43926,40000
43927,75769
43928,40000
43929,64691
43930,40000
43931,43534
43932,42100
43933,49153
43934,71631
43935,56938
43936,54769
43937,47080
43938,64802
43939,40000
43940,40000
43941,84332
43942,40000
43943,57110
43944,73184
43945,68312
43946,40000
43947,48793
43948,50318
43949,40000
43950,54069
43951,80671
43952,41071
43953,40000
43954,83276
43955,40000
43956,40000
43957,60441
43958,40000
43959,40000
43960,40000
43961,77966
43962,40000
43963,58732
43964,55588
43965,71933
43966,40000
43967,57816
43968,62360
43969,40000
43970,61868
43971,42200
43972,40000
43973,89634
43974,40000
43975,40000
43976,40237
43977,46755
43978,40000
43979,40000
43980,53367
43981,40000
43982,66224
43983,43404
43984,55122
43985,40930
43986,66436
43987,47551
43988,68934
43989,48355
43990,40000
43991,46734
43992,40000
43993,40000
43994,63332
43995,44325
43996,57941
43997,40000
43998,41258
43999,42769
44000,81211
44001,40000
44002,40000
44003,60229
44004,40000
44005,70300
44006,57931
44007,52245
44008,40000
44009,41851
44010,43500
44011,45086
44012,63352
44013,47854
44014,40000
44015,48015
44016,81076
44017,44114
44018,40000
44019,45873
44020,61450
44021,71104
44022,40000
44023,40000
44024,51692
44025,63112
44026,40000
44027,67624
44028,71826
44029,53110
44030,68379
44031,58843
44032,40000
44033,63379
44034,45448
44035,47856
44036,40000
44037,45234
44038,40000
44039,40341
44040,51852
44041,53278
44042,64759
44043,57653
44044,40000
44045,51596
44046,40000
44047,40000
44048,68359
44049,65214
44050,47340
44051,40000
44052,70226
44053,40000
44054,40000
44055,40000
44056,53848
44057,40000
44058,40000
44059,53778
44060,40000
44061,62926
44062,87288
44063,77758
44064,40000
44065,40000
44066,40000
44067,59532
44068,40000
44069,48754
44070,71639
44071,40000
44072,40000
44073,41063
44074,47758
44075,59925
44076,65481
44077,40000
44078,69115
44079,49380
44080,40958
44081,40000
44082,40000
44083,78858
44084,42043
44085,68906
44086,64042
44087,40000
44088,40000
44089,96403
44090,63593
44091,44990
44092,46025
44093,59168
44094,40000
44095,40000
44096,40000
44097,60923
44098,55018
44099,47876
44100,46098
44101,51329
44102,55191
44103,64491
44104,51187
44105,52295
44106,42502
44107,40000
44108,67103
44109,40000
44110,40000
44111,49351
44112,41030
44113,61881
44114,40000
44115,43537
44116,47161
44117,45411
44118,44365
44119,58797
44120,50261
44121,40000
44122,40000
44123,40000
44124,40000
44125,70912
44126,50836
44127,40000
44128,66528
44129,55531
44130,40000
44131,62455
44132,65853
44133,45497
44134,63363
44135,40000
44136,47170
44137,70090
44138,40000
44139,75370
44140,43334
44141,40000
44142,60965
44143,61388
44144,65210
44145,70163
44146,40000
44147,40000
44148,40000
44149,43017
44150,41543
44151,40000
44152,40000
44153,40047
44154,61460
44155,48479
44156,70242
44157,77887
44158,46507
44159,80781
44160,65925
44161,40000
44162,46673
44163,40000
44164,40000
44165,40000
44166,57589
44167,40000
44168,47290
44169,52500
44170,59097
44171,40000
44172,77679
44173,81822
44174,40000
44175,45326
44176,41148
44177,40000
44178,90146
44179,72893
44180,59997
44181,56949
44182,69683
44183,46114
44184,40000
44185,50142
44186,61738
44187,40000
44188,127238
44189,59748
44190,60827
44191,40000
44192,49646
44193,40000
44194,40000
44195,40000
44196,57844
44197,40000
44198,71567
44199,62272
44200,54637
44201,60772
44202,47103
44203,93279
44204,44094
44205,40000
44206,68984
44207,61770
44208,59486
44209,52783
44210,68175
44211,64026
44212,69050
44213,40000
44214,54891
44215,40000
44216,52431
44217,64272
44218,79775
44219,40000
44220,60657
44221,41503
44222,73564
44223,40000
44224,40000
44225,40000
44226,72497
44227,40000
44228,54782
44229,52310
44230,40000
44231,88402
44232,40000
44233,42616
44234,46144
44235,40000
44236,40000
44237,40000
44238,40000
44239,40000
44240,44513
44241,64660
44242,40000
44243,40000
44244,65178
44245,78451
44246,78564
44247,57855
44248,40000
44249,40000
44250,58958
44251,41526
44252,73313
44253,66313
44254,90456
44255,56302
44256,40000
44257,66910
44258,57508
44259,40000
44260,47844
44261,40000
44262,56245
44263,56680
44264,50671
44265,52444
44266,40228
44267,51314
44268,47465
44269,43818
44270,40000
44271,44150
44272,40000
44273,40000
44274,50069
44275,60739
44276,40000
44277,71947
44278,48941
44279,44154
44280,88655
44281,48970
44282,63790
44283,49914
44284,40956
44285,40000
44286,46786
44287,68038
44288,48521
44289,56920
44290,71426
44291,67437
44292,40000
44293,40000
44294,73245
44295,48552
44296,40000
44297,55740
44298,47995
44299,97087
44300,40000
44301,41760
44302,76263
44303,40000
44304,70849
44305,40000
44306,64660
44307,43744
44308,45741
44309,40000
44310,92793
44311,70439
44312,54454
44313,40000
44314,40000
44315,72462
44316,40000
44317,40000
44318,46806
44319,49078
44320,56605
44321,43580
44322,40000
44323,57216
44324,41202
44325,58615
44326,89279
44327,67653
44328,62257
44329,43272
44330,65667
44331,57227
44332,61086
44333,86278
44334,53656
44335,59939
44336,40000
44337,74186
44338,69391
44339,53068
44340,40000
44341,51433
44342,40000
44343,43887
44344,58864
44345,41336
44346,40000
44347,72769
44348,45029
44349,73555
44350,40000
44351,86797
44352,48954
44353,50400
44354,60932
44355,55620
44356,40000
44357,40000
44358,67241
44359,54090
44360,40000
44361,52724
44362,91279
44363,54301
44364,40000
44365,63860
44366,72676
44367,40000
44368,40000
44369,40000
44370,60328
44371,40000
44372,45716
44373,58327
44374,58524
44375,79175
44376,63722
44377,54671
44378,43852
44379,40000
44380,75127
44381,60249
44382,40000
44383,50965
44384,65845
44385,48426
44386,55684
44387,46102
44388,64941
44389,40000
44390,60386
44391,74742
44392,42369
44393,40000
44394,72836
44395,82198
44396,42073
44397,40993
44398,40319
44399,56826
44400,55761
44401,40000
44402,42009
44403,40000
44404,60161
44405,40000
44406,47033
44407,40000
44408,40000
44409,45310
44410,40000
44411,40000
44412,70272
44413,40000
44414,40000
44415,61741
44416,60874
44417,40000
44418,40000
44419,41774
44420,54936
44421,65180
44422,45457
44423,54455
44424,46009
44425,51444
44426,40000
44427,49263
44428,40000
44429,51983
44430,40000
44431,67317
44432,61124
44433,50807
44434,87662
44435,40000
44436,44495
44437,40000
44438,66444
44439,40000
44440,48305
44441,54118
44442,83981
44443,60521
44444,73422
44445,40000
44446,40000
44447,41114
44448,48711
44449,40000
44450,40000
44451,60566
44452,59813
44453,40000
44454,79113
44455,40000
44456,71463
44457,65113
44458,45735
44459,73162
44460,85492
44461,73581
44462,72047
44463,56203
44464,67211
44465,104822
44466,54372
44467,46804
44468,71471
44469,40000
44470,40000
44471,40000
44472,76936
44473,43149
44474,57017
44475,40000
44476,58623
44477,40000
44478,45917
44479,42544
44480,40000
44481,52928
44482,40000
44483,52832
44484,40000
44485,40000
44486,55837
44487,53432
44488,77424
44489,60698
44490,50321
44491,40000
44492,46720
44493,40000
44494,45232
44495,46838
44496,78291
44497,41160
44498,45703
44499,59734
44500,46947
44501,40000
44502,49486
44503,106682
44504,78146
44505,40000
44506,66846
44507,40000
44508,40000
44509,85323
44510,64069
44511,45342
44512,43124
44513,45882
44514,40000
44515,61642
44516,40000
44517,70635
44518,87868
44519,51193
44520,42232
44521,44592
44522,40000
44523,40000
44524,76667
44525,44847
44526,46299
44527,40000
44528,40000
44529,44806
44530,66256
44531,74264
44532,55603
44533,62749
44534,40000
44535,48277
44536,40000
44537,40000
44538,54514
44539,78872
44540,40000
44541,40000
44542,40000
44543,52543
44544,40000
44545,40000
44546,40000
44547,44468
44548,45015
44549,49958
44550,51067
44551,40000
44552,41568
44553,40000
44554,69338
44555,71630
44556,40000
44557,55317
44558,42277
44559,40000
44560,60704
44561,44120
44562,40000
44563,41357
44564,56863
44565,40000
44566,69384
44567,51939
44568,52928
44569,61208
44570,81642
44571,40000
44572,68923
44573,40000
44574,53946
44575,56674
44576,59485
44577,52662
44578,53982
44579,64795
44580,40000
44581,40000
44582,40000
44583,40000
44584,56647
44585,40183
44586,40000
44587,42691
44588,42565
44589,51452
44590,40000
44591,43492
44592,48702
44593,40000
44594,96965
44595,46154
44596,68448
44597,40000
44598,40000
44599,75937
44600,62782
44601,40000
44602,75380
44603,54227
44604,40000
44605,40000
44606,40000
44607,51383
44608,61586
44609,40000
44610,56065
44611,54069
44612,40000
44613,52598
44614,52796
44615,40000
44616,40000
44617,43293
44618,85111
44619,49737
44620,40000
44621,46956
44622,40000
44623,51536
44624,40000
44625,40000
44626,46307
44627,49452
44628,40000
44629,46351
44630,40000
44631,40000
44632,86977
44633,40000
44634,40000
44635,40000
44636,41334
44637,51559
44638,52118
44639,40000
44640,50313
44641,40000
44642,40000
44643,55515
44644,40000
44645,40000
44646,53606
44647,64105
44648,56453
44649,40000
44650,40000
44651,66093
44652,42683
44653,50560
44654,43790
44655,40000
44656,68193
44657,47760
44658,56224
44659,76715
44660,40000
44661,57447
44662,40000
44663,71392
44664,40000
44665,47360
44666,51361
44667,71697
44668,59316
44669,40000
44670,41243
44671,41238
44672,49962
44673,40000
44674,42133
44675,40000
44676,52549
44677,45234
44678,60231
44679,40000
44680,40000
44681,40000
44682,82058
44683,73070
44684,40000
44685,48630
44686,87280
44687,48436
44688,56070
44689,69168
44690,45779
44691,73609
44692,40000
44693,62759
44694,84065
44695,60441
44696,70060
44697,69446
44698,40000
44699,57097
44700,69210
44701,40000
44702,54796
44703,40000
44704,63410
44705,40000
44706,40000
44707,50242
44708,49150
44709,45921
44710,53101
44711,64648
44712,75319
44713,40000
44714,44193
44715,67138
44716,71224
44717,61274
44718,45221
44719,67084
44720,64590
44721,44255
44722,46756
44723,89150
44724,61694
44725,51522
44726,40000
44727,66808
44728,40000
44729,40000
44730,73062
44731,40000
44732,48286
44733,40000
44734,40000
44735,68100
44736,40000
44737,57212
44738,40000
44739,53916
44740,46039
44741,63867
44742,40000
44743,64868
44744,60398
44745,40000
44746,40000
44747,69684
44748,75934
44749,87280
44750,99844
44751,43016
44752,53124
44753,47209
44754,40000
44755,52662
44756,40000
44757,50993
44758,83525
44759,59254
44760,74028
44761,85589
44762,48420
44763,54409
44764,40000
44765,57664
44766,95656
44767,53440
44768,40462
44769,54735
44770,50613
44771,51107
44772,62438
44773,52113
44774,57514
44775,84746
44776,59862
44777,85401
44778,40000
44779,58557
44780,75201
44781,40000
44782,58902
44783,55066
44784,40000
44785,64670
44786,81616
44787,88836
44788,52375
44789,40000
44790,44264
44791,57396
44792,40000
44793,87653
44794,52688
44795,40000
44796,40000
44797,40000
44798,50693
44799,76972
44800,40221
44801,52710
44802,40000
44803,40000
44804,40000
44805,52816
44806,40000
44807,75685
44808,42936
44809,50369
44810,71496
44811,40000
44812,40000
44813,55554
44814,66783
44815,40000
44816,46855
44817,64340
44818,47501
44819,51292
44820,49437
44821,44917
44822,40000
44823,63722
44824,40000
44825,40000
44826,40000
44827,74737
44828,40000
44829,45760
44830,40000
44831,43406
44832,40000
44833,52142
44834,48272
44835,40000
44836,47526
44837,40000
44838,66550
44839,48456
44840,56799
44841,78613
44842,49978
44843,56887
44844,40000
44845,44897
44846,76039
44847,40000
44848,40000
44849,41369
44850,74454
44851,40000
44852,40000
44853,68576
44854,59165
44855,40000
44856,75125
44857,49335
44858,57059
44859,57121
44860,55872
44861,40000
44862,45005
44863,40000
44864,71472
44865,51422
44866,59985
44867,40000
44868,45796
44869,66539
44870,54547
44871,40000
44872,59806
44873,47739
44874,40000
44875,73457
44876,43923
44877,41342
44878,40000
44879,64709
44880,81853
44881,53731
44882,43416
44883,55765
44884,50704
44885,57164
44886,40000
44887,46714
44888,63818
44889,40000
44890,40000
44891,51220
44892,40000
44893,40000
44894,40000
44895,57542
44896,45912
44897,44295
44898,40000
44899,45192
44900,47805
44901,87629
44902,40000
44903,40000
44904,43659
44905,55452
44906,40000
44907,53339
44908,54891
44909,40000
44910,56278
44911,92028
44912,40000
44913,43102
44914,40000
44915,40000
44916,40000
44917,43923
44918,62190
44919,40000
44920,55893
44921,40501
44922,65469
44923,40000
44924,76354
44925,52149
44926,40000
44927,48686
44928,40000
44929,45164
44930,40000
44931,40000
44932,41006
44933,54083
44934,55514
44935,40000
44936,49509
44937,41043
44938,51607
44939,40000
44940,73960
44941,52359
44942,62358
44943,41434
44944,48318
44945,40000
44946,60171
44947,40000
44948,40000
44949,64046
44950,40000
44951,47590
44952,54675
44953,53864
44954,40000
44955,53874
44956,41249
44957,59665
44958,40000
44959,60432
44960,83810
44961,57163
44962,40000
44963,94383
44964,74374
44965,58994
44966,40000
44967,40000
44968,46243
44969,40000
44970,40000
44971,40000
44972,40000
44973,40000
44974,40000
44975,62956
44976,70595
44977,40000
44978,40000
44979,69660
44980,49693
44981,46927
44982,43415
44983,71137
44984,40000
44985,40000
44986,40992
44987,73351
44988,59873
44989,41833
44990,40000
44991,40000
44992,40000
44993,44457
44994,40000
44995,44873
44996,85104
44997,40000
44998,66062
44999,76439
45000,56548
45001,49216
45002,40000
45003,76413
45004,69058
45005,71230
45006,45963
45007,54011
45008,58536
45009,49796
45010,40000
45011,40000
45012,66889
45013,47611
45014,71247
45015,40000
45016,40000
45017,40000
45018,55415
45019,52072
45020,43927
45021,53853
45022,41502
45023,46591
45024,40000
45025,51222
45026,40000
45027,44263
45028,40000
45029,60556
45030,63664
45031,77767
45032,44779
45033,48534
45034,56215
45035,52210
45036,57309
45037,52675
45038,62730
45039,61289
45040,53585
45041,94476
45042,52819
45043,40000
45044,79975
45045,44966
45046,59954
45047,47125
45048,41760
45049,79851
45050,56714
45051,75978
45052,40000
45053,60172
45054,40000
45055,43138
45056,66328
45057,40000
45058,43472
45059,71658
45060,68913
45061,40000
45062,65998
45063,56564
45064,74219
45065,40000
45066,62679
45067,51589
45068,40000
45069,40216
45070,40000
45071,56287
45072,50945
45073,105278
45074,45686
45075,66698
45076,85721
45077,40000
45078,40532
45079,40000
45080,61013
45081,40000
45082,47682
45083,80094
45084,52559
45085,40000
45086,40000
45087,46589
45088,49532
45089,54007
45090,46924
45091,54333
45092,63645
45093,55481
45094,48082
45095,40000
45096,91363
45097,40000
45098,40000
45099,46346
45100,50222
45101,40000
45102,84360
45103,64572
45104,57727
45105,50826
45106,40000
45107,40000
45108,45907
45109,46470
45110,56098
45111,40000
45112,96211
45113,40000
45114,45849
45115,108250
45116,42166
45117,40000
45118,51436
45119,59668
45120,42869
45121,56603
45122,40000
45123,40000
45124,40000
45125,63218
45126,40000
45127,40000
45128,40000
45129,42716
45130,40000
45131,40000
45132,40000
45133,48569
45134,44813
45135,50756
45136,47079
45137,40000
45138,75142
45139,40000
45140,58469
45141,82517
45142,58778
45143,40109
45144,59939
45145,59548
45146,47691
45147,50088
45148,67195
45149,40000
45150,40000
45151,40000
45152,48473
45153,49973
45154,71071
45155,40000
45156,62036
45157,77276
45158,56769
45159,40000
45160,59079
45161,40337
45162,58610
45163,47276
45164,55310
45165,57892
45166,54187
45167,40000
45168,51951
45169,63478
45170,49547
45171,40000
45172,54912
45173,40000
45174,72202
45175,79442
45176,40000
45177,40000
45178,40000
45179,40000
45180,67088
45181,40000
45182,40000
45183,43918
45184,82737
45185,53896
45186,64258
45187,49290
45188,70741
45189,40000
45190,67985
45191,67443
45192,67683
45193,63949
45194,95998
45195,40000
45196,49035
45197,40000
45198,40000
45199,40000
45200,59523
45201,44185
45202,66672
45203,51389
45204,43238
45205,40000
45206,46341
45207,62370
45208,66146
45209,47678
45210,40000
45211,61782
45212,40000
45213,42675
45214,71995
45215,40808
45216,41211
45217,40000
45218,64236
45219,48704
45220,60395
45221,40000
45222,63629
45223,40000
45224,78631
45225,46276
45226,78370
45227,71414
45228,52606
45229,54570
45230,77713
45231,40000
45232,79507
45233,40000
45234,91810
45235,40000
45236,40000
45237,40000
45238,40000
45239,40000
45240,47021
45241,53615
45242,40000
45243,40000
45244,41610
45245,58029
45246,43715
45247,88121
45248,43872
45249,44671
45250,40000
45251,80647
45252,40000
45253,60632
45254,44785
45255,64787
45256,75600
45257,69151
45258,42964
45259,78325
45260,64755
45261,55147
45262,72559
45263,40000
45264,59422
45265,40000
45266,40000
45267,81390
45268,40000
45269,83548
45270,60393
45271,81079
45272,40000
45273,71420
45274,41539
45275,49876
45276,47152
45277,43195
45278,59364
45279,44523
45280,95981
45281,40000
45282,81238
45283,56268
45284,91015
45285,41042
45286,40000
45287,40472
45288,47992
45289,65313
45290,40000
45291,40000
45292,43998
45293,40000
45294,62792
45295,40000
45296,55264
45297,82270
45298,56982
45299,48737
45300,40000
45301,63989
45302,40000
45303,40000
45304,40000
45305,49506
45306,48231
45307,70800
45308,64368
45309,79334
45310,45085
45311,63339
45312,47999
45313,60624
45314,50780
45315,40000
45316,40000
45317,46814
45318,40000
45319,46052
45320,40000
45321,40000
45322,50886
45323,62019
45324,40000
45325,40000
45326,46983
45327,40000
45328,61253
45329,48006
45330,40000
45331,40000
45332,40000
45333,63235
45334,40000
45335,51675
45336,40829
45337,43452
45338,40000
45339,63865
45340,56299
45341,40090
45342,52468
45343,51206
45344,63050
45345,47798
45346,65720
45347,51141
45348,69931
45349,50349
45350,65510
45351,45854
45352,40000
45353,69192
45354,79477
45355,41653
45356,65054
45357,40000
45358,40000
45359,46503
45360,49440
45361,52657
45362,40000
45363,40000
45364,47444
45365,40000
45366,40000
45367,40000
45368,67053
45369,40000
45370,52669
45371,82249
45372,40000
45373,40000
45374,40000
45375,40000
45376,55568
45377,40977
45378,49195
45379,40000
45380,40000
45381,49709
45382,40000
45383,51691
45384,40000
45385,82383
45386,76472
45387,42021
45388,56919
45389,40000
45390,56817
45391,60924
45392,71336
45393,40000
45394,42565
45395,40000
45396,40000
45397,71563
45398,57546
45399,61484
45400,40000
45401,40000
45402,40000
45403,40000
45404,92865
45405,54834
45406,72395
45407,40000
45408,49619
45409,59009
45410,94323
45411,48829
45412,40000
45413,52352
45414,40000
45415,80177
45416,51789
45417,45408
45418,54278
45419,88809
45420,40000
45421,47259
45422,46269
45423,42198
45424,77700
45425,69258
45426,56454
45427,41722
45428,40000
45429,40000
45430,42352
45431,55539
45432,64386
45433,54587
45434,43440
45435,66855
45436,56671
45437,96524
45438,40000
45439,40000
45440,41295
45441,40000
45442,49672
45443,53742
45444,42396
45445,52057
45446,62014
45447,40862
45448,41627
45449,78437
45450,51324
45451,50876
45452,40000
45453,69993
45454,76419
45455,83158
45456,54693
45457,47807
45458,40000
45459,40000
45460,41469
45461,43667
45462,40000
45463,72815
45464,73487
45465,61552
45466,87135
45467,40000
45468,72091
45469,78577
45470,71989
45471,48943
45472,40000
45473,70261
45474,41322
45475,40000
45476,60447
45477,40000
45478,40000
45479,52393
45480,66965
45481,40000
45482,48515
45483,48357
45484,40000
45485,53311
45486,40000
45487,40000
45488,79290
45489,40000
45490,59313
45491,60490
45492,40000
45493,73207
45494,58374
45495,54133
45496,40000
45497,40000
45498,56959
45499,42994
45500,54125
45501,76579
45502,73976
45503,40000
45504,61859
45505,51078
45506,40000
45507,51514
45508,40000
45509,40000
45510,40000
45511,49073
45512,64108
45513,54680
45514,79268
45515,40000
45516,64624
45517,64077
45518,78267
45519,40000
45520,78054
45521,54522
45522,56885
45523,48095
45524,72991
45525,45220
45526,40000
45527,42030
45528,71859
45529,60389
45530,90849
45531,40000
45532,41530
45533,49614
45534,86547
45535,40000
45536,44841
45537,49858
45538,64551
45539,49665
45540,40000
45541,58166
45542,40000
45543,40000
45544,40000
45545,40000
45546,102460
45547,77450
45548,53022
45549,40000
45550,53893
45551,40000
45552,69599
45553,44037
45554,70572
45555,65619
45556,44818
45557,40000
45558,40000
45559,47787
45560,40000
45561,40000
45562,40000
45563,45357
45564,40000
45565,40495
45566,46112
45567,43253
45568,61246
45569,51395
45570,41149
45571,51038
45572,86132
45573,40000
45574,77680
45575,61014
45576,40000
45577,68523
45578,57914
45579,61647
45580,73683
45581,40036
45582,41206
45583,57633
45584,57958
45585,49600
45586,40000
45587,69798
45588,40000
45589,61239
45590,42484
45591,58915
45592,40628
45593,52190
45594,88858
45595,74355
45596,40000
45597,43348
45598,40000
45599,40000
45600,40000
45601,48687
45602,49733
45603,68530
45604,50803
45605,54640
45606,60738
45607,71879
45608,40000
45609,40000
45610,73224
45611,84623
45612,45243
45613,40000
45614,53082
45615,48870
45616,70942
45617,40000
45618,47314
45619,40000
45620,40000
45621,50919
45622,40000
45623,48521
45624,70331
45625,68691
45626,63960
45627,75839
45628,40000
45629,40000
45630,70415
45631,40000
45632,40000
45633,40000
45634,67342
45635,40000
45636,47922
45637,42449
45638,53910
45639,94983
45640,57662
45641,47047
45642,40000
45643,43472
45644,70117
45645,44932
45646,89756
45647,59862
45648,40000
45649,64498
45650,62635
45651,40930
45652,40000
45653,40709
45654,52401
45655,59827
45656,45451
45657,40000
45658,45050
45659,76942
45660,43662
45661,64410
45662,74286
45663,49946
45664,72467
45665,41015
45666,40000
45667,50438
45668,40000
45669,66337
45670,41865
45671,40000
45672,40000
45673,40000
45674,48678
45675,40000
45676,51609
45677,52177
45678,56190
45679,45884
45680,40000
45681,42322
45682,40000
45683,47814
45684,44491
45685,40000
45686,54932
45687,58149
45688,50412
45689,71254
45690,40000
45691,43760
45692,59172
45693,52122
45694,76983
45695,40000
45696,49344
45697,66628
45698,72382
45699,40000
45700,43585
45701,72602
45702,40000
45703,40000
45704,52028
45705,48722
45706,48287
45707,41068
45708,40000
45709,42401
45710,86039
45711,61505
45712,40000
45713,83862
45714,66667
45715,40701
45716,55775
45717,47476
45718,49894
45719,51413
45720,56442
45721,63116
45722,40000
45723,53150
45724,66076
45725,67608
45726,44257
45727,85051
45728,40000
45729,54993
45730,56397
45731,44160
45732,54826
45733,53089
45734,50705
45735,69795
45736,40000
45737,40000
45738,40000
45739,40000
45740,40000
45741,51042
45742,48766
45743,65720
45744,91391
45745,43213
45746,40000
45747,40000
45748,49838
45749,40000
45750,41857
45751,40000
45752,66523
45753,90367
45754,64117
45755,40000
45756,70514
45757,40521
45758,40000
45759,53520
45760,40000
45761,42217
45762,42694
45763,61213
45764,40000
45765,40000
45766,93657
45767,64897
45768,40000
45769,64697
45770,48196
45771,45624
45772,65917
45773,45830
45774,84890
45775,82902
45776,40000
45777,40811
45778,46635
45779,40000
45780,76269
45781,51872
45782,40000
45783,49324
45784,76357
45785,55030
45786,50574
45787,74507
45788,48099
45789,47538
45790,40000
45791,56312
45792,40000
45793,44152
45794,40000
45795,69363
45796,52850
45797,40000
45798,40000
45799,40000
45800,54639
45801,40000
45802,75016
45803,94436
45804,80805
45805,50782
45806,64192
45807,41557
45808,67640
45809,50421
45810,40000
45811,49943
45812,73418
45813,49530
45814,55267
45815,66429
45816,53367
45817,61718
45818,74967
45819,40000
45820,52616
45821,51546
45822,42983
45823,47423
45824,40000
45825,48936
45826,48613
45827,40000
45828,65770
45829,40000
45830,57072
45831,74650
45832,83121
45833,83426
45834,40000
45835,59487
45836,48459
45837,69310
45838,40000
45839,59482
45840,49706
45841,40000
45842,40000
45843,40000
45844,40000
45845,60250
45846,66524
45847,46632
45848,82481
45849,57488
45850,40000
45851,82664
45852,54060
45853,49865
45854,40000
45855,74081
45856,43354
45857,60013
45858,72365
45859,40000
45860,65550
45861,51084
45862,56581
45863,76118
45864,58415
45865,40000
45866,43137
45867,41291
45868,40000
45869,50987
45870,82446
45871,85601
45872,47562
45873,56710
45874,46598
45875,59726
45876,40000
45877,55822
45878,47917
45879,51749
45880,40000
45881,45903
45882,73800
45883,40000
45884,40000
45885,44027
45886,63626
45887,40000
45888,48607
45889,74462
45890,51035
45891,61534
45892,40000
45893,40000
45894,54437
45895,53341
45896,40000
45897,40000
45898,51209
45899,62067
45900,40000
45901,53639
45902,40000
45903,40762
45904,40000
45905,58790
45906,48264
45907,77275
45908,40000
45909,40000
45910,43954
45911,40000
45912,40000
45913,40000
45914,45962
45915,41921
45916,40000
45917,46135
45918,43301
45919,54551
45920,40000
45921,45091
45922,61209
45923,62573
45924,40000
45925,40000
45926,40000
45927,40000
45928,82969
45929,42696
45930,40000
45931,40000
45932,66809
45933,50051
45934,40000
45935,40000
45936,61445
45937,40000
45938,53692
45939,66576
45940,52786
45941,40000
45942,51491
45943,53155
45944,58293
45945,74657
45946,43061
45947,66065
45948,67720
45949,47775
45950,55813
45951,45623
45952,40487
45953,80909
45954,50536
45955,40000
45956,46203
45957,43968
45958,40000
45959,57740
45960,40000
45961,43936
45962,40000
45963,55958
45964,40000
45965,40000
45966,63377
45967,70647
45968,40000
45969,45197
45970,40000
45971,40000
45972,40000
45973,70974
45974,40000
45975,69528
45976,78466
45977,44570
45978,54805
45979,40000
45980,40000
45981,46236
45982,40000
45983,40000
45984,48923
45985,58264
45986,52207
45987,74134
45988,43343
45989,75247
45990,91588
45991,40000
45992,40000
45993,42933
45994,72936
45995,46251
45996,40000
45997,75602
45998,41444
45999,57704
46000,40000
46001,43944
46002,54871
46003,71990
46004,40000
46005,48660
46006,50341
46007,43953
46008,49894
46009,40000
46010,55912
46011,40000
46012,54547
46013,73436
46014,56205
46015,66067
46016,40000
46017,59700
46018,56645
46019,40000
46020,57196
46021,97074
46022,40000
46023,75991
46024,40000
46025,62359
46026,40000
46027,71700
46028,66926
46029,49994
46030,40000
46031,48070
46032,61339
46033,53140
46034,40000
46035,48669
46036,52319
46037,72671
46038,41789
46039,66076
46040,40000
46041,88048
46042,54737
46043,75633
46044,66772
46045,45531
46046,40000
46047,43053
46048,43070
46049,74343
46050,47907
46051,69549
46052,40000
46053,40000
46054,40750
46055,40000
46056,84813
46057,40000
46058,40000
46059,75362
46060,40964
46061,40000
46062,52380
46063,43235
46064,48937
46065,40000
46066,40000
46067,40000
46068,40000
46069,40000
46070,40000
46071,96453
46072,55602
46073,40000
46074,56307
46075,45519
46076,40000
46077,40000
46078,53883
46079,56474
46080,40000
46081,47060
46082,68772
46083,57612
46084,58264
46085,85311
46086,55017
46087,40000
46088,49007
46089,45787
46090,42445
46091,40000
46092,93723
46093,40000
46094,85350
46095,40000
46096,40000
46097,55470
46098,44767
46099,40000
46100,40000
46101,40000
46102,44705
46103,62899
46104,45599
46105,62975
46106,74761
46107,43058
46108,43637
46109,102429
46110,51888
46111,40000
46112,85593
46113,49403
46114,46886
46115,68526
46116,75534
46117,63317
46118,40000
46119,40000
46120,40000
46121,56194
46122,57402
46123,67623
46124,57654
46125,48676
46126,41438
46127,77845
46128,83111
46129,40000
46130,58918
46131,47303
46132,70931
46133,42533
46134,40000
46135,44349
46136,44108
46137,52257
46138,41706
46139,40000
46140,49777
46141,61599
46142,40000
46143,50298
46144,40000
46145,40000
46146,89440
46147,40000
46148,66293
46149,57458
46150,47279
46151,88584
46152,40000
46153,40000
46154,40000
46155,40000
46156,54286
46157,40000
46158,47185
46159,40736
46160,50607
46161,40000
46162,64830
46163,85834
46164,51057
46165,44612
46166,78968
46167,54628
46168,51606
46169,40763
46170,50639
46171,42939
46172,40000
46173,76119
46174,58077
46175,43415
46176,40000
46177,68126
46178,57025
46179,54478
46180,75128
46181,58213
46182,40000
46183,45411
46184,40000
46185,55223
46186,40000
46187,40000
46188,40000
46189,61523
46190,40000
46191,47480
46192,59996
46193,61464
46194,45206
46195,63904
46196,78448
46197,60932
46198,40000
46199,40000
46200,40000
46201,69881
46202,43257
46203,40000
46204,57411
46205,40000
46206,40000
46207,79931
46208,40000
46209,66553
46210,40000
46211,60763
46212,40000
46213,51785
46214,43591
46215,84608
46216,71281
46217,40000
46218,40000
46219,70442
46220,68058
46221,51056
46222,64880
46223,68618
46224,66286
46225,40000
46226,40000
46227,40000
46228,90865
46229,64190
46230,40974
46231,50516
46232,57157
46233,40000
46234,82937
46235,40000
46236,40000
46237,58912
46238,59000
46239,66336
46240,43555
46241,40000
46242,40000
46243,40000
46244,55855
46245,60978
46246,40000
46247,40000
46248,40000
46249,48066
46250,69390
46251,53715
46252,40000
46253,69396
46254,44112
46255,40000
46256,45953
46257,45942
46258,40000
46259,77287
46260,53467
46261,84153
46262,44557
46263,40000
46264,64514
46265,50033
46266,40000
46267,42275
46268,58415
46269,40000
46270,64250
46271,58613
46272,65889
46273,55413
46274,80521
46275,40000
46276,40000
46277,59555
46278,55239
46279,40771
46280,67528
46281,40000
46282,55370
46283,63507
46284,40000
46285,43165
46286,72449
46287,40000
46288,57202
46289,63340
46290,80243
46291,40000
46292,40838
46293,46406
46294,56712
46295,40000
46296,40528
46297,54726
46298,53945
46299,40000
46300,79819
46301,64805
46302,61570
46303,65865
46304,44913
46305,40000
46306,40000
46307,88729
46308,51582
46309,52119
46310,40000
46311,40000
46312,71310
46313,40000
46314,45512
46315,69665
46316,68015
46317,57251
46318,40000
46319,77344
46320,80466
46321,56325
46322,69062
46323,75704
46324,40000
46325,74344
46326,40000
46327,40000
46328,76950
46329,55435
46330,40000
46331,65823
46332,40000
46333,40000
46334,40000
46335,40000
46336,40000
46337,92148
46338,40000
46339,56890
46340,60021
46341,42129
46342,47898
46343,56717
46344,40000
46345,40000
46346,62443
46347,40000
46348,40000
46349,40000
46350,40000
46351,40000
46352,89610
46353,48118
46354,52905
46355,65044
46356,79940
46357,57216
46358,58353
46359,77507
46360,40253
46361,91991
46362,53231
46363,52727
46364,64886
46365,47744
46366,46120
46367,40000
46368,40000
46369,68562
46370,43758
46371,63387
46372,40000
46373,46742
46374,72025
46375,86740
46376,48989
46377,40105
46378,40000
46379,40000
46380,72197
46381,40000
46382,40065
46383,40000
46384,73553
46385,58514
46386,69918
46387,78353
46388,85682
46389,57198
46390,40416
46391,67021
46392,60793
46393,40000
46394,46220
46395,40000
46396,96694
46397,44277
46398,54875
46399,56458
46400,40000
46401,84780
46402,46579
46403,40000
46404,46234
46405,40000
46406,50639
46407,40000
46408,57425
46409,40000
46410,71553
46411,73017
46412,47741
46413,47901
46414,40000
46415,40632
46416,40000
46417,95079
46418,94682
46419,40000
46420,65474
46421,60061
46422,56504
46423,40000
46424,74723
46425,68060
46426,58491
46427,82489
46428,75597
46429,55638
46430,40000
46431,56419
46432,81373
46433,51084
46434,40088
46435,49698
46436,54838
46437,66112
46438,44269
46439,119124
46440,53108
46441,86543
46442,58107
46443,41600
46444,40000
46445,69070
46446,57767
46447,51343
46448,49600
46449,51386
46450,70591
46451,50542
46452,53925
46453,40028
46454,40000
46455,57042
46456,40000
46457,51352
46458,40000
46459,40000
46460,64428
46461,51958
46462,73400
46463,51072
46464,51004
46465,40869
46466,53479
46467,60004
46468,53537
46469,40000
46470,40000
46471,55351
46472,40000
46473,44370
46474,40000
46475,40000
46476,51118
46477,40000
46478,53718
46479,40000
46480,44862
46481,40000
46482,65677
46483,40000
46484,59795
46485,55306
46486,43366
46487,40000
46488,95748
46489,40000
46490,40000
46491,61440
46492,40000
46493,75349
46494,42144
46495,54089
46496,40000
46497,51154
46498,83981
46499,40000
46500,40000
46501,59987
46502,48743
46503,45564
46504,46326
46505,40000
46506,41063
46507,48226
46508,40000
46509,53828
46510,53819
46511,70828
46512,40000
46513,40000
46514,55582
46515,40488
46516,52451
46517,52679
46518,74170
46519,67221
46520,40000
46521,40000
46522,40000
46523,73796
46524,42013
46525,58027
46526,95143
46527,40000
46528,52198
46529,64213
46530,52341
46531,59370
46532,64589
46533,71043
46534,44597
46535,40000
46536,51076
46537,64614
46538,64757
46539,47674
46540,48845
46541,71685
46542,57740
46543,40000
46544,40000
46545,62466
46546,42101
46547,47789
46548,40000
46549,40000
46550,40000
46551,40000
46552,64755
46553,57994
46554,40000
46555,40000
46556,74826
46557,44902
46558,65716
46559,62980
46560,76309
46561,66087
46562,40252
46563,40000
46564,56517
46565,40000
46566,45107
46567,63043
46568,40000
46569,54385
46570,40000
46571,50231
46572,40000
46573,40000
46574,65251
46575,60651
46576,40000
46577,92169
46578,40000
46579,40000
46580,40000
46581,43421
46582,40000
46583,54800
46584,69286
46585,71081
46586,40000
46587,80392
46588,90295
46589,64663
46590,79321
46591,75232
46592,70146
46593,53600
46594,66827
46595,52634
46596,43986
46597,75736
46598,63973
46599,40000
46600,45267
46601,54267
46602,76004
46603,78629
46604,43083
46605,45329
46606,40000
46607,75351
46608,40000
46609,47377
46610,51163
46611,40000
46612,40125
46613,40000
46614,65142
46615,40000
46616,53453
46617,40721
46618,40000
46619,65764
46620,40000
46621,54694
46622,57693
46623,49321
46624,79911
46625,66196
46626,65160
46627,40000
46628,43094
46629,40454
46630,40000
46631,82213
46632,40000
46633,40000
46634,45331
46635,54001
46636,62761
46637,82823
46638,72429
46639,61229
46640,55846
46641,83826
46642,40000
46643,68853
46644,40000
46645,70739
46646,45327
46647,44087
46648,54147
46649,46790
46650,65353
46651,40000
46652,60888
46653,47770
46654,52813
46655,59044
46656,40000
46657,40000
46658,40000
46659,52865
46660,107410
46661,56821
46662,51417
46663,47329
46664,92218
46665,65263
46666,40000
46667,52675
46668,40000
46669,40000
46670,48252
46671,40000
46672,40000
46673,40000
46674,46619
46675,47274
46676,40000
46677,49955
46678,64053
46679,40000
46680,53167
46681,45885
46682,43345
46683,72751
46684,65905
46685,46359
46686,57976
46687,59867
46688,65044
46689,62288
46690,47420
46691,40000
46692,40000
46693,49072
46694,60115
46695,40000
46696,52065
46697,50065
46698,85819
46699,40000
46700,57425
46701,46032
46702,53922
46703,51426
46704,68760
46705,76153
46706,53466
46707,40000
46708,45528
46709,59084
46710,70622
46711,40000
46712,60134
46713,40000
46714,40000
46715,41797
46716,40000
46717,40000
46718,69870
46719,50967
46720,40000
46721,55077
46722,61704
46723,57863
46724,44879
46725,50318
46726,40000
46727,40000
46728,48125
46729,40000
46730,40000
46731,68517
46732,47399
46733,93054
46734,45133
46735,40000
46736,59561
46737,42633
46738,64393
46739,40000
46740,40000
46741,40000
46742,56614
46743,50515
46744,57332
46745,78099
46746,56543
46747,60893
46748,40000
46749,40000
46750,64954
46751,61475
46752,51000
46753,51434
46754,40000
46755,66106
46756,62353
46757,44647
46758,55414
46759,88143
46760,48240
46761,40000
46762,44453
46763,40000
46764,50572
46765,55050
46766,40914
46767,79516
46768,40000
46769,40000
46770,50307
46771,62941
46772,68258
46773,43783
46774,48995
46775,40000
46776,52348
46777,70288
46778,40000
46779,85878
46780,40000
46781,76884
46782,65939
46783,47246
46784,40000
46785,40000
46786,44646
46787,53742
46788,54314
46789,40000
46790,44479
46791,94873
46792,86611
46793,87049
46794,42115
46795,40000
46796,68668
46797,88506
46798,40000
46799,45891
46800,40000
46801,68285
46802,51567
46803,57956
46804,60963
46805,64713
46806,65341
46807,67400
46808,40000
46809,49258
46810,68277
46811,52228
46812,40000
46813,48190
46814,57092
46815,52662
46816,79420
46817,56615
46818,40000
46819,49580
46820,52022
46821,56710
46822,40000
46823,54025
46824,40000
46825,49116
46826,65513
46827,61594
46828,40000
46829,46983
46830,80380
46831,46495
46832,41883
46833,40000
46834,82569
46835,40000
46836,68276
46837,40000
46838,68645
46839,47664
46840,52220
46841,40000
46842,71337
46843,41095
46844,40000
46845,78589
46846,47929
46847,61113
46848,40000
46849,71474
46850,40000
46851,40000
46852,103710
46853,64802
46854,48746
46855,48630
46856,42569
46857,51323
46858,83213
46859,45889
46860,58461
46861,53542
46862,50161
46863,40000
46864,82282
46865,76557
46866,76163
46867,55217
46868,64489
46869,40000
46870,40000
46871,59270
46872,40000
46873,40000
46874,69356
46875,54774
46876,59223
46877,72601
46878,55066
46879,46890
46880,40000
46881,40000
46882,48635
46883,40000
46884,50660
46885,40000
46886,70084
46887,57437
46888,53739
46889,67482
46890,60664
46891,52714
46892,47800
46893,40000
46894,50989
46895,41873
46896,51652
46897,70628
46898,40000
46899,40000
46900,54651
46901,41985
46902,40000
46903,49628
46904,40000
46905,70567
46906,40000
46907,40000
46908,75537
46909,40000
46910,73052
46911,57557
46912,40000
46913,49855
46914,76217
46915,65339
46916,40000
46917,56666
46918,41409
46919,81340
46920,48558
46921,61936
46922,67335
46923,40000
46924,40000
46925,79295
46926,40000
46927,40000
46928,40000
46929,42339
46930,64235
46931,57702
46932,40000
46933,40000
46934,64143
46935,40000
46936,57579
46937,50142
46938,61848
46939,40000
46940,40000
46941,58403
46942,52924
46943,46091
46944,62149
46945,40000
46946,49306
46947,40000
46948,59745
46949,41854
46950,40000
46951,74459
46952,40000
46953,43352
46954,40455
46955,44606
46956,63107
46957,40000
46958,46798
46959,40000
46960,40000
46961,64428
46962,45594
46963,70973
46964,40000
46965,40000
46966,93733
46967,40000
46968,62047
46969,40000
46970,42116
46971,40000
46972,88561
46973,60591
46974,40000
46975,76993
46976,82609
46977,40000
46978,62835
46979,58527
46980,68775
46981,94883
46982,41406
46983,63676
46984,65966
46985,40000
46986,40000
46987,47770
46988,40000
46989,58325
46990,53754
46991,40000
46992,76957
46993,45268
46994,40000
46995,60919
46996,62415
46997,61975
46998,40000
46999,54120
47000,65095
47001,60650
47002,52779
47003,40000
47004,58675
47005,71250
47006,91269
47007,69083
47008,40000
47009,46344
47010,55775
47011,41367
47012,40000
47013,41731
47014,40000
47015,76563
47016,58961
47017,43082
47018,60534
47019,41126
47020,40000
47021,40000
47022,40000
47023,63312
47024,66001
47025,40000
47026,71517
47027,42331
47028,42918
47029,40000
47030,40000
47031,40000
47032,83279
47033,64069
47034,46160
47035,40000
47036,57097
47037,77517
47038,48972
47039,40000
47040,52242
47041,40000
47042,43989
47043,40000
47044,51758
47045,56691
47046,75859
47047,40000
47048,70798
47049,40000
47050,40000
47051,50961
47052,57551
47053,65514
47054,52962
47055,40000
47056,77089
47057,40000
47058,40000
47059,80376
47060,84735
47061,56823
47062,40000
47063,46982
47064,52492
47065,40000
47066,67827
47067,45624
47068,40000
47069,87263
47070,75942
47071,81649
47072,50156
47073,54476
47074,51501
47075,70515
47076,44676
47077,70436
47078,67665
47079,43203
47080,42822
47081,40000
47082,40000
47083,40000
47084,44471
47085,40000
47086,61210
47087,40000
47088,56583
47089,40000
47090,76053
47091,40000
47092,40000
47093,40000
47094,59515
47095,63802
47096,57077
47097,40000
47098,40000
47099,50033
47100,40097
47101,40000
47102,40000
47103,48788
47104,71127
47105,62300
47106,60401
47107,51514
47108,76648
47109,40000
47110,42619
47111,44006
47112,88136
47113,40000
47114,40000
47115,89283
47116,76911
47117,47836
47118,48239
47119,40000
47120,60788
47121,78812
47122,51713
47123,46096
47124,40000
47125,46696
47126,61588
47127,40000
47128,40777
47129,41212
47130,57370
47131,107677
47132,84901
47133,40000
47134,40000
47135,67236
47136,40000
47137,92421
47138,50854
47139,67283
47140,56859
47141,40000
47142,51070
47143,73623
47144,55661
47145,40000
47146,60808
47147,55923
47148,40000
47149,48691
47150,40000
47151,54521
47152,40000
47153,55435
47154,40000
47155,40742
47156,59052
47157,40000
47158,69266
47159,40000
47160,58404
47161,92961
47162,40000
47163,40000
47164,75267
47165,72570
47166,64214
47167,40000
47168,40000
47169,72705
47170,40000
47171,65782
47172,61686
47173,45369
47174,59620
47175,40000
47176,40000
47177,91946
47178,40000
47179,59737
47180,91715
47181,66526
47182,40000
47183,41526
47184,60054
47185,45866
47186,49632
47187,75109
47188,40000
47189,44958
47190,55857
47191,40000
47192,40000
47193,40000
47194,64127
47195,51659
47196,50558
47197,47725
47198,57759
47199,40000
47200,40653
47201,50015
47202,40000
47203,40000
47204,40000
47205,40569
47206,83568
47207,54437
47208,40000
47209,86713
47210,40000
47211,40000
47212,40000
47213,40000
47214,40000
47215,40000
47216,45553
47217,76987
47218,51051
47219,41122
47220,41381
47221,40000
47222,40347
47223,43948
47224,57544
47225,59063
47226,67298
47227,60919
47228,53690
47229,59255
47230,40000
47231,40000
47232,60053
47233,40000
47234,53255
47235,40000
47236,50691
47237,68221
47238,54254
47239,53575
47240,66993
47241,40000
47242,40000
47243,49911
47244,40000
47245,40769
47246,40000
47247,80210
47248,50172
47249,40000
47250,74264
47251,40000
47252,60983
47253,40000
47254,53631
47255,58433
47256,83750
47257,40000
47258,64489
47259,69822
47260,40286
47261,90531
47262,40000
47263,40000
47264,40000
47265,62511
47266,79486
47267,64119
47268,60086
47269,40434
47270,41124
47271,54766
47272,40000
47273,40360
47274,52019
47275,46431
47276,40000
47277,40000
47278,52993
47279,52298
47280,40000
47281,59922
47282,40000
47283,42890
47284,56449
47285,64106
47286,108923
47287,92467
47288,92306
47289,40377
47290,78894
47291,48903
47292,41106
47293,40000
47294,63837
47295,44029
47296,40000
47297,47053
47298,70251
47299,40000
47300,96783
47301,40000
47302,49061
47303,43152
47304,83912
47305,40000
47306,48305
47307,40000
47308,83298
47309,40000
47310,53107
47311,40000
47312,40000
47313,42016
47314,54812
47315,51726
47316,40000
47317,60055
47318,61417
47319,65839
47320,41723
47321,40000
47322,44234
47323,70583
47324,49415
47325,40000
47326,40000
47327,43443
47328,40000
47329,54669
47330,80553
47331,40878
47332,40000
47333,40000
47334,60633
47335,61873
47336,54988
47337,40000
47338,51555
47339,47693
47340,43914
47341,52784
47342,64991
47343,52143
47344,61466
47345,49401
47346,52195
47347,68032
47348,40000
47349,40000
47350,49369
47351,40000
47352,65907
47353,52664
47354,45409
47355,87348
47356,54240
47357,51179
47358,59821
47359,50365
47360,40000
47361,40000
47362,42662
47363,40000
47364,40000
47365,40311
47366,40000
47367,40000
47368,67766
47369,40000
47370,49438
47371,49221
47372,45922
47373,50917
47374,56376
47375,65511
47376,65898
47377,66791
47378,61515
47379,40103
47380,71452
47381,93176
47382,58241
47383,79310
47384,86273
47385,40000
47386,53967
47387,54182
47388,40000
47389,81415
47390,71841
47391,63623
47392,50798
47393,44237
47394,41512
47395,40000
47396,40000
47397,40000
47398,71259
47399,58531
47400,40000
47401,67807
47402,40000
47403,75240
47404,50699
47405,59439
47406,55727
47407,40000
47408,50411
47409,40000
47410,69940
47411,81568
47412,45811
47413,40000
47414,49220
47415,40000
47416,40000
47417,48891
47418,56547
47419,40000
47420,89615
47421,40000
47422,47195
47423,55388
47424,43896
47425,46700
47426,63054
47427,60990
47428,47469
47429,50171
47430,71630
47431,53073
47432,45215
47433,53390
47434,40000
47435,55176
47436,40000
47437,48429
47438,84984
47439,48961
47440,40000
47441,40000
47442,68738
47443,40000
47444,40967
47445,44119
47446,44330
47447,40000
47448,46604
47449,44731
47450,40000
47451,48686
47452,60808
47453,40000
47454,52989
47455,58915
47456,88872
47457,70870
47458,40000
47459,40606
47460,46769
47461,56166
47462,51389
47463,55273
47464,40000
47465,66789
47466,40000
47467,59375
47468,70735
47469,40000
47470,63386
47471,53247
47472,44746
47473,42715
47474,40000
47475,53511
47476,40000
47477,55666
47478,60815
47479,65398
47480,40000
47481,40000
47482,54562
47483,77779
47484,69475
47485,49358
47486,65222
47487,51036
47488,80930
47489,40000
47490,40692
47491,40000
47492,67318
47493,76239
47494,90436
47495,42322
47496,73914
47497,56083
47498,56484
47499,50138
47500,66574
47501,55434
47502,40000
47503,59674
47504,52986
47505,63831
47506,88949
47507,46030
47508,40000
47509,53929
47510,40000
47511,52293
47512,53559
47513,66972
47514,40000
47515,50098
47516,60270
47517,49540
47518,51209
47519,62072
47520,40000
47521,55136
47522,73902
47523,60729
47524,55117
47525,48027
47526,40000
47527,43844
47528,68161
47529,62557
47530,85777
47531,45351
47532,40000
47533,47092
47534,57749
47535,40000
47536,41454
47537,94618
47538,61361
47539,61182
47540,40000
47541,40000
47542,67331
47543,40000
47544,42212
47545,65850
47546,55280
47547,40509
47548,40000
47549,40717
47550,40000
47551,40000
47552,65872
47553,68388
47554,43065
47555,40000
47556,65406
47557,56417
47558,40000
47559,40048
47560,81041
47561,41005
47562,46131
47563,50358
47564,40000
47565,40000
47566,40000
47567,40000
47568,47948
47569,61789
47570,71542
47571,73192
47572,67912
47573,40000
47574,43674
47575,52278
47576,40000
47577,40000
47578,59537
47579,40000
47580,40000
47581,41986
47582,47166
47583,47474
47584,40000
47585,83378
47586,40000
47587,40000
47588,53277
47589,84354
47590,50165
47591,40000
47592,46005
47593,40000
47594,40000
47595,88528
47596,66717
47597,70213
47598,40000
47599,40000
47600,40000
47601,49804
47602,69062
47603,48388
47604,56367
47605,61984
47606,42459
47607,40000
47608,59202
47609,42158
47610,51114
47611,65917
47612,60724
47613,40000
47614,40000
47615,68236
47616,40000
47617,43618
47618,40000
47619,40000
47620,84994
47621,40000
47622,45172
47623,41943
47624,76445
47625,43747
47626,63121
47627,64005
47628,40000
47629,54659
47630,40000
47631,40000
47632,56892
47633,40000
47634,69235
47635,61457
47636,67966
47637,87895
47638,40000
47639,45246
47640,81013
47641,69426
47642,59304
47643,57014
47644,40000
47645,86605
47646,40000
47647,40000
47648,56494
47649,66661
47650,40000
47651,40000
47652,42106
47653,40000
47654,40000
47655,48957
47656,40000
47657,60723
47658,40000
47659,49108
47660,58421
47661,40000
47662,40000
47663,40000
47664,40000
47665,50598
47666,49413
47667,48629
47668,65648
47669,46085
47670,40000
47671,40000
47672,40000
47673,40000
47674,40000
47675,73920
47676,95538
47677,55426
47678,56671
47679,40000
47680,40000
47681,40000
47682,65742
47683,63004
47684,62444
47685,62325
47686,52002
47687,54174
47688,57826
47689,40000
47690,40000
47691,40000
47692,66327
47693,40000
47694,40000
47695,42711
47696,60585
47697,45966
47698,40000
47699,53759
47700,65141
47701,63746
47702,84625
47703,48101
47704,54280
47705,61398
47706,40000
47707,80464
47708,76137
47709,40000
47710,41424
47711,44030
47712,50776
47713,40000
47714,40000
47715,40000
47716,61646
47717,62439
47718,47021
47719,40000
47720,80857
47721,45554
47722,40000
47723,57905
47724,61603
47725,40000
47726,70626
47727,88923
47728,41961
47729,59567
47730,55488
47731,62755
47732,49523
47733,64876
47734,40000
47735,65568
47736,43526
47737,84820
47738,41979
47739,57664
47740,79333
47741,40000
47742,40000
47743,43929
47744,97399
47745,60196
47746,59664
47747,40000
47748,61023
47749,49339
47750,103854
47751,99487
47752,40000
47753,40000
47754,43026
47755,93829
47756,40000
47757,40000
47758,40000
47759,48953
47760,65794
47761,45776
47762,40000
47763,62616
47764,49053
47765,72944
47766,55261
47767,91574
47768,42691
47769,40000
47770,73885
47771,40000
47772,40670
47773,64344
47774,52906
47775,77206
47776,68721
47777,40010
47778,62155
47779,52369
47780,48381
47781,52145
47782,49720
47783,45338
47784,40000
47785,40000
47786,43465
47787,54656
47788,40000
47789,51957
47790,50958
47791,45843
47792,42825
47793,43981
47794,48631
47795,44589
47796,48967
47797,51410
47798,40000
47799,70045
47800,65724
47801,40000
47802,40445
47803,40000
47804,43235
47805,40000
47806,48092
47807,54007
47808,54566
47809,59318
47810,41507
47811,63415
47812,59484
47813,40000
47814,67717
47815,40000
47816,56093
47817,40000
47818,45779
47819,56928
47820,53663
47821,45083
47822,50785
47823,40000
47824,47038
47825,70260
47826,59978
47827,40000
47828,40000
47829,69841
47830,60072
47831,40000
47832,66127
47833,40000
47834,40000
47835,60000
47836,52255
47837,40266
47838,40000
47839,40000
47840,83453
47841,40000
47842,43659
47843,40000
47844,40000
47845,40000
47846,60982
47847,58431
47848,40000
47849,40000
47850,40000
47851,40000
47852,40000
47853,46588
47854,53576
47855,40000
47856,40000
47857,77737
47858,40000
47859,40000
47860,49770
47861,76952
47862,40000
47863,52951
47864,40000
47865,58040
47866,54856
47867,80855
47868,40000
47869,83534
47870,51276
47871,45457
47872,40000
47873,47478
47874,59458
47875,41421
47876,65338
47877,75778
47878,55975
47879,40000
47880,57560
47881,75823
47882,40000
47883,54579
47884,47517
47885,66470
47886,74910
47887,40000
47888,84966
47889,53807
47890,40000
47891,56386
47892,40000
47893,67881
47894,40000
47895,49661
47896,61620
47897,54235
47898,45827
47899,65669
47900,47823
47901,64368
47902,80630
47903,50847
47904,40000
47905,40000
47906,40000
47907,51064
47908,53743
47909,46591
47910,40000
47911,68482
47912,50143
47913,49751
47914,42274
47915,40000
47916,69957
47917,44594
47918,40000
47919,59319
47920,59160
47921,45119
47922,40000
47923,40000
47924,42717
47925,74828
47926,40742
47927,53556
47928,47249
47929,42930
47930,40000
47931,52587
47932,56422
47933,46590
47934,40000
47935,40000
47936,49537
47937,80008
47938,40000
47939,40000
47940,66371
47941,68469
47942,64982
47943,48381
47944,67034
47945,59685
47946,46123
47947,55875
47948,70686
47949,78139
47950,40855
47951,44395
47952,71650
47953,61020
47954,40000
47955,42057
47956,40000
47957,40000
47958,47425
47959,40000
47960,49019
47961,40000
47962,50106
47963,69698
47964,80034
47965,54427
47966,47029
47967,40000
47968,49783
47969,42692
47970,54927
47971,55493
47972,98857
47973,56445
47974,54498
47975,44035
47976,67850
47977,70851
47978,112551
47979,40000
47980,56051
47981,50274
47982,57215
47983,40000
47984,40000
47985,50139
47986,76469
47987,52458
47988,53008
47989,57429
47990,40000
47991,64807
47992,63788
47993,61972
47994,49005
47995,40000
47996,66180
47997,45570
47998,40183
47999,40000
48000,40000
48001,67115
48002,49182
48003,51141
48004,71098
48005,40000
48006,47449
48007,40000
48008,65558
48009,40000
48010,59429
48011,65662
48012,40000
48013,49527
48014,40000
48015,40000
48016,44145
48017,67200
48018,73729
48019,40000
48020,40000
48021,40000
48022,73002
48023,43564
48024,40000
48025,75132
48026,40183
48027,40000
48028,44406
48029,40000
48030,63207
48031,40000
48032,45888
48033,48818
48034,42133
48035,45514
48036,66958
48037,40509
48038,55545
48039,46090
48040,40000
48041,40000
48042,57285
48043,52886
48044,72915
48045,47437
48046,40000
48047,65351
48048,46681
48049,71339
48050,40000
48051,61071
48052,56808
48053,40000
48054,48402
48055,40000
48056,40000
48057,46438
48058,40000
48059,63344
48060,80156
48061,43018
48062,40000
48063,89011
48064,40000
48065,40000
48066,48042
48067,40000
48068,50799
48069,40000
48070,40000
48071,78792
48072,41201
48073,64508
48074,40000
48075,41178
48076,40000
48077,40000
48078,46737
48079,65975
48080,50005
48081,78175
48082,40000
48083,40000
48084,40000
48085,63016
48086,55933
48087,40000
48088,65818
48089,40000
48090,57673
48091,40000
48092,90583
48093,41105
48094,94945
48095,47379
48096,43619
48097,61191
48098,55680
48099,40000
48100,47089
48101,40000
48102,61292
48103,40000
48104,40000
48105,40000
48106,40000
48107,44566
48108,59613
48109,69840
48110,94704
48111,41426
48112,70531
48113,50531
48114,54146
48115,65637
48116,40000
48117,65565
48118,78587
48119,40000
48120,60338
48121,40000
48122,56337
48123,40927
48124,85550
48125,50376
48126,40000
48127,63208
48128,83437
48129,40000
48130,54193
48131,43653
48132,43109
48133,85358
48134,60146
48135,46403
48136,68300
48137,93627
48138,79720
48139,80436
48140,40000
48141,51927
48142,40000
48143,46385
48144,77914
48145,41223
48146,40000
48147,40000
48148,74340
48149,59757
48150,40000
48151,40000
48152,43406
48153,63119
48154,60060
48155,86986
48156,53883
48157,40000
48158,40000
48159,40000
48160,70899
48161,40000
48162,69264
48163,41030
48164,41502
48165,82523
48166,40000
48167,51917
48168,60655
48169,40000
48170,59281
48171,42913
48172,81693
48173,61074
48174,40000
48175,75434
48176,40000
48177,40000
48178,101364
48179,64670
48180,60086
48181,40000
48182,54506
48183,59806
48184,40000
48185,40000
48186,91154
48187,71983
48188,57513
48189,50711
48190,40284
48191,46740
48192,45551
48193,47600
48194,72764
48195,76352
48196,40000
48197,79603
48198,54567
48199,41906
48200,48068
48201,40000
48202,43876
48203,42655
48204,40000
48205,40000
48206,40000
48207,59398
48208,74907
48209,40000
48210,40000
48211,71093
48212,40038
48213,51304
48214,40000
48215,54748
48216,41227
48217,42891
48218,60373
48219,40000
48220,68783
48221,40000
48222,58079
48223,40000
48224,40000
48225,73694
48226,40000
48227,48063
48228,40000
48229,40000
48230,68711
48231,58992
48232,67226
48233,48877
48234,52282
48235,44410
48236,43215
48237,50652
48238,42188
48239,76649
48240,49408
48241,70940
48242,50826
48243,42176
48244,40000
48245,52846
48246,40000
48247,90870
48248,40000
48249,40000
48250,40000
48251,49982
48252,58804
48253,40000
48254,66239
48255,40000
48256,40000
48257,40000
48258,73999
48259,40000
48260,40000
48261,49672
48262,40000
48263,62591
48264,40000
48265,40000
48266,40000
48267,83322
48268,54730
48269,40000
48270,52726
48271,66982
48272,40000
48273,45223
48274,55843
48275,67799
48276,45545
48277,40000
48278,40000
48279,40000
48280,40000
48281,58393
48282,41729
48283,40000
48284,40000
48285,46773
48286,58051
48287,52284
48288,52412
48289,40000
48290,40000
48291,40000
48292,59468
48293,40000
48294,55443
48295,43430
48296,40000
48297,47882
48298,40000
48299,79054
48300,49479
48301,40000
48302,77579
48303,40000
48304,40000
48305,70883
48306,88941
48307,61268
48308,40039
48309,58930
48310,87907
48311,83293
48312,58263
48313,86334
48314,51404
48315,48831
48316,40000
48317,70341
48318,40000
48319,40000
48320,52533
48321,47483
48322,57886
48323,63852
48324,40000
48325,74600
48326,40250
48327,51868
48328,40000
48329,59222
48330,40000
48331,80741
48332,52927
48333,46830
48334,40000
48335,52955
48336,46565
48337,44139
48338,54514
48339,40000
48340,50403
48341,40000
48342,40000
48343,45165
48344,91619
48345,45608
48346,42673
48347,57221
48348,43936
48349,74499
48350,40000
48351,43948
48352,47927
48353,73582
48354,47851
48355,42584
48356,69996
48357,40000
48358,40000
48359,45497
48360,69882
48361,43539
48362,52051
48363,64253
48364,53650
48365,54728
48366,43540
48367,40000
48368,48172
48369,84059
48370,65014
48371,60182
48372,58764
48373,40000
48374,58519
48375,41710
48376,50410
48377,56939
48378,65255
48379,40000
48380,40000
48381,83658
48382,40000
48383,54282
48384,97283
48385,40000
48386,42583
48387,44749
48388,57388
48389,60541
48390,64976
48391,40000
48392,40000
48393,40000
48394,60471
48395,40000
48396,40000
48397,50378
48398,56712
48399,72545
48400,53636
48401,62949
48402,64403
48403,72175
48404,50858
48405,46199
48406,55021
48407,90964
48408,54967
48409,40000
48410,67808
48411,50318
48412,40000
48413,75748
48414,54069
48415,40000
48416,63223
48417,40000
48418,46440
48419,46469
48420,50800
48421,40000
48422,45903
48423,40000
48424,40740
48425,40000
48426,51116
48427,40000
48428,40000
48429,51571
48430,40000
48431,40000
48432,40000
48433,40000
48434,67429
48435,60357
48436,75851
48437,40000
48438,52534
48439,40000
48440,60451
48441,80828
48442,40000
48443,40000
48444,43804
48445,40000
48446,52936
48447,40000
48448,40000
48449,40000
48450,65513
48451,47159
48452,43426
48453,40000
48454,61099
48455,46838
48456,42948
48457,50501
48458,43253
48459,40000
48460,44800
48461,40000
48462,45243
48463,40000
48464,51132
48465,49173
48466,60040
48467,40000
48468,40000
48469,53360
48470,46874
48471,62069
48472,40000
48473,55666
48474,113601
48475,40000
48476,40000
48477,65763
48478,66421
48479,47844
48480,40000
48481,43289
48482,66069
48483,63291
48484,64275
48485,46426
48486,40000
48487,40000
48488,54564
48489,82808
48490,40000
48491,56162
48492,40000
48493,85496
48494,41503
48495,66752
48496,40517
48497,47799
48498,92330
48499,40000
48500,40000
48501,50644
48502,43437
48503,68225
48504,40000
48505,44770
48506,75451
48507,72846
48508,57455
48509,40000
48510,41178
48511,40000
48512,40712
48513,55212
48514,60364
48515,56160
48516,54214
48517,41653
48518,71331
48519,40000
48520,55994
48521,49550
48522,56833
48523,50698
48524,40000
48525,48601
48526,84012
48527,40000
48528,40000
48529,58803
48530,40000
48531,40000
48532,53499
48533,40000
48534,96140
48535,49244
48536,54660
48537,70347
48538,76761
48539,54952
48540,52536
48541,64526
48542,55488
48543,40000
48544,52540
48545,43656
48546,40000
48547,77010
48548,59926
48549,101221
48550,60244
48551,48797
48552,71496
48553,47006
48554,40000
48555,74111
48556,40000
48557,40000
48558,40000
48559,81923
48560,76596
48561,57487
48562,53051
48563,61465
48564,47240
48565,40000
48566,41185
48567,40000
48568,40000
48569,63200
48570,40000
48571,121468
48572,40000
48573,56159
48574,51569
48575,40000
48576,51904
48577,64261
48578,40000
48579,41932
48580,49483
48581,40000
48582,49371
48583,71010
48584,40000
48585,40000
48586,69353
48587,50564
48588,40000
48589,40000
48590,41528
48591,45831
48592,52200
48593,41553
48594,42088
48595,94953
48596,40000
48597,40000
48598,52627
48599,40000
48600,80079
48601,42514
48602,40000
48603,56073
48604,40000
48605,40000
48606,44988
48607,71472
48608,40000
48609,45404
48610,40000
48611,89072
48612,47215
48613,42006
48614,52868
48615,49682
48616,53243
48617,40000
48618,40000
48619,40000
48620,90097
48621,86485
48622,40000
48623,46909
48624,48745
48625,55801
48626,69522
48627,58346
48628,75590
48629,40000
48630,61990
48631,40000
48632,40000
48633,40248
48634,47822
48635,54138
48636,40000
48637,40000
48638,55619
48639,50787
48640,40000
48641,79616
48642,61640
48643,50272
48644,67481
48645,40000
48646,65651
48647,57882
48648,45234
48649,40000
48650,40000
48651,55460
48652,56296
48653,40000
48654,53858
48655,60623
48656,44550
48657,40000
48658,53156
48659,45698
48660,40000
48661,40000
48662,89226
48663,42422
48664,72034
48665,40000
48666,66690
48667,63689
48668,40000
48669,64564
48670,43706
48671,40000
48672,76052
48673,65023
48674,60932
48675,56168
48676,60590
48677,81578
48678,99463
48679,54715
48680,40000
48681,64718
48682,78996
48683,84149
48684,40000
48685,46998
48686,65926
48687,40580
48688,82720
48689,44018
48690,47581
48691,40000
48692,42386
48693,63309
48694,40000
48695,40000
48696,76758
48697,49201
48698,70500
48699,76906
48700,40000
48701,64560
48702,64138
48703,40000
48704,40000
48705,51033
48706,40000
48707,48116
48708,40000
48709,40000
48710,43937
48711,40000
48712,44955
48713,71073
48714,40000
48715,46023
48716,108851
48717,71512
48718,65933
48719,46321
48720,40000
48721,50713
48722,53862
48723,43751
48724,40000
48725,59607
48726,40154
48727,47873
48728,58712
48729,40000
48730,40000
48731,61393
48732,74124
48733,55426
48734,73249
48735,47972
48736,58912
48737,46935
48738,40000
48739,40000
48740,53427
48741,40000
48742,115194
48743,47874
48744,40000
48745,56045
48746,79389
48747,56589
48748,68629
48749,40000
48750,52023
48751,40000
48752,40096
48753,64241
48754,40000
48755,60152
48756,87950
48757,61143
48758,66158
48759,40000
48760,40000
48761,49759
48762,40000
48763,40000
48764,59537
48765,47966
48766,40000
48767,45259
48768,57279
48769,62938
48770,43280
48771,52815
48772,47335
48773,59381
48774,56660
48775,55130
48776,61913
48777,47432
48778,50709
48779,54533
48780,40000
48781,45399
48782,42292
48783,40000
48784,40000
48785,40000
48786,40000
48787,40000
48788,91472
48789,59350
48790,60469
48791,49456
48792,69899
48793,40000
48794,40000
48795,54857
48796,40000
48797,69798
48798,51837
48799,48572
48800,56203
48801,40000
48802,77652
48803,48143
48804,64472
48805,40000
48806,59594
48807,49042
48808,40000
48809,45564
48810,65373
48811,56929
48812,40000
48813,40000
48814,43403
48815,40000
48816,43246
48817,56332
48818,77932
48819,40000
48820,60923
48821,41940
48822,47860
48823,55984
48824,48524
48825,40000
48826,54875
48827,44061
48828,89371
48829,40000
48830,57472
48831,40000
48832,40000
48833,40106
48834,68502
48835,57235
48836,62206
48837,40000
48838,65816
48839,40000
48840,55885
48841,55440
48842,61503
48843,40000
48844,40000
48845,43720
48846,57632
48847,40000
48848,68311
48849,60214
48850,56447
48851,46337
48852,43306
48853,66969
48854,40000
48855,40000
48856,40000
48857,55432
48858,72483
48859,68301
48860,40000
48861,52783
48862,60378
48863,93904
48864,54758
48865,63748
48866,40000
48867,40000
48868,70851
48869,71023
48870,44690
48871,44969
48872,40000
48873,80442
48874,85553
48875,40000
48876,40000
48877,100826
48878,40000
48879,40000
48880,65026
48881,57604
48882,40000
48883,40000
48884,54543
48885,55736
48886,40000
48887,45386
48888,69854
48889,60158
48890,40000
48891,78513
48892,48550
48893,40000
48894,55829
48895,59409
48896,40000
48897,44273
48898,40000
48899,40000
48900,63098
48901,56491
48902,40000
48903,45410
48904,58807
48905,70414
48906,49132
48907,40000
48908,75418
48909,77337
48910,40330
48911,61532
48912,77152
48913,68803
48914,43407
48915,45783
48916,53875
48917,40000
48918,40000
48919,73592
48920,40000
48921,46268
48922,45362
48923,40000
48924,40000
48925,40000
48926,40000
48927,40000
48928,93338
48929,57396
48930,50081
48931,75908
48932,49081
48933,40000
48934,40000
48935,40000
48936,50961
48937,50112
48938,40000
48939,40000
48940,64307
48941,105083
48942,66151
48943,83818
48944,47708
48945,40000
48946,63107
48947,57836
48948,54316
48949,40000
48950,40292
48951,66394
48952,40000
48953,53665
48954,40000
48955,54060
48956,44314
48957,53484
48958,40000
48959,57930
48960,40000
48961,44013
48962,45820
48963,54841
48964,41942
48965,41552
48966,41346
48967,40000
48968,75148
48969,40000
48970,83805
48971,44908
48972,63109
48973,53982
48974,48323
48975,70360
48976,40000
48977,40000
48978,41047
48979,40000
48980,74102
48981,42552
48982,63389
48983,71912
48984,48500
48985,52370
48986,77794
48987,48879
48988,40000
48989,40000
48990,40000
48991,54600
48992,85201
48993,64289
48994,62395
48995,63675
48996,45007
48997,40000
48998,42819
48999,51873
49000,40000
49001,60322
49002,40000
49003,82291
49004,54348
49005,64024
49006,81242
49007,40000
49008,49515
49009,40507
49010,63422
49011,40000
49012,63886
49013,40000
49014,45002
49015,40000
49016,40000
49017,46622
49018,40000
49019,73913
49020,45496
49021,40000
49022,62891
49023,40000
49024,74557
49025,44061
49026,40000
49027,57513
49028,50257
49029,40000
49030,46049
49031,55435
49032,66686
49033,40000
49034,41350
49035,40000
49036,62730
49037,40000
49038,40000
49039,84500
49040,57887
49041,53513
49042,53363
49043,40000
49044,79002
49045,52706
49046,78362
49047,44234
49048,68648
49049,48448
49050,64592
49051,64806
49052,40000
49053,40000
49054,70875
49055,63470
49056,40000
49057,75908
49058,109897
49059,85159
49060,83029
49061,40000
49062,42525
49063,70796
49064,43745
49065,63788
49066,62692
49067,40000
49068,101609
49069,40000
49070,69621
49071,65378
49072,40000
49073,65740
49074,40000
49075,40000
49076,55084
49077,53224
49078,40000
49079,60644
49080,56582
49081,40000
49082,40000
49083,94706
49084,40000
49085,90095
49086,40000
49087,40000
49088,40000
49089,84815
49090,62022
49091,40000
49092,40000
49093,40000
49094,66823
49095,40000
49096,93107
49097,40000
49098,40000
49099,55821
49100,40000
49101,40000
49102,40000
49103,65492
49104,62824
49105,57424
49106,42254
49107,40000
49108,41201
49109,40000
49110,68475
49111,59711
49112,84089
49113,47109
49114,44093
49115,52039
49116,52145
49117,73522
49118,40000
49119,55051
49120,67047
49121,80991
49122,40000
49123,54450
49124,52870
49125,52269
49126,43658
49127,61363
49128,77351
49129,55707
49130,49586
49131,43825
49132,69345
49133,46569
49134,57466
49135,74866
49136,48981
49137,75987
49138,40000
49139,77242
49140,44631
49141,40000
49142,46033
49143,40000
49144,58814
49145,54477
49146,65664
49147,40000
49148,41949
49149,56198
49150,40000
49151,65498
49152,56526
49153,42741
49154,79772
49155,57796
49156,47949
49157,71911
49158,40000
49159,52287
49160,54656
49161,40000
49162,40000
49163,55596
49164,66191
49165,43333
49166,40000
49167,40083
49168,40000
49169,45096
49170,43541
49171,50318
49172,60713
49173,56026
49174,45721
49175,40000
49176,40000
49177,44995
49178,40000
49179,49543
49180,54817
49181,55925
49182,40000
49183,40000
49184,75154
49185,58903
49186,50490
49187,65419
49188,49576
49189,40000
49190,40000
49191,49387
49192,40000
49193,40000
49194,58086
49195,41415
49196,73885
49197,61149
49198,64300
49199,40000
49200,40000
49201,51293
49202,40000
49203,83766
49204,40000
49205,60015
49206,87736
49207,53443
49208,40000
49209,63699
49210,74272
49211,70576
49212,46288
49213,59696
49214,47980
49215,70909
49216,85805
49217,67263
49218,51035
49219,44567
49220,62590
49221,42281
49222,94904
49223,40000
49224,68887
49225,69847
49226,59497
49227,79096
49228,49865
49229,56732
49230,50246
49231,57003
49232,105529
49233,66005
49234,61374
49235,43880
49236,63094
49237,59341
49238,46559
49239,40000
49240,40000
49241,54759
49242,55679
49243,43912
49244,40000
49245,73050
49246,40000
49247,61891
49248,47846
49249,40000
49250,40000
49251,43806
49252,64596
49253,40000
49254,41913
49255,60398
49256,40000
49257,65666
49258,40000
49259,40000
49260,40000
49261,59328
49262,65055
49263,40000
49264,40000
49265,40000
49266,93564
49267,43120
49268,44060
49269,53791
49270,59282
49271,61282
49272,61764
49273,51585
49274,40000
49275,60577
49276,56162
49277,40000
49278,60831
49279,40000
49280,40000
49281,40000
49282,40000
49283,40000
49284,50163
49285,40000
49286,45384
49287,40000
49288,60505
49289,64776
49290,49888
49291,47348
49292,40000
49293,54209
49294,78948
49295,60521
49296,49583
49297,52842
49298,40000
49299,45386
49300,64165
49301,45047
49302,60392
49303,67335
49304,51491
49305,46737
49306,40000
49307,43565
49308,40000
49309,40000
49310,40000
49311,48067
49312,46899
49313,40000
49314,40000
49315,79130
49316,40000
49317,62212
49318,72198
49319,65767
49320,63806
49321,40000
49322,40000
49323,43240
49324,40000
49325,50869
49326,40000
49327,79869
49328,67648
49329,77158
49330,40000
49331,40000
49332,40000
49333,51511
49334,40000
49335,87166
49336,55437
49337,40000
49338,40000
49339,51421
49340,53387
49341,54181
49342,74465
49343,84409
49344,40000
49345,62698
49346,40000
49347,63931
49348,76631
49349,88721
49350,40000
49351,40000
49352,55592
49353,49721
49354,53480
49355,43888
49356,79550
49357,40884
49358,53410
49359,52844
49360,65879
49361,56070
49362,66861
49363,42157
49364,40397
49365,40000
49366,60146
49367,54467
49368,47677
49369,61686
49370,50039
49371,48990
49372,40000
49373,40000
49374,42246
49375,77874
49376,46540
49377,61521
49378,40000
49379,44652
49380,61985
49381,40000
49382,40000
49383,40000
49384,40000
49385,45055
49386,40000
49387,40000
49388,49403
49389,44872
49390,40000
49391,40000
49392,45248
49393,45170
49394,40000
49395,82706
49396,41109
49397,40000
49398,68254
49399,41884
49400,40000
49401,40000
49402,46775
49403,58344
49404,53438
49405,70661
49406,40000
49407,47302
49408,40000
49409,40000
49410,45191
49411,81213
49412,68665
49413,54091
49414,67849
49415,42131
49416,74276
49417,40000
49418,54000
49419,40000
49420,85285
49421,80101
49422,50293
49423,40708
49424,41867
49425,75891
49426,40000
49427,40000
49428,40000
49429,40000
49430,41112
49431,40000
49432,40000
49433,40000
49434,40000
49435,69676
49436,54858
49437,40000
49438,59282
49439,63948
49440,46892
49441,40000
49442,47637
49443,40000
49444,47574
49445,56030
49446,44764
49447,44569
49448,40000
49449,55905
49450,40000
49451,77086
49452,59855
49453,46647
49454,49808
49455,51113
49456,49413
49457,40000
49458,65331
49459,50989
49460,45342
49461,60961
49462,85715
49463,40000
49464,73678
49465,116448
49466,65467
49467,40000
49468,50544
49469,40000
49470,40000
49471,94061
49472,60380
49473,40000
49474,63113
49475,40000
49476,40560
49477,40000
49478,85561
49479,41700
49480,48363
49481,40000
49482,40000
49483,51209
49484,53727
49485,73111
49486,56588
49487,79967
49488,40000
49489,42572
49490,52066
49491,77428
49492,50861
49493,40000
49494,45504
49495,52306
49496,77746
49497,45144
49498,40000
49499,49433
49500,61949
49501,40000
49502,47152
49503,75184
49504,47174
49505,46409
49506,43776
49507,52291
49508,47493
49509,72255
49510,54431
49511,51711
49512,40000
49513,55781
49514,47995
49515,87450
49516,40000
49517,41561
49518,40000
49519,40000
49520,40779
49521,40000
49522,40000
49523,40000
49524,80839
49525,54811
49526,54626
49527,48646
49528,64330
49529,81147
49530,40000
49531,45322
49532,48963
49533,41512
49534,95332
49535,50987
49536,91854
49537,42058
49538,41518
49539,40000
49540,58359
49541,40000
49542,44541
49543,69373
49544,43048
49545,42389
49546,40000
49547,63365
49548,45309
49549,58817
49550,62142
49551,47160
49552,49914
49553,73486
49554,70730
49555,40000
49556,61356
49557,40000
49558,49444
49559,55753
49560,40000
49561,40000
49562,60298
49563,40000
49564,40000
49565,40000
49566,85727
49567,40999
49568,51540
49569,40000
49570,47919
49571,65193
49572,49252
49573,92739
49574,40000
49575,40000
49576,40000
49577,80999
49578,40000
49579,54325
49580,40000
49581,51999
49582,58830
49583,40000
49584,40000
49585,48903
49586,68439
49587,55345
49588,75959
49589,60947
49590,54541
49591,45730
49592,55251
49593,40000
49594,40000
49595,55393
49596,65133
49597,40000
49598,40000
49599,81359
49600,52765
49601,40000
49602,79061
49603,40000
49604,106667
49605,40000
49606,40000
49607,40000
49608,47160
49609,40000
49610,40000
49611,40000
49612,40000
49613,46738
49614,40000
49615,72791
49616,40000
49617,40000
49618,58185
49619,63421
49620,40000
49621,76504
49622,49237
49623,43692
49624,40000
49625,40000
49626,64394
49627,40000
49628,40000
49629,87400
49630,40000
49631,43393
49632,68155
49633,53528
49634,40000
49635,40118
49636,55079
49637,40000
49638,44110
49639,95732
49640,40000
49641,52587
49642,40000
49643,40845
49644,65117
49645,40000
49646,61469
49647,71715
49648,40000
49649,40000
49650,53485
49651,69796
49652,50871
49653,40000
49654,40000
49655,53873
49656,90563
49657,53314
49658,65105
49659,48834
49660,40000
49661,78211
49662,62673
49663,51404
49664,79012
49665,53075
49666,74398
49667,82598
49668,61599
49669,58643
49670,87253
49671,70330
49672,49716
49673,40000
49674,49005
49675,80001
49676,43195
49677,70460
49678,43961
49679,40000
49680,67961
49681,73437
49682,56677
49683,40000
49684,40000
49685,65283
49686,63399
49687,93049
49688,51516
49689,50122
49690,40000
49691,44885
49692,53888
49693,40000
49694,46993
49695,53762
49696,60372
49697,50369
49698,59666
49699,40000
49700,58703
49701,40000
49702,40000
49703,56266
49704,40355
49705,46740
49706,71641
49707,66540
49708,40000
49709,48530
49710,40000
49711,62673
49712,66243
49713,40000
49714,73672
49715,72581
49716,53352
49717,83026
49718,40000
49719,45748
49720,40000
49721,81549
49722,65748
49723,40000
49724,52787
49725,60131
49726,71424
49727,40000
49728,53413
49729,59409
49730,50336
49731,41476
49732,43370
49733,49925
49734,62294
49735,42625
49736,69544
49737,97455
49738,40000
49739,40000
49740,70918
49741,50938
49742,40000
49743,40611
49744,56649
49745,55358
49746,72812
49747,40000
49748,55477
49749,40000
49750,42474
49751,68947
49752,56869
49753,57745
49754,51484
49755,81919
49756,40000
49757,48870
49758,57572
49759,40000
49760,43778
49761,55082
49762,78501
49763,72055
49764,67454
49765,60139
49766,53487
49767,77088
49768,41008
49769,40000
49770,40000
49771,53662
49772,40000
49773,48781
49774,40000
49775,40000
49776,40000
49777,68202
49778,70255
49779,41951
49780,40000
49781,42860
49782,71454
49783,40000
49784,46940
49785,50675
49786,40000
49787,59295
49788,45852
49789,56748
49790,45734
49791,40000
49792,40000
49793,40000
49794,45882
49795,54147
49796,51496
49797,40000
49798,40000
49799,46867
49800,40000
49801,40000
49802,40000
49803,42249
49804,73155
49805,40812
49806,53929
49807,53847
49808,65821
49809,47628
49810,42715
49811,79435
49812,40000
49813,52480
49814,40000
49815,78602
49816,57249
49817,53341
49818,58185
49819,40000
49820,40000
49821,58702
49822,76916
49823,62841
49824,40000
49825,55308
49826,52409
49827,42509
49828,40191
49829,41518
49830,44380
49831,40000
49832,40000
49833,40000
49834,60537
49835,40000
49836,55082
49837,40000
49838,49735
49839,52208
49840,40353
49841,57994
49842,56716
49843,85853
49844,40000
49845,76798
49846,56526
49847,43388
49848,68490
49849,60277
49850,40000
49851,74133
49852,57259
49853,50469
49854,51923
49855,40000
49856,59509
49857,69774
49858,47837
49859,76030
49860,41940
49861,81990
49862,40000
49863,41023
49864,42609
49865,40000
49866,58279
49867,56500
49868,42559
49869,40000
49870,70411
49871,61283
49872,46166
49873,46590
49874,40000
49875,40000
49876,49847
49877,48457
49878,40000
49879,57127
49880,43443
49881,62748
49882,40060
49883,48352
49884,92862
49885,70188
49886,40000
49887,45388
49888,63524
49889,50946
49890,47467
49891,47429
49892,40000
49893,52644
49894,40000
49895,40000
49896,57751
49897,54635
49898,44326
49899,48743
49900,40000
49901,52044
49902,41303
49903,73586
49904,41042
49905,40000
49906,40932
49907,52946
49908,45184
49909,40000
49910,71709
49911,40000
49912,63437
49913,40000
49914,41715
49915,40000
49916,44850
49917,44222
49918,40000
49919,40000
49920,53888
49921,40000
49922,52914
49923,53912
49924,40000
49925,44425
49926,40000
49927,66770
49928,64391
49929,40000
49930,73438
49931,56461
49932,50016
49933,51049
49934,40000
49935,43314
49936,45924
49937,40818
49938,75923
49939,49676
49940,50017
49941,41371
49942,44180
49943,40000
49944,57985
49945,40000
49946,40000
49947,40000
49948,43861
49949,40000
49950,51304
49951,40318
49952,53806
49953,40000
49954,61159
49955,64454
49956,64854
49957,70778
49958,84322
49959,45043
49960,40000
49961,60561
49962,45549
49963,40000
49964,62916
49965,40563
49966,81073
49967,58996
49968,40000
49969,55498
49970,43125
49971,45342
49972,40000
49973,73313
49974,41985
49975,86438
49976,64044
49977,40000
49978,66016
49979,63003
49980,63054
49981,102629
49982,70001
49983,41294
49984,40000
49985,75359
49986,65348
49987,40000
49988,42944
49989,53925
49990,41837
49991,40000
49992,46485
49993,40000
49994,43953
49995,48892
49996,40000
49997,42891
49998,90504
49999,40000
50000,40000
50001,58179
50002,83259
50003,75967
50004,55842
50005,61507
50006,43309
50007,40000
50008,73182
50009,98333
50010,57282
50011,44385
50012,45465
50013,41897
50014,91835
50015,54577
50016,43292
50017,58213
50018,40000
50019,54307
50020,40000
50021,40000
50022,47169
50023,44100
50024,40950
50025,51686
50026,56779
50027,40000
50028,51065
50029,40000
50030,45596
50031,62500
50032,64013
50033,40197
50034,40000
50035,54137
50036,44039
50037,44453
50038,83313
50039,41526
50040,40000
50041,41012
50042,91028
50043,40000
50044,55856
50045,57531
50046,61109
50047,58495
50048,43392
50049,69005
50050,40000
50051,48242
50052,69792
50053,61942
50054,48105
50055,40000
50056,44735
50057,49643
50058,40000
50059,40000
50060,90099
50061,47155
50062,40000
50063,89347
50064,40000
50065,44651
50066,66206
50067,72980
50068,40000
50069,44518
50070,67785
50071,80387
50072,69153
50073,58736
50074,52059
50075,40000
50076,58863
50077,72845
50078,78109
50079,40000
50080,61737
50081,40000
50082,66440
50083,75638
50084,40000
50085,48540
50086,62788
50087,40000
50088,40000
50089,74872
50090,63053
50091,55760
50092,40000
50093,40530
50094,77859
50095,77078
50096,77503
50097,40000
50098,41679
50099,44016
50100,40000
50101,64335
50102,40000
50103,62346
50104,50042
50105,60533
50106,48206
50107,54884
50108,40000
50109,93661
50110,53098
50111,40000
50112,64649
50113,40000
50114,57277
50115,76974
50116,65003
50117,56341
50118,40000
50119,40000
50120,80179
50121,61558
50122,44006
50123,42967
50124,40000
50125,63038
50126,40000
50127,55482
50128,67360
50129,59611
50130,54951
50131,68852
50132,40000
50133,40000
50134,40000
50135,69271
50136,40000
50137,40000
50138,40000
50139,80301
50140,68052
50141,86046
50142,40000
50143,50543
50144,40000
50145,40000
50146,43133
50147,50805
50148,40000
50149,60449
50150,78174
50151,40000
50152,67552
50153,46892
50154,41916
50155,55106
50156,40000
50157,74769
50158,82304
50159,76698
50160,40000
50161,53979
50162,46969
50163,40000
50164,53845
50165,46679
50166,43791
50167,58493
50168,44852
50169,49330
50170,40000
50171,51591
50172,43930
50173,44511
50174,50092
50175,40000
50176,58053
50177,48746
50178,40000
50179,44702
50180,40000
50181,40000
50182,40000
50183,40000
50184,47904
50185,40000
50186,40000
50187,54312
50188,40000
50189,74425
50190,40000
50191,40000
50192,40000
50193,40000
50194,40000
50195,53502
50196,53608
50197,66490
50198,52127
50199,40000
50200,58682
50201,55262
50202,40000
50203,46858
50204,95855
50205,72530
50206,40000
50207,87965
50208,40573
50209,57314
50210,42506
50211,40000
50212,40000
50213,64475
50214,76041
50215,56721
50216,74609
50217,40000
50218,60903
50219,70829
50220,76339
50221,49978
50222,40000
50223,51384
50224,40000
50225,56319
50226,40000
50227,40004
50228,69872
50229,85789
50230,40000
50231,67057
50232,40000
50233,44735
50234,40000
50235,47889
50236,40000
50237,40000
50238,40000
50239,41148
50240,54020
50241,46883
50242,50373
50243,56792
50244,65835
50245,42922
50246,40000
50247,49630
50248,63653
50249,58530
50250,51392
50251,51230
50252,69030
50253,42989
50254,44979
50255,51947
50256,40000
50257,67150
50258,52055
50259,40000
50260,40000
50261,40000
50262,54042
50263,56449
50264,69935
50265,41892
50266,46648
50267,63456
50268,46856
50269,47473
50270,84346
50271,57698
50272,48231
50273,48681
50274,97022
50275,47111
50276,67846
50277,87903
50278,44880
50279,65830
50280,55105
50281,44296
50282,61074
50283,57264
50284,40000
50285,81384
50286,63785
50287,40000
50288,48605
50289,40198
50290,45048
50291,63453
50292,40000
50293,40000
50294,67191
50295,51316
50296,65193
50297,72450
50298,62943
50299,44033
50300,40000
50301,49723
50302,51499
50303,46774
50304,44832
50305,93426
50306,69685
50307,57999
50308,68425
50309,40000
50310,40000
50311,40000
50312,48298
50313,40000
50314,40000
50315,48447
50316,40000
50317,53943
50318,40083
50319,79155
50320,40000
50321,41298
50322,40000
50323,60226
50324,40000
50325,63598
50326,54192
50327,55681
50328,40000
50329,40000
50330,65449
50331,67477
50332,81935
50333,40000
50334,40000
50335,40000
50336,66252
50337,62986
50338,58408
50339,62070
50340,40000
50341,50457
50342,63009
50343,45705
50344,71860
50345,83409
50346,63309
50347,40000
50348,49758
50349,40000
50350,71702
50351,52431
50352,55389
50353,54318
50354,55748
50355,40000
50356,76936
50357,40000
50358,46046
50359,68237
50360,41121
50361,41001
50362,50478
50363,51408
50364,42498
50365,46683
50366,42502
50367,40000
50368,63957
50369,91209
50370,40000
50371,55177
50372,61914
50373,40000
50374,73480
50375,59355
50376,40000
50377,71990
50378,53291
50379,71476
50380,41161
50381,40000
50382,65907
50383,56743
50384,40000
50385,40000
50386,40000
50387,40000
50388,66099
50389,48480
50390,68622
50391,50943
50392,71865
50393,55848
50394,40000
50395,40000
50396,44967
50397,81838
50398,80543
50399,84972
50400,46026
50401,49218
50402,40000
50403,76053
50404,67748
50405,55207
50406,40000
50407,53964
50408,40000
50409,84876
50410,61772
50411,40000
50412,40708
50413,61560
50414,40000
50415,78854
50416,48034
50417,56466
50418,40000
50419,40000
50420,59141
50421,82002
50422,40000
50423,40000
50424,40450
50425,53271
50426,74364
50427,40000
50428,40000
50429,81746
50430,50832
50431,49144
50432,55437
50433,53233
50434,61112
50435,40000
50436,40000
50437,40000
50438,40000
50439,58649
50440,42264
50441,46991
50442,46374
50443,71374
50444,55545
50445,40000
50446,41969
50447,40000
50448,58433
50449,75644
50450,40752
50451,48631
50452,41594
50453,79402
50454,40000
50455,46161
50456,46952
50457,52900
50458,72480
50459,40000
50460,44043
50461,40000
50462,45052
50463,40000
50464,43490
50465,44309
50466,40000
50467,40000
50468,40000
50469,40000
50470,52275
50471,40815
50472,40000
50473,40000
50474,40000
50475,49456
50476,40000
50477,40000
50478,98084
50479,65019
50480,45779
50481,40000
50482,40000
50483,79842
50484,63277
50485,59317
50486,40000
50487,40000
50488,61477
50489,40000
50490,46183
50491,40000
50492,40000
50493,58117
50494,79625
50495,40000
50496,40000
50497,67220
50498,46879
50499,77753
50500,42391
50501,40000
50502,40000
50503,57306
50504,79559
50505,40000
50506,40000
50507,40000
50508,40000
50509,50580
50510,53097
50511,54294
50512,40000
50513,68513
50514,59048
50515,40000
50516,40000
50517,94684
50518,40000
50519,47907
50520,62579
50521,65078
50522,49791
50523,40000
50524,40000
50525,40000
50526,81089
50527,55966
50528,67829
50529,44559
50530,40000
50531,78856
50532,44390
50533,40000
50534,40000
50535,43073
50536,40000
50537,42767
50538,42703
50539,47672
50540,42949
50541,84246
50542,65532
50543,40000
50544,50144
50545,73292
50546,61757
50547,72602
50548,56289
50549,43118
50550,40000
50551,42754
50552,62953
50553,64679
50554,75737
50555,40000
50556,46392
50557,48930
50558,61568
50559,40000
50560,62209
50561,40000
50562,40000
50563,40000
50564,40000
50565,40000
50566,42158
50567,40000
50568,45733
50569,54563
50570,48440
50571,78109
50572,40000
50573,40000
50574,60133
50575,61670
50576,67552
50577,40000
50578,53918
50579,40000
50580,40000
50581,40000
50582,65558
50583,50208
50584,40000
50585,51994
50586,40000
50587,70767
50588,82676
50589,56462
50590,40000
50591,97948
50592,40000
50593,40000
50594,64471
50595,40000
50596,46234
50597,43466
50598,49441
50599,58758
50600,40000
50601,54468
50602,40000
50603,47651
50604,40000
50605,40862
50606,72674
50607,40000
50608,45836
50609,40000
50610,65206
50611,40000
50612,49775
50613,41578
50614,44671
50615,84891
50616,40000
50617,50810
50618,52750
50619,47464
50620,40000
50621,53535
50622,53849
50623,40000
50624,48363
50625,48220
50626,40000
50627,64003
50628,59257
50629,40000
50630,59431
50631,40000
50632,44729
50633,40000
50634,51739
50635,52684
50636,87563
50637,40000
50638,65163
50639,40000
50640,62888
50641,63870
50642,40000
50643,40000
50644,49963
50645,46962
50646,54144
50647,56560
50648,40000
50649,60684
50650,57309
50651,51531
50652,45449
50653,55438
50654,90265
50655,40000
50656,47078
50657,40000
50658,40000
50659,40000
50660,64094
50661,41128
50662,52104
50663,42965
50664,59215
50665,44803
50666,57295
50667,40000
50668,42794
50669,84744
50670,64895
50671,57780
50672,40000
50673,44173
50674,56876
50675,52826
50676,46299
50677,82450
50678,71576
50679,40000
50680,58025
50681,40000
50682,40536
50683,55049
50684,60972
50685,40000
50686,40000
50687,40000
50688,62465
50689,40000
50690,40000
50691,40000
50692,40000
50693,40000
50694,83441
50695,69753
50696,64276
50697,40000
50698,64723
50699,56377
50700,58012
50701,40629
50702,56187
50703,46742
50704,51572
50705,42203
50706,67278
50707,46266
50708,64562
50709,40000
50710,40356
50711,65861
50712,40000
50713,94811
50714,40000
50715,40000
50716,69867
50717,40000
50718,64863
50719,44977
50720,59169
50721,58169
50722,52202
50723,60304
50724,54767
50725,67270
50726,40000
50727,53067
50728,82922
50729,87979
50730,76056
50731,40000
50732,67266
50733,40000
50734,89115
50735,46895
50736,40000
50737,47893
50738,42124
50739,48998
50740,51068
50741,40000
50742,40000
50743,63127
50744,64722
50745,45605
50746,43023
50747,47292
50748,83549
50749,60817
50750,40000
50751,47939
50752,47366
50753,40000
50754,40000
50755,106550
50756,42370
50757,40000
50758,74807
50759,48267
50760,83612
50761,40000
50762,43527
50763,40000
50764,57210
50765,61356
50766,42666
50767,48976
50768,79746
50769,63532
50770,46584
50771,48720
50772,40774
50773,76558
50774,40000
50775,40000
50776,64589
50777,48443
50778,59867
50779,59162
50780,57615
50781,40000
50782,58487
50783,50938
50784,53962
50785,56136
50786,46686
50787,77914
50788,40000
50789,42580
50790,58147
50791,43747
50792,65040
50793,40000
50794,57000
50795,45836
50796,61279
50797,66425
50798,40000
50799,40000
50800,56943
50801,41196
50802,40000
50803,65540
50804,61752
50805,79887
50806,40000
50807,42635
50808,40000
50809,40000
50810,74449
50811,44465
50812,40000
50813,60782
50814,49220
50815,41366
50816,50543
50817,57422
50818,47590
50819,50983
50820,64109
50821,44707
50822,40000
50823,40000
50824,40000
50825,68237
50826,55856
50827,40000
50828,40000
50829,40565
50830,48528
50831,52845
50832,77876
50833,82948
50834,45035
50835,54967
50836,54582
50837,64449
50838,45211
50839,69191
50840,49558
50841,85234
50842,40000
50843,42886
50844,79774
50845,40000
50846,49227
50847,80334
50848,58442
50849,40000
50850,69230
50851,40000
50852,71313
50853,40739
50854,40000
50855,40000
50856,40000
50857,55339
50858,56168
50859,51290
50860,76707
50861,45779
50862,40000
50863,40000
50864,98368
50865,40000
50866,40567
50867,85845
50868,47162
50869,60354
50870,76290
50871,47859
50872,40000
50873,51544
50874,71115
50875,77166
50876,40000
50877,58077
50878,47217
50879,46307
50880,40000
50881,53469
50882,66660
50883,48146
50884,81498
50885,40000
50886,73154
50887,62703
50888,52431
50889,92483
50890,40000
50891,40000
50892,45976
50893,65063
50894,40000
50895,40000
50896,81093
50897,40000
50898,41925
50899,69445
50900,82625
50901,40000
50902,51348
50903,56210
50904,45313
50905,52024
50906,50513
50907,62547
50908,51792
50909,58630
50910,40000
50911,43140
50912,42591
50913,45861
50914,47440
50915,73044
50916,59064
50917,63346
50918,44019
50919,60547
50920,40509
50921,40000
50922,49880
50923,46380
50924,80634
50925,56220
50926,42619
50927,54407
50928,40000
50929,40000
50930,54169
50931,54282
50932,44266
50933,40000
50934,40000
50935,64876
50936,58180
50937,52362
50938,40000
50939,81470
50940,46236
50941,50236
50942,46770
50943,40000
50944,63209
50945,63412
50946,53713
50947,66923
50948,44104
50949,88848
50950,45904
50951,40000
50952,71063
50953,65699
50954,48555
50955,51083
50956,57594
50957,49676
50958,48243
50959,54630
50960,41862
50961,61161
50962,66368
50963,54459
50964,40000
50965,40000
50966,40000
50967,40000
50968,59753
50969,45865
50970,52646
50971,40000
50972,46857
50973,64920
50974,48111
50975,55769
50976,74751
50977,54306
50978,43348
50979,55626
50980,68734
50981,40000
50982,40000
50983,75039
50984,46177
50985,75756
50986,45640
50987,59828
50988,47535
50989,58689
50990,40000
50991,42407
50992,40000
50993,75494
50994,79344
50995,66888
50996,42917
50997,40000
50998,57222
50999,48883
51000,47169
51001,72484
51002,63000
51003,48345
51004,89733
51005,42836
51006,40000
51007,40000
51008,59060
51009,57340
51010,46848
51011,40000
51012,49854
51013,82320
51014,72316
51015,41555
51016,40000
51017,40000
51018,40000
51019,50464
51020,40908
51021,44649
51022,111365
51023,50208
51024,56667
51025,40000
51026,61321
51027,41647
51028,40000
51029,45019
51030,40000
51031,66077
51032,56349
51033,59246
51034,57233
51035,40000
51036,55121
51037,59561
51038,57971
51039,40000
51040,46812
51041,76777
51042,51288
51043,43020
51044,73185
51045,62218
51046,63303
51047,82960
51048,65219
51049,84113
51050,55359
51051,42907
51052,40000
51053,40000
51054,40000
51055,49736
51056,40000
51057,58337
51058,71518
51059,50166
51060,42308
51061,67346
51062,99131
51063,56859
51064,80681
51065,42902
51066,60555
51067,45111
51068,44323
51069,46169
51070,40000
51071,82217
51072,67727
51073,40130
51074,61699
51075,52459
51076,46151
51077,41148
51078,40000
51079,40000
51080,40000
51081,59698
51082,47222
51083,40000
51084,40000
51085,40000
51086,48047
51087,44884
51088,59934
51089,71040
51090,58796
51091,55795
51092,57372
51093,84732
51094,40000
51095,58275
51096,40000
51097,52333
51098,48256
51099,67720
51100,42394
51101,57659
51102,40000
51103,40041
51104,51312
51105,48326
51106,70757
51107,43522
51108,55743
51109,47164
51110,68130
51111,40000
51112,40000
51113,40000
51114,40000
51115,71179
51116,40000
51117,40000
51118,56519
51119,42469
51120,40000
51121,40745
51122,51828
51123,40000
51124,40000
51125,84948
51126,65520
51127,41459
51128,40000
51129,40000
51130,67366
51131,53008
51132,40000
51133,40391
51134,40000
51135,40000
51136,40000
51137,40000
51138,57972
51139,40000
51140,59595
51141,41926
51142,46516
51143,40000
51144,40000
51145,60763
51146,41608
51147,57049
51148,79534
51149,40000
51150,73391
51151,40000
51152,53963
51153,47694
51154,40784
51155,60667
51156,40000
51157,88157
51158,61366
51159,62505
51160,76120
51161,47974
51162,40000
51163,78095
51164,58622
51165,40000
51166,61207
51167,54869
51168,57081
51169,46039
51170,48076
51171,47262
51172,92278
51173,40000
51174,60328
51175,73379
51176,44330
51177,51243
51178,50998
51179,41261
51180,53596
51181,78520
51182,40000
51183,51933
51184,44938
51185,40000
51186,53312
51187,40000
51188,55797
51189,40000
51190,50358
51191,48972
51192,46817
51193,62786
51194,43263
51195,40000
51196,95142
51197,58488
51198,61317
51199,40000
51200,49313
51201,66354
51202,53705
51203,56199
51204,40000
51205,40000
51206,73724
51207,66242
51208,64921
51209,62714
51210,60622
51211,40000
51212,40000
51213,60708
51214,59604
51215,49145
51216,40000
51217,40000
51218,40000
51219,49267
51220,67992
51221,54292
51222,61554
51223,65060
51224,53492
51225,59243
51226,48023
51227,40000
51228,71497
51229,74031
51230,40000
51231,68771
51232,71852
51233,65962
51234,61536
51235,54757
51236,45191
51237,72837
51238,56404
51239,60181
51240,40000
51241,43228
51242,48566
51243,54102
51244,50322
51245,54723
51246,84831
51247,63512
51248,63256
51249,57974
51250,49618
51251,66309
51252,40000
51253,69268
51254,69359
51255,48470
51256,50774
51257,40000
51258,67624
51259,68842
51260,77481
51261,58099
51262,52432
51263,52079
51264,52913
51265,40000
51266,40000
51267,75724
51268,42224
51269,55277
51270,56522
51271,40000
51272,82737
51273,72339
51274,64806
51275,40000
51276,40000
51277,40000
51278,40946
51279,40000
51280,40000
51281,77760
51282,50923
51283,49451
51284,61070
51285,40000
51286,46572
51287,72578
51288,40000
51289,42080
51290,40000
51291,40000
51292,40000
51293,40000
51294,52607
51295,40000
51296,49747
51297,68471
51298,54747
51299,63026
51300,71607
51301,58924
51302,52132
51303,53087
51304,40000
51305,40000
51306,40000
51307,101332
51308,66447
51309,40000
51310,40000
51311,56793
51312,45353
51313,46459
51314,53893
51315,40000
51316,50913
51317,40000
51318,62895
51319,40000
51320,77700
51321,56505
51322,61507
51323,77063
51324,56618
51325,40000
51326,41795
51327,47689
51328,44688
51329,50637
51330,41454
51331,61438
51332,42648
51333,40020
51334,80710
51335,64361
51336,80848
51337,40000
51338,40000
51339,63023
51340,44208
51341,40000
51342,65299
51343,40000
51344,44482
51345,46727
51346,40000
51347,40000
51348,68546
51349,45797
51350,48250
51351,61531
51352,71332
51353,49278
51354,47100
51355,60291
51356,40000
51357,77546
51358,56190
51359,40000
51360,40000
51361,85801
51362,47722
51363,61721
51364,67704
51365,47460
51366,82040
51367,52031
51368,55002
51369,58215
51370,40000
51371,49597
51372,40000
51373,40000
51374,40000
51375,40000
51376,40000
51377,85469
51378,71266
51379,40000
51380,75217
51381,60074
51382,52855
51383,42399
51384,70777
51385,61579
51386,40000
51387,40000
51388,61828
51389,71818
51390,40000
51391,72979
51392,40000
51393,43374
51394,46618
51395,57529
51396,88558
51397,40000
51398,40000
51399,65189
51400,90813
51401,47857
51402,40000
51403,40000
51404,40000
51405,48640
51406,40000
51407,56013
51408,40000
51409,43524
51410,42614
51411,46236
51412,76157
51413,41754
51414,63972
51415,62926
51416,40000
51417,40649
51418,58266
51419,40000
51420,84869
51421,46930
51422,40000
51423,78494
51424,52176
51425,53242
51426,66779
51427,56977
51428,41971
51429,40000
51430,100905
51431,84864
51432,40000
51433,51423
51434,58619
51435,40000
51436,42383
51437,52743
51438,56119
51439,40000
51440,40000
51441,84177
51442,52181
51443,68548
51444,40000
51445,67233
51446,40000
51447,53605
51448,67566
51449,40000
51450,40000
51451,63190
51452,40000
51453,48062
51454,40000
51455,78373
51456,44269
51457,69560
51458,44186
51459,60032
51460,68072
51461,70669
51462,46739
51463,40000
51464,40000
51465,88054
51466,40000
51467,42000
51468,40000
51469,40000
51470,40000
51471,47252
51472,40000
51473,76893
51474,40000
51475,42766
51476,73508
51477,47984
51478,65695
51479,40000
51480,40000
51481,75376
51482,59146
51483,49394
51484,76387
51485,40819
51486,40000
51487,86460
51488,40000
51489,40000
51490,60051
51491,93595
51492,40000
51493,49761
51494,40000
51495,73670
51496,40000
51497,72448
51498,41240
51499,40000
51500,75843
51501,40000
51502,72237
51503,40000
51504,54741
51505,55443
51506,52705
51507,75929
51508,49841
51509,51250
51510,40255
51511,42927
51512,40000
51513,55991
51514,40000
51515,40000
51516,40000
51517,40000
51518,40000
51519,77292
51520,67629
51521,43763
51522,61523
51523,53247
51524,74381
51525,67334
51526,64195
51527,72775
51528,74007
51529,44583
51530,47852
51531,116412
51532,60318
51533,40000
51534,70618
51535,40531
51536,66361
51537,63841
51538,56374
51539,40000
51540,55587
51541,40000
51542,85801
51543,40000
51544,40000
51545,43729
51546,40000
51547,40000
51548,40000
51549,40000
51550,47690
51551,53275
51552,59035
51553,44537
51554,90320
51555,70491
51556,63685
51557,40000
51558,40385
51559,40000
51560,75267
51561,40000
51562,65979
51563,40000
51564,56106
51565,40000
51566,43271
51567,63817
51568,40000
51569,40056
51570,56300
51571,46866
51572,49206
51573,80864
51574,50204
51575,40000
51576,40000
51577,48130
51578,40000
51579,41511
51580,40000
51581,74523
51582,40000
51583,47492
51584,45075
51585,64105
51586,46620
51587,59809
51588,40000
51589,40000
51590,78223
51591,51405
51592,40000
51593,40000
51594,56636
51595,61554
51596,40000
51597,46786
51598,40244
51599,60440
51600,52689
51601,58996
51602,70048
51603,40000
51604,46394
51605,62856
51606,50729
51607,51090
51608,58496
51609,49393
51610,45705
51611,40000
51612,82256
51613,40000
51614,51243
51615,53221
51616,48640
51617,63253
51618,40000
51619,48804
51620,40000
51621,40000
51622,59715
51623,40000
51624,60165
51625,40000
51626,50209
51627,50429
51628,58435
51629,51236
51630,64953
51631,64925
51632,51945
51633,40813
51634,40000
51635,84917
51636,40000
51637,57523
51638,44270
51639,97345
51640,65162
51641,40000
51642,76274
51643,91681
51644,62458
51645,48041
51646,40000
51647,40000
51648,40000
51649,44230
51650,40000
51651,62005
51652,40000
51653,40000
51654,47776
51655,51561
51656,70098
51657,52811
51658,62016
51659,46454
51660,40000
51661,51091
51662,53867
51663,74742
51664,50140
51665,41171
51666,58102
51667,40000
51668,42984
51669,40000
51670,43888
51671,53452
51672,40000
51673,53457
51674,55703
51675,40000
51676,61034
51677,58681
51678,58467
51679,81683
51680,74834
51681,40000
51682,40000
51683,40000
51684,49215
51685,76804
51686,40000
51687,68464
51688,41763
51689,67961
51690,84420
51691,60477
51692,44624
51693,40000
51694,53242
51695,40000
51696,46372
51697,47131
51698,42829
51699,41334
51700,68779
51701,40000
51702,40000
51703,40000
51704,40000
51705,58261
51706,48835
51707,50321
51708,41456
51709,40000
51710,65402
51711,41660
51712,49264
51713,46031
51714,40000
51715,102542
51716,49558
51717,40000
51718,40000
51719,40000
51720,65996
51721,45884
51722,46721
51723,54001
51724,73463
51725,40000
51726,40000
51727,56467
51728,41830
51729,40000
51730,40000
51731,40000
51732,51245
51733,63107
51734,50916
51735,40000
51736,44781
51737,52706
51738,45305
51739,66934
51740,44709
51741,60026
51742,62628
51743,40000
51744,62608
51745,40000
51746,53170
51747,40000
51748,40000
51749,40000
51750,59246
51751,56338
51752,40000
51753,43020
51754,40000
51755,40000
51756,54778
51757,55882
51758,40395
51759,40430
51760,52209
51761,52213
51762,81045
51763,40000
51764,40000
51765,58464
51766,48132
51767,61567
51768,40000
51769,40000
51770,41621
51771,83131
51772,40000
51773,69401
51774,47586
51775,40000
51776,42841
51777,61374
51778,40052
51779,62016
51780,54960
51781,40000
51782,66101
51783,40000
51784,40000
51785,40000
51786,40000
51787,40000
51788,40000
51789,54329
51790,52580
51791,49998
51792,77399
51793,43877
51794,94647
51795,73600
51796,40000
51797,54853
51798,70875
51799,54147
51800,43541
51801,48265
51802,40000
51803,47838
51804,40000
51805,58511
51806,80455
51807,45022
51808,40000
51809,67965
51810,54317
51811,62847
51812,40000
51813,40000
51814,40596
51815,76506
51816,40751
51817,47559
51818,46097
51819,40000
51820,40000
51821,48861
51822,40000
51823,74731
51824,53204
51825,59175
51826,40000
51827,52005
51828,40000
51829,45220
51830,65479
51831,40000
51832,40000
51833,74445
51834,56935
51835,59081
51836,57481
51837,48243
51838,40000
51839,44685
51840,68598
51841,65185
51842,40000
51843,50860
51844,44279
51845,61211
51846,61070
51847,40000
51848,61664
51849,54863
51850,40000
51851,40607
51852,71642
51853,68669
51854,47268
51855,59468
51856,40000
51857,40000
51858,68354
51859,43923
51860,40000
51861,53807
51862,89959
51863,47118
51864,42440
51865,48808
51866,72489
51867,40000
51868,55988
51869,48222
51870,42195
51871,60570
51872,40000
51873,57524
51874,47145
51875,67440
51876,51778
51877,40953
51878,40883
51879,65790
51880,54217
51881,66550
51882,42338
51883,51501
51884,54396
51885,40000
51886,40000
51887,54088
51888,64552
51889,75544
51890,55779
51891,59315
51892,72546
51893,40000
51894,57961
51895,49761
51896,40000
51897,50543
51898,41606
51899,55813
51900,54127
51901,95792
51902,48998
51903,47081
51904,72667
51905,54545
51906,44095
51907,66684
51908,40000
51909,71607
51910,53432
51911,82321
51912,94079
51913,70099
51914,40000
51915,53269
51916,65637
51917,46206
51918,42701
51919,42276
51920,40000
51921,40915
51922,40000
51923,40000
51924,40000
51925,76838
51926,104798
51927,51957
51928,78826
51929,59231
51930,49656
51931,60949
51932,49404
51933,40000
51934,40000
51935,40846
51936,79914
51937,47009
51938,40910
51939,51476
51940,40000
51941,88047
51942,40000
51943,58283
51944,40000
51945,74160
51946,40000
51947,40000
51948,74557
51949,50734
51950,47777
51951,44405
51952,63811
51953,52761
51954,71927
51955,79100
51956,40000
51957,40000
51958,68200
51959,40363
51960,40000
51961,91173
51962,40000
51963,40000
51964,49887
51965,55276
51966,43118
51967,67333
51968,51241
51969,42237
51970,66363
51971,61408
51972,40000
51973,49582
51974,40000
51975,82331
51976,48203
51977,40000
51978,40000
51979,80243
51980,76121
51981,71354
51982,65789
51983,54779
51984,49650
51985,41044
51986,40000
51987,47383
51988,40000
51989,53575
51990,81833
51991,53706
51992,40000
51993,86633
51994,86798
51995,93409
51996,60036
51997,40000
51998,48370
51999,49300
52000,43081
52001,40000
52002,51639
52003,58299
52004,60296
52005,42717
52006,40000
52007,40000
52008,50581
52009,60569
52010,68674
52011,68304
52012,73674
52013,40000
52014,72684
52015,40741
52016,45615
52017,90455
52018,54143
52019,63845
52020,68649
52021,41039
52022,40000
52023,69317
52024,70679
52025,40000
52026,40000
52027,40000
52028,60990
52029,44414
52030,40000
52031,44271
52032,40000
52033,52553
52034,40000
52035,40000
52036,54473
52037,57740
52038,52102
52039,72841
52040,40000
52041,55346
52042,70192
52043,71221
52044,40000
52045,40000
52046,76203
52047,77450
52048,40000
52049,71665
52050,64835
52051,69345
52052,68205
52053,78796
52054,70676
52055,41820
52056,51385
52057,52918
52058,40000
52059,48185
52060,48923
52061,40000
52062,40000
52063,40000
52064,40000
52065,40000
52066,54319
52067,40000
52068,65999
52069,57834
52070,40000
52071,84726
52072,74675
52073,41763
52074,60811
52075,77987
52076,51737
52077,57888
52078,43525
52079,40000
52080,40000
52081,62444
52082,51082
52083,40000
52084,40000
52085,47971
52086,51729
52087,40000
52088,50416
52089,69252
52090,40000
52091,40000
52092,40000
52093,40000
52094,59218
52095,54221
52096,40000
52097,59873
52098,65970
52099,40000
52100,40000
52101,40000
52102,48123
52103,40000
52104,49418
52105,55853
52106,46978
52107,82337
52108,55719
52109,61976
52110,76477
52111,90848
52112,62908
52113,81095
52114,42639
52115,47214
52116,56050
52117,58904
52118,40000
52119,59780
52120,40000
52121,73226
52122,66547
52123,75610
52124,55411
52125,61895
52126,40000
52127,42898
52128,45974
52129,70551
52130,49600
52131,56874
52132,42131
52133,54200
52134,53691
52135,49288
52136,48783
52137,47030
52138,49924
52139,74397
52140,63240
52141,57118
52142,40000
52143,41360
52144,49259
52145,40000
52146,61694
52147,40000
52148,40000
52149,40000
52150,49479
52151,40000
52152,63373
52153,40000
52154,60321
52155,55433
52156,42008
52157,56987
52158,40000
52159,74644
52160,45373
52161,43121
52162,40000
52163,66542
52164,63103
52165,63821
52166,74829
52167,40000
52168,40000
52169,53901
52170,81007
52171,90560
52172,40000
52173,40000
52174,44273
52175,53314
52176,65924
52177,82860
52178,46672
52179,45953
52180,71943
52181,43728
52182,49401
52183,40000
52184,47309
52185,40000
52186,71282
52187,40000
52188,45211
52189,46068
52190,65265
52191,89242
52192,52451
52193,48266
52194,46172
52195,44707
52196,48536
52197,49028
52198,62790
52199,59470
52200,40000
52201,73615
52202,77569
52203,56362
52204,47148
52205,40000
52206,49725
52207,46277
52208,97835
52209,40000
52210,40000
52211,52716
52212,54977
52213,65443
52214,40000
52215,52290
52216,69805
52217,40000
52218,89519
52219,63865
52220,40000
52221,40000
52222,64559
52223,55495
52224,52353
52225,84284
52226,45020
52227,70317
52228,54416
52229,40000
52230,59257
52231,68156
52232,51105
52233,60382
52234,40000
52235,67804
52236,81358
52237,61308
52238,40000
52239,40000
52240,80866
52241,66258
52242,40000
52243,66321
52244,40000
52245,43278
52246,62071
52247,40000
52248,40000
52249,40000
52250,63772
52251,75830
52252,64287
52253,40123
52254,59434
52255,40000
52256,46739
52257,65048
52258,65537
52259,52759
52260,64366
52261,40000
52262,76436
52263,62471
52264,69174
52265,69103
52266,40000
52267,40000
52268,54921
52269,40000
52270,40000
52271,71369
52272,40000
52273,61590
52274,40000
52275,40000
52276,79345
52277,63609
52278,40000
52279,66721
52280,47474
52281,40000
52282,40000
52283,44232
52284,66159
52285,40000
52286,72097
52287,87965
52288,40000
52289,40000
52290,78278
52291,71789
52292,40000
52293,40000
52294,75492
52295,42644
52296,53778
52297,52843
52298,42536
52299,63020
52300,40000
52301,48658
52302,55202
52303,43851
52304,69190
52305,40000
52306,53790
52307,62282
52308,40000
52309,56265
52310,90318
52311,40000
52312,50382
52313,40000
52314,66631
52315,40000
52316,40000
52317,47477
52318,50717
52319,40000
52320,70201
52321,50114
52322,40000
52323,40000
52324,60646
52325,40493
52326,58973
52327,40000
52328,40000
52329,54880
52330,48948
52331,40000
52332,59567
52333,40000
52334,56416
52335,49406
52336,40000
52337,60377
52338,52441
52339,40000
52340,68338
52341,40000
52342,73705
52343,40000
52344,58587
52345,40000
52346,75722
52347,40000
52348,65055
52349,56884
52350,50063
52351,40000
52352,40000
52353,58021
52354,74174
52355,40000
52356,50250
52357,95978
52358,53150
52359,73945
52360,40000
52361,74004
52362,69867
52363,40390
52364,40000
52365,40000
52366,47440
52367,40000
52368,40000
52369,64693
52370,56895
52371,45732
52372,58901
52373,40000
52374,40000
52375,50531
52376,41131
52377,56875
52378,52532
52379,70354
52380,64911
52381,81348
52382,75404
52383,69509
52384,79134
52385,66982
52386,65342
52387,40000
52388,40000
52389,40000
52390,70635
52391,40000
52392,40000
52393,40000
52394,59812
52395,59717
52396,57947
52397,48283
52398,65688
52399,40000
52400,40000
52401,40000
52402,87470
52403,40000
52404,61219
52405,40000
52406,66894
52407,52517
52408,92281
52409,56672
52410,88561
52411,40978
52412,60566
52413,75404
52414,40000
52415,40551
52416,64441
52417,56389
52418,40000
52419,53447
52420,58185
52421,54961
52422,49968
52423,61191
52424,40000
52425,58364
52426,50100
52427,59931
52428,40000
52429,49424
52430,40000
52431,40000
52432,40000
52433,43461
52434,40000
52435,46677
52436,40150
52437,57699
52438,40000
52439,65577
52440,40000
52441,40000
52442,79706
52443,49544
52444,70908
52445,40000
52446,61841
52447,46494
52448,40000
52449,55933
52450,40000
52451,59411
52452,40000
52453,64915
52454,40000
52455,40000
52456,53379
52457,50767
52458,52892
52459,47094
52460,44884
52461,40000
52462,67628
52463,40000
52464,63265
52465,51258
52466,40000
52467,48814
52468,40000
52469,83025
52470,72724
52471,73078
52472,65630
52473,53125
52474,42895
52475,48960
52476,67997
52477,40000
52478,59701
52479,78591
52480,69001
52481,49095
52482,55854
52483,40000
52484,60602
52485,40000
52486,40000
52487,65998
52488,44485
52489,48322
52490,48840
52491,105487
52492,64958
52493,43462
52494,40000
52495,52318
52496,40000
52497,51619
52498,41479
52499,40000
52500,40000
52501,51967
52502,65078
52503,40000
52504,53307
52505,40000
52506,50385
52507,40000
52508,53175
52509,56267
52510,46615
52511,90236
52512,50714
52513,71991
52514,43155
52515,47812
52516,40000
52517,70309
52518,40000
52519,72495
52520,64193
52521,40000
52522,44546
52523,55435
52524,60482
52525,40000
52526,54540
52527,46814
52528,93948
52529,46534
52530,51014
52531,43156
52532,66702
52533,69201
52534,59554
52535,40851
52536,64729
52537,75616
52538,77994
52539,67249
52540,40000
52541,96571
52542,47844
52543,44224
52544,40000
52545,40000
52546,112109
52547,40000
52548,54307
52549,52664
52550,64805
52551,45854
52552,46273
52553,52798
52554,44511
52555,63858
52556,40000
52557,58610
52558,53537
52559,40000
52560,40000
52561,70484
52562,75422
52563,40000
52564,40000
52565,66430
52566,41675
52567,88779
52568,73908
52569,40000
52570,40000
52571,40000
52572,40000
52573,40000
52574,40000
52575,66902
52576,40000
52577,57058
52578,40000
52579,44967
52580,54116
52581,79456
52582,40729
52583,40000
52584,70989
52585,54440
52586,40000
52587,79490
52588,44335
52589,52105
52590,45171
52591,41264
52592,69982
52593,68633
52594,68665
52595,53099
52596,60402
52597,68903
52598,40000
52599,48897
52600,55175
52601,56470
52602,64799
52603,40000
52604,40000
52605,58693
52606,77122
52607,40000
52608,40000
52609,47357
52610,43766
52611,69682
52612,56623
52613,40000
52614,40000
52615,74785
52616,57688
52617,49760
52618,76888
52619,47793
52620,70682
52621,40000
52622,70250
52623,59982
52624,40000
52625,91963
52626,40000
52627,44382
52628,67749
52629,40000
52630,40000
52631,71007
52632,80702
52633,64715
52634,40000
52635,79961
52636,49842
52637,40000
52638,46250
52639,69976
52640,63444
52641,57555
52642,49232
52643,40000
52644,53574
52645,40000
52646,40000
52647,40000
52648,40000
52649,49103
52650,72981
52651,60149
52652,67144
52653,40000
52654,53546
52655,47066
52656,55320
52657,40000
52658,40000
52659,40000
52660,48168
52661,59401
52662,49119
52663,66869
52664,40699
52665,40000
52666,45920
52667,63870
52668,40000
52669,51011
52670,40075
52671,65602
52672,40000
52673,40000
52674,50776
52675,64067
52676,50832
52677,66476
52678,40000
52679,40000
52680,41161
52681,40000
52682,59648
52683,40000
52684,48456
52685,40000
52686,88767
52687,40000
52688,40000
52689,49507
52690,51283
52691,71229
52692,40000
52693,82457
52694,40000
52695,40000
52696,90666
52697,40000
52698,42017
52699,67481
52700,41573
52701,40000
52702,40000
52703,41787
52704,65063
52705,40000
52706,70655
52707,65574
52708,61984
52709,41384
52710,52923
52711,84031
52712,42070
52713,63746
52714,40000
52715,40000
52716,51194
52717,74820
52718,40000
52719,40000
52720,51324
52721,51800
52722,47920
52723,69740
52724,55842
52725,51561
52726,69870
52727,49070
52728,81764
52729,58474
52730,59070
52731,58294
52732,40000
52733,62659
52734,40000
52735,58930
52736,40000
52737,58615
52738,40000
52739,40000
52740,65174
52741,40000
52742,50248
52743,44527
52744,46628
52745,40000
52746,80170
52747,48579
52748,80443
52749,49738
52750,40000
52751,40000
52752,61326
52753,40000
52754,63039
52755,83315
52756,54038
52757,52970
52758,40000
52759,57283
52760,40000
52761,40000
52762,40000
52763,43512
52764,43458
52765,44148
52766,40117
52767,40000
52768,40000
52769,50333
52770,65588
52771,46188
52772,45646
52773,89204
52774,62244
52775,82467
52776,70266
52777,72971
52778,46041
52779,75342
52780,40000
52781,40000
52782,80894
52783,55546
52784,58323
52785,40000
52786,75792
52787,51798
52788,40000
52789,45215
52790,84699
52791,65549
52792,46461
52793,46400
52794,41433
52795,54861
52796,41812
52797,82692
52798,79859
52799,63989
52800,83197
52801,75199
52802,59832
52803,41767
52804,40000
52805,40000
52806,62494
52807,67375
52808,40000
52809,50719
52810,44366
52811,56720
52812,83882
52813,82399
52814,78004
52815,49163
52816,92319
52817,86729
52818,63727
52819,46609
52820,56933
52821,51313
52822,46779
52823,40000
52824,58972
52825,40000
52826,50845
52827,75385
52828,101360
52829,40000
52830,51210
52831,53659
52832,47924
52833,40000
52834,62616
52835,46970
52836,40000
52837,40000
52838,63193
52839,40000
52840,46711
52841,45643
52842,40000
52843,40000
52844,72820
52845,40000
52846,63948
52847,42010
52848,40000
52849,91075
52850,40000
52851,47754
52852,43394
52853,63547
52854,52683
52855,85652
52856,46133
52857,40000
52858,57163
52859,43982
52860,40000
52861,77638
52862,40000
52863,51987
52864,40000
52865,64325
52866,40000
52867,77395
52868,57960
52869,40000
52870,40000
52871,55601
52872,57686
52873,47860
52874,44112
52875,49948
52876,90515
52877,76000
52878,59586
52879,40000
52880,41031
52881,84287
52882,81636
52883,41979
52884,60285
52885,73987
52886,54912
52887,57847
52888,55129
52889,65187
52890,47612
52891,40224
52892,50707
52893,58228
52894,44680
52895,42371
52896,40000
52897,40000
52898,51246
52899,48141
52900,40000
52901,45940
52902,60457
52903,48487
52904,58200
52905,71514
52906,40571
52907,40000
52908,49845
52909,42443
52910,40000
52911,40000
52912,40000
52913,40000
52914,46043
52915,60534
52916,63229
52917,40000
52918,43062
52919,40000
52920,40000
52921,66002
52922,40000
52923,45141
52924,40000
52925,93965
52926,72206
52927,49972
52928,45978
52929,72107
52930,40000
52931,40000
52932,62236
52933,57801
52934,60731
52935,40000
52936,55498
52937,40269
52938,47201
52939,63334
52940,76104
52941,40000
52942,41071
52943,72427
52944,63231
52945,66624
52946,40000
52947,40000
52948,40000
52949,40000
52950,40000
52951,67342
52952,44414
52953,52946
52954,71408
52955,55116
52956,40000
52957,51666
52958,54399
52959,64941
52960,45623
52961,42981
52962,63817
52963,72366
52964,43515
52965,47232
52966,40000
52967,65604
52968,40000
52969,40000
52970,47552
52971,40000
52972,86018
52973,70695
52974,88114
52975,71782
52976,40000
52977,87945
52978,40000
52979,40000
52980,40000
52981,42119
52982,65544
52983,55845
52984,45779
52985,54663
52986,70532
52987,64815
52988,73685
52989,43626
52990,41714
52991,40000
52992,63259
52993,79472
52994,54149
52995,40000
52996,40000
52997,40000
52998,46517
52999,40000
53000,40000
53001,49513
53002,40000
53003,40000
53004,75382
53005,40000
53006,57854
53007,40000
53008,40000
53009,45461
53010,40000
53011,40000
53012,74553
53013,66948
53014,40000
53015,68626
53016,55590
53017,82013
53018,65836
53019,40000
53020,40000
53021,40000
53022,94756
53023,46175
53024,43377
53025,63663
53026,44982
53027,62933
53028,52190
53029,46484
53030,80737
53031,40000
53032,54914
53033,40000
53034,46225
53035,50463
53036,40000
53037,40000
53038,68516
53039,40000
53040,47166
53041,61613
53042,47769
53043,50451
53044,41169
53045,58907
53046,69401
53047,58668
53048,63509
53049,95238
53050,58587
53051,57899
53052,40000
53053,65968
53054,40000
53055,60505
53056,41352
53057,56784
53058,40000
53059,54775
53060,40000
53061,71796
53062,40000
53063,49534
53064,54821
53065,53889
53066,84518
53067,68651
53068,40000
53069,40000
53070,40000
53071,63621
53072,64024
53073,40000
53074,86610
53075,47777
53076,40000
53077,46155
53078,43179
53079,58193
53080,40000
53081,40000
53082,40000
53083,54213
53084,72801
53085,78342
53086,46908
53087,40000
53088,40000
53089,40000
53090,61937
53091,79379
53092,81343
53093,40000
53094,57794
53095,40000
53096,65569
53097,50715
53098,40000
53099,68971
53100,40000
53101,50514
53102,40000
53103,60801
53104,53309
53105,61850
53106,53756
53107,40187
53108,40000
53109,51410
53110,40000
53111,56698
53112,47321
53113,47348
53114,65118
53115,40000
53116,40000
53117,40000
53118,40000
53119,52580
53120,40000
53121,40000
53122,40000
53123,41132
53124,40000
53125,56230
53126,40000
53127,50674
53128,40188
53129,61356
53130,71330
53131,47331
53132,40000
53133,53512
53134,77478
53135,40000
53136,40000
53137,40000
53138,40000
53139,55192
53140,52329
53141,40000
53142,40000
53143,49834
53144,40000
53145,69251
53146,61045
53147,51026
53148,42915
53149,67198
53150,40000
53151,62918
53152,40000
53153,46214
53154,40000
53155,52793
53156,44134
53157,49549
53158,51819
53159,60440
53160,40000
53161,40340
53162,47988
53163,52985
53164,40000
53165,40000
53166,67142
53167,87534
53168,79348
53169,50022
53170,40000
53171,51514
53172,52171
53173,58192
53174,40000
53175,40000
53176,82398
53177,40000
53178,41040
53179,40000
53180,69796
53181,58648
53182,60432
53183,40000
53184,40000
53185,64166
53186,54299
53187,48537
53188,66728
53189,52189
53190,68658
53191,40000
53192,43096
53193,40000
53194,40000
53195,77945
53196,82615
53197,116186
53198,40000
53199,40000
53200,71000
53201,40000
53202,44822
53203,54186
53204,55342
53205,46955
53206,40000
53207,75988
53208,48095
53209,45354
53210,70976
53211,71496
53212,61153
53213,40000
53214,40000
53215,40246
53216,40000
53217,43200
53218,45282
53219,51578
53220,76579
53221,53417
53222,40000
53223,53797
53224,59270
53225,70862
53226,64816
53227,43367
53228,42461
53229,61791
53230,40000
53231,44114
53232,40000
53233,40000
53234,43230
53235,49629
53236,40000
53237,81728
53238,47442
53239,84143
53240,40000
53241,54663
53242,40000
53243,76633
53244,40000
53245,40000
53246,88318
53247,40000
53248,74213
53249,41113
53250,40000
53251,40000
53252,54807
53253,54170
53254,40000
53255,43470
53256,59805
53257,50180
53258,58379
53259,45141
53260,67241
53261,40000
53262,40000
53263,58133
53264,71265
53265,41419
53266,40000
53267,53202
53268,71091
53269,82722
53270,40000
53271,40000
53272,40000
53273,53161
53274,62509
53275,40761
53276,54306
53277,43428
53278,67503
53279,43571
53280,63844
53281,40000
53282,73003
53283,74700
53284,44727
53285,81292
53286,40000
53287,53944
53288,57080
53289,44485
53290,67624
53291,40000
53292,40000
53293,40000
53294,40000
53295,58120
53296,66224
53297,75488
53298,50854
53299,67909
53300,71515
53301,42739
53302,57645
53303,47352
53304,40000
53305,50161
53306,40000
53307,43995
53308,40000
53309,40000
53310,40000
53311,60624
53312,70268
53313,65391
53314,40000
53315,40000
53316,48945
53317,41174
53318,54405
53319,63995
53320,40000
53321,40000
53322,40000
53323,40000
53324,40000
53325,43688
53326,42383
53327,56267
53328,40000
53329,40000
53330,40000
53331,66010
53332,45766
53333,55164
53334,40000
53335,60257
53336,45341
53337,50454
53338,78556
53339,42298
53340,50271
53341,58265
53342,72129
53343,49853
53344,40000
53345,40000
53346,40000
53347,40000
53348,40000
53349,40000
53350,59419
53351,40000
53352,58307
53353,51855
53354,60666
53355,40000
53356,45214
53357,40000
53358,44851
53359,88724
53360,42243
53361,49037
53362,77670
53363,40000
53364,75612
53365,43933
53366,40000
53367,69828
53368,50907
53369,40000
53370,40000
53371,40000
53372,78791
53373,56735
53374,40000
53375,40000
53376,71187
53377,62524
53378,59453
53379,40000
53380,53738
53381,51147
53382,62842
53383,40000
53384,78550
53385,64118
53386,48777
53387,47919
53388,40000
53389,40000
53390,66761
53391,71880
53392,40000
53393,45216
53394,47294
53395,40000
53396,63130
53397,40000
53398,40000
53399,40000
53400,46357
53401,49232
53402,118631
53403,43598
53404,40763
53405,40091
53406,40000
53407,99762
53408,61559
53409,43056
53410,69869
53411,51579
53412,62301
53413,49355
53414,42567
53415,80816
53416,57344
53417,68117
53418,90427
53419,42700
53420,62334
53421,40000
53422,40000
53423,72705
53424,54009
53425,40000
53426,81150
53427,43545
53428,40000
53429,45788
53430,68380
53431,60379
53432,52774
53433,40000
53434,40000
53435,40000
53436,40000
53437,67391
53438,43337
53439,58328
53440,78891
53441,55595
53442,60078
53443,44127
53444,40000
53445,41793
53446,55789
53447,47209
53448,68672
53449,40000
53450,48621
53451,68294
53452,51869
53453,40000
53454,40000
53455,40000
53456,41829
53457,45627
53458,60357
53459,83238
53460,49393
53461,40000
53462,41948
53463,40000
53464,95242
53465,60416
53466,58711
53467,91781
53468,71793
53469,56332
53470,56921
53471,62527
53472,40000
53473,64106
53474,40000
53475,46409
53476,40000
53477,40000
53478,89274
53479,54822
53480,52922
53481,40000
53482,56336
53483,40000
53484,40000
53485,61585
53486,67386
53487,40000
53488,44815
53489,57086
53490,54077
53491,84393
53492,50273
53493,40000
53494,51722
53495,52122
53496,40000
53497,58506
53498,40000
53499,40000
53500,74807
53501,40000
53502,42835
53503,57330
53504,42138
53505,40000
53506,69028
53507,50692
53508,43020
53509,40000
53510,71939
53511,40000
53512,70681
53513,44479
53514,85147
53515,40000
53516,40000
53517,51124
53518,63313
53519,68734
53520,51140
53521,66327
53522,41065
53523,65532
53524,40362
53525,60482
53526,62747
53527,40000
53528,40759
53529,72827
53530,54088
53531,65515
53532,40000
53533,40000
53534,40000
53535,60913
53536,77473
53537,66377
53538,61541
53539,40000
53540,40000
53541,57990
53542,40000
53543,50258
53544,72098
53545,55684
53546,40000
53547,56898
53548,56406
53549,60247
53550,95075
53551,71114
53552,40000
53553,93044
53554,52040
53555,40000
53556,40000
53557,87590
53558,68331
53559,77655
53560,40000
53561,75867
53562,40000
53563,59186
53564,41921
53565,40000
53566,40000
53567,44827
53568,64949
53569,40000
53570,50275
53571,44890
53572,45098
53573,63129
53574,96190
53575,40000
53576,40000
53577,40000
53578,113651
53579,74262
53580,50451
53581,85645
53582,56647
53583,42297
53584,40000
53585,40000
53586,46183
53587,67973
53588,71429
53589,42166
53590,40000
53591,40000
53592,40000
53593,40000
53594,50005
53595,72680
53596,40000
53597,41626
53598,56241
53599,53274
53600,40000
53601,40000
53602,40000
53603,40000
53604,40000
53605,69169
53606,40000
53607,54497
53608,40000
53609,54214
53610,53919
53611,48588
53612,40000
53613,42677
53614,40000
53615,52661
53616,44293
53617,79518
53618,92131
53619,40000
53620,64362
53621,82424
53622,42862
53623,56582
53624,67841
53625,40000
53626,40000
53627,64562
53628,54123
53629,72027
53630,63171
53631,40000
53632,51242
53633,83824
53634,40000
53635,40000
53636,79338
53637,40000
53638,65634
53639,56232
53640,46441
53641,40000
53642,61562
53643,46866
53644,56832
53645,40000
53646,53539
53647,40000
53648,57991
53649,49037
53650,49855
53651,66640
53652,60391
53653,81741
53654,40000
53655,56891
53656,70147
53657,40000
53658,47202
53659,54148
53660,40000
53661,62691
53662,48166
53663,103397
53664,52624
53665,40000
53666,48856
53667,52663
53668,40000
53669,40354
53670,61484
53671,70575
53672,60987
53673,61616
53674,81073
53675,89321
53676,40000
53677,40000
53678,54216
53679,53006
53680,40000
53681,43238
53682,81536
53683,62757
53684,76914
53685,40000
53686,84907
53687,40000
53688,40000
53689,76635
53690,40000
53691,53603
53692,80563
53693,51090
53694,52634
53695,70377
53696,40000
53697,46781
53698,40000
53699,61902
53700,54363
53701,40000
53702,56344
53703,46363
53704,68055
53705,40000
53706,40000
53707,40000
53708,40000
53709,56203
53710,43080
53711,42451
53712,40000
53713,62459
53714,40000
53715,40000
53716,59244
53717,50624
53718,47502
53719,40000
53720,40000
53721,57485
53722,40000
53723,62756
53724,40000
53725,60091
53726,63818
53727,42920
53728,104823
53729,43553
53730,67981
53731,40000
53732,79043
53733,49535
53734,40000
53735,40000
53736,40000
53737,40000
53738,68077
53739,75293
53740,40000
53741,53396
53742,70615
53743,59651
53744,41682
53745,63655
53746,63132
53747,43831
53748,96587
53749,40000
53750,46841
53751,84481
53752,49353
53753,40000
53754,40000
53755,40000
53756,40000
53757,86332
53758,41760
53759,70680
53760,63874
53761,66679
53762,40000
53763,73829
53764,80660
53765,40000
53766,49107
53767,49333
53768,40000
53769,40000
53770,49739
53771,40000
53772,40000
53773,45205
53774,40000
53775,46723
53776,58810
53777,40000
53778,69211
53779,54577
53780,42286
53781,50832
53782,40000
53783,40000
53784,40000
53785,68280
53786,50884
53787,45841
53788,47905
53789,66159
53790,49408
53791,40000
53792,42416
53793,40000
53794,66261
53795,78034
53796,54699
53797,74153
53798,40000
53799,61515
53800,44781
53801,47868
53802,40000
53803,40000
53804,40000
53805,88879
53806,40000
53807,40000
53808,40000
53809,41803
53810,76091
53811,40000
53812,56392
53813,42904
53814,64851
53815,40000
53816,57427
53817,40000
53818,44717
53819,42460
53820,40000
53821,40263
53822,40000
53823,40000
53824,63622
53825,59886
53826,41173
53827,40000
53828,55270
53829,62813
53830,86195
53831,77559
53832,40000
53833,89509
53834,98628
53835,59682
53836,40000
53837,69455
53838,42881
53839,40000
53840,40876
53841,40000
53842,46006
53843,77066
53844,40000
53845,43056
53846,64367
53847,40000
53848,73021
53849,69570
53850,40000
53851,40000
53852,40000
53853,42866
53854,55622
53855,49365
53856,40000
53857,57754
53858,66420
53859,64094
53860,89507
53861,54363
53862,59696
53863,55842
53864,40000
53865,57654
53866,55315
53867,47012
53868,50182
53869,70167
53870,44569
53871,64694
53872,40000
53873,58515
53874,51955
53875,53882
53876,46012
53877,53996
53878,40000
53879,79373
53880,55593
53881,62940
53882,40000
53883,40000
53884,57528
53885,51634
53886,40000
53887,47923
53888,46463
53889,62654
53890,40000
53891,50046
53892,54674
53893,69626
53894,59817
53895,60750
53896,42009
53897,59228
53898,40000
53899,42248
53900,40000
53901,40000
53902,44319
53903,58409
53904,51843
53905,53413
53906,84848
53907,64103
53908,40000
53909,59971
53910,58855
53911,67471
53912,40000
53913,47414
53914,40000
53915,59588
53916,40000
53917,40000
53918,82372
53919,65785
53920,56567
53921,48020
53922,40000
53923,62551
53924,40000
53925,78881
53926,44625
53927,55044
53928,60573
53929,46218
53930,45533
53931,40000
53932,40000
53933,55242
53934,40000
53935,40000
53936,66599
53937,45975
53938,45084
53939,43087
53940,40000
53941,40000
53942,40000
53943,48421
53944,40000
53945,44841
53946,56967
53947,50967
53948,55116
53949,86319
53950,45932
53951,77785
53952,72451
53953,43198
53954,40000
53955,63243
53956,61368
53957,40000
53958,56737
53959,41207
53960,53096
53961,58941
53962,40000
53963,82707
53964,40000
53965,40357
53966,69471
53967,55824
53968,56450
53969,56040
53970,40000
53971,40000
53972,68346
53973,60823
53974,47882
53975,40000
53976,58376
53977,52057
53978,46621
53979,62373
53980,40000
53981,65834
53982,57566
53983,62475
53984,40000
53985,40000
53986,40000
53987,40000
53988,43765
53989,53408
53990,51692
53991,56193
53992,83693
53993,66898
53994,46571
53995,40000
53996,83864
53997,51594
53998,50837
53999,50617
54000,60034
54001,40805
54002,56664
54003,56739
54004,40000
54005,40000
54006,44801
54007,43272
54008,40000
54009,53738
54010,42769
54011,68486
54012,48030
54013,61242
54014,69255
54015,40000
54016,54660
54017,40000
54018,55851
54019,67489
54020,40000
54021,59376
54022,40000
54023,40000
54024,50884
54025,54423
54026,67174
54027,40000
54028,97925
54029,40000
54030,70781
54031,67162
54032,50163
54033,50894
54034,40000
54035,43726
54036,74883
54037,60867
54038,69021
54039,40000
54040,79449
54041,82420
54042,40000
54043,40000
54044,60313
54045,70619
54046,40000
54047,56176
54048,43085
54049,40000
54050,51310
54051,51133
54052,43398
54053,60679
54054,66092
54055,58701
54056,46884
54057,52364
54058,40000
54059,51007
54060,46139
54061,45457
54062,91274
54063,47334
54064,40000
54065,50870
54066,47378
54067,56044
54068,40000
54069,47317
54070,40000
54071,53813
54072,58927
54073,50601
54074,44212
54075,66331
54076,40000
54077,40000
54078,55252
54079,85875
54080,58413
54081,40000
54082,40000
54083,40000
54084,48845
54085,40000
54086,40000
54087,64130
54088,60124
54089,40000
54090,60743
54091,76475
54092,73908
54093,41284
54094,40000
54095,40506
54096,40000
54097,40000
54098,40000
54099,72967
54100,40000
54101,40000
54102,54857
54103,40000
54104,50751
54105,83363
54106,56425
54107,69210
54108,40000
54109,55222
54110,75117
54111,40000
54112,40000
54113,47274
54114,40000
54115,54081
54116,40000
54117,60781
54118,40000
54119,40000
54120,89204
54121,40000
54122,40000
54123,53118
54124,64526
54125,40000
54126,40000
54127,45787
54128,83345
54129,54788
54130,52336
54131,40000
54132,80062
54133,47695
54134,54293
54135,97529
54136,87459
54137,49938
54138,43685
54139,40000
54140,40000
54141,45630
54142,83282
54143,40000
54144,56427
54145,69895
54146,40795
54147,80918
54148,71856
54149,74762
54150,40000
54151,59109
54152,58767
54153,40704
54154,48705
54155,61118
54156,66721
54157,40000
54158,42960
54159,40000
54160,40164
54161,40000
54162,95325
54163,75661
54164,92968
54165,60627
54166,55396
54167,47444
54168,50198
54169,49862
54170,80576
54171,40000
54172,40000
54173,40000
54174,65968
54175,40000
54176,67678
54177,43803
54178,61891
54179,42412
54180,40000
54181,72108
54182,60965
54183,40000
54184,40000
54185,53724
54186,40000
54187,56077
54188,91588
54189,77198
54190,49303
54191,56815
54192,47458
54193,54748
54194,45056
54195,47378
54196,40042
54197,40000
54198,40000
54199,66491
54200,80636
54201,40000
54202,40000
54203,40000
54204,49625
54205,57860
54206,47268
54207,40000
54208,69964
54209,40000
54210,51218
54211,70527
54212,49301
54213,40000
54214,54035
54215,59335
54216,63967
54217,73756
54218,40000
54219,43842
54220,52033
54221,46662
54222,43136
54223,40000
54224,58101
54225,40000
54226,65577
54227,40688
54228,40000
54229,41427
54230,40000
54231,55088
54232,45383
54233,65831
54234,40000
54235,42127
54236,45014
54237,70557
54238,40000
54239,40000
54240,52757
54241,52455
54242,40000
54243,59564
54244,75029
54245,65500
54246,48367
54247,41114
54248,40000
54249,53280
54250,103487
54251,70475
54252,49099
54253,51549
54254,40000
54255,68161
54256,40000
54257,40000
54258,40000
54259,53001
54260,107177
54261,49646
54262,54897
54263,42265
54264,66763
54265,45772
54266,40000
54267,48198
54268,61356
54269,40000
54270,53363
54271,55875
54272,42125
54273,40000
54274,40000
54275,48601
54276,40000
54277,71440
54278,59519
54279,40000
54280,44408
54281,41706
54282,40000
54283,70924
54284,54575
54285,65939
54286,53515
54287,68955
54288,53198
54289,105226
54290,40000
54291,47653
54292,40000
54293,69984
54294,68797
54295,44121
54296,64819
54297,73875
54298,50797
54299,40000
54300,40791
54301,65523
54302,45020
54303,61912
54304,40000
54305,46824
54306,74365
54307,40969
54308,40000
54309,67544
54310,68294
54311,51180
54312,65623
54313,56442
54314,42280
54315,51339
54316,40000
54317,76428
54318,56819
54319,64891
54320,49570
54321,62681
54322,57611
54323,76167
54324,40000
54325,47874
54326,62018
54327,40000
54328,40000
54329,76155
54330,76162
54331,54000
54332,52844
54333,78053
54334,40000
54335,66356
54336,60889
54337,46882
54338,71303
54339,67905
54340,54111
54341,40000
54342,78508
54343,47608
54344,44208
54345,79216
54346,61094
54347,40226
54348,43886
54349,40000
54350,64714
54351,42922
54352,54271
54353,81588
54354,40000
54355,49824
54356,40000
54357,40000
54358,75929
54359,44352
54360,58317
54361,40392
54362,40445
54363,40000
54364,40000
54365,68589
54366,57343
54367,40000
54368,48144
54369,45810
54370,40000
54371,54998
54372,40000
54373,48956
54374,53725
54375,44994
54376,59726
54377,55237
54378,40000
54379,67473
54380,77684
54381,43853
54382,40000
54383,40000
54384,63025
54385,47880
54386,44768
54387,40000
54388,40000
54389,40000
54390,49753
54391,40000
54392,40000
54393,63104
54394,77633
54395,45267
54396,47339
54397,40000
54398,75554
54399,52817
54400,49444
54401,40000
54402,53185
54403,40000
54404,40000
54405,75235
54406,78947
54407,75611
54408,40000
54409,40000
54410,40000
54411,42468
54412,62684
54413,40599
54414,62659
54415,40000
54416,90787
54417,66791
54418,40000
54419,49033
54420,66835
54421,40000
54422,56807
54423,53412
54424,56685
54425,42231
54426,48734
54427,40956
54428,40000
54429,43575
54430,52520
54431,74958
54432,40000
54433,40000
54434,54860
54435,40000
54436,49842
54437,62642
54438,57114
54439,40000
54440,78619
54441,40000
54442,40000
54443,50068
54444,109449
54445,40000
54446,40000
54447,42215
54448,40000
54449,67142
54450,40000
54451,40000
54452,40000
54453,65984
54454,40000
54455,40000
54456,68908
54457,40000
54458,72007
54459,40000
54460,84534
54461,60923
54462,40000
54463,82457
54464,68654
54465,90756
54466,51457
54467,57824
54468,52205
54469,40000
54470,49389
54471,46801
54472,61324
54473,40000
54474,40839
54475,73847
54476,40000
54477,56996
54478,42032
54479,81708
54480,40000
54481,40261
54482,56900
54483,46712
54484,72888
54485,41443
54486,67210
54487,61532
54488,64059
54489,44540
54490,61487
54491,40000
54492,65877
54493,55303
54494,41830
54495,94288
54496,40017
54497,57516
54498,63320
54499,97160
54500,42006
54501,51950
54502,40000
54503,40000
54504,40000
54505,43497
54506,101001
54507,51403
54508,83071
54509,67065
54510,62783
54511,40000
54512,40000
54513,49519
54514,40000
54515,40000
54516,62965
54517,40000
54518,67505
54519,51131
54520,40000
54521,68124
54522,52946
54523,57759
54524,40000
54525,59257
54526,49759
54527,69337
54528,40000
54529,40000
54530,40000
54531,45974
54532,60994
54533,67498
54534,42576
54535,56422
54536,53844
54537,41376
54538,79618
54539,52274
54540,40000
54541,57807
54542,62072
54543,70578
54544,56625
54545,40000
54546,63206
54547,64714
54548,61135
54549,76430
54550,59391
54551,50613
54552,40000
54553,56637
54554,78010
54555,47476
54556,40000
54557,40000
54558,64614
54559,40000
54560,44296
54561,69394
54562,66419
54563,40852
54564,54422
54565,90896
54566,51617
54567,43752
54568,44395
54569,68267
54570,46024
54571,53707
54572,40000
54573,78452
54574,49349
54575,40000
54576,94817
54577,55413
54578,82762
54579,64156
54580,40000
54581,52220
54582,40000
54583,55580
54584,52860
54585,64065
54586,40000
54587,40478
54588,42278
54589,49853
54590,40000
54591,89311
54592,40000
54593,46713
54594,46715
54595,52462
54596,40000
54597,72148
54598,45026
54599,68534
54600,53591
54601,40000
54602,46085
54603,40000
54604,69543
54605,40000
54606,40000
54607,78171
54608,64221
54609,40000
54610,40000
54611,44437
54612,76492
54613,71980
54614,40097
54615,40000
54616,83547
54617,68889
54618,72159
54619,42905
54620,44156
54621,44946
54622,40000
54623,79259
54624,40646
54625,40000
54626,47780
54627,76101
54628,63288
54629,46826
54630,40000
54631,82395
54632,43788
54633,59182
54634,40295
54635,63410
54636,61872
54637,59108
54638,40000
54639,66073
54640,78141
54641,50612
54642,41265
54643,43649
54644,73717
54645,40000
54646,42592
54647,40000
54648,54937
54649,55221
54650,54276
54651,41693
54652,41746
54653,73420
54654,52001
54655,92838
54656,42514
54657,53469
54658,60522
54659,64788
54660,68248
54661,52902
54662,54296
54663,66607
54664,53131
54665,58267
54666,40226
54667,59496
54668,49679
54669,49562
54670,64837
54671,40000
54672,40000
54673,45394
54674,76364
54675,41565
54676,40000
54677,43197
54678,74329
54679,40000
54680,57649
54681,90126
54682,40000
54683,40000
54684,80404
54685,60559
54686,92786
54687,44413
54688,42387
54689,56663
54690,86379
54691,40000
54692,54177
54693,40000
54694,40000
54695,77482
54696,65147
54697,60120
54698,40000
54699,51479
54700,40000
54701,49766
54702,58694
54703,51433
54704,40000
54705,42364
54706,49391
54707,57642
54708,40000
54709,43330
54710,84911
54711,40000
54712,40000
54713,51523
54714,40000
54715,73725
54716,73655
54717,47502
54718,88744
54719,55742
54720,40000
54721,62468
54722,61095
54723,70390
54724,54340
54725,40000
54726,49197
54727,53736
54728,40000
54729,53645
54730,51572
54731,42084
54732,40000
54733,73090
54734,76452
54735,47052
54736,44505
54737,40000
54738,55672
54739,40000
54740,68420
54741,52910
54742,40000
54743,67329
54744,40000
54745,76213
54746,80072
54747,49223
54748,71270
54749,57509
54750,64594
54751,40000
54752,48346
54753,54998
54754,69457
54755,44729
54756,40000
54757,68719
54758,40000
54759,58246
54760,43095
54761,40000
54762,45707
54763,45513
54764,40000
54765,62244
54766,54077
54767,51061
54768,40000
54769,57226
54770,57923
54771,50270
54772,43934
54773,46926
54774,40000
54775,40000
54776,44398
54777,58429
54778,51376
54779,40000
54780,41729
54781,61827
54782,81306
54783,53971
54784,55008
54785,40000
54786,40000
54787,63518
54788,63671
54789,40000
54790,52402
54791,49911
54792,56665
54793,44496
54794,43833
54795,40000
54796,40000
54797,40000
54798,72699
54799,47603
54800,74827
54801,53583
54802,53672
54803,40000
54804,40000
54805,40000
54806,40000
54807,48004
54808,89157
54809,45624
54810,95171
54811,89853
54812,58665
54813,51071
54814,56828
54815,40000
54816,48416
54817,40000
54818,76664
54819,55459
54820,46335
54821,40000
54822,40000
54823,40067
54824,46236
54825,81772
54826,40000
54827,40000
54828,40000
54829,41621
54830,51781
54831,40000
54832,40000
54833,54965
54834,50943
54835,40000
54836,87824
54837,74315
54838,68079
54839,49424
54840,58057
54841,40109
54842,87744
54843,84398
54844,40393
54845,40000
54846,50329
54847,40000
54848,45395
54849,85150
54850,46988
54851,66362
54852,55812
54853,40000
54854,45271
54855,40000
54856,42061
54857,40000
54858,40000
54859,59858
54860,40000
54861,43388
54862,43994
54863,55194
54864,62318
54865,40000
54866,40000
54867,40000
54868,40000
54869,46087
54870,51656
54871,40701
54872,50499
54873,44877
54874,72466
54875,61221
54876,61466
54877,45378
54878,61752
54879,58613
54880,40000
54881,40000
54882,40000
54883,70592
54884,40000
54885,45101
54886,40000
54887,68815
54888,40000
54889,78693
54890,83320
54891,64851
54892,40000
54893,40000
54894,41495
54895,40000
54896,40000
54897,70336
54898,62835
54899,40000
54900,74374
54901,50398
54902,40000
54903,40000
54904,42532
54905,40000
54906,40000
54907,66305
54908,40000
54909,44860
54910,57586
54911,67597
54912,53094
54913,43390
54914,57341
54915,40000
54916,66706
54917,73045
54918,40000
54919,40000
54920,58387
54921,44395
54922,50146
54923,40000
54924,40000
54925,40000
54926,52170
54927,58274
54928,40000
54929,76711
54930,47948
54931,52425
54932,61454
54933,49580
54934,50161
54935,40000
54936,62920
54937,96241
54938,56441
54939,65782
54940,56439
54941,55577
54942,40000
54943,55275
54944,63849
54945,77614
54946,46847
54947,40000
54948,40000
54949,42213
54950,51468
54951,40000
54952,90836
54953,73809
54954,40000
54955,52925
54956,53242
54957,53331
54958,40000
54959,73039
54960,63391
54961,40000
54962,41994
54963,49338
54964,61748
54965,40000
54966,51900
54967,42944
54968,57681
54969,79310
54970,75652
54971,40000
54972,40000
54973,40000
54974,65360
54975,70345
54976,62885
54977,48864
54978,62444
54979,40000
54980,59690
54981,40000
54982,41901
54983,62974
54984,40000
54985,58795
54986,40000
54987,80387
54988,70180
54989,40000
54990,51914
54991,40000
54992,41255
54993,78255
54994,60932
54995,67485
54996,43372
54997,46222
54998,65042
54999,40359
55000,40000
55001,44844
55002,90690
55003,40000
55004,40000
55005,48717
55006,53717
55007,40000
55008,40000
55009,40000
55010,42804
55011,41945
55012,59693
55013,43716
55014,49013
55015,48955
55016,40000
55017,41230
55018,97079
55019,40000
55020,53485
55021,59809
55022,46009
55023,68978
55024,53184
55025,60673
55026,40000
55027,52869
55028,76620
55029,40000
55030,84214
55031,79166
55032,47282
55033,40000
55034,40000
55035,66759
55036,40000
55037,69445
55038,62953
55039,40000
55040,40000
55041,40000
55042,40000
55043,40000
55044,52850
55045,60217
55046,50934
55047,72443
55048,61688
55049,76263
55050,45667
55051,42124
55052,40000
55053,51481
55054,40000
55055,40000
55056,60421
55057,40000
55058,66934
55059,55639
55060,40000
55061,58649
55062,40000
55063,41519
55064,76311
55065,74703
55066,40000
55067,52662
55068,63460
55069,53813
55070,66993
55071,50723
55072,55668
55073,50072
55074,40000
55075,40000
55076,41529
55077,55582
55078,59236
55079,40000
55080,66375
55081,65236
55082,57115
55083,40000
55084,73928
55085,74488
55086,44042
55087,97673
55088,93524
55089,40000
55090,45784
55091,46314
55092,40000
55093,43418
55094,60952
55095,40000
55096,40000
55097,40000
55098,44368
55099,40000
55100,40000
55101,40000
55102,58002
55103,69654
55104,52182
55105,67731
55106,40000
55107,92683
55108,40000
55109,40000
55110,48634
55111,66249
55112,40000
55113,40000
55114,54949
55115,42779
55116,40000
55117,50999
55118,43474
55119,48888
55120,40000
55121,55774
55122,90480
55123,40000
55124,75640
55125,63060
55126,65426
55127,70242
55128,51844
55129,40000
55130,67086
55131,41773
55132,58087
55133,58854
55134,65942
55135,40000
55136,40041
55137,40000
55138,57736
55139,61279
55140,56246
55141,69588
55142,40000
55143,49017
55144,44802
55145,40000
55146,69803
55147,42776
55148,47485
55149,40000
55150,40000
55151,84411
55152,52492
55153,58496
55154,40000
55155,40000
55156,41206
55157,74920
55158,40550
55159,49327
55160,40000
55161,63391
55162,40000
55163,57580
55164,40000
55165,57605
55166,73288
55167,40000
55168,90153
55169,40000
55170,40000
55171,57049
55172,40000
55173,60693
55174,43455
55175,40000
55176,49563
55177,67335
55178,40000
55179,63072
55180,40000
55181,43960
55182,42052
55183,40000
55184,47175
55185,40000
55186,55022
55187,85179
55188,40000
55189,43571
55190,40872
55191,58890
55192,40000
55193,40000
55194,57191
55195,69643
55196,51385
55197,50052
55198,67509
55199,70344
55200,57568
55201,40000
55202,40000
55203,52276
55204,40000
55205,42035
55206,40000
55207,40000
55208,67556
55209,42046
55210,66646
55211,67189
55212,63209
55213,79461
55214,40000
55215,40000
55216,40000
55217,66507
55218,40201
55219,41531
55220,40000
55221,49207
55222,44337
55223,40000
55224,55604
55225,40000
55226,49238
55227,40000
55228,79484
55229,52982
55230,40000
55231,40000
55232,40000
55233,68160
55234,67506
55235,44380
55236,71027
55237,68204
55238,40615
55239,40151
55240,40000
55241,44928
55242,40000
55243,40000
55244,53196
55245,52530
55246,40000
55247,77946
55248,40000
55249,40000
55250,40000
55251,40000
55252,40000
55253,52835
55254,52567
55255,59632
55256,66010
55257,48373
55258,86591
55259,58802
55260,67682
55261,41390
55262,40000
55263,59692
55264,55562
55265,59415
55266,40000
55267,116602
55268,41216
55269,41220
55270,40000
55271,76581
55272,56864
55273,75143
55274,47090
55275,57050
55276,63635
55277,46065
55278,46687
55279,40000
55280,40000
55281,40000
55282,48160
55283,59171
55284,40000
55285,58519
55286,40000
55287,54271
55288,40000
55289,47206
55290,53140
55291,45891
55292,68577
55293,40000
55294,73856
55295,72774
55296,40000
55297,40000
55298,76218
55299,44368
55300,40000
55301,44530
55302,56969
55303,69523
55304,64475
55305,40000
55306,56857
55307,40000
55308,49402
55309,48283
55310,51435
55311,40000
55312,90288
55313,41689
55314,51805
55315,49080
55316,40615
55317,40000
55318,65614
55319,69934
55320,52717
55321,54515
55322,40000
55323,62222
55324,73078
55325,68822
55326,67453
55327,56065
55328,51399
55329,40000
55330,40000
55331,40000
55332,46703
55333,45760
55334,58531
55335,62136
55336,68051
55337,102690
55338,46370
55339,45399
55340,47162
55341,40000
55342,40000
55343,40000
55344,61914
55345,40000
55346,43885
55347,73011
55348,71106
55349,85909
55350,40000
55351,42110
55352,84318
55353,83423
55354,45734
55355,72836
55356,71570
55357,40000
55358,40000
55359,51805
55360,40000
55361,40000
55362,72688
55363,42374
55364,69171
55365,40000
55366,42876
55367,61750
55368,60430
55369,40000
55370,81648
55371,48412
55372,57436
55373,61199
55374,69092
55375,66472
55376,40000
55377,43343
55378,60334
55379,59599
55380,68301
55381,59902
55382,40000
55383,44277
55384,60596
55385,86296
55386,46198
55387,85755
55388,45122
55389,55496
55390,76088
55391,42477
55392,85377
55393,52604
55394,50974
55395,60372
55396,64257
55397,40000
55398,42841
55399,41245
55400,71018
55401,49472
55402,46912
55403,40000
55404,58720
55405,40000
55406,40000
55407,40000
55408,40000
55409,40000
55410,53875
55411,40000
55412,45911
55413,40000
55414,40000
55415,46360
55416,40000
55417,58197
55418,66822
55419,69757
55420,40000
55421,80719
55422,40000
55423,40000
55424,67806
55425,40000
55426,40000
55427,40000
55428,63360
55429,52906
55430,58263
55431,40000
55432,40000
55433,45590
55434,40000
55435,57979
55436,82951
55437,62157
55438,40000
55439,40000
55440,43426
55441,68222
55442,62630
55443,43542
55444,40000
55445,61421
55446,40000
55447,59440
55448,49164
55449,43914
55450,40000
55451,43861
55452,40000
55453,40000
55454,40000
55455,40000
55456,48665
55457,66206
55458,57216
55459,55139
55460,40000
55461,47747
55462,41924
55463,42362
55464,40000
55465,59677
55466,40000
55467,40000
55468,40000
55469,40000
55470,40418
55471,47123
55472,41080
55473,72548
55474,52853
55475,90006
55476,40000
55477,46432
55478,62214
55479,78858
55480,55136
55481,53168
55482,40663
55483,59038
55484,80402
55485,44764
55486,79836
55487,40000
55488,56110
55489,40000
55490,49374
55491,59619
55492,42351
55493,79152
55494,67555
55495,40000
55496,55872
55497,64388
55498,40000
55499,48147
55500,50298
55501,41675
55502,62518
55503,61976
55504,46549
55505,55660
55506,40000
55507,40000
55508,76623
55509,61811
55510,40000
55511,45647
55512,40000
55513,56645
55514,40000
55515,40000
55516,54079
55517,40000
55518,40000
55519,41299
55520,41752
55521,50409
55522,52632
55523,77756
55524,40000
55525,64637
55526,40000
55527,40000
55528,51336
55529,52551
55530,63025
55531,54338
55532,77909
55533,48923
55534,55392
55535,40000
55536,60349
55537,73490
55538,40000
55539,40000
55540,40000
55541,40000
55542,40000
55543,40000
55544,42634
55545,41202
55546,44133
55547,40000
55548,77947
55549,40000
55550,45852
55551,57606
55552,40000
55553,45034
55554,49170
55555,50404
55556,71093
55557,44430
55558,40000
55559,53144
55560,53214
55561,47298
55562,40102
55563,64003
55564,43235
55565,40947
55566,59978
55567,46975
55568,63516
55569,40000
55570,50778
55571,59224
55572,72057
55573,47907
55574,84136
55575,73687
55576,40000
55577,40081
55578,58315
55579,70713
55580,40000
55581,58128
55582,44874
55583,40000
55584,41978
55585,48347
55586,44556
55587,40000
55588,53661
55589,69753
55590,52740
55591,40000
55592,68955
55593,40000
55594,55860
55595,67485
55596,40000
55597,52655
55598,40000
55599,76005
55600,40000
55601,46605
55602,53334
55603,90514
55604,67500
55605,40000
55606,69499
55607,63467
55608,80610
55609,42267
55610,74379
55611,45212
55612,42513
55613,51939
55614,46372
55615,45385
55616,43420
55617,78904
55618,61725
55619,40000
55620,74445
55621,78129
55622,52431
55623,40000
55624,55509
55625,59884
55626,40000
55627,70340
55628,54032
55629,61451
55630,54841
55631,62097
55632,40000
55633,54080
55634,40000
55635,62447
55636,53660
55637,40000
55638,41961
55639,40000
55640,40000
55641,46639
55642,57183
55643,52843
55644,40000
55645,40000
55646,72867
55647,40000
55648,40000
55649,51154
55650,40000
55651,40000
55652,40000
55653,40000
55654,58157
55655,72953
55656,41410
55657,40000
55658,55203
55659,57739
55660,45062
55661,42326
55662,54708
55663,40000
55664,77044
55665,40857
55666,40000
55667,40000
55668,40000
55669,46585
55670,63760
55671,60930
55672,40000
55673,60720
55674,61549
55675,74954
55676,49260
55677,48452
55678,64909
55679,52396
55680,40000
55681,40000
55682,40000
55683,40000
55684,56284
55685,81165
55686,40000
55687,40000
55688,46884
55689,40000
55690,40000
55691,58739
55692,51629
55693,53989
55694,40000
55695,47310
55696,40000
55697,58991
55698,40000
55699,40000
55700,75008
55701,50227
55702,40000
55703,40000
55704,68342
55705,40362
55706,46099
55707,53272
55708,40000
55709,40000
55710,46497
55711,61290
55712,71117
55713,49481
55714,43805
55715,46982
55716,71015
55717,40000
55718,56448
55719,64326
55720,43566
55721,57376
55722,60168
55723,40000
55724,46461
55725,40000
55726,46394
55727,49572
55728,40000
55729,61657
55730,67388
55731,51257
55732,40000
55733,58341
55734,40000
55735,61572
55736,64764
55737,52262
55738,40000
55739,50119
55740,57854
55741,58904
55742,54153
55743,80204
55744,48203
55745,64612
55746,40000
55747,51340
55748,56608
55749,42795
55750,51772
55751,66003
55752,40000
55753,43490
55754,48425
55755,59472
55756,78624
55757,49133
55758,40000
55759,60737
55760,53711
55761,73389
55762,52400
55763,62064
55764,96812
55765,40000
55766,62966
55767,54621
55768,80701
55769,71836
55770,40000
55771,52287
55772,59690
55773,114844
55774,52869
55775,46929
55776,45003
55777,46011
55778,54070
55779,50019
55780,40000
55781,40000
55782,78327
55783,55855
55784,40000
55785,40000
55786,42969
55787,40000
55788,40000
55789,40000
55790,40000
55791,49786
55792,40000
55793,81374
55794,40000
55795,45515
55796,62050
55797,83059
55798,63896
55799,61980
55800,56276
55801,40000
55802,40000
55803,76256
55804,45271
55805,40000
55806,58600
55807,69357
55808,52370
55809,40000
55810,48068
55811,49958
55812,63748
55813,40000
55814,40000
55815,59118
55816,40000
55817,40000
55818,63989
55819,54756
55820,52211
55821,40000
55822,40000
55823,43953
55824,40000
55825,40000
55826,74568
55827,40000
55828,85799
55829,64150
55830,40000
55831,67680
55832,40000
55833,51664
55834,40000
55835,57430
55836,40000
55837,79019
55838,42222
55839,74514
55840,51802
55841,73026
55842,61868
55843,77189
55844,72421
55845,47888
55846,70862
55847,40000
55848,46950
55849,40000
55850,40000
55851,40000
55852,75686
55853,40000
55854,78895
55855,62529
55856,40000
55857,70416
55858,53411
55859,74907
55860,49476
55861,40000
55862,40000
55863,40000
55864,48687
55865,57327
55866,40000
55867,40000
55868,40000
55869,45595
55870,40000
55871,40000
55872,52459
55873,57531
55874,76494
55875,52023
55876,40000
55877,40000
55878,50017
55879,73820
55880,41834
55881,48862
55882,40000
55883,40000
55884,47718
55885,44831
55886,49621
55887,46537
55888,42113
55889,40000
55890,40000
55891,40000
55892,59091
55893,40000
55894,59833
55895,49592
55896,40000
55897,47585
55898,50734
55899,62291
55900,46944
55901,69920
55902,68215
55903,40000
55904,40000
55905,44007
55906,59179
55907,46416
55908,63240
55909,40000
55910,65706
55911,40000
55912,56444
55913,81415
55914,44031
55915,54586
55916,40000
55917,40000
55918,40000
55919,40000
55920,42069
55921,48219
55922,40000
55923,72286
55924,55699
55925,40000
55926,40000
55927,74256
55928,42579
55929,68033
55930,47623
55931,40000
55932,41364
55933,69722
55934,63146
55935,40000
55936,51227
55937,52567
55938,40000
55939,43535
55940,43783
55941,40000
55942,40000
55943,40000
55944,72174
55945,46967
55946,41947
55947,43166
55948,48612
55949,78677
55950,50985
55951,43045
55952,40000
55953,60200
55954,56042
55955,69199
55956,40000
55957,40000
55958,54103
55959,53947
55960,45866
55961,40000
55962,66877
55963,40000
55964,47105
55965,70082
55966,40000
55967,59191
55968,49117
55969,40000
55970,52272
55971,40000
55972,42320
55973,40000
55974,40000
55975,65428
55976,40000
55977,82563
55978,83613
55979,48757
55980,40000
55981,52443
55982,40000
55983,40000
55984,51099
55985,40000
55986,54311
55987,43698
55988,40000
55989,93833
55990,41296
55991,63190
55992,40000
55993,46467
55994,40000
55995,40000
55996,72972
55997,40000
55998,93395
55999,44979
56000,40000
56001,64754
56002,40000
56003,54903
56004,65994
56005,45925
56006,42726
56007,40000
56008,40000
56009,40000
56010,40000
56011,61286
56012,114550
56013,40000
56014,40000
56015,40000
56016,40000
56017,47123
56018,59446
56019,40000
56020,57056
56021,40000
56022,66294
56023,41940
56024,74689
56025,62909
56026,48601
56027,60453
56028,54300
56029,40000
56030,53901
56031,40000
56032,40000
56033,40000
56034,47256
56035,81561
56036,45429
56037,47560
56038,60002
56039,77982
56040,40000
56041,60507
56042,52889
56043,72314
56044,62459
56045,40000
56046,40000
56047,76901
56048,51300
56049,76782
56050,50408
56051,40000
56052,62601
56053,61327
56054,51643
56055,40000
56056,93450
56057,67247
56058,54817
56059,40000
56060,40000
56061,40000
56062,40000
56063,40000
56064,45692
56065,58586
56066,42225
56067,91344
56068,80156
56069,40000
56070,72373
56071,72445
56072,63161
56073,42525
56074,71916
56075,40000
56076,51340
56077,56187
56078,54410
56079,40000
56080,47455
56081,40000
56082,52754
56083,44463
56084,40000
56085,61359
56086,87163
56087,85859
56088,58297
56089,67549
56090,45287
56091,49971
56092,73242
56093,72043
56094,40000
56095,55026
56096,47830
56097,68107
56098,40000
56099,70273
56100,66910
56101,66436
56102,58893
56103,40000
56104,40000
56105,40000
56106,57895
56107,40000
56108,64441
56109,70215
56110,40000
56111,48075
56112,57664
56113,63608
56114,48581
56115,51873
56116,60388
56117,80140
56118,50479
56119,40000
56120,40000
56121,52040
56122,40000
56123,40000
56124,63417
56125,97722
56126,61263
56127,61215
56128,51976
56129,56234
56130,70690
56131,40000
56132,56744
56133,68443
56134,40000
56135,60664
56136,108990
56137,40000
56138,79539
56139,40000
56140,61725
56141,63290
56142,40000
56143,69862
56144,49153
56145,40000
56146,40000
56147,55914
56148,40000
56149,40000
56150,59005
56151,40000
56152,40000
56153,40000
56154,41088
56155,40000
56156,46563
56157,40000
56158,73879
56159,52527
56160,40000
56161,43848
56162,40000
56163,52746
56164,43825
56165,49194
56166,78770
56167,54128
56168,65027
56169,50798
56170,50437
56171,42133
56172,63182
56173,40000
56174,40000
56175,40000
56176,43851
56177,59360
56178,47901
56179,40000
56180,46514
56181,40000
56182,64231
56183,61389
56184,56702
56185,78830
56186,51846
56187,40000
56188,52137
56189,40000
56190,43223
56191,40000
56192,48768
56193,40000
56194,41794
56195,42669
56196,40000
56197,45587
56198,60000
56199,73946
56200,73410
56201,42383
56202,46188
56203,84530
56204,45807
56205,47160
56206,73589
56207,65231
56208,76102
56209,54373
56210,63794
56211,56401
56212,67708
56213,75710
56214,63772
56215,40000
56216,48539
56217,59376
56218,81350
56219,40000
56220,40000
56221,40000
56222,51060
56223,63988
56224,40000
56225,40000
56226,89179
56227,52748
56228,40000
56229,51497
56230,59472
56231,91397
56232,62618
56233,40000
56234,40780
56235,40000
56236,45265
56237,82817
56238,64411
56239,40000
56240,62343
56241,50286
56242,51253
56243,58688
56244,55398
56245,66440
56246,40000
56247,42314
56248,45370
56249,62726
56250,55869
56251,59549
56252,40000
56253,45312
56254,40000
56255,63069
56256,40000
56257,40000
56258,40618
56259,40000
56260,40000
56261,61659
56262,52809
56263,40000
56264,40000
56265,40000
56266,40000
56267,47461
56268,64753
56269,45108
56270,52523
56271,40000
56272,40000
56273,48359
56274,66185
56275,40000
56276,42070
56277,48258
56278,40000
56279,58735
56280,54900
56281,40000
56282,40000
56283,43611
56284,50087
56285,49003
56286,58999
56287,69330
56288,59358
56289,77342
56290,40000
56291,75353
56292,69931
56293,71550
56294,40000
56295,53169
56296,40040
56297,47672
56298,64827
56299,52977
56300,47009
56301,61953
56302,40000
56303,71651
56304,44375
56305,64493
56306,66646
56307,45717
56308,61765
56309,43354
56310,43730
56311,48937
56312,40000
56313,44364
56314,48899
56315,40000
56316,68845
56317,40797
56318,40000
56319,60382
56320,46835
56321,75540
56322,68133
56323,71952
56324,40000
56325,40000
56326,62808
56327,46570
56328,46503
56329,51821
56330,45164
56331,65562
56332,48854
56333,64202
56334,40984
56335,40000
56336,60343
56337,40000
56338,55641
56339,55077
56340,40596
56341,40000
56342,51562
56343,79174
56344,40000
56345,40000
56346,42277
56347,40000
56348,49654
56349,41452
56350,94476
56351,42531
56352,40000
56353,65661
56354,50636
56355,45473
56356,53280
56357,40000
56358,47730
56359,77029
56360,59519
56361,61861
56362,49719
56363,61381
56364,67809
56365,40000
56366,40000
56367,40000
56368,57178
56369,41650
56370,40000
56371,58602
56372,40000
56373,40000
56374,45388
56375,77100
56376,44709
56377,78603
56378,46081
56379,60306
56380,52819
56381,40000
56382,83122
56383,52015
56384,45087
56385,89735
56386,87737
56387,74637
56388,40000
56389,40000
56390,40000
56391,68690
56392,66517
56393,40000
56394,74510
56395,40000
56396,54545
56397,95583
56398,58431
56399,40192
56400,46357
56401,40000
56402,49166
56403,93081
56404,40000
56405,40000
56406,54333
56407,44892
56408,45718
56409,72240
56410,67570
56411,49416
56412,40000
56413,43352
56414,102192
56415,51148
56416,40000
56417,77047
56418,40000
56419,58852
56420,47479
56421,42920
56422,62941
56423,40000
56424,42094
56425,60757
56426,46660
56427,40000
56428,43255
56429,65197
56430,55753
56431,44101
56432,40000
56433,93117
56434,40000
56435,48841
56436,40000
56437,46651
56438,40000
56439,40267
56440,52278
56441,54826
56442,71630
56443,44456
56444,44147
56445,40000
56446,74606
56447,40000
56448,46867
56449,47575
56450,40000
56451,40000
56452,86928
56453,59419
56454,48097
56455,66981
56456,40000
56457,50154
56458,46801
56459,53201
56460,40000
56461,40000
56462,40000
56463,40000
56464,57744
56465,40000
56466,40000
56467,50252
56468,49922
56469,51233
56470,40000
56471,40000
56472,46155
56473,56157
56474,40000
56475,52873
56476,40000
56477,52717
56478,50256
56479,69275
56480,40000
56481,66940
56482,78611
56483,40000
56484,41879
56485,40000
56486,60846
56487,54832
56488,64424
56489,40000
56490,40000
56491,44345
56492,41581
56493,72981
56494,40000
56495,40000
56496,83975
56497,43967
56498,71064
56499,40000
56500,67836
56501,46481
56502,40000
56503,50321
56504,40000
56505,73867
56506,40000
56507,40000
56508,40000
56509,40000
56510,40000
56511,60422
56512,52071
56513,94403
56514,40000
56515,46459
56516,41323
56517,76011
56518,40000
56519,52142
56520,40000
56521,87548
56522,43199
56523,49880
56524,67107
56525,48528
56526,40000
56527,63360
56528,62383
56529,74624
56530,40000
56531,43954
56532,44022
56533,40000
56534,40000
56535,67380
56536,40000
56537,40000
56538,54800
56539,40000
56540,40000
56541,75765
56542,74127
56543,44424
56544,41709
56545,46130
56546,40000
56547,40000
56548,42971
56549,41837
56550,40000
56551,64873
56552,62014
56553,61862
56554,56578
56555,59643
56556,47399
56557,40000
56558,40000
56559,42196
56560,40658
56561,40000
56562,63907
56563,61965
56564,40000
56565,51502
56566,40000
56567,66112
56568,40000
56569,40000
56570,68722
56571,44081
56572,40000
56573,57126
56574,40000
56575,57045
56576,66046
56577,49932
56578,57447
56579,40000
56580,54932
56581,84306
56582,70355
56583,43787
56584,40000
56585,67128
56586,82536
56587,40000
56588,40000
56589,84552
56590,51344
56591,57986
56592,85848
56593,40000
56594,72567
56595,56292
56596,46140
56597,40000
56598,40052
56599,53821
56600,65970
56601,40000
56602,66931
56603,76129
56604,40000
56605,43441
56606,55716
56607,48779
56608,57092
56609,54262
56610,40000
56611,48472
56612,40000
56613,47075
56614,63090
56615,73929
56616,54282
56617,44682
56618,55688
56619,77908
56620,55096
56621,40000
56622,48357
56623,40000
56624,40000
56625,40000
56626,71963
56627,47587
56628,43484
56629,40000
56630,49185
56631,47643
56632,40000
56633,63012
56634,55823
56635,70042
56636,63547
56637,54486
56638,43362
56639,40000
56640,40000
56641,53452
56642,40000
56643,44199
56644,40000
56645,58227
56646,57781
56647,40000
56648,68871
56649,50293
56650,45569
56651,70075
56652,40000
56653,56353
56654,40000
56655,71576
56656,47163
56657,64936
56658,64992
56659,40000
56660,80961
56661,57402
56662,46256
56663,40000
56664,41364
56665,50111
56666,44456
56667,40000
56668,40000
56669,59703
56670,40000
56671,40000
56672,40000
56673,70269
56674,47927
56675,50095
56676,41497
56677,40000
56678,68816
56679,40000
56680,40000
56681,77328
56682,40000
56683,45187
56684,40000
56685,40000
56686,66470
56687,40000
56688,40000
56689,40000
56690,50687
56691,40000
56692,40000
56693,75602
56694,59613
56695,52332
56696,40134
56697,41820
56698,46231
56699,53721
56700,40000
56701,55597
56702,42763
56703,49810
56704,69441
56705,40000
56706,40000
56707,44451
56708,42168
56709,40000
56710,66160
56711,62803
56712,40000
56713,40000
56714,40000
56715,74491
56716,54373
56717,59159
56718,70736
56719,51173
56720,78519
56721,40000
56722,66889
56723,64256
56724,40000
56725,64584
56726,87032
56727,44574
56728,47598
56729,40000
56730,47508
56731,77885
56732,40000
56733,45258
56734,47506
56735,54973
56736,76558
56737,40000
56738,43325
56739,81505
56740,40771
56741,56777
56742,60648
56743,75517
56744,48670
56745,40000
56746,79128
56747,49488
56748,41752
56749,53370
56750,47327
56751,79957
56752,40000
56753,54851
56754,52213
56755,40000
56756,67081
56757,40000
56758,50798
56759,40000
56760,61477
56761,40000
56762,68276
56763,78593
56764,40000
56765,40000
56766,44517
56767,44464
56768,40000
56769,40000
56770,52830
56771,50745
56772,41474
56773,53121
56774,46229
56775,53422
56776,40000
56777,109943
56778,72673
56779,49434
56780,49894
56781,49782
56782,63845
56783,48646
56784,59592
56785,40000
56786,50499
56787,40000
56788,40000
56789,49999
56790,51342
56791,78946
56792,57940
56793,46262
56794,40000
56795,40000
56796,45037
56797,56721
56798,40000
56799,64964
56800,49819
56801,40000
56802,40000
56803,65280
56804,71519
56805,54959
56806,57348
56807,40000
56808,40000
56809,40000
56810,46481
56811,40000
56812,72862
56813,40000
56814,40000
56815,56991
56816,44681
56817,96948
56818,40000
56819,49347
56820,40000
56821,47982
56822,40000
56823,66104
56824,59879
56825,47879
56826,57053
56827,62940
56828,48507
56829,40000
56830,60126
56831,55845
56832,40000
56833,59777
56834,96880
56835,65643
56836,82971
56837,47633
56838,55474
56839,59002
56840,48552
56841,73209
56842,62842
56843,56428
56844,40000
56845,53804
56846,76186
56847,44031
56848,40000
56849,40000
56850,66527
56851,48615
56852,40000
56853,53303
56854,40000
56855,53980
56856,40000
56857,40000
56858,40000
56859,40000
56860,59058
56861,40000
56862,59713
56863,74873
56864,40000
56865,58032
56866,40000
56867,40000
56868,50579
56869,40000
56870,53481
56871,41991
56872,64774
56873,47104
56874,40000
56875,64630
56876,76102
56877,57942
56878,47834
56879,40000
56880,60200
56881,69676
56882,40000
56883,59504
56884,53489
56885,60081
56886,67084
56887,53241
56888,40000
56889,40000
56890,70711
56891,57884
56892,40000
56893,46303
56894,47680
56895,40000
56896,40000
56897,44697
56898,51870
56899,40000
56900,40000
56901,47194
56902,40483
56903,40000
56904,69006
56905,71558
56906,40000
56907,40000
56908,60282
56909,41826
56910,40000
56911,40000
56912,40000
56913,55971
56914,51125
56915,54097
56916,54511
56917,40686
56918,74537
56919,43114
56920,55350
56921,81036
56922,53564
56923,47336
56924,40000
56925,74312
56926,40000
56927,50660
56928,53199
56929,70217
56930,58720
56931,40000
56932,40000
56933,72222
56934,49240
56935,40000
56936,40000
56937,69653
56938,42399
56939,62503
56940,58587
56941,40000
56942,40000
56943,76717
56944,44572
56945,40000
56946,72002
56947,58573
56948,40000
56949,40000
56950,78446
56951,90673
56952,60584
56953,45101
56954,40000
56955,60685
56956,40000
56957,58289
56958,40000
56959,57846
56960,40000
56961,91125
56962,54659
56963,40000
56964,40000
56965,40000
56966,68413
56967,43305
56968,76463
56969,72960
56970,40000
56971,40140
56972,40000
56973,66933
56974,85970
56975,60510
56976,40000
56977,40000
56978,42995
56979,53793
56980,40000
56981,58424
56982,40000
56983,45565
56984,40000
56985,44838
56986,40000
56987,51008
56988,80183
56989,54265
56990,40000
56991,40000
56992,64704
56993,40000
56994,68469
56995,40000
56996,70241
56997,42069
56998,43292
56999,40000
57000,99120
57001,53892
57002,55339
57003,109260
57004,61693
57005,40000
57006,41975
57007,65832
57008,40000
57009,67317
57010,44730
57011,53524
57012,54525
57013,87199
57014,48449
57015,40000
57016,73887
57017,40000
57018,51719
57019,40000
57020,45327
57021,47942
57022,40000
57023,70197
57024,73017
57025,58019
57026,40000
57027,42963
57028,73238
57029,40000
57030,40000
57031,40000
57032,50653
57033,43745
57034,60680
57035,85054
57036,58452
57037,52396
57038,40000
57039,40877
57040,79308
57041,71305
57042,44267
57043,40000
57044,46421
57045,68714
57046,40000
57047,40000
57048,40000
57049,40000
57050,78707
57051,40000
57052,40000
57053,40000
57054,40000
57055,44877
57056,53306
57057,40000
57058,51500
57059,40000
57060,49054
57061,54966
57062,58354
57063,58470
57064,40000
57065,60188
57066,47216
57067,61344
57068,40000
57069,49341
57070,61510
57071,40000
57072,60557
57073,40630
57074,40000
57075,40000
57076,58608
57077,45247
57078,40000
57079,70130
57080,40000
57081,40000
57082,93642
57083,40000
57084,40000
57085,40000
57086,40000
57087,40000
57088,70324
57089,40000
57090,54455
57091,45447
57092,94250
57093,59944
57094,48078
57095,40000
57096,55677
57097,67251
57098,55815
57099,40000
57100,40000
57101,61158
57102,41700
57103,40000
57104,40000
57105,80485
57106,40000
57107,40000
57108,52344
57109,53737
57110,75574
57111,40000
57112,61907
57113,64792
57114,40000
57115,60760
57116,43282
57117,40000
57118,48977
57119,52304
57120,65622
57121,51181
57122,71540
57123,42556
57124,40000
57125,44536
57126,46134
57127,40983
57128,44934
57129,40000
57130,40000
57131,51709
57132,40000
57133,40000
57134,65307
57135,58771
57136,51376
57137,40000
57138,46626
57139,40000
57140,56920
57141,63181
57142,50573
57143,63136
57144,40000
57145,40000
57146,41978
57147,79162
57148,46254
57149,40000
57150,59430
57151,40948
57152,50683
57153,80425
57154,81587
57155,52209
57156,40000
57157,40927
57158,41646
57159,51512
57160,70918
57161,74251
57162,69976
57163,41475
57164,68441
57165,40000
57166,73360
57167,73259
57168,40000
57169,49276
57170,57193
57171,94939
57172,47008
57173,65873
57174,55544
57175,55298
57176,40000
57177,69292
57178,84334
57179,63927
57180,48534
57181,57752
57182,62946
57183,90640
57184,40000
57185,61763
57186,54700
57187,40000
57188,40000
57189,40000
57190,68808
57191,43319
57192,40000
57193,40000
57194,53142
57195,40000
57196,43699
57197,40000
57198,43540
57199,55234
57200,43326
57201,52928
57202,40000
57203,40000
57204,55995
57205,40000
57206,40000
57207,68700
57208,40000
57209,44927
57210,72275
57211,40000
57212,40000
57213,44410
57214,40000
57215,51160
57216,47486
57217,42425
57218,40000
57219,41139
57220,60747
57221,40000
57222,50089
57223,72443
57224,71761
57225,45982
57226,52254
57227,52311
57228,40000
57229,52710
57230,68368
57231,80855
57232,40000
57233,52331
57234,72060
57235,60131
57236,40000
57237,40000
57238,40563
57239,42213
57240,40000
57241,40000
57242,53564
57243,40000
57244,60102
57245,47736
57246,45547
57247,59158
57248,40000
57249,54848
57250,40000
57251,54284
57252,45908
57253,50165
57254,57513
57255,40116
57256,51088
57257,98696
57258,44907
57259,62550
57260,40000
57261,55820
57262,69222
57263,43925
57264,53685
57265,44235
57266,40000
57267,62561
57268,56752
57269,46054
57270,62194
57271,47131
57272,40000
57273,40000
57274,47982
57275,42404
57276,40000
57277,100466
57278,56331
57279,84427
57280,50874
57281,40000
57282,56922
57283,52395
57284,40000
57285,47353
57286,70497
57287,73998
57288,70216
57289,66528
57290,74638
57291,40000
57292,40000
57293,73188
57294,61930
57295,82992
57296,40000
57297,74639
57298,40000
57299,40000
57300,50258
57301,51579
57302,46863
57303,74464
57304,40000
57305,60762
57306,40000
57307,40000
57308,40000
57309,59559
57310,49958
57311,52690
57312,51026
57313,46305
57314,59072
57315,65941
57316,72511
57317,45822
57318,51360
57319,66583
57320,44953
57321,41077
57322,67981
57323,75071
57324,55423
57325,69186
57326,40000
57327,46050
57328,47330
57329,57023
57330,78884
57331,60828
57332,40000
57333,40000
57334,40267
57335,40000
57336,40000
57337,62357
57338,65175
57339,61218
57340,60164
57341,41198
57342,64880
57343,40000
57344,59155
57345,71560
57346,40000
57347,55087
57348,40000
57349,55872
57350,40000
57351,40000
57352,80679
57353,56347
57354,40000
57355,53670
57356,47735
57357,40000
57358,88556
57359,69309
57360,64775
57361,66184
57362,73342
57363,40651
57364,40000
57365,40000
57366,40000
57367,40000
57368,69971
57369,47835
57370,50390
57371,41747
57372,61246
57373,67731
57374,40000
57375,40000
57376,40000
57377,40000
57378,40000
57379,40000
57380,40000
57381,43443
57382,40000
57383,40000
57384,58928
57385,40000
57386,47670
57387,67600
57388,44022
57389,40000
57390,90128
57391,45770
57392,62855
57393,51792
57394,40994
57395,40762
57396,85601
57397,69434
57398,79089
57399,84440
57400,42687
57401,40000
57402,45596
57403,58315
57404,52336
57405,58673
57406,71908
57407,40753
57408,41697
57409,69545
57410,40000
57411,68551
57412,49355
57413,40000
57414,51660
57415,62729
57416,77194
57417,45909
57418,43932
57419,46757
57420,51950
57421,67806
57422,66551
57423,46937
57424,80963
57425,45345
57426,40000
57427,40000
57428,49215
57429,40000
57430,77094
57431,69977
57432,40000
57433,40000
57434,40000
57435,55534
57436,40000
57437,46260
57438,40000
57439,40968
57440,48644
57441,78041
57442,41450
57443,61025
57444,48973
57445,40000
57446,73616
57447,69390
57448,71893
57449,51569
57450,81930
57451,45796
57452,40000
57453,71654
57454,48063
57455,60245
57456,40000
57457,53635
57458,60873
57459,79538
57460,62756
57461,40000
57462,55678
57463,40000
57464,66008
57465,54780
57466,69346
57467,63254
57468,60998
57469,46289
57470,40038
57471,80859
57472,40000
57473,40000
57474,82745
57475,44777
57476,79387
57477,42108
57478,50678
57479,49235
57480,54493
57481,44692
57482,59370
57483,60357
57484,40000
57485,40000
57486,49180
57487,50024
57488,56711
57489,63167
57490,50719
57491,53141
57492,40000
57493,55376
57494,64735
57495,53236
57496,55321
57497,40000
57498,75094
57499,40000
57500,53794
57501,70115
57502,52113
57503,50575
57504,76053
57505,40000
57506,48716
57507,56049
57508,51043
57509,58601
57510,40000
57511,83435
57512,40000
57513,40000
57514,75190
57515,40000
57516,47084
57517,43883
57518,51249
57519,52632
57520,67687
57521,67235
57522,54334
57523,58417
57524,40000
57525,63116
57526,70875
57527,75750
57528,60294
57529,72160
57530,69709
57531,60218
57532,40000
57533,74651
57534,68242
57535,40000
57536,40000
57537,64262
57538,40000
57539,40000
57540,40000
57541,40000
57542,76551
57543,46075
57544,47378
57545,52548
57546,61041
57547,40000
57548,40000
57549,40000
57550,76032
57551,52183
57552,66778
57553,60235
57554,72301
57555,69023
57556,52349
57557,82686
57558,40000
57559,52536
57560,69670
57561,52211
57562,43479
57563,40000
57564,49302
57565,98263
57566,40000
57567,63370
57568,40000
57569,70860
57570,62523
57571,40000
57572,86562
57573,46569
57574,40000
57575,56401
57576,40000
57577,56315
57578,50124
57579,62804
57580,40000
57581,40000
57582,70231
57583,61170
57584,42149
57585,44058
57586,40000
57587,40000
57588,48254
57589,40917
57590,40000
57591,57707
57592,40000
57593,73057
57594,40000
57595,58622
57596,67634
57597,40000
57598,40000
57599,64739
57600,40000
57601,55513
57602,73706
57603,61488
57604,40000
57605,41455
57606,40000
57607,41500
57608,86662
57609,40000
57610,63473
57611,68562
57612,96828
57613,60501
57614,40000
57615,63736
57616,52975
57617,41474
57618,54734
57619,44267
57620,40000
57621,40000
57622,56339
57623,54420
57624,78760
57625,78780
57626,52146
57627,49504
57628,40000
57629,56198
57630,77120
57631,63244
57632,42309
57633,40000
57634,55617
57635,46655
57636,40000
57637,52171
57638,40000
57639,69734
57640,58998
57641,40000
57642,67188
57643,46986
57644,40000
57645,43094
57646,64424
57647,40000
57648,62238
57649,53306
57650,40000
57651,44547
57652,56208
57653,61261
57654,62999
57655,40000
57656,60607
57657,42707
57658,53071
57659,40000
57660,40000
57661,85618
57662,43898
57663,40000
57664,54591
57665,58340
57666,40000
57667,103649
57668,50173
57669,40294
57670,51269
57671,78245
57672,46270
57673,57981
57674,65127
57675,51852
57676,58073
57677,40000
57678,78104
57679,40000
57680,68044
57681,40000
57682,60473
57683,46156
57684,48409
57685,40000
57686,51632
57687,61755
57688,71793
57689,40000
57690,40000
57691,48378
57692,59148
57693,63900
57694,40000
57695,40000
57696,75011
57697,40500
57698,59086
57699,40429
57700,40000
57701,52696
57702,53985
57703,62532
57704,40000
57705,51877
57706,48784
57707,40000
57708,40000
57709,50471
57710,79991
57711,40000
57712,40000
57713,40000
57714,40000
57715,40000
57716,48622
57717,71433
57718,40000
57719,63130
57720,40000
57721,73443
57722,75795
57723,61898
57724,46377
57725,52214
57726,48271
57727,40000
57728,52696
57729,55431
57730,93308
57731,42431
57732,84939
57733,47026
57734,69506
57735,43164
57736,40000
57737,70231
57738,40000
57739,54788
57740,67944
57741,45858
57742,52391
57743,40000
57744,57741
57745,70003
57746,62335
57747,60629
57748,40000
57749,40000
57750,40000
57751,42782
57752,40000
57753,40000
57754,53078
57755,67954
57756,40000
57757,48694
57758,86881
57759,79412
57760,65149
57761,40000
57762,47795
57763,83982
57764,40000
57765,53744
57766,59044
57767,60411
57768,48811
57769,40949
57770,40000
57771,54064
57772,66654
57773,40000
57774,40000
57775,66952
57776,54195
57777,40000
57778,40000
57779,40000
57780,57530
57781,50431
57782,43775
57783,40000
57784,58842
57785,84719
57786,40000
57787,40000
57788,54883
57789,44235
57790,52801
57791,40000
57792,60548
57793,45404
57794,48109
57795,40000
57796,40000
57797,40000
57798,50603
57799,40000
57800,62542
57801,50795
57802,40000
57803,57037
57804,42754
57805,46815
57806,58319
57807,50069
57808,40000
57809,40000
57810,64403
57811,51051
57812,40000
57813,54916
57814,40000
57815,84520
57816,40000
57817,53439
57818,42861
57819,59734
57820,70282
57821,95710
57822,70389
57823,76683
57824,40000
57825,64244
57826,40000
57827,40000
57828,40000
57829,71686
57830,42986
57831,62730
57832,72583
57833,53517
57834,40000
57835,42129
57836,60940
57837,40000
57838,56625
57839,71228
57840,52565
57841,65644
57842,56047
57843,68187
57844,82548
57845,63471
57846,40000
57847,58112
57848,48689
57849,41551
57850,58668
57851,45494
57852,50147
57853,40000
57854,40000
57855,67213
57856,40000
57857,48918
57858,65440
57859,40000
57860,40000
57861,40000
57862,40000
57863,40000
57864,69215
57865,40000
57866,40000
57867,40000
57868,40000
57869,51324
57870,40000
57871,70530
57872,63565
57873,40000
57874,40000
57875,60821
57876,83181
57877,74055
57878,44458
57879,60593
57880,55556
57881,64234
57882,62113
57883,40000
57884,40000
57885,74300
57886,63188
57887,40000
57888,92613
57889,40000
57890,43719
57891,50658
57892,40000
57893,40000
57894,79074
57895,45593
57896,40000
57897,40000
57898,45633
57899,40000
57900,83880
57901,40000
57902,86832
57903,71904
57904,87616
57905,47175
57906,41211
57907,70495
57908,42397
57909,49666
57910,42942
57911,71651
57912,40000
57913,54231
57914,72416
57915,40000
57916,48562
57917,70399
57918,70090
57919,74442
57920,59746
57921,72022
57922,40000
57923,56083
57924,48560
57925,40000
57926,40000
57927,61029
57928,56480
57929,55208
57930,89525
57931,59423
57932,56160
57933,73279
57934,82396
57935,40000
57936,40000
57937,40000
57938,40000
57939,94041
57940,40000
57941,52729
57942,70231
57943,40000
57944,43726
57945,56883
57946,40000
57947,40000
57948,40000
57949,70731
57950,47968
57951,40681
57952,78406
57953,69627
57954,40000
57955,40000
57956,70190
57957,54521
57958,50479
57959,40000
57960,75348
57961,54906
57962,40000
57963,59240
57964,47978
57965,73328
57966,62103
57967,76727
57968,46898
57969,43979
57970,76149
57971,63531
57972,57175
57973,40000
57974,55984
57975,86716
57976,72443
57977,90906
57978,84083
57979,63776
57980,47878
57981,40000
57982,55662
57983,40000
57984,40000
57985,40000
57986,73417
57987,48275
57988,40000
57989,53914
57990,40000
57991,84316
57992,40202
57993,78491
57994,40000
57995,41191
57996,100072
57997,40000
57998,45781
57999,45827
58000,54845
58001,44506
58002,40000
58003,63756
58004,40000
58005,40000
58006,84267
58007,54854
58008,40000
58009,45261
58010,53515
58011,63535
58012,54461
58013,45621
58014,56221
58015,52441
58016,40000
58017,56782
58018,41951
58019,49608
58020,54882
58021,76743
58022,40000
58023,54868
58024,40000
58025,80341
58026,40000
58027,50572
58028,73306
58029,56776
58030,66433
58031,40000
58032,57525
58033,74817
58034,49844
58035,57073
58036,40000
58037,89010
58038,40000
58039,40000
58040,40000
58041,40000
58042,45701
58043,42613
58044,49317
58045,60746
58046,40000
58047,61460
58048,51823
58049,67905
58050,51309
58051,55791
58052,40000
58053,72883
58054,58214
58055,53638
58056,40000
58057,47469
58058,61306
58059,41917
58060,40000
58061,40000
58062,48860
58063,74511
58064,48359
58065,80892
58066,75357
58067,40000
58068,88655
58069,40000
58070,54327
58071,42639
58072,40000
58073,44957
58074,45806
58075,84741
58076,40000
58077,57410
58078,40000
58079,40000
58080,78715
58081,59021
58082,77359
58083,40000
58084,40000
58085,40000
58086,106704
58087,59678
58088,54778
58089,40000
58090,61345
58091,54629
58092,42394
58093,40000
58094,40000
58095,49762
58096,108753
58097,54468
58098,87724
58099,61351
58100,40000
58101,40000
58102,40000
58103,40000
58104,40000
58105,48325
58106,55960
58107,43632
58108,40000
58109,40992
58110,40000
58111,40000
58112,40000
58113,60413
58114,40000
58115,44295
58116,40000
58117,58079
58118,40000
58119,42663
58120,59146
58121,72060
58122,76232
58123,75236
58124,49136
58125,51416
58126,44605
58127,43704
58128,61700
58129,44924
58130,48852
58131,50465
58132,90688
58133,40000
58134,40000
58135,92228
58136,40000
58137,75599
58138,40000
58139,40000
58140,52380
58141,46317
58142,69116
58143,48245
58144,40000
58145,40000
58146,40000
58147,55703
58148,40000
58149,40000
58150,79834
58151,40470
58152,55803
58153,43697
58154,63275
58155,40000
58156,45864
58157,47086
58158,81500
58159,60594
58160,84705
58161,40000
58162,40000
58163,40000
58164,40000
58165,40000
58166,40000
58167,40000
58168,45769
58169,51181
58170,66725
58171,57144
58172,58770
58173,65291
58174,40000
58175,49814
58176,55970
58177,40000
58178,78360
58179,40000
58180,68981
58181,51896
58182,41694
58183,54712
58184,53376
58185,61839
58186,85150
58187,40000
58188,40000
58189,40000
58190,40000
58191,40000
58192,40000
58193,43679
58194,45429
58195,52372
58196,88704
58197,51526
58198,40000
58199,52140
58200,62644
58201,68157
58202,65229
58203,40000
58204,63877
58205,62234
58206,40000
58207,40000
58208,40000
58209,40000
58210,44523
58211,40000
58212,63050
58213,40000
58214,44585
58215,51313
58216,63146
58217,43222
58218,44292
58219,80255
58220,42859
58221,40973
58222,40000
58223,41065
58224,83240
58225,72400
58226,95796
58227,40000
58228,40000
58229,50222
58230,54780
58231,92035
58232,40000
58233,49724
58234,62386
58235,40000
58236,40000
58237,58230
58238,75561
58239,55869
58240,84343
58241,44058
58242,68767
58243,40000
58244,55913
58245,40000
58246,68835
58247,58243
58248,54360
58249,58338
58250,59659
58251,70469
58252,40000
58253,63112
58254,40000
58255,46785
58256,40000
58257,77791
58258,56757
58259,52264
58260,40000
58261,45353
58262,77760
58263,53188
58264,40000
58265,69968
58266,40000
58267,40000
58268,40000
58269,40000
58270,55147
58271,40000
58272,47616
58273,40000
58274,93706
58275,53360
58276,40000
58277,78316
58278,40000
58279,73628
58280,78088
58281,40000
58282,67187
58283,65578
58284,43542
58285,40000
58286,95200
58287,44385
58288,78390
58289,69480
58290,40000
58291,88587
58292,40000
58293,40000
58294,59571
58295,40000
58296,56146
58297,44638
58298,77396
58299,40000
58300,40000
58301,54563
58302,56264
58303,48012
58304,46777
58305,40000
58306,48261
58307,51465
58308,56111
58309,60967
58310,50397
58311,50468
58312,40000
58313,40000
58314,41390
58315,40000
58316,50221
58317,43595
58318,41367
58319,69159
58320,40000
58321,40000
58322,58710
58323,43047
58324,58269
58325,41626
58326,40000
58327,40000
58328,40000
58329,55867
58330,75985
58331,61384
58332,51617
58333,40000
58334,74172
58335,41779
58336,40000
58337,62747
58338,40000
58339,46466
58340,68959
58341,40000
58342,58797
58343,65602
58344,61217
58345,40000
58346,63599
58347,70249
58348,69482
58349,50378
58350,45088
58351,103114
58352,40000
58353,67199
58354,40000
58355,60345
58356,40000
58357,46870
58358,82654
58359,86541
58360,43632
58361,40000
58362,91744
58363,60654
58364,40000
58365,60693
58366,66579
58367,40000
58368,69202
58369,54695
58370,47058
58371,57921
58372,40000
58373,42784
58374,59459
58375,51738
58376,79096
58377,43983
58378,52285
58379,47867
58380,53329
58381,48775
58382,40000
58383,61356
58384,40000
58385,64107
58386,40000
58387,46577
58388,40000
58389,58687
58390,49955
58391,40000
58392,53385
58393,42195
58394,40000
58395,41743
58396,70975
58397,42011
58398,43161
58399,55979
58400,62545
58401,76303
58402,47040
58403,61553
58404,54725
58405,40000
58406,40000
58407,54635
58408,46922
58409,40000
58410,56996
58411,40000
58412,50710
58413,40000
58414,44078
58415,53148
58416,42079
58417,40000
58418,40000
58419,40000
58420,76090
58421,70177
58422,40000
58423,55807
58424,66162
58425,44777
58426,54561
58427,57577
58428,68270
58429,40000
58430,67697
58431,47043
58432,40000
58433,49848
58434,78661
58435,59132
58436,40000
58437,57159
58438,40000
58439,52737
58440,52342
58441,66853
58442,67985
58443,48618
58444,59062
58445,42720
58446,77912
58447,46824
58448,54448
58449,64211
58450,54899
58451,76331
58452,93718
58453,74645
58454,44411
58455,40000
58456,49290
58457,64272
58458,47278
58459,51218
58460,64850
58461,40000
58462,52453
58463,40000
58464,59645
58465,47454
58466,64426
58467,51473
58468,65988
58469,57748
58470,97067
58471,59541
58472,47433
58473,40000
58474,40000
58475,40000
58476,65964
58477,65986
58478,61507
58479,40000
58480,40000
58481,63505
58482,88230
58483,40000
58484,40000
58485,75455
58486,45301
58487,63787
58488,40000
58489,40000
58490,79894
58491,40000
58492,45040
58493,62197
58494,40000
58495,55625
58496,48373
58497,90613
58498,61847
58499,41821
58500,47158
58501,40000
58502,40000
58503,75581
58504,40000
58505,48349
58506,40000
58507,40000
58508,56204
58509,72792
58510,54991
58511,40000
58512,88006
58513,70880
58514,40000
58515,40000
58516,70580
58517,76371
58518,65858
58519,46522
58520,45636
58521,40000
58522,40000
58523,40000
58524,40000
58525,40000
58526,50166
58527,40000
58528,54938
58529,45406
58530,61716
58531,40000
58532,40000
58533,43338
58534,85087
58535,49912
58536,41982
58537,55961
58538,57705
58539,40000
58540,43986
58541,48986
58542,49324
58543,41223
58544,64800
58545,75337
58546,73288
58547,40000
58548,44143
58549,89068
58550,62342
58551,41825
58552,40000
58553,44441
58554,70179
58555,58899
58556,79541
58557,77436
58558,40000
58559,42723
58560,53313
58561,51111
58562,40000
58563,100784
58564,50158
58565,41489
58566,40000
58567,84035
58568,47614
58569,59678
58570,65513
58571,40000
58572,62676
58573,40000
58574,40000
58575,40900
58576,52093
58577,40000
58578,40000
58579,50692
58580,40000
58581,49123
58582,40000
58583,63228
58584,40000
58585,40000
58586,40000
58587,40000
58588,84534
58589,55586
58590,60702
58591,46194
58592,63202
58593,40000
58594,48752
58595,87530
58596,47657
58597,48102
58598,74113
58599,47866
58600,46439
58601,67956
58602,57899
58603,55681
58604,50912
58605,71495
58606,40000
58607,60805
58608,78442
58609,40000
58610,40000
58611,45435
58612,40000
58613,40000
58614,40000
58615,62801
58616,62618
58617,55414
58618,40000
58619,56418
58620,97587
58621,60385
58622,77220
58623,50574
58624,46691
58625,60558
58626,58325
58627,40253
58628,46844
58629,85353
58630,40000
58631,66432
58632,66051
58633,40000
58634,40000
58635,40000
58636,66319
58637,67584
58638,40000
58639,40000
58640,47171
58641,40000
58642,40000
58643,40000
58644,80018
58645,56397
58646,43341
58647,60874
58648,40000
58649,40000
58650,51098
58651,43097
58652,68508
58653,77437
58654,51592
58655,61515
58656,44429
58657,40000
58658,77514
58659,57721
58660,40000
58661,45885
58662,40000
58663,40000
58664,62171
58665,58861
58666,58434
58667,53611
58668,40000
58669,47721
58670,46567
58671,54235
58672,47419
58673,55456
58674,40000
58675,46962
58676,59179
58677,41371
58678,56911
58679,44277
58680,40000
58681,40000
58682,43859
58683,40000
58684,49925
58685,83000
58686,62981
58687,54893
58688,40000
58689,50527
58690,58915
58691,53830
58692,42610
58693,64055
58694,55884
58695,40000
58696,55110
58697,45892
58698,40446
58699,40000
58700,44473
58701,40000
58702,40000
58703,41584
58704,60080
58705,58379
58706,43427
58707,40000
58708,45362
58709,80234
58710,40000
58711,57985
58712,40000
58713,67294
58714,40000
58715,43168
58716,84357
58717,55352
58718,40000
58719,76609
58720,70394
58721,63670
58722,49678
58723,61508
58724,72483
58725,56719
58726,40000
58727,54576
58728,40384
58729,40000
58730,44397
58731,50231
58732,71765
58733,60199
58734,40000
58735,45997
58736,65798
58737,65694
58738,40000
58739,67784
58740,40000
58741,56202
58742,40000
58743,40000
58744,40000
58745,96241
58746,105157
58747,40000
58748,53771
58749,40000
58750,65924
58751,59820
58752,49339
58753,66533
58754,61082
58755,44948
58756,40000
58757,52796
58758,40000
58759,80018
58760,77533
58761,51992
58762,40000
58763,40000
58764,40000
58765,57876
58766,72540
58767,40000
58768,63307
58769,50181
58770,96908
58771,70903
58772,61701
58773,40000
58774,40000
58775,40000
58776,40000
58777,40000
58778,74481
58779,51570
58780,40000
58781,40000
58782,40000
58783,76377
58784,48067
58785,66548
58786,51395
58787,40000
58788,41022
58789,54288
58790,58553
58791,47529
58792,44226
58793,60380
58794,40000
58795,45753
58796,40000
58797,64060
58798,60245
58799,82553
58800,59979
58801,58097
58802,61063
58803,47783
58804,66430
58805,65716
58806,80183
58807,40000
58808,47126
58809,64714
58810,46054
58811,40000
58812,57480
58813,40000
58814,40000
58815,42379
58816,45368
58817,57425
58818,55185
58819,71147
58820,52243
58821,40000
58822,67574
58823,69618
58824,40000
58825,83888
58826,40000
58827,40000
58828,40000
58829,49700
58830,40836
58831,48839
58832,45710
58833,40000
58834,62314
58835,40000
58836,45088
58837,40000
58838,40000
58839,56842
58840,43304
58841,60096
58842,40000
58843,40000
58844,44027
58845,73589
58846,40000
58847,40000
58848,47243
58849,41936
58850,73437
58851,59869
58852,52278
58853,64570
58854,40000
58855,51947
58856,65488
58857,40000
58858,40000
58859,40000
58860,40000
58861,64351
58862,40000
58863,40000
58864,40000
58865,46687
58866,40344
58867,61861
58868,60609
58869,40000
58870,40000
58871,61892
58872,56344
58873,91055
58874,40000
58875,62331
58876,50532
58877,40000
58878,43460
58879,73255
58880,64481
58881,40000
58882,47922
58883,40000
58884,61677
58885,73175
58886,67822
58887,45273
58888,55012
58889,40000
58890,42094
58891,68094
58892,62673
58893,51795
58894,42834
58895,64030
58896,41650
58897,57670
58898,95831
58899,40000
58900,44031
58901,74581
58902,89846
58903,40000
58904,82108
58905,40000
58906,72424
58907,57512
58908,40000
58909,40000
58910,40000
58911,40000
58912,40000
58913,49185
58914,51215
58915,40000
58916,87642
58917,61011
58918,64231
58919,58397
58920,40000
58921,59796
58922,51535
58923,58467
58924,64547
58925,48050
58926,76108
58927,41117
58928,40000
58929,48138
58930,40000
58931,40000
58932,98125
58933,61712
58934,40000
58935,47915
58936,42517
58937,43374
58938,52083
58939,97394
58940,47618
58941,70020
58942,77347
58943,40000
58944,40000
58945,48554
58946,107261
58947,57826
58948,40000
58949,40000
58950,45096
58951,40000
58952,76059
58953,40000
58954,40000
58955,48970
58956,74812
58957,41351
58958,40000
58959,78003
58960,40000
58961,40000
58962,46421
58963,40442
58964,53554
58965,52520
58966,42640
58967,76469
58968,40269
58969,40000
58970,45083
58971,53790
58972,40000
58973,46298
58974,47468
58975,59043
58976,43892
58977,40000
58978,63680
58979,69952
58980,47877
58981,81795
58982,40000
58983,50843
58984,92659
58985,50090
58986,40000
58987,66103
58988,40000
58989,41256
58990,47785
58991,94957
58992,74757
58993,41523
58994,40000
58995,44294
58996,40000
58997,92062
58998,67576
58999,65182
59000,73893
59001,55442
59002,40000
59003,47727
59004,44510
59005,40000
59006,40000
59007,43450
59008,104264
59009,54701
59010,49477
59011,40000
59012,40000
59013,62581
59014,68238
59015,40000
59016,74095
59017,40000
59018,55680
59019,60486
59020,49486
59021,40000
59022,44060
59023,40000
59024,40000
59025,51410
59026,46039
59027,40000
59028,40000
59029,48042
59030,42810
59031,66301
59032,58764
59033,40000
59034,52276
59035,51207
59036,58494
59037,51829
59038,40000
59039,69869
59040,81396
59041,78831
59042,40000
59043,40000
59044,40000
59045,40000
59046,40000
59047,55318
59048,55209
59049,50801
59050,50011
59051,73846
59052,44382
59053,40000
59054,40130
59055,40000
59056,50815
59057,40000
59058,40000
59059,40000
59060,40000
59061,43210
59062,53773
59063,48735
59064,51565
59065,46588
59066,103196
59067,43527
59068,55952
59069,40000
59070,40000
59071,40000
59072,40000
59073,40000
59074,40000
59075,45128
59076,76205
59077,40000
59078,52687
59079,40000
59080,40000
59081,85088
59082,40000
59083,49301
59084,61891
59085,40000
59086,65220
59087,69570
59088,40000
59089,65044
59090,76790
59091,77477
59092,43497
59093,40000
59094,75660
59095,57419
59096,66885
59097,61704
59098,55901
59099,45518
59100,40000
59101,40000
59102,63901
59103,42746
59104,47138
59105,66633
59106,40000
59107,40000
59108,80004
59109,43715
59110,46579
59111,83992
59112,66701
59113,75391
59114,68424
59115,66162
59116,59056
59117,67584
59118,53075
59119,40000
59120,40000
59121,42686
59122,58392
59123,79438
59124,40000
59125,43398
59126,40000
59127,55005
59128,40000
59129,58477
59130,41843
59131,62078
59132,40000
59133,40000
59134,59815
59135,40000
59136,40056
59137,47886
59138,67847
59139,40658
59140,40000
59141,67139
59142,40000
59143,40000
59144,42945
59145,40078
59146,40000
59147,53872
59148,106966
59149,40000
59150,40000
59151,49459
59152,64950
59153,40302
59154,50566
59155,40000
59156,40000
59157,40000
59158,40000
59159,40000
59160,85290
59161,40000
59162,88287
59163,79534
59164,61762
59165,47635
59166,50701
59167,40000
59168,45895
59169,72575
59170,42020
59171,61455
59172,40000
59173,48591
59174,57047
59175,40000
59176,75778
59177,51527
59178,75106
59179,51627
59180,40000
59181,52701
59182,88621
59183,56473
59184,40251
59185,72400
59186,45470
59187,40000
59188,54851
59189,40000
59190,67966
59191,40000
59192,58121
59193,40000
59194,55376
59195,50132
59196,40000
59197,50992
59198,40000
59199,60437
59200,43145
59201,42539
59202,40000
59203,40000
59204,49896
59205,40000
59206,40313
59207,40000
59208,82684
59209,41717
59210,67167
59211,58072
59212,56722
59213,40000
59214,66336
59215,51370
59216,40000
59217,56192
59218,58476
59219,59166
59220,40000
59221,52647
59222,40000
59223,75451
59224,48941
59225,41403
59226,40000
59227,66446
59228,51075
59229,40000
59230,43148
59231,64476
59232,86156
59233,53460
59234,46911
59235,45449
59236,40000
59237,49993
59238,69596
59239,40000
59240,40000
59241,56971
59242,65859
59243,42649
59244,40000
59245,44163
59246,40000
59247,40000
59248,55638
59249,40000
59250,49242
59251,40000
59252,40000
59253,40000
59254,40000
59255,55399
59256,40000
59257,62175
59258,40000
59259,40000
59260,51570
59261,40000
59262,55864
59263,46275
59264,40000
59265,71160
59266,48647
59267,40000
59268,40000
59269,40000
59270,49661
59271,46564
59272,40000
59273,44479
59274,59834
59275,62328
59276,40000
59277,50276
59278,40000
59279,104170
59280,51335
59281,52968
59282,80628
59283,40000
59284,64098
59285,40000
59286,40000
59287,65150
59288,44017
59289,87827
59290,67629
59291,40000
59292,40000
59293,45858
59294,43544
59295,40603
59296,40435
59297,56369
59298,54225
59299,40000
59300,54906
59301,79696
59302,41319
59303,40000
59304,51015
59305,50846
59306,40000
59307,51341
59308,51236
59309,65997
59310,40000
59311,72140
59312,40000
59313,58876
59314,52687
59315,71538
59316,40000
59317,90065
59318,67670
59319,45734
59320,40000
59321,46973
59322,61113
59323,40000
59324,43956
59325,40667
59326,57885
59327,40000
59328,40000
59329,40000
59330,60933
59331,50825
59332,40000
59333,50049
59334,40000
59335,74927
59336,40000
59337,46550
59338,61488
59339,62978
59340,49581
59341,45630
59342,49798
59343,40000
59344,54061
59345,72071
59346,59201
59347,40000
59348,40000
59349,64410
59350,64849
59351,55805
59352,62424
59353,65969
59354,57890
59355,43884
59356,46537
59357,57324
59358,69722
59359,65766
59360,40000
59361,52433
59362,40000
59363,81623
59364,68151
59365,44857
59366,51369
59367,40000
59368,44327
59369,51151
59370,40000
59371,40000
59372,65731
59373,40000
59374,60765
59375,67285
59376,46729
59377,45324
59378,42444
59379,40000
59380,89720
59381,53192
59382,92444
59383,49750
59384,45049
59385,50891
59386,40000
59387,60880
59388,44939
59389,60426
59390,59022
59391,40000
59392,54671
59393,42897
59394,40000
59395,40000
59396,53762
59397,53650
59398,40534
59399,58116
59400,51298
59401,88109
59402,40000
59403,45727
59404,40000
59405,53037
59406,40000
59407,67277
59408,62117
59409,80439
59410,41463
59411,41460
59412,51080
59413,77080
59414,94867
59415,40994
59416,40000
59417,40000
59418,49020
59419,40000
59420,51235
59421,59517
59422,40000
59423,47857
59424,75381
59425,78209
59426,40000
59427,62420
59428,72574
59429,40000
59430,40000
59431,61371
59432,40120
59433,59927
59434,97328
59435,47606
59436,85984
59437,64341
59438,40000
59439,66858
59440,40395
59441,62176
59442,95727
59443,43594
59444,59807
59445,97819
59446,72334
59447,48995
59448,40000
59449,53658
59450,40000
59451,40000
59452,50237
59453,83308
59454,64346
59455,48685
59456,40000
59457,60926
59458,80171
59459,73211
59460,40000
59461,40000
59462,40000
59463,48738
59464,89944
59465,86800
59466,40000
59467,52059
59468,40000
59469,40000
59470,55564
59471,54422
59472,53000
59473,40000
59474,66657
59475,47919
59476,46391
59477,65282
59478,81006
59479,54564
59480,72835
59481,41678
59482,40000
59483,59531
59484,40000
59485,94461
59486,44728
59487,70097
59488,48499
59489,40000
59490,48797
59491,61094
59492,92701
59493,51188
59494,71342
59495,44012
59496,51888
59497,56463
59498,58677
59499,62869
59500,84566
59501,60304
59502,49641
59503,56242
59504,48975
59505,43139
59506,54561
59507,46933
59508,40000
59509,52525
59510,54031
59511,43451
59512,66874
59513,40000
59514,62208
59515,40000
59516,40000
59517,51866
59518,40000
59519,40000
59520,45782
59521,68276
59522,51930
59523,53261
59524,40000
59525,58869
59526,57406
59527,40000
59528,40000
59529,49499
59530,63367
59531,46385
59532,50000
59533,49540
59534,56800
59535,54359
59536,47855
59537,40000
59538,41231
59539,82487
59540,40000
59541,40000
59542,40000
59543,64979
59544,52592
59545,40000
59546,47115
59547,40000
59548,40000
59549,71605
59550,48400
59551,45540
59552,44395
59553,40000
59554,40000
59555,40000
59556,68023
59557,71386
59558,40000
59559,41976
59560,59547
59561,43230
59562,60441
59563,65689
59564,81691
59565,40000
59566,51673
59567,44113
59568,43532
59569,40000
59570,51083
59571,40000
59572,64892
59573,40000
59574,47144
59575,40000
59576,49642
59577,40000
59578,40000
59579,40056
59580,48197
59581,40000
59582,40000
59583,59289
59584,40000
59585,40000
59586,54364
59587,88749
59588,40000
59589,40422
59590,58073
59591,40000
59592,40000
59593,58429
59594,40000
59595,51453
59596,73354
59597,40000
59598,50871
59599,80404
59600,69863
59601,84116
59602,40000
59603,40000
59604,71063
59605,40000
59606,61842
59607,69008
59608,40000
59609,40000
59610,79675
59611,85607
59612,56405
59613,40000
59614,40000
59615,49192
59616,41800
59617,40000
59618,75515
59619,67258
59620,52383
59621,85366
59622,50873
59623,67045
59624,41266
59625,59942
59626,89022
59627,75846
59628,58584
59629,48381
59630,46188
59631,67321
59632,74746
59633,79673
59634,72295
59635,40000
59636,40000
59637,78314
59638,55718
59639,56452
59640,45566
59641,40000
59642,41887
59643,51217
59644,44861
59645,47460
59646,45139
59647,40000
59648,66149
59649,55784
59650,46403
59651,40000
59652,55803
59653,88267
59654,44780
59655,75218
59656,79682
59657,48460
59658,65176
59659,67478
59660,61237
59661,49077
59662,40000
59663,45784
59664,59978
59665,49832
59666,88510
59667,49210
59668,56245
59669,63312
59670,40000
59671,40000
59672,40000
59673,43451
59674,40000
59675,42510
59676,40000
59677,80792
59678,41514
59679,40000
59680,55170
59681,40000
59682,52563
59683,47053
59684,53792
59685,40000
59686,40000
59687,51925
59688,40000
59689,40524
59690,40000
59691,46597
59692,46693
59693,65540
59694,40000
59695,40000
59696,40000
59697,40000
59698,40000
59699,40542
59700,40000
59701,55889
59702,40000
59703,40000
59704,42183
59705,59152
59706,45336
59707,48683
59708,40000
59709,56907
59710,45303
59711,40000
59712,61283
59713,40000
59714,61037
59715,40000
59716,48700
59717,40000
59718,40000
59719,62825
59720,70190
59721,40000
59722,80116
59723,49811
59724,68442
59725,52953
59726,78265
59727,40000
59728,68536
59729,41673
59730,40000
59731,42014
59732,46125
59733,42594
59734,50404
59735,54051
59736,40064
59737,100236
59738,66952
59739,67051
59740,60873
59741,63170
59742,62601
59743,40000
59744,40000
59745,40000
59746,40000
59747,50166
59748,77962
59749,60788
59750,45527
59751,63716
59752,40000
59753,57379
59754,66886
59755,72567
59756,46434
59757,40000
59758,58488
59759,64897
59760,66445
59761,40000
59762,44306
59763,81473
59764,42197
59765,63686
59766,72126
59767,47999
59768,40000
59769,54503
59770,40000
59771,56925
59772,40000
59773,71227
59774,40000
59775,64220
59776,45200
59777,53085
59778,57826
59779,43870
59780,43494
59781,55813
59782,66031
59783,60047
59784,73077
59785,40000
59786,40000
59787,67423
59788,41403
59789,40000
59790,61516
59791,40000
59792,63394
59793,64160
59794,49321
59795,40000
59796,59792
59797,46652
59798,40000
59799,61155
59800,43804
59801,58764
59802,49442
59803,47793
59804,40000
59805,66205
59806,49464
59807,40000
59808,72669
59809,40000
59810,40000
59811,40000
59812,61567
59813,44728
59814,44438
59815,40000
59816,40000
59817,40000
59818,64367
59819,48060
59820,40000
59821,61882
59822,57798
59823,41883
59824,47939
59825,78349
59826,72914
59827,48986
59828,40000
59829,49015
59830,70951
59831,73855
59832,77485
59833,40000
59834,40000
59835,40000
59836,54521
59837,77767
59838,60734
59839,68295
59840,46586
59841,40256
59842,40000
59843,71056
59844,58209
59845,61676
59846,40000
59847,41425
59848,40000
59849,52633
59850,62487
59851,40000
59852,88780
59853,49726
59854,45859
59855,40000
59856,40000
59857,40000
59858,79245
59859,57227
59860,40000
59861,90342
59862,71921
59863,40000
59864,43394
59865,40000
59866,40000
59867,49506
59868,56265
59869,56247
59870,40000
59871,43494
59872,40000
59873,55505
59874,60811
59875,44929
59876,102061
59877,40000
59878,65063
59879,79917
59880,59137
59881,78283
59882,63998
59883,40974
59884,58463
59885,40000
59886,45922
59887,49668
59888,93557
59889,77583
59890,43168
59891,63941
59892,50493
59893,54126
59894,40000
59895,72306
59896,40000
59897,53958
59898,52483
59899,66788
59900,85144
59901,41348
59902,47631
59903,40000
59904,44664
59905,40000
59906,76816
59907,48383
59908,45493
59909,40000
59910,40000
59911,61706
59912,40000
59913,52073
59914,52306
59915,57061
59916,40000
59917,40000
59918,40000
59919,40493
59920,59927
59921,40000
59922,40000
59923,40000
59924,46706
59925,61464
59926,57245
59927,84888
59928,40000
59929,43955
59930,40000
59931,77639
59932,40000
59933,40000
59934,40000
59935,40000
59936,40000
59937,45334
59938,40000
59939,48704
59940,40000
59941,40000
59942,63319
59943,62501
59944,40000
59945,40000
59946,40000
59947,57002
59948,68984
59949,40000
59950,40238
59951,40000
59952,53294
59953,60665
59954,71818
59955,79300
59956,51246
59957,48232
59958,60701
59959,40000
59960,46695
59961,50256
59962,40000
59963,40000
59964,40000
59965,40000
59966,40000
59967,40000
59968,44960
59969,40000
59970,43005
59971,103393
59972,50693
59973,46863
59974,40000
59975,59535
59976,40000
59977,45677
59978,49975
59979,67859
59980,79710
59981,102777
59982,69927
59983,68043
59984,45176
59985,58984
59986,40000
59987,47029
59988,40000
59989,92801
59990,85407
59991,40000
59992,56002
59993,64351
59994,40000
59995,40000
59996,79938
59997,44881
59998,40000
59999,84744
60000,60002
60001,67687
60002,43784
60003,71121
60004,42876
60005,71119
60006,97180
60007,40000
60008,50259
60009,40000
60010,49617
60011,40000
60012,68849
60013,44910
60014,40000
60015,40000
60016,49486
60017,45256
60018,76665
60019,40000
60020,40000
60021,63035
60022,48250
60023,40343
60024,40000
60025,62351
60026,44961
60027,62832
60028,40000
60029,70600
60030,40000
60031,40000
60032,55756
60033,40000
60034,42552
60035,42412
60036,84577
60037,42773
60038,40000
60039,40000
60040,53867
60041,40000
60042,52802
60043,60362
60044,58202
60045,56636
60046,67887
60047,50266
60048,57989
60049,40000
60050,57663
60051,60106
60052,40000
60053,41210
60054,40000
60055,59312
60056,40000
60057,40000
60058,44672
60059,40923
60060,40000
60061,56004
60062,40000
60063,40000
60064,54723
60065,53779
60066,46557
60067,40000
60068,40000
60069,52595
60070,40000
60071,40000
60072,53355
60073,40000
60074,40000
60075,57957
60076,40000
60077,42601
60078,56787
60079,63480
60080,45186
60081,48146
60082,49310
60083,59327
60084,81123
60085,40000
60086,61953
60087,40000
60088,67106
60089,46182
60090,71852
60091,46436
60092,42108
60093,56356
60094,52610
60095,77978
60096,40000
60097,45113
60098,57597
60099,59716
60100,47992
60101,66097
60102,40000
60103,40000
60104,50923
60105,41020
60106,65155
60107,40000
60108,40424
60109,45202
60110,40000
60111,58892
60112,40491
60113,40000
60114,40000
60115,50174
60116,45859
60117,73001
60118,85611
60119,43668
60120,40000
60121,60079
60122,50736
60123,40000
60124,60681
60125,40000
60126,82821
60127,63417
60128,40000
60129,40000
60130,40000
60131,52931
60132,90541
60133,47037
60134,59167
60135,54786
60136,53583
60137,64196
60138,52071
60139,67601
60140,71780
60141,40000
60142,82203
60143,55243
60144,84556
60145,40000
60146,48567
60147,46117
60148,80783
60149,42783
60150,40000
60151,49818
60152,57339
60153,40000
60154,93603
60155,40000
60156,57102
60157,49967
60158,53746
60159,45176
60160,40000
60161,56853
60162,74850
60163,72714
60164,48672
60165,40000
60166,40000
60167,40000
60168,60627
60169,41394
60170,40000
60171,54304
60172,56645
60173,42711
60174,40000
60175,40000
60176,40000
60177,40000
60178,40000
60179,40000
60180,47999
60181,40000
60182,52112
60183,78873
60184,69560
60185,40525
60186,51402
60187,46744
60188,79615
60189,55779
60190,66685
60191,78196
60192,40000
60193,40000
60194,40000
60195,55736
60196,40000
60197,54177
60198,56866
60199,40000
60200,44351
60201,63201
60202,41544
60203,68828
60204,57213
60205,50108
60206,59954
60207,40000
60208,40000
60209,49170
60210,48356
60211,56493
60212,40000
60213,55980
60214,40000
60215,40000
60216,90170
60217,118375
60218,60194
60219,40000
60220,40000
60221,59010
60222,59136
60223,64622
60224,98811
60225,45876
60226,40000
60227,84953
60228,61500
60229,40000
60230,40938
60231,50145
60232,45155
60233,66897
60234,58330
60235,84810
60236,59766
60237,56408
60238,73612
60239,40000
60240,64471
60241,40000
60242,60135
60243,58867
60244,47687
60245,79188
60246,59604
60247,93761
60248,50981
60249,54054
60250,70186
60251,40000
60252,51690
60253,96651
60254,57397
60255,70562
60256,40081
60257,40000
60258,72359
60259,80043
60260,58884
60261,46490
60262,49378
60263,40000
60264,40000
60265,40000
60266,47266
60267,94365
60268,60176
60269,61157
60270,67645
60271,40000
60272,44037
60273,55205
60274,51718
60275,40000
60276,47881
60277,40000
60278,51263
60279,64356
60280,61556
60281,69061
60282,45671
60283,64864
60284,51781
60285,40000
60286,51979
60287,44938
60288,49018
60289,40000
60290,62326
60291,68108
60292,40000
60293,45264
60294,41415
60295,58709
60296,50270
60297,40000
60298,50712
60299,54896
60300,58894
60301,42562
60302,44790
60303,57664
60304,52929
60305,40000
60306,50685
60307,46231
60308,42653
60309,40000
60310,40000
60311,40000
60312,107281
60313,52178
60314,87038
60315,40000
60316,54442
60317,49170
60318,73689
60319,63608
60320,51542
60321,55648
60322,40000
60323,40000
60324,45088
60325,66629
60326,68206
60327,40000
60328,45903
60329,63274
60330,73102
60331,41723
60332,57176
60333,89819
60334,41389
60335,40000
60336,40000
60337,40000
60338,64814
60339,51726
60340,40000
60341,46143
60342,63243
60343,65175
60344,40000
60345,63035
60346,48863
60347,61807
60348,61639
60349,40000
60350,49818
60351,40000
60352,42956
60353,40000
60354,40000
60355,40000
60356,40000
60357,40000
60358,70336
60359,40000
60360,67498
60361,105509
60362,53848
60363,65329
60364,48222
60365,64176
60366,40000
60367,48340
60368,42008
60369,51994
60370,64285
60371,84136
60372,40000
60373,57795
60374,40000
60375,40000
60376,66033
60377,47842
60378,87144
60379,41463
60380,54960
60381,59595
60382,40000
60383,50008
60384,48173
60385,63348
60386,40000
60387,59293
60388,64664
60389,57795
60390,40000
60391,57353
60392,58983
60393,45591
60394,48083
60395,40000
60396,40000
60397,40000
60398,40000
60399,45263
60400,40000
60401,56487
60402,59370
60403,42573
60404,59744
60405,44046
60406,60089
60407,50904
60408,85388
60409,40000
60410,49050
60411,40000
60412,56140
60413,65556
60414,57314
60415,66241
60416,40000
60417,52311
60418,40000
60419,40000
60420,65110
60421,49705
60422,40000
60423,40000
60424,40000
60425,61569
60426,43204
60427,63120
60428,71125
60429,53205
60430,52486
60431,60416
60432,61789
60433,40000
60434,40000
60435,40000
60436,40000
60437,43637
60438,40000
60439,40138
60440,40000
60441,70743
60442,40000
60443,40000
60444,75166
60445,69550
60446,50630
60447,55110
60448,70743
60449,48775
60450,51510
60451,40000
60452,53349
60453,64242
60454,43575
60455,40000
60456,46898
60457,43653
60458,45409
60459,68120
60460,40400
60461,50576
60462,40000
60463,53616
60464,49006
60465,40000
60466,56806
60467,40000
60468,40000
60469,85944
60470,40000
60471,40000
60472,64013
60473,71003
60474,63109
60475,40000
60476,46463
60477,40000
60478,40000
60479,44162
60480,40000
60481,59301
60482,66278
60483,46161
60484,40000
60485,91806
60486,53078
60487,89987
60488,55530
60489,60130
60490,56343
60491,40000
60492,62206
60493,40000
60494,66923
60495,47989
60496,80699
60497,48872
60498,46169
60499,40000
60500,40000
60501,40000
60502,49618
60503,51231
60504,59308
60505,54298
60506,40000
60507,86297
60508,40000
60509,57499
60510,40000
60511,40000
60512,56093
60513,40000
60514,70549
60515,70190
60516,40000
60517,40781
60518,48127
60519,58761
60520,42997
60521,64334
60522,51557
60523,52354
60524,40000
60525,40000
60526,46627
60527,73054
60528,40000
60529,40000
60530,81619
60531,44434
60532,40000
60533,61263
60534,40000
60535,40000
60536,40409
60537,48680
60538,62015
60539,40000
60540,54246
60541,49796
60542,68251
60543,45142
60544,44336
60545,79803
60546,80097
60547,46505
60548,40931
60549,63923
60550,69525
60551,53167
60552,52887
60553,41380
60554,40000
60555,51145
60556,65167
60557,44691
60558,41116
60559,41261
60560,40000
60561,40000
60562,43876
60563,84087
60564,76545
60565,75762
60566,65960
60567,53649
60568,41352
60569,40000
60570,40000
60571,41138
60572,58749
60573,43031
60574,40000
60575,40000
60576,83572
60577,52915
60578,40000
60579,40000
60580,73938
60581,40000
60582,66038
60583,51244
60584,77718
60585,41404
60586,40000
60587,60810
60588,60463
60589,57992
60590,54256
60591,40000
60592,44728
60593,54099
60594,52589
60595,40000
60596,40000
60597,40000
60598,104317
60599,40000
60600,46759
60601,40000
60602,55483
60603,40000
60604,40000
60605,97622
60606,44767
60607,40000
60608,86787
60609,52476
60610,60139
60611,51424
60612,50339
60613,50461
60614,40000
60615,67730
60616,66556
60617,53870
60618,89040
60619,47458
60620,40000
60621,58813
60622,91909
60623,71330
60624,61250
60625,48347
60626,40000
60627,41725
60628,47045
60629,47213
60630,44901
60631,65835
60632,43069
60633,58214
60634,40469
60635,84707
60636,40000
60637,97218
60638,40000
60639,64051
60640,53074
60641,59361
60642,40000
60643,69603
60644,78252
60645,73391
60646,40000
60647,40000
60648,67064
60649,63854
60650,52649
60651,60722
60652,40000
60653,45579
60654,45754
60655,80754
60656,82166
60657,52255
60658,61197
60659,68778
60660,68062
60661,55571
60662,40000
60663,64986
60664,58942
60665,50935
60666,40000
60667,40000
60668,40000
60669,40000
60670,57935
60671,40000
60672,43879
60673,55188
60674,73694
60675,40000
60676,48967
60677,40000
60678,40000
60679,40823
60680,69040
60681,67035
60682,40000
60683,40000
60684,40000
60685,55160
60686,60392
60687,44358
60688,40000
60689,40000
60690,40000
60691,52096
60692,58020
60693,53100
60694,40000
60695,40000
60696,60866
60697,40000
60698,58342
60699,73685
60700,40000
60701,40000
60702,41375
60703,64744
60704,43736
60705,61019
60706,55540
60707,60016
60708,56589
60709,74967
60710,63342
60711,47868
60712,40000
60713,63354
60714,40000
60715,75599
60716,49364
60717,69310
60718,50133
60719,40000
60720,40000
60721,57672
60722,40343
60723,109192
60724,40000
60725,64916
60726,40000
60727,80066
60728,65340
60729,41168
60730,82510
60731,55161
60732,40000
60733,40000
60734,52258
60735,47650
60736,68804
60737,40000
60738,40000
60739,40000
60740,47454
60741,40000
60742,49232
60743,40000
60744,40000
60745,78327
60746,40000
60747,67571
60748,44335
60749,44861
60750,67643
60751,40000
60752,66617
60753,55561
60754,52989
60755,47964
60756,40000
60757,70068
60758,40000
60759,63291
60760,60103
60761,55393
60762,55788
60763,87959
60764,40000
60765,47509
60766,40000
60767,74395
60768,40213
60769,68855
60770,74279
60771,40465
60772,86860
60773,40000
60774,49078
60775,42230
60776,43162
60777,40000
60778,53184
60779,43100
60780,44261
60781,67031
60782,42016
60783,40000
60784,101510
60785,40000
60786,40000
60787,40000
60788,100179
60789,63150
60790,55189
60791,56281
60792,77308
60793,49043
60794,72731
60795,59374
60796,60827
60797,55024
60798,40000
60799,40000
60800,91742
60801,48635
60802,40000
60803,47120
60804,40000
60805,43579
60806,40000
60807,49204
60808,59750
60809,40000
60810,82246
60811,40000
60812,40000
60813,47009
60814,59533
60815,61376
60816,40000
60817,40000
60818,50285
60819,52855
60820,42128
60821,44481
60822,40000
60823,56004
60824,45738
60825,65974
60826,40000
60827,45685
60828,70912
60829,40985
60830,53814
60831,40000
60832,78160
60833,40000
60834,40000
60835,40000
60836,42408
60837,56859
60838,41581
60839,40000
60840,65522
60841,40000
60842,71560
60843,40000
60844,87204
60845,71431
60846,59452
60847,74765
60848,53190
60849,50057
60850,54437
60851,41242
60852,51778
60853,72218
60854,59922
60855,59965
60856,40000
60857,40000
60858,42338
60859,40000
60860,63231
60861,40000
60862,40000
60863,40000
60864,79219
60865,62219
60866,40000
60867,59927
60868,40166
60869,102591
60870,62409
60871,46129
60872,52121
60873,40691
60874,40000
60875,41164
60876,40000
60877,46399
60878,44749
60879,62596
60880,42111
60881,73497
60882,109027
60883,40000
60884,62109
60885,40000
60886,53194
60887,40000
60888,66548
60889,43153
60890,40000
60891,40000
60892,40000
60893,40000
60894,52840
60895,40405
60896,40000
60897,71859
60898,44406
60899,40000
60900,43058
60901,40349
60902,40000
60903,40000
60904,64065
60905,40000
60906,40000
60907,55260
60908,79947
60909,71186
60910,54562
60911,64259
60912,56530
60913,46317
60914,40000
60915,64119
60916,48991
60917,40000
60918,44624
60919,87847
60920,40000
60921,84800
60922,53182
60923,40000
60924,54015
60925,70859
60926,40629
60927,77199
60928,62468
60929,40000
60930,57927
60931,40000
60932,52539
60933,40000
60934,52710
60935,40000
60936,66991
60937,50682
60938,40000
60939,40000
60940,40000
60941,40000
60942,46559
60943,60546
60944,78585
60945,57275
60946,45725
60947,85784
60948,60265
60949,54678
60950,40000
60951,40253
60952,98000
60953,57213
60954,40955
60955,40230
60956,40000
60957,71927
60958,48725
60959,62352
60960,44083
60961,42984
60962,61616
60963,49420
60964,83531
60965,79864
60966,40000
60967,47369
60968,40000
60969,52231
60970,40000
60971,40000
60972,40000
60973,40000
60974,58969
60975,54599
60976,40000
60977,67929
60978,47264
60979,40000
60980,66834
60981,65154
60982,40000
60983,50061
60984,55788
60985,46211
60986,55546
60987,50318
60988,43332
60989,40000
60990,50797
60991,76196
60992,60874
60993,40000
60994,40000
60995,40000
60996,40000
60997,64342
60998,63016
60999,41095
61000,40000
61001,81973
61002,79129
61003,43770
61004,62133
61005,40470
61006,56458
61007,46152
61008,40000
61009,58978
61010,40000
61011,40000
61012,40168
61013,40000
61014,40000
61015,83595
61016,40000
61017,55563
61018,59388
61019,82756
61020,40000
61021,50862
61022,40000
61023,52709
61024,93490
61025,40000
61026,55314
61027,75101
61028,54562
61029,40000
61030,54718
61031,53643
61032,40000
61033,40000
61034,72858
61035,40000
61036,91566
61037,67825
61038,56297
61039,40000
61040,40000
61041,66737
61042,43183
61043,51987
61044,56342
61045,55543
61046,40000
61047,40000
61048,40000
61049,61045
61050,72500
61051,40000
61052,40000
61053,40000
61054,69901
61055,49396
61056,57566
61057,56302
61058,40000
61059,40000
61060,72768
61061,48094
61062,47544
61063,40000
61064,40000
61065,49045
61066,40000
61067,40000
61068,73796
61069,48327
61070,74458
61071,54539
61072,52103
61073,58302
61074,67661
61075,45227
61076,69127
61077,57767
61078,40000
61079,74371
61080,70244
61081,51617
61082,40000
61083,46856
61084,40000
61085,52271
61086,42555
61087,40000
61088,84942
61089,67380
61090,93913
61091,41664
61092,42673
61093,60333
61094,45564
61095,40000
61096,48305
61097,46204
61098,45773
61099,40000
61100,64159
61101,76901
61102,48519
61103,40000
61104,53226
61105,41077
61106,57275
61107,40000
61108,54249
61109,67976
61110,51649
61111,58969
61112,45787
61113,40000
61114,55043
61115,48712
61116,43712
61117,49695
61118,59370
61119,54600
61120,40000
61121,57796
61122,65617
61123,40000
61124,96529
61125,51538
61126,40000
61127,53681
61128,40000
61129,75122
61130,40000
61131,40000
61132,62563
61133,48840
61134,59830
61135,44374
61136,40000
61137,56420
61138,40000
61139,76190
61140,92865
61141,48040
61142,40000
61143,73181
61144,56615
61145,66684
61146,49158
61147,64737
61148,72445
61149,46357
61150,63348
61151,110276
61152,45938
61153,40000
61154,40000
61155,90460
61156,46116
61157,40000
61158,62471
61159,40000
61160,114918
61161,53275
61162,50898
61163,76706
61164,40000
61165,59912
61166,40000
61167,40000
61168,40000
61169,56953
61170,74772
61171,46198
61172,40000
61173,74566
61174,40000
61175,47958
61176,40000
61177,51940
61178,63401
61179,76765
61180,52754
61181,40000
61182,59119
61183,40000
61184,40000
61185,80858
61186,48934
61187,84915
61188,72655
61189,53580
61190,50941
61191,70179
61192,49841
61193,75908
61194,58774
61195,69805
61196,40000
61197,40000
61198,56374
61199,47551
61200,40000
61201,75416
61202,49520
61203,40000
61204,60708
61205,90784
61206,59256
61207,40099
61208,50944
61209,60661
61210,47366
61211,40000
61212,66188
61213,40000
61214,47194
61215,40000
61216,59105
61217,40000
61218,40000
61219,60490
61220,40000
61221,41094
61222,46048
61223,54518
61224,58898
61225,40000
61226,40000
61227,90063
61228,40000
61229,77202
61230,40000
61231,62174
61232,40000
61233,40000
61234,45055
61235,52600
61236,40000
61237,41413
61238,52163
61239,48220
61240,40000
61241,71071
61242,50935
61243,40000
61244,46530
61245,40000
61246,63211
61247,40000
61248,40000
61249,53038
61250,66451
61251,75817
61252,80352
61253,40000
61254,64218
61255,45486
61256,40000
61257,52397
61258,40000
61259,46409
61260,65409
61261,62895
61262,47868
61263,68476
61264,79270
61265,77573
61266,54589
61267,60877
61268,41188
61269,45468
61270,58828
61271,54767
61272,81835
61273,73673
61274,59769
61275,40000
61276,57396
61277,57852
61278,48735
61279,75802
61280,87173
61281,40000
61282,40000
61283,40000
61284,41112
61285,48457
61286,40000
61287,67461
61288,40000
61289,76788
61290,51549
61291,40000
61292,53842
61293,40000
61294,41411
61295,51049
61296,40000
61297,71883
61298,40000
61299,40000
61300,79253
61301,59003
61302,40000
61303,84667
61304,41501
61305,40000
61306,40000
61307,66914
61308,43405
61309,48899
61310,46822
61311,40000
61312,40000
61313,40000
61314,40000
61315,78862
61316,89406
61317,40994
61318,60693
61319,40000
61320,40000
61321,53648
61322,40000
61323,40000
61324,48296
61325,83930
61326,74636
61327,47150
61328,47331
61329,40000
61330,67914
61331,40000
61332,75848
61333,46244
61334,68396
61335,40000
61336,47056
61337,40877
61338,78030
61339,40000
61340,57103
61341,50498
61342,60460
61343,40000
61344,46878
61345,77696
61346,66576
61347,44796
61348,52381
61349,41404
61350,40000
61351,80388
61352,40000
61353,63699
61354,40000
61355,67748
61356,40000
61357,59210
61358,46739
61359,54923
61360,51206
61361,40000
61362,44474
61363,45121
61364,40000
61365,48021
61366,40000
61367,40000
61368,82014
61369,68662
61370,64804
61371,40000
61372,63046
61373,64677
61374,62550
61375,50250
61376,51339
61377,40000
61378,78773
61379,40000
61380,61372
61381,55157
61382,75275
61383,40000
61384,58911
61385,47156
61386,40000
61387,40000
61388,51213
61389,77609
61390,44911
61391,58482
61392,40000
61393,66078
61394,57360
61395,60773
61396,61931
61397,49399
61398,40000
61399,65671
61400,40000
61401,83218
61402,46238
61403,40000
61404,40000
61405,48542
61406,50682
61407,65376
61408,73301
61409,43080
61410,85058
61411,40000
61412,43628
61413,40000
61414,40000
61415,83124
61416,70060
61417,54362
61418,40003
61419,65407
61420,40000
61421,79430
61422,62024
61423,43563
61424,40000
61425,47320
61426,61413
61427,40000
61428,78888
61429,57647
61430,74722
61431,41767
61432,40000
61433,43888
61434,63204
61435,65461
61436,40000
61437,40000
61438,40000
61439,77425
61440,47763
61441,51463
61442,48678
61443,40000
61444,43572
61445,64882
61446,107393
61447,70624
61448,54087
61449,51323
61450,43577
61451,40000
61452,50684
61453,40000
61454,40000
61455,64952
61456,40000
61457,46234
61458,56132
61459,61061
61460,55015
61461,79206
61462,53462
61463,40000
61464,89630
61465,44950
61466,40000
61467,57323
61468,57199
61469,77532
61470,48937
61471,40000
61472,49922
61473,40000
61474,70824
61475,47293
61476,75095
61477,42450
61478,40000
61479,69203
61480,50027
61481,59741
61482,62536
61483,41493
61484,45417
61485,40000
61486,63776
61487,47089
61488,40000
61489,40000
61490,40000
61491,40000
61492,48705
61493,82228
61494,40000
61495,40000
61496,71097
61497,40000
61498,40000
61499,40000
61500,47774
61501,40000
61502,54403
61503,40000
61504,49546
61505,54282
61506,78143
61507,40000
61508,68565
61509,40000
61510,74403
61511,40000
61512,40000
61513,42567
61514,40000
61515,90646
61516,55132
61517,57550
61518,40000
61519,62425
61520,56361
61521,56070
61522,40000
61523,56655
61524,44184
61525,47294
61526,40000
61527,47779
61528,89600
61529,44540
61530,41436
61531,52492
61532,40000
61533,44858
61534,57191
61535,49057
61536,52709
61537,69827
61538,40000
61539,84692
61540,51563
61541,49649
61542,73342
61543,40000
61544,57369
61545,52954
61546,40000
61547,74287
61548,57975
61549,67843
61550,48588
61551,40000
61552,40000
61553,40000
61554,40000
61555,48819
61556,64918
61557,48137
61558,64182
61559,43360
61560,46562
61561,40000
61562,60965
61563,58766
61564,40668
61565,62805
61566,56504
61567,56953
61568,40000
61569,40000
61570,76351
61571,64373
61572,55338
61573,61426
61574,51263
61575,40000
61576,66065
61577,51161
61578,52314
61579,42793
61580,76719
61581,57489
61582,66238
61583,50801
61584,40000
61585,67036
61586,40000
61587,59581
61588,65139
61589,57452
61590,47729
61591,59643
61592,68446
61593,40000
61594,51349
61595,40000
61596,40000
61597,72726
61598,48085
61599,54499
61600,51728
61601,99897
61602,40000
61603,51121
61604,40000
61605,49350
61606,66427
61607,64108
61608,50708
61609,40000
61610,79795
61611,54477
61612,40000
61613,59882
61614,40000
61615,84349
61616,44428
61617,40000
61618,86007
61619,40000
61620,40000
61621,42918
61622,40000
61623,48792
61624,42133
61625,40000
61626,58800
61627,42605
61628,47276
61629,71673
61630,52344
61631,44851
61632,41463
61633,76832
61634,65862
61635,51258
61636,86606
61637,54103
61638,40047
61639,44485
61640,72494
61641,46597
61642,102753
61643,44042
61644,53693
61645,70379
61646,40736
61647,81280
61648,72931
61649,40000
61650,72738
61651,51494
61652,52010
61653,54667
61654,59472
61655,65079
61656,56053
61657,48253
61658,40000
61659,63813
61660,40000
61661,50636
61662,94773
61663,40000
61664,46302
61665,64745
61666,40000
61667,77399
61668,45437
61669,59857
61670,49623
61671,69703
61672,58957
61673,66459
61674,40000
61675,40785
61676,40000
61677,55311
61678,40000
61679,40000
61680,53505
61681,40000
61682,44315
61683,52281
61684,53344
61685,48322
61686,75435
61687,40000
61688,49713
61689,40000
61690,65623
61691,40000
61692,60447
61693,40000
61694,40000
61695,40363
61696,67524
61697,93764
61698,40000
61699,54553
61700,53026
61701,79609
61702,52352
61703,40000
61704,50895
61705,57383
61706,66713
61707,40000
61708,49336
61709,40000
61710,65034
61711,42237
61712,43544
61713,77766
61714,42159
61715,57493
61716,77292
61717,51220
61718,40000
61719,87483
61720,50587
61721,54484
61722,40000
61723,46280
61724,58032
61725,40000
61726,68975
61727,43879
61728,58184
61729,47687
61730,63841
61731,55289
61732,40000
61733,40000
61734,48986
61735,40000
61736,40000
61737,68629
61738,40000
61739,62845
61740,51220
61741,95048
61742,41100
61743,53275
61744,40000
61745,66437
61746,54504
61747,84956
61748,59938
61749,56548
61750,89137
61751,96278
61752,40000
61753,65136
61754,53390
61755,48950
61756,41915
61757,40199
61758,57439
61759,40000
61760,45566
61761,45996
61762,51641
61763,47600
61764,40000
61765,63400
61766,54518
61767,44710
61768,40000
61769,46339
61770,40000
61771,40000
61772,40000
61773,44701
61774,40000
61775,63706
61776,64112
61777,40000
61778,77425
61779,40000
61780,40000
61781,40000
61782,49702
61783,47124
61784,75493
61785,40000
61786,48723
61787,43618
61788,60196
61789,40000
61790,55126
61791,61457
61792,59503
61793,40000
61794,72025
61795,40000
61796,65338
61797,60533
61798,44515
61799,43906
61800,54318
61801,57714
61802,40000
61803,60128
61804,43124
61805,64921
61806,57674
61807,40000
61808,43046
61809,40000
61810,41192
61811,50915
61812,53898
61813,67072
61814,43581
61815,40000
61816,50098
61817,40000
61818,54053
61819,59430
61820,55502
61821,58898
61822,40000
61823,40000
61824,52798
61825,45267
61826,61016
61827,66589
61828,40000
61829,40000
61830,51235
61831,40000
61832,47103
61833,42593
61834,40000
61835,80666
61836,40000
61837,46978
61838,70530
61839,40000
61840,49667
61841,40000
61842,56465
61843,69600
61844,40000
61845,61292
61846,40000
61847,40000
61848,61210
61849,40000
61850,40000
61851,60185
61852,66957
61853,54283
61854,40141
61855,53163
61856,59270
61857,40000
61858,43738
61859,51303
61860,40000
61861,40000
61862,73204
61863,42807
61864,59715
61865,90699
61866,44047
61867,73588
61868,60252
61869,40000
61870,41432
61871,40000
61872,49482
61873,40000
61874,56834
61875,40000
61876,40000
61877,40000
61878,40000
61879,43848
61880,75572
61881,40000
61882,47415
61883,40000
61884,74869
61885,77306
61886,40000
61887,48496
61888,40000
61889,77036
61890,48739
61891,69429
61892,40000
61893,43092
61894,40000
61895,44541
61896,91146
61897,44484
61898,40000
61899,82762
61900,40000
61901,67415
61902,40000
61903,66905
61904,64079
61905,53486
61906,57477
61907,40000
61908,45878
61909,56224
61910,53721
61911,96693
61912,53785
61913,40000
61914,40000
61915,40000
61916,68808
61917,71958
61918,47814
61919,66516
61920,50457
61921,40000
61922,46691
61923,40316
61924,45119
61925,56843
61926,40000
61927,68224
61928,51648
61929,40221
61930,65633
61931,40816
61932,46910
61933,55673
61934,60471
61935,40000
61936,60162
61937,95998
61938,47896
61939,64277
61940,40000
61941,74469
61942,75196
61943,52318
61944,54011
61945,41015
61946,40000
61947,67142
61948,62045
61949,53995
61950,40000
61951,53327
61952,40000
61953,40000
61954,62548
61955,64918
61956,42170
61957,40000
61958,40000
61959,66664
61960,40000
61961,40000
61962,79142
61963,40000
61964,85970
61965,53726
61966,56095
61967,81793
61968,92420
61969,48751
61970,40000
61971,71083
61972,57899
61973,46841
61974,73437
61975,69887
61976,67037
61977,60349
61978,40000
61979,46616
61980,64883
61981,62335
61982,40000
61983,66992
61984,62238
61985,59351
61986,40000
61987,57688
61988,47639
61989,65856
61990,40000
61991,40000
61992,40000
61993,40000
61994,40000
61995,74905
61996,40000
61997,48101
61998,56959
61999,76621
62000,40000
62001,50075
62002,40000
62003,53939
62004,40000
62005,40000
62006,88827
62007,40000
62008,70789
62009,69756
62010,52496
62011,59436
62012,42775
62013,46164
62014,52269
62015,54722
62016,61734
62017,40000
62018,47128
62019,40000
62020,40000
62021,43555
62022,43377
62023,40000
62024,40000
62025,41262
62026,40000
62027,68494
62028,40000
62029,98109
62030,66582
62031,61033
62032,53179
62033,69343
62034,77783
62035,57284
62036,56778
62037,80669
62038,60105
62039,40301
62040,40000
62041,41264
62042,40000
62043,62071
62044,43440
62045,41422
62046,54073
62047,72934
62048,40000
62049,41006
62050,40000
62051,58829
62052,68963
62053,56359
62054,56377
62055,42105
62056,40000
62057,42068
62058,63621
62059,79839
62060,40000
62061,45844
62062,51302
62063,80847
62064,76276
62065,40000
62066,40000
62067,40000
62068,40000
62069,67402
62070,50245
62071,40000
62072,40000
62073,51610
62074,40000
62075,43611
62076,40000
62077,69677
62078,40000
62079,44870
62080,53225
62081,51875
62082,55366
62083,83961
62084,40000
62085,40000
62086,47996
62087,40238
62088,40000
62089,40000
62090,69836
62091,45022
62092,57384
62093,43992
62094,69528
62095,40000
62096,40000
62097,44560
62098,59196
62099,40000
62100,40000
62101,40000
62102,53816
62103,46895
62104,40000
62105,68575
62106,58489
62107,73469
62108,40000
62109,56524
62110,43633
62111,46733
62112,44714
62113,45170
62114,40000
62115,48707
62116,40000
62117,40000
62118,40000
62119,46906
62120,40000
62121,48946
62122,40000
62123,51812
62124,40000
62125,41212
62126,75347
62127,64810
62128,70554
62129,58096
62130,40000
62131,59318
62132,51894
62133,69552
62134,40000
62135,40000
62136,54337
62137,46741
62138,41950
62139,47208
62140,40000
62141,73870
62142,41847
62143,40000
62144,40000
62145,42831
62146,79388
62147,40000
62148,67610
62149,53444
62150,66377
62151,40000
62152,51696
62153,52907
62154,42082
62155,40170
62156,105384
62157,55000
62158,49051
62159,40000
62160,40000
62161,69163
62162,51446
62163,40000
62164,40000
62165,48825
62166,48230
62167,40000
62168,40000
62169,58594
62170,67293
62171,50504
62172,67189
62173,64396
62174,76864
62175,40000
62176,40000
62177,40000
62178,80902
62179,67618
62180,40000
62181,65984
62182,100778
62183,42704
62184,40000
62185,43600
62186,40000
62187,42803
62188,40000
62189,52639
62190,49244
62191,40000
62192,72024
62193,58951
62194,49665
62195,43515
62196,40000
62197,40000
62198,42746
62199,52035
62200,101205
62201,45228
62202,45461
62203,58805
62204,62037
62205,40000
62206,40000
62207,67244
62208,52223
62209,80432
62210,40000
62211,67988
62212,66540
62213,40049
62214,72311
62215,55138
62216,40000
62217,40000
62218,40000
62219,59251
62220,58703
62221,81109
62222,57949
62223,40000
62224,71719
62225,40000
62226,56156
62227,54252
62228,54954
62229,41322
62230,42191
62231,67741
62232,40000
62233,61802
62234,73119
62235,65977
62236,40000
62237,40000
62238,40000
62239,40000
62240,60952
62241,63192
62242,51181
62243,48127
62244,40000
62245,40000
62246,42291
62247,40000
62248,69363
62249,85651
62250,55615
62251,40000
62252,45478
62253,58594
62254,47171
62255,40000
62256,47090
62257,63356
62258,40000
62259,41764
62260,40000
62261,50666
62262,40000
62263,40901
62264,72887
62265,40000
62266,56732
62267,51145
62268,40000
62269,84222
62270,47826
62271,74114
62272,51885
62273,53489
62274,43537
62275,64774
62276,40000
62277,66578
62278,78335
62279,40000
62280,69747
62281,40000
62282,43344
62283,40000
62284,45186
62285,49730
62286,40000
62287,40000
62288,63998
62289,43895
62290,66169
62291,91314
62292,40000
62293,40000
62294,67370
62295,40000
62296,56327
62297,42407
62298,49961
62299,48910
62300,40000
62301,54081
62302,40000
62303,73160
62304,67297
62305,40000
62306,40000
62307,47517
62308,40000
62309,58966
62310,60151
62311,59664
62312,48837
62313,80565
62314,40771
62315,40000
62316,74084
62317,74778
62318,44425
62319,53368
62320,81138
62321,40000
62322,40000
62323,64557
62324,71819
62325,42545
62326,50836
62327,45422
62328,40000
62329,59943
62330,74303
62331,40000
62332,40000
62333,40000
62334,86559
62335,40879
62336,43678
62337,40000
62338,77380
62339,40000
62340,40967
62341,47399
62342,52049
62343,44436
62344,53778
62345,40000
62346,60747
62347,40000
62348,57736
62349,88071
62350,50450
62351,83670
62352,81805
62353,47870
62354,40000
62355,48623
62356,63747
62357,64886
62358,55623
62359,73079
62360,40000
62361,50279
62362,95689
62363,71481
62364,66337
62365,40000
62366,54480
62367,53430
62368,40000
62369,40000
62370,47671
62371,64141
62372,42846
62373,43857
62374,40000
62375,56815
62376,45986
62377,63522
62378,48036
62379,43614
62380,63844
62381,40000
62382,50718
62383,56311
62384,40000
62385,73334
62386,49295
62387,42951
62388,57799
62389,51335
62390,77637
62391,49103
62392,48982
62393,64356
62394,41866
62395,40000
62396,40000
62397,63078
62398,79678
62399,40000
62400,48884
62401,53955
62402,49666
62403,95134
62404,55227
62405,51513
62406,52810
62407,58092
62408,75726
62409,59593
62410,40000
62411,44677
62412,54522
62413,61569
62414,56503
62415,70796
62416,72607
62417,56467
62418,40000
62419,77040
62420,60767
62421,65980
62422,40000
62423,68075
62424,43919
62425,64937
62426,40000
62427,40000
62428,60825
62429,59093
62430,40000
62431,50446
62432,52388
62433,46720
62434,66927
62435,65955
62436,59715
62437,49714
62438,47202
62439,44647
62440,40104
62441,40000
62442,40000
62443,57970
62444,40000
62445,51720
62446,43183
62447,40000
62448,40000
62449,70643
62450,40000
62451,40000
62452,40000
62453,68621
62454,40000
62455,67480
62456,40000
62457,40638
62458,40000
62459,61041
62460,40000
62461,69454
62462,74074
62463,40000
62464,91462
62465,62426
62466,40000
62467,48313
62468,51108
62469,62660
62470,40000
62471,57101
62472,58284
62473,40000
62474,46582
62475,40000
62476,85320
62477,46792
62478,40000
62479,40000
62480,68446
62481,66594
62482,56225
62483,47195
62484,40000
62485,52794
62486,44733
62487,40000
62488,56318
62489,60385
62490,56704
62491,57640
62492,40000
62493,77766
62494,42843
62495,56811
62496,48989
62497,49067
62498,70134
62499,61306
62500,61459
62501,40000
62502,46782
62503,46956
62504,68120
62505,82647
62506,63797
62507,51782
62508,40000
62509,40000
62510,40000
62511,40000
62512,42683
62513,40000
62514,40000
62515,77620
62516,58514
62517,40000
62518,46074
62519,56239
62520,50432
62521,62581
62522,40000
62523,48772
62524,40000
62525,42323
62526,51839
62527,43924
62528,56857
62529,40000
62530,89609
62531,40000
62532,40000
62533,40000
62534,75835
62535,40000
62536,40000
62537,48819
62538,42340
62539,71545
62540,82892
62541,71189
62542,40000
62543,59899
62544,80822
62545,40000
62546,64581
62547,58878
62548,55762
62549,40000
62550,73858
62551,40000
62552,64666
62553,42683
62554,40000
62555,40000
62556,83747
62557,63757
62558,63428
62559,73063
62560,40000
62561,61987
62562,46457
62563,43943
62564,40000
62565,40000
62566,40000
62567,41559
62568,70309
62569,40000
62570,59988
62571,94253
62572,46186
62573,48618
62574,63417
62575,40000
62576,67898
62577,87029
62578,53548
62579,77187
62580,41682
62581,40000
62582,58690
62583,49237
62584,56960
62585,40000
62586,57348
62587,67135
62588,63877
62589,40000
62590,47775
62591,40000
62592,55492
62593,60188
62594,55458
62595,41081
62596,49385
62597,40000
62598,75646
62599,55194
62600,84895
62601,59657
62602,42577
62603,83936
62604,50020
62605,40000
62606,40591
62607,68532
62608,105588
62609,64910
62610,45736
62611,51854
62612,40000
62613,40000
62614,69312
62615,68228
62616,62814
62617,40000
62618,63245
62619,68231
62620,40000
62621,40000
62622,52641
62623,42133
62624,80530
62625,40000
62626,40000
62627,64611
62628,76256
62629,78609
62630,54639
62631,49140
62632,48394
62633,81067
62634,40000
62635,45607
62636,40000
62637,70296
62638,47763
62639,57675
62640,40000
62641,40000
62642,40000
62643,77734
62644,40000
62645,55410
62646,110778
62647,56134
62648,53812
62649,40000
62650,69599
62651,57306
62652,57547
62653,40000
62654,40000
62655,58937
62656,40000
62657,61836
62658,59900
62659,40000
62660,59306
62661,71542
62662,40000
62663,76046
62664,66879
62665,44371
62666,53483
62667,40000
62668,40000
62669,64919
62670,51154
62671,40000
62672,46273
62673,68718
62674,59375
62675,58967
62676,44881
62677,81654
62678,47472
62679,40000
62680,45902
62681,40000
62682,40000
62683,68100
62684,48807
62685,40000
62686,46790
62687,44594
62688,59171
62689,42324
62690,41481
62691,40000
62692,71803
62693,40000
62694,43166
62695,96321
62696,84196
62697,40905
62698,44780
62699,47157
62700,40000
62701,40000
62702,40000
62703,40000
62704,40000
62705,48588
62706,71015
62707,43866
62708,40000
62709,100030
62710,50907
62711,67515
62712,61871
62713,40000
62714,40000
62715,40000
62716,49468
62717,62254
62718,42344
62719,86139
62720,40000
62721,55027
62722,45670
62723,49106
62724,49351
62725,67132
62726,40000
62727,48158
62728,61955
62729,61228
62730,50892
62731,75071
62732,51368
62733,52443
62734,40000
62735,40000
62736,60772
62737,80142
62738,40000
62739,53617
62740,40000
62741,74505
62742,65595
62743,40000
62744,40000
62745,42458
62746,67567
62747,80666
62748,74290
62749,64230
62750,78766
62751,61358
62752,55938
62753,83085
62754,40000
62755,40000
62756,61601
62757,40000
62758,61104
62759,69623
62760,40000
62761,78558
62762,44411
62763,43131
62764,64156
62765,65293
62766,41919
62767,40000
62768,42184
62769,40000
62770,76731
62771,40000
62772,40000
62773,44666
62774,69335
62775,66859
62776,58912
62777,41060
62778,42109
62779,61975
62780,71288
62781,56682
62782,66309
62783,40000
62784,60722
62785,40000
62786,64080
62787,40000
62788,40000
62789,44599
62790,57971
62791,62523
62792,73360
62793,46484
62794,40000
62795,40000
62796,63476
62797,78975
62798,68865
62799,40000
62800,69028
62801,64018
62802,54766
62803,40000
62804,57104
62805,62512
62806,62952
62807,54396
62808,58145
62809,40000
62810,40000
62811,57524
62812,54728
62813,63286
62814,52835
62815,79938
62816,84893
62817,54411
62818,40000
62819,74763
62820,51113
62821,52251
62822,40000
62823,40000
62824,64411
62825,44781
62826,40000
62827,40000
62828,69692
62829,40000
62830,40000
62831,48647
62832,57578
62833,89725
62834,40000
62835,70408
62836,65552
62837,40000
62838,40000
62839,60324
62840,63233
62841,43806
62842,63663
62843,84691
62844,40000
62845,46562
62846,40000
62847,40000
62848,40000
62849,52447
62850,73703
62851,61391
62852,62840
62853,40000
62854,40000
62855,40000
62856,44117
62857,62733
62858,40000
62859,48163
62860,40000
62861,45164
62862,40554
62863,40160
62864,73927
62865,52404
62866,58067
62867,44096
62868,46520
62869,40001
62870,48907
62871,44486
62872,40033
62873,83829
62874,57464
62875,77813
62876,40000
62877,82182
62878,58362
62879,79278
62880,58084
62881,40000
62882,47460
62883,40000
62884,55674
62885,68400
62886,78731
62887,48736
62888,50806
62889,46584
62890,40000
62891,50075
62892,41613
62893,85202
62894,40000
62895,71312
62896,93017
62897,95968
62898,42676
62899,40000
62900,42772
62901,52303
62902,55149
62903,63937
62904,40000
62905,40000
62906,66882
62907,52766
62908,40000
62909,57809
62910,40000
62911,56501
62912,51788
62913,40000
62914,63238
62915,40000
62916,42360
62917,40000
62918,40000
62919,65195
62920,56628
62921,52291
62922,42581
62923,40000
62924,80330
62925,40000
62926,40000
62927,57750
62928,59135
62929,61473
62930,41842
62931,51751
62932,71480
62933,57473
62934,51159
62935,43426
62936,42240
62937,61690
62938,56731
62939,54780
62940,56333
62941,46973
62942,59091
62943,69635
62944,76781
62945,70872
62946,40000
62947,51179
62948,55745
62949,62328
62950,40000
62951,50852
62952,82927
62953,40000
62954,41774
62955,70558
62956,55678
62957,44278
62958,40000
62959,48916
62960,40000
62961,78801
62962,40000
62963,94137
62964,40000
62965,40000
62966,72984
62967,40867
62968,51467
62969,40000
62970,44840
62971,40000
62972,43995
62973,42730
62974,40000
62975,69857
62976,77714
62977,59360
62978,53281
62979,55419
62980,47314
62981,67879
62982,40000
62983,40000
62984,40000
62985,79861
62986,80577
62987,56945
62988,40000
62989,67003
62990,46794
62991,46449
62992,40000
62993,58148
62994,40000
62995,40000
62996,70899
62997,63459
62998,40000
62999,52889
63000,40000
63001,53140
63002,50285
63003,67403
63004,40000
63005,97874
63006,45493
63007,53961
63008,47235
63009,71548
63010,63211
63011,64323
63012,58838
63013,59200
63014,58904
63015,64472
63016,40000
63017,40000
63018,53426
63019,61483
63020,53851
63021,40858
63022,63014
63023,57476
63024,64070
63025,70949
63026,40000
63027,71696
63028,44823
63029,62083
63030,94986
63031,66512
63032,54132
63033,40000
63034,40000
63035,40000
63036,41866
63037,61399
63038,56463
63039,40000
63040,44315
63041,40000
63042,41310
63043,69035
63044,40000
63045,40000
63046,62267
63047,40898
63048,40227
63049,84661
63050,40000
63051,40880
63052,40000
63053,40000
63054,40000
63055,70082
63056,40590
63057,40000
63058,44399
63059,40000
63060,40000
63061,52127
63062,94570
63063,40000
63064,40000
63065,53869
63066,70788
63067,41491
63068,48687
63069,69233
63070,40000
63071,77052
63072,40000
63073,69073
63074,40000
63075,66602
63076,41569
63077,54381
63078,40000
63079,73243
63080,61060
63081,64047
63082,40000
63083,46774
63084,56852
63085,48614
63086,40000
63087,40000
63088,63470
63089,57625
63090,40000
63091,40000
63092,47017
63093,69716
63094,66959
63095,40000
63096,78650
63097,40000
63098,57852
63099,42969
63100,40000
63101,40000
63102,57424
63103,65908
63104,57374
63105,67332
63106,40000
63107,74824
63108,65610
63109,40000
63110,68032
63111,64844
63112,61721
63113,64354
63114,63059
63115,48097
63116,40000
63117,47612
63118,40000
63119,40000
63120,40000
63121,58355
63122,40000
63123,56577
63124,47527
63125,57778
63126,69500
63127,40000
63128,59072
63129,42704
63130,40000
63131,41649
63132,80547
63133,53493
63134,62524
63135,49051
63136,67329
63137,40000
63138,76457
63139,85790
63140,56659
63141,40324
63142,40000
63143,40630
63144,55405
63145,43870
63146,71449
63147,53490
63148,76723
63149,40000
63150,40000
63151,40000
63152,48790
63153,40000
63154,43164
63155,40000
63156,40715
63157,40789
63158,55892
63159,68541
63160,61012
63161,40000
63162,50764
63163,52534
63164,74059
63165,40000
63166,40000
63167,40000
63168,87399
63169,40000
63170,40000
63171,52768
63172,40000
63173,52052
63174,55016
63175,40000
63176,75634
63177,58140
63178,46928
63179,40000
63180,57951
63181,48123
63182,40000
63183,40000
63184,40519
63185,40000
63186,56870
63187,40000
63188,48966
63189,47153
63190,49341
63191,61880
63192,43828
63193,40000
63194,48992
63195,40000
63196,40000
63197,40000
63198,40915
63199,42765
63200,53477
63201,89354
63202,40000
63203,59521
63204,40000
63205,40000
63206,40000
63207,40000
63208,53955
63209,40000
63210,43944
63211,40000
63212,57354
63213,51721
63214,59356
63215,76074
63216,90925
63217,40000
63218,40000
63219,40000
63220,49827
63221,50312
63222,43718
63223,63788
63224,50104
63225,44494
63226,60839
63227,40000
63228,59035
63229,71779
63230,40790
63231,69250
63232,40000
63233,46278
63234,65091
63235,55339
63236,70050
63237,56824
63238,70210
63239,72498
63240,40000
63241,40000
63242,42865
63243,40000
63244,44980
63245,52889
63246,59385
63247,40000
63248,40000
63249,64252
63250,46272
63251,51446
63252,51341
63253,56787
63254,49206
63255,85391
63256,72376
63257,68034
63258,40000
63259,40000
63260,40000
63261,52359
63262,53470
63263,40000
63264,44392
63265,42799
63266,40000
63267,86620
63268,77609
63269,40000
63270,40000
63271,63284
63272,40000
63273,40000
63274,40000
63275,58363
63276,48725
63277,70600
63278,44974
63279,40000
63280,40000
63281,40000
63282,40000
63283,63776
63284,45333
63285,40000
63286,64091
63287,48344
63288,46031
63289,40000
63290,48719
63291,43466
63292,40000
63293,62872
63294,40000
63295,40000
63296,50971
63297,40000
63298,40000
63299,45607
63300,40000
63301,40000
63302,40000
63303,45160
63304,40000
63305,40000
63306,94498
63307,54723
63308,44473
63309,40000
63310,46669
63311,55524
63312,61131
63313,68355
63314,40000
63315,42794
63316,83708
63317,82494
63318,40000
63319,80693
63320,40000
63321,45765
63322,47091
63323,40000
63324,40000
63325,40000
63326,40000
63327,41412
63328,89420
63329,60910
63330,40000
63331,65406
63332,40000
63333,40000
63334,40000
63335,40000
63336,40000
63337,57854
63338,43692
63339,56565
63340,40000
63341,45035
63342,79990
63343,40000
63344,58850
63345,40000
63346,40000
63347,40000
63348,48854
63349,40000
63350,51986
63351,40000
63352,51312
63353,78583
63354,83997
63355,51110
63356,42229
63357,41030
63358,59640
63359,49230
63360,59511
63361,53783
63362,40000
63363,40000
63364,79259
63365,45178
63366,45353
63367,54425
63368,48353
63369,42683
63370,41376
63371,58421
63372,41893
63373,62667
63374,61823
63375,40000
63376,52426
63377,51691
63378,88243
63379,40000
63380,40000
63381,40000
63382,40000
63383,44619
63384,54967
63385,49077
63386,40027
63387,40612
63388,40000
63389,40000
63390,50122
63391,55696
63392,47680
63393,50380
63394,51951
63395,40000
63396,40000
63397,40000
63398,40000
63399,59974
63400,68596
63401,40000
63402,47688
63403,40000
63404,55034
63405,68488
63406,67507
63407,46332
63408,91128
63409,49824
63410,40340
63411,40000
63412,40000
63413,40000
63414,40000
63415,42910
63416,40000
63417,68838
63418,61504
63419,40000
63420,63428
63421,40000
63422,40000
63423,68191
63424,66287
63425,66324
63426,53423
63427,67050
63428,48210
63429,50885
63430,40000
63431,40000
63432,76647
63433,58177
63434,40000
63435,40052
63436,59260
63437,67971
63438,69910
63439,40000
63440,40000
63441,40000
63442,40958
63443,89803
63444,65631
63445,67068
63446,40000
63447,40000
63448,40000
63449,96671
63450,40000
63451,40000
63452,46115
63453,67290
63454,67316
63455,40000
63456,62372
63457,57065
63458,45706
63459,46158
63460,80403
63461,40000
63462,40000
63463,40000
63464,40000
63465,46749
63466,40000
63467,40000
63468,45514
63469,78756
63470,45741
63471,40000
63472,40000
63473,41691
63474,68523
63475,44089
63476,68997
63477,70379
63478,46579
63479,40000
63480,40000
63481,56001
63482,65165
63483,67023
63484,43364
63485,86407
63486,40000
63487,51806
63488,40000
63489,63021
63490,65782
63491,55104
63492,50987
63493,86264
63494,84598
63495,49286
63496,40000
63497,60815
63498,40000
63499,66814
63500,63946
63501,40000
63502,40000
63503,67388
63504,68365
63505,43299
63506,44459
63507,40000
63508,40000
63509,41564
63510,48271
63511,40000
63512,57168
63513,40000
63514,48926
63515,62967
63516,94093
63517,76344
63518,45251
63519,45677
63520,48354
63521,46866
63522,40000
63523,102717
63524,40000
63525,45904
63526,45928
63527,66044
63528,46204
63529,40788
63530,40000
63531,40000
63532,50529
63533,40000
63534,40000
63535,50324
63536,62043
63537,61678
63538,82924
63539,65183
63540,42796
63541,58857
63542,49445
63543,40000
63544,40000
63545,54839
63546,61544
63547,40000
63548,55311
63549,63563
63550,40000
63551,42711
63552,53810
63553,47389
63554,40000
63555,48092
63556,42368
63557,51795
63558,53293
63559,64250
63560,63282
63561,59062
63562,46283
63563,40000
63564,52325
63565,40000
63566,40000
63567,87673
63568,58244
63569,40000
63570,71136
63571,61338
63572,51114
63573,40000
63574,40000
63575,64498
63576,56223
63577,67432
63578,52345
63579,57889
63580,64192
63581,54739
63582,45701
63583,40000
63584,40000
63585,60788
63586,72933
63587,40000
63588,87462
63589,55889
63590,40000
63591,58040
63592,40000
63593,46727
63594,65553
63595,51111
63596,55120
63597,40000
63598,41512
63599,62017
63600,46070
63601,40000
63602,65556
63603,70923
63604,40000
63605,40000
63606,48078
63607,40000
63608,43734
63609,49193
63610,62180
63611,42836
63612,50531
63613,40000
63614,65421
63615,92024
63616,40000
63617,49653
63618,54959
63619,40000
63620,72226
63621,58846
63622,49643
63623,40000
63624,67531
63625,40000
63626,40000
63627,45919
63628,74007
63629,71080
63630,64933
63631,40000
63632,69595
63633,53637
63634,43245
63635,40419
63636,43308
63637,40000
63638,40000
63639,41754
63640,47981
63641,79191
63642,41205
63643,49976
63644,84470
63645,40000
63646,40000
63647,40000
63648,62885
63649,45939
63650,51550
63651,54113
63652,46751
63653,91496
63654,50876
63655,74344
63656,40000
63657,40000
63658,51639
63659,44849
63660,40000
63661,47175
63662,65520
63663,53751
63664,53495
63665,45859
63666,47767
63667,40000
63668,40000
63669,47376
63670,52329
63671,50464
63672,40000
63673,40000
63674,40000
63675,40000
63676,74751
63677,60370
63678,40000
63679,55496
63680,45562
63681,53904
63682,54747
63683,56312
63684,87921
63685,66094
63686,40000
63687,76843
63688,53142
63689,55149
63690,56072
63691,79220
63692,40000
63693,40000
63694,40000
63695,40000
63696,40626
63697,51569
63698,40000
63699,82394
63700,40000
63701,57962
63702,40000
63703,40000
63704,40000
63705,40000
63706,46185
63707,41679
63708,51639
63709,48643
63710,44698
63711,40000
63712,48245
63713,69040
63714,58351
63715,40000
63716,40000
63717,68743
63718,50004
63719,40000
63720,41433
63721,41653
63722,71362
63723,68330
63724,64883
63725,93859
63726,51054
63727,60442
63728,40000
63729,40000
63730,100798
63731,56698
63732,40000
63733,69382
63734,40000
63735,49068
63736,51108
63737,40508
63738,46383
63739,78668
63740,40624
63741,40000
63742,60998
63743,55294
63744,47300
63745,44621
63746,59830
63747,40000
63748,57916
63749,40000
63750,40000
63751,40000
63752,40000
63753,47367
63754,54889
63755,40000
63756,43501
63757,47020
63758,57896
63759,77923
63760,40000
63761,73258
63762,68297
63763,40000
63764,40000
63765,40000
63766,53064
63767,40000
63768,51443
63769,40000
63770,40000
63771,47780
63772,41489
63773,47562
63774,44459
63775,66643
63776,40000
63777,62943
63778,40000
63779,58032
63780,48005
63781,40000
63782,49379
63783,42991
63784,49303
63785,86790
63786,40000
63787,40000
63788,40000
63789,40000
63790,71815
63791,53249
63792,40000
63793,63893
63794,46153
63795,71651
63796,54204
63797,67775
63798,46789
63799,70101
63800,51996
63801,40928
63802,48039
63803,56794
63804,40000
63805,40000
63806,78189
63807,67044
63808,62607
63809,50168
63810,66175
63811,51537
63812,40000
63813,42331
63814,85698
63815,40000
63816,40000
63817,40000
63818,40522
63819,86642
63820,47513
63821,40000
63822,42911
63823,44692
63824,55062
63825,40000
63826,40000
63827,84099
63828,40000
63829,77463
63830,40000
63831,40000
63832,63485
63833,66606
63834,48011
63835,44116
63836,93576
63837,40000
63838,48473
63839,62687
63840,69567
63841,55356
63842,62860
63843,57398
63844,97504
63845,95768
63846,40113
63847,40000
63848,66489
63849,65536
63850,51798
63851,51029
63852,40000
63853,40000
63854,40000
63855,40000
63856,40000
63857,45038
63858,40000
63859,51267
63860,40000
63861,40000
63862,40000
63863,52700
63864,61627
63865,56978
63866,69011
63867,83541
63868,46080
63869,79240
63870,74844
63871,52187
63872,44211
63873,97481
63874,40000
63875,44667
63876,74241
63877,45341
63878,40000
63879,67716
63880,50289
63881,54522
63882,40000
63883,40000
63884,40000
63885,57744
63886,40000
63887,43972
63888,61532
63889,57040
63890,57239
63891,40000
63892,40000
63893,40000
63894,53174
63895,40000
63896,46920
63897,52683
63898,40000
63899,71532
63900,67571
63901,40000
63902,52761
63903,78430
63904,46741
63905,58893
63906,40000
63907,72630
63908,61568
63909,58358
63910,40000
63911,40000
63912,47231
63913,40000
63914,74630
63915,40000
63916,40000
63917,67834
63918,76063
63919,49453
63920,50049
63921,44241
63922,41263
63923,40000
63924,72126
63925,71147
63926,40000
63927,44902
63928,40000
63929,44821
63930,40000
63931,73802
63932,40000
63933,54580
63934,51743
63935,40000
63936,48514
63937,49210
63938,40000
63939,60015
63940,59356
63941,73393
63942,68095
63943,46842
63944,40000
63945,58940
63946,51099
63947,40000
63948,56161
63949,61379
63950,40000
63951,40000
63952,40000
63953,45240
63954,46005
63955,58055
63956,58339
63957,59018
63958,59336
63959,80468
63960,56028
63961,42848
63962,40000
63963,49710
63964,40000
63965,65808
63966,40103
63967,40000
63968,40000
63969,50777
63970,40000
63971,40000
63972,40000
63973,40000
63974,40000
63975,64251
63976,80441
63977,80450
63978,40000
63979,64644
63980,40000
63981,64101
63982,40000
63983,73297
63984,40000
63985,54542
63986,72630
63987,40000
63988,40000
63989,40000
63990,46423
63991,40000
63992,40000
63993,45132
63994,51613
63995,40000
63996,68643
63997,56303
63998,40000
63999,74144
64000,71277
64001,78929
64002,40000
64003,40000
64004,40000
64005,54099
64006,40000
64007,40000
64008,78150
64009,95071
64010,48830
64011,53335
64012,54756
64013,51263
64014,98200
64015,50639
64016,77453
64017,84694
64018,81952
64019,40000
64020,66281
64021,40000
64022,40000
64023,45861
64024,91729
64025,49615
64026,76415
64027,61274
64028,40000
64029,82230
64030,40208
64031,50537
64032,40000
64033,41446
64034,73373
64035,60141
64036,40000
64037,62073
64038,59014
64039,40000
64040,50148
64041,73257
64042,52859
64043,40000
64044,77901
64045,64054
64046,40000
64047,40000
64048,40000
64049,42099
64050,77595
64051,48166
64052,50377
64053,58781
64054,49538
64055,40000
64056,45477
64057,49448
64058,40000
64059,47575
64060,75934
64061,40000
64062,40000
64063,50097
64064,40000
64065,40000
64066,81362
64067,75445
64068,40355
64069,40000
64070,69212
64071,40000
64072,54670
64073,71212
64074,65951
64075,40000
64076,43925
64077,57665
64078,56506
64079,55343
64080,40000
64081,49793
64082,51828
64083,40000
64084,47225
64085,75162
64086,40000
64087,40000
64088,56444
64089,62247
64090,57737
64091,63820
64092,40000
64093,64988
64094,44998
64095,44077
64096,65730
64097,40000
64098,71127
64099,72020
64100,40000
64101,48106
64102,56416
64103,42238
64104,40714
64105,40000
64106,62005
64107,82910
64108,40000
64109,70327
64110,62808
64111,40000
64112,61105
64113,54173
64114,47288
64115,57490
64116,40000
64117,43103
64118,45876
64119,46002
64120,41996
64121,64522
64122,40000
64123,71603
64124,48056
64125,40000
64126,57089
64127,51858
64128,75091
64129,40000
64130,48261
64131,40000
64132,54971
64133,54896
64134,40000
64135,44487
64136,60921
64137,69738
64138,83342
64139,60691
64140,40000
64141,75502
64142,40233
64143,43792
64144,42548
64145,81295
64146,61262
64147,40000
64148,40000
64149,41565
64150,56353
64151,58265
64152,42879
64153,52230
64154,40000
64155,40613
64156,66901
64157,41196
64158,71989
64159,43046
64160,40000
64161,54520
64162,40000
64163,40474
64164,47321
64165,53554
64166,86068
64167,40000
64168,52756
64169,40000
64170,61064
64171,86888
64172,54441
64173,72331
64174,74832
64175,49349
64176,44874
64177,40000
64178,81835
64179,56288
64180,40000
64181,48467
64182,52084
64183,73385
64184,40000
64185,49205
64186,64521
64187,40000
64188,40000
64189,57707
64190,55839
64191,77064
64192,67729
64193,47565
64194,40000
64195,44551
64196,42004
64197,42159
64198,40000
64199,51323
64200,40000
64201,43328
64202,57616
64203,40000
64204,68740
64205,71785
64206,40000
64207,40000
64208,52758
64209,40000
64210,61059
64211,40000
64212,40000
64213,82614
64214,91995
64215,52786
64216,74568
64217,40000
64218,40000
64219,54122
64220,95239
64221,40000
64222,44640
64223,40000
64224,43022
64225,57953
64226,78875
64227,40000
64228,70331
64229,72970
64230,65476
64231,76819
64232,47094
64233,51891
64234,40000
64235,40000
64236,40000
64237,70521
64238,58789
64239,40000
64240,40000
64241,40000
64242,43668
64243,42959
64244,55424
64245,62627
64246,55665
64247,52067
64248,40000
64249,45429
64250,62051
64251,41894
64252,57549
64253,82172
64254,65062
64255,40000
64256,40000
64257,65743
64258,42463
64259,41831
64260,40000
64261,40000
64262,69599
64263,47491
64264,40000
64265,45180
64266,40000
64267,40000
64268,56096
64269,70918
64270,40000
64271,44161
64272,74493
64273,40000
64274,40000
64275,62694
64276,45957
64277,40000
64278,40000
64279,40000
64280,40000
64281,43751
64282,67480
64283,57167
64284,40000
64285,44772
64286,40000
64287,41102
64288,46775
64289,40000
64290,78273
64291,84901
64292,40000
64293,50693
64294,40000
64295,40000
64296,40000
64297,40000
64298,40000
64299,63646
64300,40000
64301,40000
64302,56971
64303,71484
64304,40000
64305,54129
64306,65355
64307,43216
64308,40000
64309,81600
64310,40000
64311,40000
64312,40000
64313,59704
64314,40549
64315,40000
64316,40000
64317,72962
64318,52936
64319,67638
64320,42729
64321,40820
64322,75743
64323,57782
64324,88551
64325,71000
64326,45359
64327,64858
64328,40000
64329,53475
64330,40000
64331,40000
64332,40000
64333,40000
64334,40000
64335,40449
64336,45714
64337,48524
64338,49374
64339,40000
64340,40000
64341,40000
64342,73390
64343,40000
64344,44886
64345,49327
64346,40000
64347,40000
64348,61720
64349,47567
64350,40000
64351,40000
64352,55830
64353,65928
64354,73420
64355,79390
64356,49201
64357,61677
64358,40216
64359,40000
64360,51702
64361,40000
64362,40000
64363,49674
64364,40000
64365,46785
64366,40000
64367,55530
64368,63681
64369,45021
64370,79987
64371,49769
64372,49527
64373,75170
64374,40000
64375,86601
64376,44070
64377,40000
64378,40000
64379,62340
64380,58916
64381,49618
64382,57778
64383,40000
64384,40000
64385,46571
64386,40000
64387,78035
64388,71654
64389,53544
64390,68622
64391,48824
64392,40000
64393,40000
64394,53968
64395,43157
64396,58012
64397,66648
64398,71024
64399,48438
64400,40000
64401,55668
64402,40000
64403,69875
64404,59693
64405,40000
64406,40000
64407,40000
64408,54843
64409,40000
64410,56447
64411,47459
64412,52452
64413,63667
64414,76760
64415,88327
64416,71216
64417,40000
64418,47157
64419,67567
64420,58459
64421,40000
64422,87353
64423,47530
64424,48816
64425,40000
64426,40000
64427,68341
64428,40000
64429,49026
64430,78547
64431,42352
64432,40000
64433,40626
64434,55765
64435,40000
64436,40000
64437,50396
64438,48373
64439,40000
64440,49447
64441,61812
64442,41999
64443,43883
64444,40000
64445,54460
64446,62708
64447,40586
64448,88929
64449,40000
64450,60474
64451,41387
64452,40000
64453,42917
64454,44772
64455,40000
64456,52510
64457,87805
64458,40000
64459,40000
64460,40502
64461,40000
64462,40632
64463,58399
64464,73748
64465,40000
64466,87155
64467,40000
64468,42527
64469,44044
64470,48984
64471,40000
64472,65001
64473,40000
64474,40754
64475,48940
64476,70521
64477,40000
64478,46918
64479,47797
64480,40000
64481,40000
64482,40000
64483,40000
64484,59840
64485,40000
64486,40000
64487,42874
64488,54694
64489,73490
64490,51983
64491,90699
64492,40000
64493,47231
64494,40000
64495,42062
64496,58603
64497,56334
64498,40000
64499,50259
64500,53265
64501,62626
64502,40000
64503,62147
64504,40000
64505,40000
64506,47731
64507,40000
64508,60467
64509,40000
64510,57060
64511,43291
64512,54744
64513,42719
64514,49590
64515,75217
64516,40000
64517,42966
64518,68322
64519,73584
64520,40000
64521,45801
64522,70061
64523,57528
64524,40000
64525,46101
64526,68260
64527,51682
64528,40000
64529,115037
64530,40000
64531,40000
64532,76024
64533,81970
64534,40000
64535,40407
64536,53303
64537,40000
64538,40908
64539,67011
64540,59610
64541,40000
64542,44903
64543,57294
64544,57037
64545,54922
64546,67469
64547,60722
64548,44345
64549,77828
64550,49534
64551,40000
64552,46543
64553,40000
64554,64469
64555,40000
64556,40000
64557,73750
64558,85044
64559,78545
64560,40000
64561,40696
64562,76938
64563,66425
64564,40000
64565,72825
64566,65025
64567,47051
64568,40000
64569,57253
64570,40000
64571,41869
64572,40000
64573,72263
64574,40000
64575,70816
64576,57121
64577,57318
64578,40000
64579,50717
64580,40000
64581,63907
64582,40000
64583,81645
64584,75556
64585,40463
64586,72909
64587,57373
64588,52885
64589,61250
64590,48472
64591,40000
64592,77644
64593,54338
64594,42110
64595,56686
64596,40000
64597,40000
64598,65815
64599,44662
64600,40000
64601,76313
64602,47941
64603,54583
64604,42861
64605,45776
64606,40000
64607,81093
64608,40000
64609,60929
64610,61790
64611,42529
64612,65711
64613,56173
64614,40000
64615,51624
64616,49863
64617,68441
64618,40000
64619,63315
64620,50777
64621,74303
64622,40000
64623,65357
64624,62409
64625,43437
64626,47632
64627,40000
64628,68199
64629,58371
64630,40000
64631,84183
64632,74384
64633,114977
64634,40000
64635,40872
64636,40000
64637,46353
64638,72939
64639,40000
64640,54939
64641,66187
64642,49205
64643,67474
64644,40000
64645,52074
64646,40000
64647,53625
64648,61079
64649,42765
64650,40000
64651,40918
64652,67434
64653,55286
64654,40000
64655,54110
64656,40276
64657,60000
64658,55523
64659,40462
64660,70950
64661,52550
64662,59949
64663,74257
64664,44049
64665,58140
64666,73724
64667,60653
64668,56050
64669,48580
64670,42780
64671,52539
64672,67225
64673,40000
64674,40000
64675,79838
64676,59469
64677,46623
64678,40000
64679,40000
64680,43079
64681,40000
64682,62910
64683,40000
64684,40000
64685,82163
64686,62782
64687,40000
64688,41555
64689,45524
64690,53661
64691,40864
64692,43722
64693,40000
64694,64424
64695,74888
64696,40000
64697,59770
64698,60540
64699,89370
64700,55002
64701,47789
64702,46756
64703,47643
64704,55310
64705,40000
64706,46572
64707,51361
64708,40000
64709,61315
64710,40000
64711,58889
64712,42821
64713,72046
64714,60711
64715,40000
64716,73151
64717,52392
64718,40000
64719,40000
64720,48480
64721,44582
64722,44078
64723,40000
64724,57326
64725,40000
64726,40000
64727,40000
64728,43564
64729,56699
64730,40331
64731,40000
64732,44353
64733,40000
64734,55924
64735,40938
64736,51515
64737,43270
64738,40000
64739,76948
64740,54835
64741,46253
64742,51171
64743,61499
64744,40000
64745,88584
64746,58692
64747,42967
64748,43959
64749,63219
64750,60878
64751,59844
64752,61155
64753,40000
64754,60899
64755,59789
64756,60396
64757,40000
64758,67199
64759,40000
64760,76045
64761,48160
64762,58065
64763,40000
64764,40000
64765,40000
64766,66053
64767,40000
64768,40000
64769,59717
64770,67490
64771,50640
64772,70988
64773,51647
64774,40000
64775,40000
64776,54287
64777,62012
64778,40000
64779,99136
64780,61861
64781,53959
64782,42918
64783,61534
64784,40000
64785,44638
64786,40000
64787,40000
64788,41265
64789,40000
64790,59783
64791,95024
64792,68333
64793,49263
64794,57686
64795,40000
64796,66457
64797,40000
64798,50213
64799,53486
64800,55822
64801,49519
64802,49987
64803,40000
64804,51883
64805,69354
64806,78577
64807,40028
64808,55059
64809,57356
64810,52683
64811,58319
64812,43456
64813,96317
64814,49134
64815,50883
64816,50784
64817,63663
64818,56363
64819,40000
64820,67780
64821,49366
64822,40000
64823,62007
64824,40000
64825,40000
64826,40000
64827,49819
64828,61091
64829,40000
64830,40000
64831,41814
64832,66423
64833,40000
64834,91143
64835,40000
64836,52611
64837,58887
64838,87572
64839,72201
64840,57327
64841,62485
64842,40000
64843,40000
64844,40840
64845,65711
64846,57907
64847,63654
64848,60137
64849,42874
64850,53115
64851,45559
64852,65516
64853,47457
64854,80506
64855,50041
64856,65825
64857,53799
64858,40000
64859,40146
64860,95250
64861,60004
64862,49360
64863,40000
64864,48000
64865,40000
64866,40000
64867,40000
64868,83950
64869,44163
64870,69043
64871,54196
64872,40000
64873,59218
64874,41455
64875,40000
64876,40312
64877,91496
64878,40000
64879,40000
64880,50374
64881,46305
64882,77872
64883,46682
64884,40000
64885,58875
64886,45930
64887,40000
64888,40000
64889,64245
64890,40000
64891,59501
64892,47220
64893,65346
64894,49307
64895,40000
64896,40000
64897,72619
64898,40000
64899,69498
64900,46703
64901,61345
64902,86642
64903,77164
64904,41045
64905,40000
64906,48728
64907,45946
64908,62542
64909,76673
64910,52920
64911,73782
64912,54478
64913,79697
64914,40000
64915,55060
64916,65245
64917,40000
64918,40000
64919,40000
64920,74566
64921,40000
64922,72540
64923,40000
64924,40000
64925,40000
64926,40000
64927,40000
64928,40000
64929,91083
64930,84640
64931,79823
64932,75572
64933,68525
64934,91723
64935,50046
64936,60316
64937,40603
64938,60762
64939,40000
64940,40000
64941,40000
64942,65908
64943,54444
64944,83367
64945,41332
64946,40000
64947,45731
64948,40000
64949,40000
64950,45670
64951,85268
64952,49092
64953,69425
64954,62462
64955,49158
64956,53299
64957,40000
64958,105859
64959,40000
64960,63785
64961,56913
64962,69580
64963,40000
64964,40000
64965,68822
64966,46400
64967,63884
64968,40000
64969,40000
64970,72372
64971,83601
64972,40000
64973,40000
64974,40000
64975,43848
64976,40000
64977,40000
64978,40000
64979,54493
64980,40000
64981,40000
64982,54426
64983,70948
64984,40000
64985,50361
64986,40000
64987,54555
64988,50963
64989,78964
64990,55688
64991,40000
64992,40000
64993,69060
64994,40000
64995,40000
64996,46079
64997,81367
64998,89540
64999,82869
65000,43065
65001,52698
65002,45248
65003,68426
65004,40000
65005,75668
65006,73876
65007,40000
65008,49626
65009,51279
65010,40000
65011,40000
65012,68277
65013,54474
65014,58200
65015,40000
65016,43501
65017,59915
65018,65991
65019,71486
65020,40000
65021,44217
65022,43585
65023,40000
65024,51665
65025,52976
65026,56228
65027,40000
65028,89389
65029,40000
65030,43728
65031,40000
65032,40000
65033,48265
65034,54780
65035,40000
65036,66468
65037,40000
65038,40000
65039,80698
65040,51661
65041,44994
65042,61503
65043,40577
65044,53909
65045,44054
65046,45621
65047,67418
65048,45054
65049,57706
65050,48361
65051,54347
65052,40000
65053,40000
65054,40000
65055,51579
65056,49893
65057,40000
65058,63253
65059,53912
65060,47630
65061,40000
65062,66043
65063,40000
65064,54074
65065,75921
65066,45818
65067,55078
65068,43658
65069,53847
65070,40000
65071,55082
65072,54987
65073,45773
65074,66234
65075,63927
65076,40000
65077,101227
65078,49418
65079,40000
65080,70356
65081,68248
65082,40000
65083,78346
65084,40000
65085,49965
65086,64302
65087,54118
65088,50267
65089,82676
65090,43917
65091,62516
65092,40000
65093,40000
65094,48489
65095,83771
65096,61380
65097,79554
65098,40000
65099,72325
65100,49875
65101,77501
65102,40000
65103,86405
65104,61010
65105,49527
65106,40000
65107,97713
65108,40000
65109,45176
65110,46938
65111,47736
65112,48749
65113,52175
65114,40000
65115,40000
65116,51708
65117,46088
65118,67629
65119,40965
65120,57022
65121,85650
65122,49111
65123,47046
65124,41132
65125,47535
65126,40000
65127,52623
65128,40000
65129,40000
65130,40000
65131,101208
65132,77375
65133,58847
65134,74117
65135,53615
65136,60130
65137,100177
65138,55968
65139,42282
65140,51238
65141,73455
65142,40693
65143,41748
65144,63968
65145,40000
65146,40000
65147,92647
65148,83876
65149,51378
65150,70753
65151,61975
65152,80514
65153,40000
65154,47613
65155,40000
65156,65921
65157,65309
65158,59057
65159,40000
65160,61860
65161,45987
65162,40000
65163,47724
65164,41265
65165,58068
65166,44464
65167,65330
65168,40000
65169,46831
65170,42392
65171,71349
65172,40000
65173,75674
65174,40000
65175,82159
65176,42589
65177,40000
65178,40000
65179,40000
65180,46264
65181,47052
65182,58711
65183,67005
65184,45571
65185,51454
65186,59053
65187,40000
65188,43363
65189,76457
65190,58112
65191,65469
65192,50796
65193,40000
65194,40000
65195,67288
65196,48199
65197,43549
65198,40000
65199,78239
65200,67182
65201,42683
65202,44977
65203,50595
65204,40000
65205,54552
65206,50847
65207,61331
65208,40000
65209,53879
65210,59941
65211,75235
65212,78440
65213,54138
65214,40000
65215,57902
65216,40000
65217,41061
65218,40000
65219,66845
65220,56409
65221,61265
65222,69503
65223,40000
65224,66969
65225,68972
65226,53156
65227,59455
65228,44749
65229,40000
65230,40000
65231,64654
65232,59250
65233,43689
65234,45234
65235,49443
65236,40000
65237,41944
65238,41486
65239,62235
65240,40000
65241,40000
65242,40000
65243,55547
65244,50293
65245,44159
65246,78110
65247,76743
65248,40000
65249,47257
65250,48361
65251,43975
65252,54004
65253,40000
65254,40000
65255,40000
65256,69664
65257,53198
65258,64781
65259,40000
65260,40000
65261,40000
65262,53992
65263,40000
65264,49593
65265,40000
65266,40000
65267,84568
65268,41586
65269,40000
65270,40000
65271,73408
65272,48594
65273,40000
65274,40127
65275,52810
65276,80446
65277,81135
65278,47592
65279,62190
65280,79785
65281,40000
65282,40000
65283,47288
65284,51672
65285,40000
65286,78817
65287,40000
65288,43172
65289,48209
65290,60156
65291,63813
65292,43542
65293,49752
65294,40000
65295,50574
65296,40000
65297,41936
65298,60176
65299,40493
65300,40000
65301,89355
65302,60364
65303,52849
65304,57490
65305,63214
65306,65556
65307,40000
65308,40000
65309,61493
65310,45305
65311,58664
65312,46336
65313,62098
65314,41917
65315,40000
65316,40000
65317,50644
65318,54506
65319,67464
65320,40000
65321,68899
65322,78948
65323,52702
65324,73059
65325,80615
65326,40000
65327,51977
65328,40000
65329,81371
65330,48810
65331,56299
65332,47843
65333,58370
65334,40869
65335,58585
65336,40000
65337,40000
65338,49442
65339,69026
65340,63840
65341,61090
65342,65272
65343,56564
65344,72421
65345,57734
65346,69655
65347,40753
65348,56408
65349,65558
65350,43104
65351,75487
65352,81120
65353,61390
65354,40000
65355,40000
65356,44977
65357,69444
65358,40000
65359,40000
65360,65236
65361,50825
65362,76953
65363,59852
65364,71801
65365,51297
65366,40000
65367,54705
65368,40000
65369,40000
65370,66555
65371,82020
65372,72587
65373,40000
65374,40000
65375,40000
65376,64863
65377,52047
65378,77623
65379,40000
65380,40000
65381,84743
65382,52794
65383,90139
65384,40000
65385,44091
65386,62440
65387,40537
65388,54274
65389,55555
65390,46759
65391,54421
65392,68719
65393,40000
65394,80932
65395,58453
65396,74501
65397,63249
65398,47138
65399,80081
65400,61133
65401,56539
65402,40445
65403,40000
65404,59841
65405,73145
65406,41752
65407,65414
65408,81253
65409,40000
65410,56225
65411,49834
65412,40000
65413,40000
65414,95180
65415,40000
65416,45384
65417,40000
65418,40000
65419,40000
65420,40000
65421,48442
65422,63286
65423,40000
65424,50903
65425,51406
65426,57287
65427,46784
65428,82991
65429,40000
65430,55374
65431,58976
65432,56708
65433,57116
65434,63100
65435,40000
65436,46110
65437,47739
65438,54990
65439,57088
65440,41458
65441,40000
65442,40000
65443,40000
65444,41752
65445,71474
65446,58717
65447,40000
65448,80004
65449,54114
65450,75772
65451,40000
65452,62679
65453,40000
65454,65683
65455,49988
65456,64056
65457,40000
65458,53712
65459,79954
65460,40000
65461,43140
65462,40000
65463,45564
65464,40000
65465,40000
65466,49422
65467,63543
65468,40000
65469,52340
65470,40000
65471,40000
65472,51399
65473,64834
65474,89422
65475,61111
65476,40000
65477,42372
65478,68064
65479,56060
65480,46713
65481,40000
65482,61211
65483,65648
65484,40000
65485,99037
65486,40000
65487,54436
65488,40519
65489,40000
65490,52904
65491,93454
65492,84876
65493,57217
65494,54472
65495,40000
65496,53024
65497,40000
65498,54401
65499,51813
65500,69655
65501,50195
65502,40000
65503,40000
65504,72166
65505,46241
65506,49945
65507,67494
65508,40000
65509,67254
65510,52862
65511,61931
65512,69366
65513,40000
65514,78459
65515,58807
65516,66610
65517,40000
65518,99748
65519,40000
65520,59210
65521,40000
65522,58468
65523,45024
65524,40000
65525,89176
65526,40000
65527,89262
65528,56188
65529,75939
65530,40000
65531,40414
65532,45800
65533,40000
65534,40000
65535,40000
65536,65393
65537,55562
65538,40000
65539,60784
65540,40000
65541,55564
65542,58681
65543,40000
65544,76423
65545,62523
65546,45693
65547,71073
65548,47640
65549,52132
65550,40344
65551,40000
65552,52768
65553,40000
65554,53608
65555,44819
65556,58642
65557,40000
65558,40000
65559,65401
65560,87086
65561,40000
65562,60047
65563,43795
65564,49269
65565,51515
65566,67677
65567,40000
65568,44039
65569,53205
65570,40000
65571,58932
65572,43575
65573,54909
65574,50204
65575,58488
65576,40590
65577,46780
65578,40000
65579,55323
65580,62836
65581,76911
65582,45041
65583,72824
65584,67730
65585,55431
65586,43389
65587,68982
65588,46814
65589,40000
65590,84922
65591,75201
65592,46979
65593,64784
65594,40000
65595,51388
65596,44609
65597,40000
65598,49222
65599,61010
65600,68397
65601,76334
65602,50419
65603,40000
65604,48007
65605,44011
65606,55471
65607,65083
65608,40000
65609,40000
65610,40000
65611,50031
65612,49017
65613,55166
65614,61889
65615,40000
65616,43470
65617,40000
65618,40000
65619,40705
65620,77347
65621,40000
65622,40000
65623,41873
65624,42569
65625,53988
65626,40000
65627,63323
65628,40000
65629,40000
65630,68329
65631,52770
65632,68905
65633,50225
65634,40000
65635,96932
65636,40000
65637,40000
65638,42929
65639,58375
65640,73932
65641,40000
65642,53079
65643,40000
65644,56981
65645,78059
65646,52157
65647,45079
65648,72315
65649,50269
65650,51926
65651,76961
65652,40000
65653,40000
65654,76186
65655,40000
65656,59373
65657,74120
65658,40369
65659,40000
65660,40000
65661,40000
65662,84068
65663,50166
65664,58311
65665,66596
65666,63778
65667,42192
65668,47488
65669,51364
65670,40945
65671,66379
65672,50493
65673,40000
65674,64477
65675,40000
65676,40000
65677,43263
65678,66238
65679,47566
65680,45140
65681,48974
65682,40000
65683,41169
65684,58202
65685,40917
65686,49091
65687,40000
65688,57265
65689,50900
65690,40000
65691,60951
65692,46211
65693,40000
65694,46403
65695,54550
65696,63781
65697,42032
65698,40000
65699,65456
65700,49103
65701,40000
65702,40000
65703,44751
65704,40000
65705,40000
65706,40000
65707,40000
65708,54121
65709,41403
65710,47717
65711,46032
65712,41072
65713,40000
65714,40000
65715,47221
65716,40000
65717,43859
65718,40096
65719,42585
65720,59725
65721,56679
65722,55253
65723,48710
65724,71202
65725,87709
65726,40000
65727,50282
65728,40000
65729,52794
65730,46837
65731,58824
65732,40000
65733,87798
65734,40000
65735,40000
65736,76277
65737,74804
65738,40000
65739,46505
65740,76120
65741,86101
65742,40000
65743,55836
65744,64531
65745,50320
65746,72739
65747,64043
65748,46636
65749,45801
65750,43587
65751,40000
65752,43286
65753,45661
65754,44493
65755,43983
65756,40000
65757,61155
65758,42943
65759,40000
65760,49196
65761,40000
65762,40000
65763,55052
65764,46557
65765,58353
65766,40000
65767,75051
65768,40000
65769,43732
65770,40000
65771,40000
65772,54003
65773,50030
65774,61258
65775,40000
65776,43536
65777,40000
65778,48889
65779,80188
65780,47198
65781,68051
65782,52222
65783,58245
65784,50250
65785,42761
65786,48372
65787,66634
65788,40000
65789,47407
65790,40000
65791,40000
65792,100439
65793,49418
65794,47540
65795,65872
65796,40000
65797,100997
65798,50606
65799,51282
65800,40000
65801,40000
65802,67753
65803,40000
65804,40000
65805,62385
65806,40000
65807,46313
65808,57424
65809,48940
65810,43626
65811,44042
65812,40000
65813,104824
65814,64564
65815,52903
65816,40000
65817,40000
65818,53023
65819,94232
65820,42928
65821,52312
65822,77256
65823,49275
65824,70187
65825,40000
65826,40000
65827,40000
65828,75791
65829,40000
65830,52717
65831,63170
65832,70859
65833,51626
65834,40000
65835,85629
65836,40121
65837,40000
65838,40000
65839,51247
65840,43394
65841,40000
65842,67655
65843,40000
65844,40000
65845,62697
65846,40000
65847,73261
65848,40000
65849,71398
65850,40000
65851,45782
65852,78842
65853,57915
65854,40000
65855,40000
65856,45360
65857,70525
65858,40189
65859,50534
65860,40000
65861,49396
65862,63909
65863,55896
65864,86621
65865,44606
65866,40000
65867,85417
65868,51306
65869,45163
65870,46001
65871,40000
65872,52924
65873,40000
65874,52097
65875,40000
65876,74425
65877,40000
65878,40000
65879,52558
65880,40000
65881,40000
65882,42349
65883,93721
65884,52164
65885,75423
65886,40000
65887,52807
65888,71315
65889,40000
65890,40000
65891,51013
65892,76275
65893,74343
65894,99265
65895,44745
65896,40000
65897,40000
65898,40000
65899,49908
65900,40000
65901,69325
65902,40000
65903,75213
65904,40000
65905,71332
65906,64780
65907,73974
65908,61621
65909,40000
65910,58437
65911,44060
65912,95771
65913,58410
65914,40000
65915,40000
65916,80302
65917,43945
65918,47096
65919,44382
65920,40389
65921,43241
65922,66570
65923,45416
65924,60968
65925,63645
65926,49254
65927,41170
65928,46591
65929,40051
65930,61538
65931,75640
65932,58650
65933,51699
65934,43839
65935,64825
65936,40000
65937,40000
65938,49963
65939,47003
65940,40000
65941,54960
65942,74111
65943,54396
65944,41287
65945,82661
65946,63545
65947,55040
65948,40000
65949,66456
65950,51844
65951,54715
65952,72706
65953,41925
65954,84412
65955,87578
65956,40000
65957,40000
65958,60448
65959,40000
65960,40000
65961,49057
65962,44710
65963,59803
65964,40000
65965,55761
65966,93229
65967,40000
65968,40241
65969,77291
65970,40000
65971,60292
65972,56871
65973,53626
65974,64809
65975,73055
65976,45568
65977,40000
65978,49877
65979,58638
65980,58429
65981,40000
65982,42550
65983,40000
65984,54169
65985,44342
65986,43631
65987,63975
65988,40000
65989,40000
65990,40000
65991,50179
65992,52553
65993,63172
65994,56012
65995,55572
65996,41361
65997,49768
65998,85937
65999,40000
66000,53014
66001,40000
66002,60558
66003,40000
66004,48901
66005,54897
66006,57616
66007,86304
66008,44164
66009,40000
66010,50823
66011,72389
66012,40000
66013,71938
66014,40000
66015,46625
66016,72472
66017,64270
66018,40000
66019,56619
66020,40000
66021,53402
66022,42708
66023,48018
66024,40000
66025,49577
66026,84286
66027,51942
66028,46825
66029,40000
66030,71586
66031,40000
66032,49472
66033,40000
66034,40000
66035,40000
66036,79086
66037,40000
66038,40000
66039,75671
66040,66572
66041,68459
66042,54555
66043,40000
66044,49499
66045,40000
66046,71043
66047,57423
66048,60823
66049,61035
66050,68947
66051,63168
66052,69002
66053,40000
66054,60906
66055,40614
66056,50732
66057,49769
66058,40000
66059,64571
66060,40000
66061,71686
66062,55543
66063,47839
66064,40000
66065,57280
66066,40000
66067,68695
66068,50943
66069,83283
66070,63149
66071,40000
66072,42274
66073,54058
66074,61519
66075,43890
66076,46838
66077,60982
66078,40000
66079,60155
66080,48608
66081,40000
66082,45610
66083,89506
66084,40000
66085,58412
66086,57240
66087,59115
66088,47200
66089,72644
66090,99579
66091,66984
66092,72482
66093,62188
66094,63459
66095,40000
66096,55389
66097,55259
66098,51145
66099,69425
66100,40000
66101,44176
66102,53087
66103,63781
66104,40000
66105,40000
66106,75160
66107,40000
66108,66480
66109,46455
66110,40000
66111,63173
66112,51206
66113,61011
66114,40000
66115,54348
66116,40000
66117,46730
66118,63670
66119,61220
66120,50066
66121,51293
66122,52313
66123,47981
66124,40000
66125,44301
66126,64596
66127,40000
66128,40000
66129,56996
66130,40000
66131,57171
66132,57089
66133,50943
66134,61910
66135,72785
66136,55603
66137,67805
66138,66956
66139,40000
66140,66201
66141,69464
66142,59651
66143,54757
66144,91596
66145,40000
66146,40000
66147,80074
66148,45983
66149,40000
66150,71338
66151,45621
66152,73549
66153,87633
66154,40000
66155,62557
66156,92268
66157,44457
66158,40000
66159,54699
66160,42358
66161,40000
66162,50091
66163,51474
66164,83536
66165,40000
66166,40000
66167,40000
66168,48078
66169,40000
66170,81664
66171,52908
66172,78741
66173,40000
66174,70350
66175,40000
66176,67600
66177,40000
66178,54643
66179,40000
66180,40000
66181,99853
66182,40000
66183,40000
66184,40000
66185,66632
66186,40000
66187,55259
66188,64276
66189,40000
66190,61993
66191,40000
66192,84517
66193,40000
66194,47751
66195,66305
66196,40000
66197,56758
66198,40000
66199,54959
66200,40000
66201,46033
66202,51614
66203,50035
66204,47870
66205,55476
66206,40000
66207,69461
66208,44413
66209,40000
66210,62986
66211,40000
66212,52860
66213,40000
66214,57684
66215,40000
66216,41171
66217,75004
66218,40000
66219,47485
66220,47809
66221,72314
66222,68306
66223,43593
66224,57543
66225,61054
66226,60584
66227,49150
66228,49435
66229,75284
66230,40000
66231,43199
66232,52491
66233,40000
66234,73344
66235,45406
66236,58021
66237,51805
66238,40000
66239,40000
66240,53013
66241,77288
66242,63991
66243,40000
66244,44613
66245,42671
66246,40000
66247,40000
66248,52455
66249,56558
66250,46182
66251,68725
66252,57998
66253,41008
66254,69979
66255,40000
66256,74185
66257,82211
66258,40000
66259,40000
66260,40000
66261,79265
66262,69107
66263,40000
66264,45455
66265,40000
66266,56197
66267,61925
66268,41621
66269,40000
66270,58243
66271,40000
66272,65549
66273,97342
66274,47720
66275,40000
66276,48399
66277,40000
66278,52252
66279,74789
66280,40000
66281,54518
66282,40000
66283,40000
66284,40000
66285,40000
66286,52448
66287,71024
66288,40000
66289,75519
66290,40000
66291,47774
66292,44808
66293,40000
66294,45486
66295,52410
66296,49732
66297,40000
66298,89259
66299,42852
66300,40000
66301,55440
66302,40000
66303,41403
66304,45984
66305,42570
66306,40000
66307,40000
66308,76422
66309,40000
66310,61846
66311,80404
66312,75395
66313,40000
66314,40000
66315,46489
66316,65008
66317,48959
66318,43951
66319,65235
66320,40000
66321,56561
66322,70014
66323,40000
66324,50530
66325,53860
66326,50245
66327,45820
66328,40000
66329,41879
66330,47734
66331,59199
66332,53969
66333,40000
66334,40000
66335,40000
66336,41301
66337,40000
66338,64966
66339,44341
66340,72723
66341,46605
66342,49039
66343,97405
66344,40000
66345,73808
66346,55755
66347,54454
66348,48548
66349,53101
66350,63606
66351,49817
66352,40020
66353,40000
66354,40000
66355,40000
66356,69641
66357,55288
66358,40000
66359,40000
66360,43172
66361,45648
66362,51892
66363,45388
66364,54518
66365,109934
66366,58466
66367,69919
66368,40000
66369,45270
66370,43307
66371,47912
66372,48433
66373,56440
66374,78924
66375,40908
66376,53900
66377,60999
66378,43288
66379,56729
66380,40000
66381,40000
66382,55428
66383,40000
66384,55859
66385,71839
66386,40000
66387,60859
66388,43938
66389,48805
66390,42006
66391,40000
66392,40000
66393,40000
66394,70661
66395,44848
66396,40000
66397,62688
66398,56503
66399,82496
66400,40644
66401,65166
66402,40000
66403,73885
66404,82027
66405,40000
66406,40000
66407,63018
66408,59835
66409,45069
66410,84458
66411,59910
66412,71416
66413,40000
66414,44588
66415,40000
66416,67285
66417,43165
66418,40000
66419,40000
66420,40777
66421,53193
66422,59055
66423,46754
66424,41930
66425,57825
66426,53493
66427,78800
66428,40000
66429,40000
66430,100242
66431,90223
66432,47159
66433,98420
66434,40000
66435,40521
66436,50139
66437,40571
66438,40000
66439,40000
66440,40000
66441,83925
66442,50541
66443,65324
66444,53068
66445,82921
66446,54228
66447,45183
66448,51470
66449,48746
66450,74855
66451,55478
66452,62044
66453,77830
66454,40000
66455,70674
66456,55266
66457,41348
66458,61730
66459,40000
66460,40000
66461,83510
66462,49488
66463,40069
66464,53780
66465,40000
66466,40000
66467,40000
66468,69200
66469,46012
66470,72253
66471,72921
66472,40000
66473,46809
66474,54086
66475,40000
66476,58392
66477,54869
66478,40000
66479,57516
66480,49021
66481,56223
66482,51276
66483,54722
66484,56017
66485,40000
66486,49737
66487,40000
66488,71262
66489,71021
66490,40000
66491,40000
66492,40000
66493,40000
66494,80412
66495,40000
66496,66337
66497,40000
66498,40000
66499,51194
66500,79585
66501,84275
66502,40000
66503,73372
66504,50375
66505,46606
66506,56669
66507,40774
66508,50587
66509,40000
66510,43220
66511,45584
66512,60623
66513,44598
66514,57767
66515,83144
66516,40000
66517,50627
66518,43805
66519,62188
66520,40000
66521,40000
66522,40604
66523,40000
66524,40000
66525,78904
66526,40000
66527,40000
66528,62836
66529,45118
66530,40000
66531,40000
66532,55324
66533,49349
66534,40000
66535,49271
66536,45280
66537,54769
66538,71061
66539,73498
66540,47732
66541,53436
66542,45066
66543,44872
66544,47020
66545,77165
66546,68434
66547,83148
66548,63501
66549,40000
66550,40000
66551,54562
66552,40000
66553,40000
66554,40000
66555,44173
66556,57942
66557,40000
66558,51670
66559,61769
66560,42133
66561,78005
66562,40000
66563,60488
66564,72207
66565,40000
66566,68340
66567,40000
66568,40000
66569,40000
66570,42621
66571,40000
66572,45235
66573,44173
66574,75191
66575,69107
66576,53385
66577,40000
66578,83109
66579,40000
66580,40000
66581,40000
66582,40000
66583,51895
66584,74786
66585,55542
66586,63700
66587,40000
66588,66371
66589,64957
66590,58202
66591,66788
66592,45042
66593,70353
66594,47771
66595,64779
66596,46702
66597,40000
66598,74270
66599,41946
66600,59122
66601,52414
66602,79245
66603,40000
66604,40000
66605,78878
66606,40000
66607,45639
66608,52846
66609,42288
66610,46546
66611,48802
66612,42384
66613,40000
66614,40000
66615,40000
66616,56750
66617,58652
66618,40837
66619,44759
66620,52702
66621,40000
66622,55350
66623,40000
66624,56380
66625,40000
66626,80747
66627,40000
66628,40000
66629,42382
66630,60480
66631,45721
66632,62097
66633,40000
66634,40000
66635,66128
66636,40454
66637,66755
66638,40000
66639,48253
66640,51370
66641,40000
66642,51655
66643,41133
66644,47645
66645,43988
66646,50529
66647,40000
66648,62196
66649,87220
66650,47301
66651,53091
66652,40000
66653,57079
66654,40971
66655,40000
66656,69156
66657,53523
66658,73037
66659,40457
66660,52119
66661,49808
66662,40000
66663,59443
66664,40000
66665,63301
66666,49254
66667,40909
66668,40000
66669,40000
66670,50923
66671,40000
66672,40000
66673,40000
66674,51961
66675,70447
66676,43480
66677,67794
66678,60760
66679,55029
66680,40000
66681,40000
66682,54715
66683,45254
66684,53249
66685,46165
66686,40000
66687,75962
66688,47518
66689,81215
66690,45969
66691,44960
66692,55587
66693,40000
66694,40000
66695,44669
66696,40000
66697,40000
66698,61299
66699,40000
66700,50431
66701,49726
66702,52161
66703,86058
66704,54259
66705,52573
66706,40000
66707,79853
66708,40000
66709,55936
66710,40000
66711,48589
66712,41251
66713,52499
66714,55564
66715,50906
66716,57224
66717,54839
66718,52549
66719,51123
66720,44085
66721,40000
66722,40000
66723,70377
66724,40000
66725,57652
66726,40000
66727,73178
66728,57520
66729,53219
66730,40000
66731,48476
66732,49677
66733,73656
66734,58070
66735,54837
66736,75108
66737,56567
66738,41226
66739,40000
66740,62818
66741,58185
66742,47882
66743,50402
66744,40000
66745,90485
66746,40000
66747,44372
66748,58444
66749,53677
66750,69795
66751,40000
66752,61329
66753,40000
66754,40000
66755,50422
66756,77856
66757,46812
66758,69621
66759,51420
66760,52942
66761,47173
66762,41336
66763,63967
66764,80146
66765,68710
66766,40000
66767,40000
66768,53944
66769,52800
66770,50283
66771,76781
66772,72426
66773,84804
66774,40000
66775,47616
66776,54729
66777,40000
66778,40682
66779,40642
66780,54029
66781,57985
66782,52621
66783,45248
66784,58146
66785,61917
66786,40553
66787,86950
66788,49204
66789,81298
66790,40000
66791,40000
66792,47406
66793,108972
66794,40000
66795,63969
66796,40000
66797,42210
66798,51896
66799,61722
66800,81025
66801,43258
66802,40696
66803,40000
66804,44518
66805,53880
66806,66063
66807,50982
66808,53381
66809,40000
66810,103448
66811,89911
66812,40000
66813,40000
66814,63906
66815,51203
66816,95357
66817,53465
66818,40000
66819,40000
66820,40000
66821,102302
66822,58365
66823,40000
66824,40000
66825,40000
66826,40000
66827,105023
66828,62909
66829,41656
66830,71272
66831,46874
66832,76476
66833,59998
66834,42434
66835,61723
66836,40000
66837,73611
66838,43453
66839,40169
66840,52425
66841,84364
66842,41286
66843,50088
66844,43901
66845,40000
66846,40000
66847,44350
66848,40000
66849,40000
66850,58408
66851,48823
66852,50798
66853,69599
66854,71741
66855,45948
66856,40000
66857,40000
66858,60632
66859,40425
66860,54993
66861,84476
66862,80625
66863,40000
66864,42508
66865,81996
66866,56785
66867,45197
66868,52004
66869,40000
66870,46533
66871,60999
66872,70549
66873,40000
66874,40000
66875,40396
66876,54943
66877,72231
66878,40000
66879,40000
66880,40000
66881,60853
66882,40000
66883,44178
66884,87750
66885,40000
66886,40000
66887,59608
66888,53043
66889,40000
66890,59210
66891,71237
66892,58900
66893,52918
66894,47651
66895,40000
66896,40000
66897,40000
66898,40000
66899,45456
66900,64531
66901,40000
66902,40000
66903,56492
66904,40000
66905,63597
66906,85897
66907,40000
66908,40000
66909,40000
66910,76481
66911,72534
66912,52654
66913,40000
66914,40000
66915,40000
66916,40000
66917,40000
66918,40566
66919,67000
66920,59269
66921,45905
66922,57364
66923,63463
66924,48495
66925,62532
66926,49692
66927,52371
66928,70882
66929,40000
66930,80113
66931,61328
66932,48132
66933,59230
66934,40000
66935,65480
66936,53393
66937,53428
66938,40000
66939,42108
66940,64766
66941,65816
66942,40000
66943,69234
66944,40000
66945,74549
66946,50943
66947,40000
66948,40313
66949,61444
66950,49697
66951,54645
66952,40000
66953,96912
66954,97945
66955,63931
66956,53412
66957,40000
66958,47857
66959,52872
66960,77020
66961,67854
66962,40000
66963,52751
66964,71638
66965,58342
66966,40427
66967,40000
66968,76425
66969,40000
66970,59210
66971,40000
66972,64502
66973,48899
66974,40000
66975,49933
66976,53639
66977,43406
66978,40000
66979,40000
66980,61357
66981,41159
66982,40000
66983,48546
66984,41604
66985,62299
66986,40000
66987,84438
66988,43796
66989,69687
66990,81316
66991,51285
66992,40000
66993,50737
66994,57175
66995,50681
66996,40000
66997,48079
66998,40000
66999,60737
67000,40000
67001,108069
67002,40000
67003,55226
67004,55103
67005,56760
67006,40000
67007,66686
67008,40000
67009,40000
67010,61851
67011,43853
67012,40000
67013,93197
67014,59338
67015,40000
67016,72577
67017,40092
67018,49715
67019,46137
67020,62779
67021,62949
67022,54869
67023,42050
67024,50180
67025,84060
67026,59040
67027,52802
67028,41321
67029,50518
67030,51748
67031,55987
67032,42564
67033,62407
67034,40000
67035,67928
67036,53295
67037,40004
67038,55032
67039,43158
67040,40000
67041,40000
67042,63339
67043,40123
67044,57336
67045,40000
67046,40000
67047,92592
67048,48201
67049,40000
67050,57370
67051,48047
67052,46372
67053,60681
67054,81624
67055,67277
67056,40000
67057,53865
67058,52467
67059,75388
67060,65313
67061,54912
67062,40000
67063,52941
67064,47705
67065,58077
67066,46143
67067,69505
67068,74751
67069,40000
67070,40000
67071,41735
67072,54543
67073,93866
67074,40000
67075,40000
67076,40000
67077,55388
67078,49296
67079,40000
67080,41140
67081,40000
67082,40000
67083,76360
67084,59309
67085,54350
67086,80129
67087,43198
67088,47314
67089,41442
67090,56439
67091,40000
67092,40000
67093,40000
67094,97987
67095,52674
67096,61257
67097,66732
67098,40000
67099,65538
67100,61616
67101,62498
67102,53205
67103,49500
67104,45057
67105,40000
67106,57321
67107,40000
67108,40000
67109,69373
67110,53290
67111,40000
67112,66242
67113,49378
67114,52359
67115,40000
67116,40665
67117,57227
67118,53519
67119,40000
67120,40000
67121,73368
67122,63835
67123,43117
67124,75608
67125,40000
67126,40000
67127,77448
67128,40000
67129,42719
67130,40000
67131,43188
67132,64934
67133,40000
67134,50091
67135,47076
67136,62755
67137,51513
67138,40000
67139,97033
67140,44648
67141,71167
67142,72335
67143,48763
67144,40000
67145,58567
67146,84628
67147,40000
67148,52010
67149,40970
67150,40000
67151,57566
67152,54365
67153,40000
67154,40074
67155,45821
67156,40000
67157,40000
67158,69109
67159,59380
67160,49438
67161,78049
67162,64497
67163,40000
67164,40000
67165,69164
67166,52951
67167,46354
67168,56539
67169,40000
67170,40000
67171,81475
67172,99412
67173,56464
67174,52585
67175,45598
67176,45237
67177,43857
67178,40000
67179,48772
67180,47746
67181,78270
67182,43396
67183,40000
67184,40000
67185,67202
67186,45621
67187,40000
67188,53122
67189,63895
67190,79267
67191,40000
67192,87464
67193,46914
67194,40000
67195,47951
67196,40000
67197,77341
67198,61371
67199,88658
67200,55297
67201,40000
67202,51689
67203,55755
67204,73973
67205,40000
67206,40000
67207,40000
67208,40000
67209,66270
67210,85150
67211,78737
67212,40000
67213,48628
67214,56489
67215,43789
67216,49235
67217,76947
67218,40000
67219,98913
67220,91433
67221,76606
67222,40000
67223,69081
67224,62949
67225,47152
67226,53061
67227,40000
67228,57842
67229,51302
67230,55143
67231,40000
67232,40000
67233,46571
67234,71507
67235,40000
67236,46524
67237,74640
67238,83841
67239,40000
67240,40118
67241,40000
67242,40000
67243,45818
67244,51420
67245,40000
67246,51130
67247,58154
67248,56056
67249,40000
67250,40000
67251,41390
67252,55123
67253,40000
67254,60535
67255,67537
67256,40000
67257,61792
67258,40000
67259,51588
67260,53227
67261,40000
67262,40000
67263,49034
67264,40000
67265,40000
67266,40000
67267,52153
67268,43835
67269,54027
67270,50146
67271,40000
67272,45253
67273,56044
67274,40000
67275,79331
67276,43886
67277,100414
67278,44431
67279,40000
67280,40000
67281,40000
67282,79342
67283,41681
67284,65890
67285,42463
67286,85252
67287,40000
67288,76912
67289,40000
67290,40000
67291,40000
67292,43514
67293,53705
67294,40000
67295,54607
67296,40000
67297,40000
67298,63347
67299,40000
67300,40000
67301,80777
67302,40000
67303,65277
67304,48761
67305,40000
67306,40000
67307,51417
67308,76699
67309,49990
67310,59708
67311,63873
67312,55299
67313,40000
67314,40000
67315,40000
67316,63222
67317,75360
67318,40000
67319,42410
67320,89952
67321,42532
67322,67688
67323,40000
67324,46464
67325,40000
67326,40000
67327,40000
67328,68395
67329,52883
67330,61830
67331,70220
67332,40000
67333,40963
67334,65202
67335,64871
67336,40000
67337,84734
67338,50909
67339,66864
67340,40000
67341,40000
67342,71030
67343,40000
67344,77462
67345,60971
67346,40000
67347,60691
67348,40749
67349,65387
67350,40000
67351,55682
67352,52072
67353,40821
67354,63210
67355,48336
67356,45076
67357,40230
67358,40000
67359,70654
67360,80698
67361,59398
67362,40000
67363,48272
67364,57847
67365,46354
67366,49750
67367,77782
67368,73876
67369,40000
67370,43052
67371,40000
67372,40000
67373,46891
67374,50417
67375,40000
67376,43273
67377,40000
67378,47980
67379,44380
67380,61471
67381,42660
67382,63552
67383,45328
67384,40000
67385,48631
67386,47353
67387,40000
67388,40000
67389,58133
67390,40000
67391,61168
67392,40000
67393,58696
67394,40000
67395,40000
67396,40881
67397,40000
67398,57171
67399,70039
67400,81841
67401,67955
67402,61864
67403,55299
67404,45835
67405,40000
67406,79122
67407,54064
67408,44420
67409,40000
67410,42168
67411,68395
67412,55774
67413,92081
67414,40990
67415,40000
67416,45442
67417,59765
67418,40000
67419,66731
67420,58303
67421,40000
67422,40000
67423,40000
67424,57418
67425,42300
67426,40000
67427,64480
67428,40000
67429,66233
67430,65738
67431,64999
67432,40000
67433,40000
67434,68833
67435,40000
67436,57724
67437,40000
67438,40000
67439,99611
67440,40000
67441,46464
67442,60087
67443,68198
67444,47283
67445,62286
67446,53188
67447,58508
67448,67571
67449,71646
67450,77206
67451,46580
67452,40000
67453,53414
67454,60019
67455,65296
67456,74064
67457,73568
67458,53800
67459,87382
67460,66336
67461,59288
67462,40000
67463,56336
67464,55359
67465,57690
67466,60513
67467,56944
67468,40000
67469,40000
67470,40000
67471,60428
67472,46241
67473,40000
67474,40000
67475,56875
67476,40000
67477,58087
67478,47240
67479,40000
67480,41171
67481,58225
67482,40000
67483,66835
67484,53526
67485,62424
67486,63021
67487,41779
67488,40000
67489,40000
67490,60446
67491,77088
67492,53738
67493,40000
67494,72345
67495,87387
67496,81571
67497,61083
67498,40000
67499,40000
67500,53652
67501,40000
67502,40000
67503,40000
67504,42002
67505,40000
67506,58501
67507,40000
67508,59415
67509,53094
67510,48608
67511,40000
67512,93694
67513,60541
67514,40000
67515,65165
67516,51451
67517,46650
67518,43311
67519,48755
67520,62863
67521,40000
67522,76336
67523,44111
67524,43624
67525,46943
67526,44569
67527,40728
67528,59706
67529,45779
67530,70487
67531,40000
67532,40000
67533,46236
67534,40000
67535,53218
67536,56936
67537,68252
67538,40000
67539,82221
67540,40000
67541,66231
67542,42852
67543,42648
67544,40000
67545,43316
67546,40000
67547,47437
67548,40000
67549,40000
67550,69940
67551,40000
67552,40905
67553,66416
67554,41865
67555,71312
67556,40000
67557,47112
67558,40000
67559,53200
67560,60535
67561,64847
67562,40000
67563,45824
67564,40000
67565,71262
67566,75943
67567,53312
67568,40000
67569,65855
67570,79607
67571,40000
67572,40000
67573,40000
67574,40000
67575,41667
67576,68783
67577,58055
67578,57542
67579,63808
67580,40000
67581,40000
67582,47544
67583,41905
67584,49746
67585,43124
67586,40000
67587,40000
67588,51183
67589,40000
67590,45071
67591,40000
67592,56975
67593,42038
67594,49158
67595,59969
67596,75767
67597,83778
67598,40000
67599,40000
67600,41047
67601,44041
67602,55006
67603,82015
67604,40000
67605,40000
67606,71646
67607,65169
67608,65536
67609,58305
67610,67944
67611,57523
67612,41936
67613,44582
67614,44382
67615,71079
67616,59152
67617,40399
67618,48361
67619,63827
67620,62744
67621,40000
67622,49389
67623,41933
67624,40000
67625,64705
67626,44882
67627,40000
67628,55169
67629,55819
67630,64665
67631,40907
67632,40000
67633,65291
67634,60307
67635,43788
67636,40000
67637,53586
67638,40000
67639,60716
67640,40000
67641,51696
67642,40000
67643,72726
67644,45765
67645,57966
67646,40166
67647,40000
67648,40000
67649,40000
67650,42512
67651,70174
67652,51557
67653,49386
67654,69751
67655,60866
67656,40000
67657,53972
67658,40000
67659,58564
67660,85785
67661,67864
67662,113007
67663,49007
67664,61472
67665,75666
67666,48917
67667,40000
67668,54830
67669,52993
67670,40000
67671,67602
67672,50006
67673,63075
67674,43932
67675,42889
67676,51450
67677,81635
67678,63151
67679,87676
67680,62082
67681,54533
67682,47969
67683,44038
67684,40000
67685,78470
67686,64939
67687,54965
67688,40000
67689,59857
67690,71303
67691,40000
67692,40000
67693,47520
67694,54971
67695,77290
67696,47166
67697,40000
67698,78211
67699,75663
67700,71584
67701,40000
67702,84301
67703,49452
67704,43629
67705,67943
67706,75738
67707,40000
67708,84856
67709,49191
67710,70103
67711,41914
67712,40000
67713,57136
67714,53826
67715,40000
67716,55199
67717,40000
67718,40000
67719,56732
67720,52468
67721,40000
67722,46653
67723,40000
67724,48116
67725,63320
67726,40000
67727,40000
67728,57269
67729,40000
67730,43222
67731,71105
67732,40000
67733,44046
67734,65693
67735,40000
67736,61830
67737,40684
67738,88022
67739,52925
67740,42141
67741,58417
67742,41346
67743,40000
67744,40000
67745,53016
67746,60586
67747,72529
67748,46992
67749,60829
67750,40000
67751,91910
67752,64979
67753,61235
67754,40000
67755,66313
67756,61406
67757,45164
67758,47165
67759,48894
67760,40000
67761,40000
67762,43430
67763,40000
67764,56482
67765,50387
67766,48844
67767,40000
67768,62863
67769,40000
67770,40000
67771,40000
67772,66405
67773,40000
67774,40000
67775,40000
67776,92931
67777,63233
67778,79648
67779,70776
67780,48214
67781,43321
67782,47724
67783,70931
67784,77837
67785,40000
67786,71101
67787,45453
67788,86678
67789,77194
67790,40000
67791,56972
67792,70853
67793,49105
67794,40000
67795,52819
67796,40000
67797,40000
67798,40280
67799,48111
67800,46167
67801,71079
67802,96932
67803,55011
67804,62747
67805,62524
67806,40739
67807,53000
67808,40000
67809,87651
67810,40000
67811,70180
67812,40000
67813,44188
67814,63453
67815,47975
67816,40000
67817,40000
67818,56949
67819,40000
67820,50975
67821,47131
67822,43474
67823,55990
67824,62007
67825,40000
67826,62803
67827,41259
67828,40000
67829,40000
67830,55846
67831,40000
67832,60184
67833,66291
67834,43322
67835,58660
67836,48562
67837,64453
67838,40000
67839,40046
67840,59246
67841,59329
67842,68169
67843,40000
67844,40000
67845,70932
67846,70981
67847,88135
67848,40000
67849,40000
67850,48917
67851,67139
67852,40000
67853,40000
67854,44894
67855,40000
67856,65662
67857,40000
67858,40000
67859,40000
67860,67816
67861,63275
67862,75455
67863,42473
67864,40000
67865,65738
67866,40000
67867,40000
67868,42911
67869,46347
67870,47006
67871,40000
67872,61391
67873,57958
67874,42384
67875,63880
67876,40000
67877,50142
67878,90189
67879,40000
67880,60567
67881,72332
67882,85854
67883,55667
67884,48565
67885,40000
67886,75912
67887,43759
67888,72067
67889,42132
67890,58740
67891,61645
67892,53910
67893,40000
67894,51458
67895,40000
67896,47155
67897,40000
67898,40000
67899,46873
67900,68382
67901,50293
67902,40000
67903,68913
67904,40000
67905,40000
67906,55655
67907,53638
67908,50276
67909,55500
67910,55751
67911,59050
67912,46074
67913,49153
67914,47976
67915,49179
67916,47741
67917,56986
67918,45171
67919,58243
67920,40000
67921,42241
67922,44023
67923,57224
67924,40000
67925,40000
67926,42313
67927,40464
67928,40000
67929,40000
67930,82158
67931,40000
67932,40000
67933,52211
67934,54347
67935,40000
67936,40000
67937,46209
67938,54781
67939,46847
67940,79694
67941,61461
67942,40000
67943,44454
67944,42199
67945,40018
67946,40000
67947,90343
67948,40274
67949,40000
67950,94442
67951,56385
67952,40000
67953,77714
67954,40000
67955,89339
67956,71601
67957,42659
67958,56018
67959,50247
67960,48931
67961,62483
67962,66312
67963,53102
67964,51900
67965,40657
67966,71280
67967,40000
67968,49587
67969,40000
67970,82596
67971,61240
67972,40000
67973,43085
67974,53314
67975,40000
67976,43552
67977,59880
67978,104507
67979,48186
67980,75684
67981,40000
67982,41097
67983,40912
67984,44127
67985,42826
67986,46249
67987,61903
67988,40000
67989,67666
67990,48789
67991,40000
67992,40000
67993,77168
67994,56017
67995,57015
67996,46656
67997,40000
67998,40000
67999,101561
68000,67482
68001,40000
68002,66228
68003,40000
68004,45184
68005,56329
68006,83254
68007,43819
68008,40000
68009,42654
68010,40000
68011,40000
68012,48294
68013,45471
68014,67511
68015,40000
68016,68303
68017,40000
68018,40000
68019,40000
68020,40000
68021,64788
68022,40000
68023,41347
68024,47901
68025,79938
68026,50822
68027,40867
68028,72953
68029,44319
68030,50579
68031,68504
68032,79474
68033,66334
68034,40000
68035,40582
68036,41720
68037,40000
68038,73542
68039,40000
68040,74075
68041,46398
68042,68180
68043,40000
68044,40822
68045,40000
68046,40000
68047,53739
68048,40000
68049,79514
68050,61204
68051,40000
68052,62660
68053,49525
68054,40000
68055,52916
68056,70450
68057,40000
68058,98108
68059,40000
68060,54908
68061,64222
68062,58402
68063,43681
68064,45287
68065,68496
68066,80099
68067,43564
68068,70247
68069,40000
68070,69739
68071,62997
68072,51504
68073,56806
68074,45258
68075,40787
68076,40000
68077,73708
68078,60832
68079,40000
68080,40000
68081,40072
68082,44676
68083,52108
68084,47800
68085,60853
68086,108929
68087,41712
68088,46773
68089,72032
68090,40000
68091,53429
68092,79435
68093,40000
68094,50330
68095,52029
68096,46272
68097,41563
68098,44164
68099,45757
68100,67415
68101,41968
68102,40000
68103,40000
68104,40000
68105,40000
68106,40000
68107,40000
68108,63812
68109,65452
68110,40000
68111,40000
68112,44390
68113,61175
68114,47237
68115,47570
68116,53950
68117,57459
68118,72166
68119,40000
68120,51647
68121,40000
68122,40813
68123,80926
68124,40000
68125,40000
68126,66622
68127,59834
68128,54246
68129,78889
68130,79091
68131,40000
68132,40000
68133,40000
68134,61148
68135,49925
68136,40000
68137,66054
68138,40000
68139,66374
68140,77599
68141,80915
68142,73185
68143,47658
68144,40316
68145,40000
68146,61965
68147,40000
68148,41288
68149,60722
68150,40000
68151,74774
68152,69829
68153,58222
68154,56187
68155,40000
68156,45746
68157,55474
68158,40000
68159,47909
68160,63090
68161,40000
68162,60991
68163,40000
68164,58115
68165,40000
68166,53203
68167,45225
68168,46332
68169,58403
68170,60720
68171,81797
68172,40000
68173,40000
68174,81743
68175,40000
68176,46124
68177,40000
68178,40000
68179,40000
68180,78906
68181,48974
68182,53764
68183,60723
68184,68715
68185,68371
68186,50733
68187,43892
68188,47023
68189,62246
68190,79690
68191,69552
68192,55611
68193,40000
68194,40000
68195,40000
68196,75177
68197,89469
68198,59768
68199,69041
68200,53510
68201,44209
68202,47880
68203,40000
68204,40000
68205,40000
68206,47683
68207,63988
68208,71094
68209,40000
68210,87889
68211,71186
68212,40000
68213,40187
68214,47284
68215,62814
68216,40000
68217,41935
68218,40000
68219,55475
68220,94588
68221,58838
68222,40000
68223,40000
68224,40000
68225,74307
68226,40000
68227,44266
68228,49830
68229,64277
68230,47284
68231,60765
68232,51726
68233,40000
68234,59714
68235,83545
68236,48666
68237,54358
68238,40000
68239,40000
68240,40000
68241,46784
68242,74957
68243,52205
68244,81639
68245,42009
68246,44030
68247,41482
68248,40000
68249,40000
68250,49032
68251,49815
68252,66955
68253,40000
68254,40000
68255,40000
68256,40566
68257,40000
68258,40000
68259,52664
68260,40000
68261,40000
68262,48231
68263,66081
68264,47649
68265,40000
68266,60844
68267,76600
68268,40000
68269,57111
68270,51170
68271,52356
68272,40000
68273,46031
68274,40000
68275,40000
68276,40000
68277,58362
68278,50712
68279,43157
68280,84967
68281,40702
68282,58509
68283,40000
68284,40000
68285,60032
68286,76439
68287,43243
68288,40000
68289,40000
68290,40000
68291,46730
68292,77724
68293,40000
68294,40000
68295,40000
68296,85045
68297,40000
68298,59444
68299,58587
68300,68775
68301,75624
68302,63277
68303,50771
68304,62245
68305,40000
68306,40000
68307,45952
68308,40425
68309,40000
68310,41477
68311,40000
68312,49856
68313,40000
68314,54831
68315,81734
68316,40000
68317,41871
68318,63365
68319,56798
68320,40000
68321,40000
68322,49507
68323,40003
68324,40000
68325,52248
68326,51674
68327,65964
68328,59599
68329,80723
68330,82583
68331,54515
68332,68880
68333,40672
68334,40000
68335,60081
68336,54714
68337,40000
68338,56453
68339,50257
68340,49668
68341,52294
68342,51760
68343,40000
68344,40000
68345,40000
68346,42664
68347,56793
68348,40000
68349,40000
68350,40000
68351,41371
68352,74325
68353,40000
68354,40000
68355,61788
68356,59046
68357,46506
68358,41141
68359,68049
68360,74270
68361,40000
68362,47770
68363,57389
68364,42417
68365,52072
68366,60315
68367,55259
68368,44986
68369,45751
68370,76304
68371,40177
68372,44988
68373,60289
68374,65165
68375,69473
68376,53503
68377,47965
68378,82126
68379,63682
68380,40000
68381,57399
68382,56980
68383,57213
68384,86274
68385,67167
68386,48808
68387,46294
68388,73669
68389,72745
68390,46594
68391,48443
68392,40587
68393,40000
68394,59806
68395,48884
68396,40252
68397,40000
68398,59237
68399,67789
68400,56283
68401,40000
68402,40000
68403,57945
68404,64960
68405,40000
68406,40000
68407,80397
68408,40636
68409,49874
68410,43178
68411,40000
68412,40000
68413,90924
68414,78623
68415,88130
68416,54132
68417,74201
68418,40000
68419,40000
68420,55622
68421,52813
68422,86225
68423,51917
68424,40000
68425,48034
68426,47114
68427,54299
68428,54894
68429,68606
68430,55031
68431,40000
68432,90197
68433,75598
68434,73047
68435,42110
68436,40000
68437,59792
68438,45415
68439,48633
68440,40000
68441,59873
68442,70579
68443,40000
68444,42000
68445,42839
68446,46870
68447,40000
68448,60462
68449,54151
68450,42817
68451,56475
68452,40000
68453,42422
68454,40000
68455,40000
68456,42640
68457,40000
68458,97459
68459,40000
68460,84759
68461,44800
68462,41425
68463,61016
68464,94024
68465,41991
68466,40000
68467,40569
68468,40000
68469,40000
68470,42210
68471,49702
68472,83917
68473,40000
68474,76160
68475,51056
68476,66513
68477,40000
68478,40000
68479,57069
68480,40000
68481,40000
68482,45481
68483,73846
68484,71092
68485,54388
68486,84564
68487,41416
68488,65295
68489,40941
68490,50480
68491,40000
68492,40000
68493,40000
68494,66960
68495,62922
68496,40000
68497,50563
68498,40000
68499,74774
68500,48903
68501,42425
68502,40000
68503,40000
68504,40000
68505,40000
68506,40000
68507,54371
68508,40000
68509,47208
68510,40000
68511,52000
68512,45608
68513,46702
68514,71295
68515,43704
68516,41913
68517,40000
68518,69615
68519,57162
68520,40000
68521,58284
68522,40000
68523,73681
68524,103640
68525,47300
68526,43258
68527,74108
68528,43894
68529,40000
68530,45719
68531,40000
68532,41068
68533,64013
68534,40000
68535,56689
68536,53192
68537,46188
68538,78262
68539,40899
68540,56482
68541,90708
68542,40000
68543,62338
68544,61640
68545,40000
68546,46681
68547,83993
68548,85478
68549,57512
68550,56706
68551,40000
68552,40000
68553,40000
68554,40693
68555,71530
68556,40000
68557,77660
68558,40000
68559,48983
68560,40000
68561,40000
68562,40000
68563,65111
68564,54725
68565,75564
68566,40000
68567,69016
68568,47903
68569,40000
68570,40000
68571,40000
68572,49868
68573,47254
68574,44495
68575,40000
68576,80675
68577,70096
68578,49093
68579,40000
68580,66936
68581,55527
68582,52345
68583,74792
68584,71801
68585,46172
68586,40000
68587,40000
68588,48894
68589,43383
68590,40000
68591,40000
68592,40000
68593,60611
68594,52294
68595,45875
68596,40000
68597,86541
68598,66211
68599,79116
68600,47524
68601,40000
68602,40000
68603,76040
68604,71311
68605,59390
68606,47824
68607,58750
68608,47652
68609,40000
68610,40000
68611,54209
68612,54667
68613,40000
68614,40000
68615,45908
68616,53900
68617,79358
68618,53583
68619,66594
68620,66549
68621,44888
68622,40000
68623,43480
68624,40000
68625,54599
68626,40000
68627,60153
68628,47761
68629,40000
68630,40000
68631,40000
68632,40000
68633,60777
68634,43224
68635,40000
68636,63420
68637,72913
68638,40000
68639,40000
68640,40000
68641,60097
68642,58286
68643,72034
68644,44108
68645,45966
68646,85727
68647,40000
68648,55150
68649,40000
68650,45573
68651,43502
68652,40000
68653,43492
68654,69573
68655,40000
68656,52805
68657,40000
68658,48913
68659,64142
68660,93116
68661,42917
68662,86168
68663,49293
68664,67857
68665,40000
68666,70515
68667,73453
68668,52860
68669,71027
68670,53549
68671,43620
68672,56962
68673,40000
68674,40000
68675,57502
68676,66388
68677,98465
68678,41092
68679,40000
68680,40867
68681,93766
68682,51086
68683,52501
68684,45509
68685,40000
68686,40000
68687,40000
68688,43905
68689,40000
68690,41653
68691,69930
68692,40783
68693,89105
68694,51280
68695,75503
68696,77300
68697,57683
68698,48700
68699,46009
68700,40000
68701,72632
68702,61082
68703,40000
68704,40000
68705,66448
68706,61275
68707,56526
68708,42002
68709,40000
68710,43422
68711,50184
68712,58079
68713,59841
68714,51121
68715,46195
68716,40000
68717,42754
68718,40000
68719,70217
68720,40000
68721,44882
68722,40000
68723,44398
68724,40000
68725,64959
68726,57412
68727,74771
68728,67896
68729,40000
68730,40000
68731,40000
68732,41209
68733,61815
68734,53371
68735,60920
68736,47241
68737,40000
68738,50249
68739,53420
68740,42244
68741,55157
68742,64120
68743,53790
68744,45303
68745,58870
68746,40000
68747,40000
68748,62295
68749,45894
68750,40000
68751,55110
68752,44727
68753,60146
68754,40000
68755,64634
68756,40000
68757,48005
68758,40665
68759,50927
68760,64583
68761,56609
68762,66932
68763,41684
68764,55077
68765,40000
68766,53465
68767,40000
68768,46385
68769,65192
68770,40000
68771,44063
68772,40000
68773,51685
68774,40000
68775,40000
68776,57011
68777,45681
68778,46617
68779,60288
68780,40000
68781,98945
68782,66394
68783,57422
68784,65258
68785,40000
68786,61916
68787,40000
68788,50886
68789,49249
68790,40000
68791,40000
68792,40000
68793,40000
68794,51514
68795,63653
68796,94314
68797,50842
68798,40000
68799,53157
68800,40000
68801,40000
68802,86009
68803,40000
68804,58890
68805,40000
68806,43657
68807,40000
68808,40000
68809,62793
68810,44382
68811,75638
68812,46343
68813,40000
68814,81305
68815,56414
68816,59209
68817,75321
68818,67987
68819,42126
68820,59369
68821,40000
68822,40000
68823,48887
68824,40000
68825,49585
68826,74489
68827,61506
68828,40000
68829,52432
68830,40000
68831,40000
68832,74203
68833,40000
68834,40000
68835,70544
68836,67159
68837,58785
68838,73828
68839,65014
68840,40205
68841,48638
68842,40000
68843,65079
68844,40000
68845,95538
68846,45836
68847,70251
68848,57350
68849,52487
68850,40000
68851,49131
68852,56213
68853,40000
68854,65023
68855,61551
68856,80579
68857,72455
68858,41712
68859,40000
68860,46768
68861,46966
68862,40000
68863,40000
68864,43293
68865,40000
68866,40000
68867,92254
68868,74734
68869,82367
68870,63887
68871,54191
68872,59621
68873,55738
68874,40000
68875,81958
68876,67367
68877,40000
68878,40000
68879,44630
68880,88365
68881,40000
68882,40000
68883,58169
68884,50556
68885,40000
68886,40000
68887,40000
68888,60720
68889,54486
68890,94575
68891,79009
68892,54200
68893,46787
68894,40000
68895,42830
68896,66248
68897,40079
68898,44907
68899,62322
68900,40000
68901,40000
68902,40000
68903,54345
68904,64222
68905,61154
68906,65971
68907,52378
68908,40189
68909,40000
68910,79321
68911,55613
68912,40000
68913,40000
68914,43813
68915,69236
68916,55906
68917,52764
68918,54944
68919,40000
68920,53191
68921,49406
68922,40536
68923,58314
68924,81525
68925,41887
68926,80772
68927,40000
68928,45677
68929,40000
68930,40000
68931,44702
68932,40000
68933,40560
68934,50747
68935,57589
68936,60411
68937,92567
68938,51454
68939,63372
68940,63903
68941,65033
68942,42366
68943,40000
68944,40000
68945,41831
68946,80839
68947,74667
68948,57287
68949,40000
68950,83219
68951,73533
68952,54542
68953,61678
68954,40000
68955,75250
68956,79534
68957,49691
68958,54706
68959,65258
68960,40000
68961,62663
68962,62125
68963,40649
68964,60946
68965,41813
68966,49407
68967,51812
68968,64890
68969,42440
68970,67823
68971,40000
68972,40000
68973,43182
68974,63485
68975,76451
68976,54230
68977,40000
68978,40000
68979,40000
68980,55644
68981,75487
68982,40000
68983,40000
68984,47430
68985,81031
68986,71344
68987,62385
68988,55090
68989,40000
68990,40000
68991,60738
68992,54978
68993,40000
68994,41137
68995,47760
68996,60132
68997,57757
68998,40000
68999,40000
69000,56292
69001,40000
69002,46060
69003,40000
69004,86108
69005,40000
69006,94870
69007,48782
69008,52195
69009,93748
69010,54336
69011,45078
69012,66184
69013,40002
69014,43889
69015,40000
69016,40000
69017,40000
69018,47485
69019,66458
69020,49799
69021,94111
69022,67026
69023,56497
69024,40000
69025,40000
69026,40000
69027,53717
69028,40000
69029,40000
69030,54251
69031,57383
69032,51396
69033,82626
69034,59122
69035,63324
69036,40000
69037,40000
69038,40000
69039,40000
69040,70632
69041,57852
69042,40000
69043,47038
69044,63705
69045,75711
69046,40000
69047,68535
69048,40000
69049,56250
69050,68511
69051,51566
69052,42091
69053,48421
69054,68102
69055,64529
69056,50484
69057,52487
69058,50077
69059,67996
69060,69116
69061,49356
69062,83648
69063,40000
69064,40445
69065,54244
69066,59826
69067,40000
69068,40000
69069,44066
69070,42636
69071,52620
69072,42483
69073,59708
69074,40000
69075,44154
69076,42751
69077,89514
69078,49541
69079,40000
69080,63799
69081,78247
69082,61289
69083,60268
69084,55971
69085,40000
69086,40000
69087,55359
69088,40551
69089,40000
69090,67661
69091,65742
69092,40000
69093,51862
69094,42718
69095,40000
69096,65859
69097,40000
69098,42986
69099,82155
69100,40000
69101,66789
69102,44497
69103,40000
69104,97008
69105,40000
69106,64778
69107,40000
69108,60357
69109,40000
69110,73047
69111,45674
69112,57758
69113,40000
69114,40000
69115,49666
69116,69923
69117,59781
69118,63488
69119,58852
69120,74383
69121,72144
69122,40000
69123,40000
69124,44364
69125,49436
69126,57417
69127,48691
69128,40000
69129,75325
69130,40000
69131,40545
69132,40000
69133,40000
69134,41570
69135,73867
69136,52907
69137,40000
69138,67498
69139,47003
69140,71408
69141,62753
69142,40000
69143,40000
69144,40000
69145,55522
69146,53269
69147,44693
69148,40000
69149,49512
69150,76837
69151,40000
69152,86452
69153,40000
69154,80530
69155,40000
69156,77110
69157,40000
69158,40000
69159,53959
69160,54022
69161,40000
69162,91391
69163,40000
69164,40000
69165,51681
69166,45681
69167,40000
69168,55939
69169,59177
69170,40000
69171,40000
69172,52801
69173,40000
69174,44737
69175,59624
69176,54797
69177,47059
69178,48594
69179,70436
69180,40000
69181,71449
69182,48469
69183,49831
69184,102562
69185,54223
69186,92655
69187,71464
69188,69248
69189,42010
69190,56108
69191,59773
69192,40000
69193,40625
69194,55724
69195,53329
69196,52730
69197,76595
69198,49227
69199,40000
69200,40145
69201,72774
69202,43985
69203,68761
69204,44511
69205,60578
69206,40000
69207,40000
69208,68508
69209,40000
69210,46160
69211,87668
69212,73244
69213,80502
69214,40000
69215,40000
69216,65353
69217,66959
69218,40000
69219,75769
69220,47002
69221,40574
69222,43906
69223,47172
69224,69628
69225,51397
69226,40000
69227,40000
69228,48344
69229,40000
69230,56164
69231,43682
69232,57257
69233,52854
69234,69815
69235,40000
69236,40000
69237,40000
69238,65786
69239,40000
69240,71876
69241,40000
69242,40000
69243,56673
69244,40000
69245,93281
69246,56083
69247,71980
69248,43052
69249,42043
69250,46689
69251,64987
69252,56917
69253,66747
69254,49607
69255,75861
69256,40000
69257,52220
69258,86283
69259,40000
69260,40000
69261,59582
69262,40000
69263,53738
69264,62552
69265,40000
69266,62036
69267,40000
69268,48915
69269,42127
69270,54116
69271,61650
69272,68776
69273,76696
69274,63274
69275,68199
69276,40000
69277,40000
69278,40000
69279,40000
69280,40000
69281,87124
69282,67855
69283,55579
69284,40000
69285,44355
69286,55337
69287,40000
69288,49250
69289,49165
69290,49482
69291,55581
69292,40000
69293,44358
69294,63941
69295,46830
69296,68475
69297,57158
69298,50240
69299,76791
69300,56856
69301,54430
69302,49528
69303,50612
69304,54622
69305,43872
69306,46985
69307,60520
69308,75437
69309,42602
69310,68246
69311,40000
69312,62836
69313,42924
69314,52221
69315,45880
69316,40000
69317,43444
69318,57007
69319,59787
69320,47474
69321,40000
69322,60380
69323,44174
69324,61458
69325,40000
69326,57054
69327,40000
69328,65062
69329,52343
69330,40000
69331,40000
69332,58602
69333,47935
69334,40000
69335,56787
69336,47274
69337,67352
69338,52620
69339,69635
69340,40000
69341,40000
69342,75375
69343,40000
69344,40000
69345,63735
69346,54600
69347,44820
69348,40000
69349,40000
69350,40000
69351,50431
69352,69881
69353,40000
69354,40000
69355,63416
69356,66978
69357,40000
69358,52845
69359,65599
69360,45273
69361,90822
69362,40000
69363,53328
69364,62166
69365,66293
69366,52943
69367,46641
69368,40299
69369,53160
69370,40000
69371,40000
69372,62499
69373,59541
69374,45628
69375,56922
69376,51544
69377,46316
69378,96421
69379,48727
69380,72103
69381,40000
69382,73940
69383,40000
69384,62290
69385,40000
69386,40000
69387,40457
69388,52014
69389,40000
69390,40000
69391,74555
69392,50778
69393,40000
69394,44843
69395,70924
69396,40165
69397,60831
69398,44343
69399,40591
69400,56410
69401,40000
69402,78937
69403,70910
69404,84139
69405,40000
69406,69436
69407,68127
69408,42767
69409,54708
69410,81407
69411,42596
69412,51107
69413,47500
69414,40000
69415,47435
69416,64724
69417,40000
69418,51844
69419,40000
69420,54458
69421,45226
69422,48878
69423,78944
69424,40000
69425,45817
69426,40000
69427,45422
69428,41115
69429,47810
69430,43130
69431,59324
69432,40000
69433,64506
69434,40000
69435,49525
69436,58553
69437,82269
69438,56185
69439,40000
69440,40000
69441,54408
69442,53062
69443,41996
69444,73482
69445,54958
69446,57776
69447,44854
69448,64088
69449,40000
69450,40000
69451,48060
69452,52801
69453,52727
69454,40000
69455,51196
69456,42340
69457,81061
69458,41926
69459,48441
69460,40000
69461,40644
69462,51850
69463,40000
69464,40000
69465,48729
69466,49070
69467,60460
69468,40000
69469,40000
69470,40000
69471,57336
69472,45888
69473,40000
69474,91460
69475,74923
69476,40000
69477,77158
69478,67611
69479,45766
69480,40000
69481,67393
69482,64006
69483,50717
69484,61056
69485,52661
69486,47296
69487,48211
69488,40000
69489,56963
69490,40000
69491,40753
69492,52416
69493,63607
69494,40000
69495,56287
69496,46080
69497,52538
69498,55650
69499,74222
69500,69418
69501,40000
69502,42038
69503,52490
69504,96210
69505,40000
69506,41165
69507,78294
69508,40000
69509,40877
69510,67858
69511,51457
69512,70690
69513,81118
69514,101864
69515,40000
69516,54961
69517,81281
69518,48991
69519,53747
69520,40000
69521,64090
69522,55288
69523,49908
69524,40000
69525,40000
69526,57664
69527,65357
69528,46907
69529,49703
69530,40929
69531,75785
69532,40000
69533,72953
69534,73833
69535,40000
69536,46369
69537,40000
69538,46288
69539,44554
69540,50828
69541,40000
69542,77576
69543,87519
69544,54478
69545,72425
69546,50885
69547,45678
69548,51786
69549,57676
69550,41688
69551,66444
69552,40000
69553,41416
69554,40000
69555,74734
69556,89036
69557,40964
69558,40000
69559,72568
69560,40000
69561,40000
69562,48325
69563,60567
69564,40000
69565,78399
69566,94412
69567,40000
69568,72229
69569,40000
69570,52654
69571,54284
69572,47376
69573,52088
69574,40000
69575,40000
69576,40000
69577,54723
69578,94930
69579,69882
69580,40000
69581,40000
69582,40000
69583,40000
69584,94372
69585,46165
69586,45139
69587,46026
69588,50351
69589,56367
69590,53164
69591,55566
69592,73275
69593,40000
69594,67654
69595,45186
69596,58065
69597,52846
69598,55656
69599,48945
69600,41613
69601,50927
69602,42211
69603,47136
69604,40000
69605,47841
69606,40000
69607,40000
69608,40000
69609,50013
69610,69705
69611,40000
69612,62113
69613,56822
69614,67061
69615,59323
69616,40000
69617,54422
69618,40961
69619,81916
69620,42137
69621,46624
69622,41203
69623,48686
69624,65727
69625,85397
69626,64406
69627,54651
69628,65776
69629,40000
69630,40000
69631,40000
69632,51890
69633,40000
69634,40000
69635,40000
69636,70680
69637,60389
69638,47619
69639,40000
69640,86076
69641,41411
69642,40000
69643,50659
69644,40000
69645,52515
69646,42053
69647,64210
69648,40000
69649,40944
69650,60724
69651,53583
69652,44365
69653,49868
69654,61823
69655,52978
69656,40000
69657,40000
69658,48270
69659,69748
69660,40000
69661,40000
69662,40000
69663,49013
69664,40000
69665,94554
69666,78863
69667,65290
69668,53653
69669,40000
69670,40000
69671,52742
69672,40000
69673,49278
69674,70685
69675,57975
69676,46754
69677,76650
69678,40000
69679,40000
69680,70384
69681,40000
69682,40000
69683,62492
69684,40000
69685,40000
69686,66319
69687,40000
69688,41985
69689,44026
69690,40000
69691,68438
69692,66178
69693,43159
69694,40000
69695,48761
69696,56107
69697,52198
69698,42615
69699,47157
69700,106286
69701,49316
69702,40000
69703,67452
69704,88672
69705,44953
69706,40000
69707,40000
69708,40000
69709,40000
69710,40131
69711,40000
69712,52381
69713,44595
69714,56682
69715,40000
69716,89883
69717,64475
69718,40000
69719,94773
69720,56884
69721,40000
69722,40000
69723,62631
69724,40000
69725,40719
69726,53683
69727,40000
69728,40000
69729,40000
69730,55376
69731,65736
69732,60850
69733,42997
69734,74302
69735,40000
69736,69343
69737,40000
69738,57338
69739,43805
69740,73543
69741,40000
69742,64103
69743,67375
69744,40000
69745,102298
69746,40000
69747,65698
69748,83385
69749,46037
69750,40000
69751,40000
69752,40000
69753,71492
69754,70514
69755,46997
69756,40000
69757,40000
69758,40000
69759,84860
69760,50504
69761,40000
69762,60862
69763,46963
69764,59256
69765,49401
69766,40000
69767,40000
69768,72398
69769,49332
69770,78763
69771,48930
69772,40000
69773,62452
69774,43523
69775,69683
69776,40000
69777,72291
69778,46318
69779,63439
69780,40000
69781,47794
69782,42164
69783,84871
69784,58640
69785,40000
69786,40000
69787,80853
69788,43570
69789,40000
69790,47137
69791,40000
69792,91314
69793,78780
69794,66578
69795,53870
69796,55025
69797,44184
69798,52710
69799,84234
69800,40000
69801,55108
69802,54279
69803,69803
69804,76782
69805,40000
69806,60777
69807,49668
69808,59967
69809,53891
69810,40000
69811,86690
69812,62322
69813,78252
69814,42590
69815,40000
69816,60824
69817,46257
69818,40000
69819,55339
69820,56340
69821,63360
69822,57772
69823,45040
69824,40000
69825,48547
69826,40000
69827,40000
69828,54803
69829,60061
69830,52337
69831,63995
69832,40000
69833,57516
69834,65762
69835,40000
69836,63710
69837,40000
69838,41034
69839,56247
69840,51248
69841,55330
69842,65248
69843,55258
69844,51805
69845,40915
69846,40000
69847,40000
69848,46449
69849,64298
69850,46892
69851,64944
69852,44085
69853,40000
69854,74374
69855,40000
69856,40000
69857,52810
69858,40000
69859,79078
69860,40000
69861,40000
69862,40000
69863,40000
69864,70547
69865,53186
69866,40000
69867,82080
69868,40000
69869,40000
69870,65986
69871,40612
69872,46357
69873,50285
69874,48291
69875,45773
69876,40000
69877,69503
69878,46063
69879,40000
69880,58452
69881,72852
69882,64298
69883,40000
69884,40000
69885,40000
69886,40000
69887,77089
69888,61912
69889,54498
69890,52286
69891,48767
69892,40000
69893,40000
69894,40000
69895,40000
69896,43239
69897,69176
69898,40000
69899,40249
69900,46427
69901,40000
69902,40000
69903,40000
69904,52248
69905,40000
69906,55332
69907,40000
69908,62409
69909,49201
69910,40773
69911,40000
69912,44990
69913,61898
69914,41822
69915,53426
69916,41009
69917,40000
69918,40000
69919,43979
69920,40000
69921,92942
69922,51403
69923,41698
69924,40000
69925,48055
69926,48510
69927,76736
69928,40000
69929,40000
69930,45987
69931,40000
69932,60208
69933,40000
69934,94312
69935,40000
69936,50124
69937,91627
69938,40000
69939,53339
69940,55119
69941,79958
69942,63687
69943,75533
69944,40000
69945,55511
69946,59124
69947,63592
69948,73284
69949,90243
69950,40000
69951,54210
69952,40000
69953,62355
69954,40000
69955,40000
69956,42285
69957,72551
69958,40000
69959,75323
69960,60283
69961,66663
69962,71978
69963,56557
69964,40000
69965,61391
69966,66121
69967,40000
69968,43016
69969,98996
69970,74445
69971,75168
69972,51493
69973,70702
69974,43626
69975,40000
69976,54702
69977,40000
69978,54006
69979,54685
69980,61628
69981,40000
69982,64773
69983,48055
69984,55883
69985,59511
69986,48924
69987,48372
69988,49501
69989,76112
69990,40000
69991,44180
69992,40000
69993,92674
69994,40000
69995,40000
69996,40000
69997,43253
69998,40000
69999,66931
70000,52838
70001,68925
70002,41922
70003,40000
70004,40000
70005,60448
70006,79560
70007,88756
70008,43479
70009,69876
70010,62881
70011,66257
70012,73083
70013,44523
70014,61802
70015,44378
70016,65665
70017,40000
70018,55043
70019,52460
70020,76576
70021,40644
70022,40000
70023,55500
70024,62649
70025,57885
70026,87055
70027,68244
70028,90003
70029,49258
70030,69667
70031,42330
70032,40000
70033,55905
70034,40000
70035,49342
70036,40000
70037,40000
70038,71091
70039,40000
70040,40000
70041,57773
70042,65514
70043,45373
70044,64300
70045,44808
70046,40000
70047,40000
70048,40000
70049,69502
70050,40000
70051,59710
70052,47782
70053,40000
70054,65121
70055,40637
70056,58302
70057,40000
70058,45344
70059,53435
70060,75257
70061,40000
70062,42394
70063,40000
70064,40000
70065,40000
70066,46093
70067,73206
70068,40000
70069,40000
70070,48230
70071,85420
70072,64859
70073,40000
70074,57524
70075,47815
70076,40000
70077,64626
70078,42570
70079,45035
70080,63103
70081,40000
70082,60072
70083,40000
70084,40000
70085,40000
70086,40000
70087,99976
70088,40000
70089,40000
70090,49598
70091,54441
70092,40000
70093,40000
70094,40000
70095,40000
70096,53155
70097,40000
70098,40000
70099,52755
70100,51231
70101,75784
70102,45557
70103,40000
70104,70003
70105,40000
70106,40000
70107,53722
70108,40250
70109,40000
70110,40000
70111,49424
70112,59902
70113,52508
70114,51445
70115,60301
70116,69708
70117,40848
70118,54991
70119,71836
70120,40000
70121,40000
70122,66119
70123,75367
70124,40000
70125,65792
70126,63647
70127,56203
70128,57537
70129,76873
70130,42987
70131,62266
70132,95614
70133,67513
70134,40000
70135,40000
70136,50933
70137,40000
70138,40000
70139,40000
70140,40000
70141,41391
70142,40000
70143,61565
70144,48856
70145,68377
70146,40000
70147,64350
70148,78657
70149,50631
70150,71599
70151,40000
70152,40000
70153,41024
70154,50887
70155,49590
70156,51731
70157,81494
70158,41058
70159,50275
70160,94693
70161,62897
70162,46920
70163,40000
70164,52833
70165,93744
70166,51713
70167,40000
70168,77408
70169,54568
70170,46523
70171,57201
70172,40000
70173,40000
70174,94752
70175,75026
70176,43362
70177,40000
70178,51223
70179,40000
70180,92488
70181,77101
70182,40000
70183,40000
70184,45990
70185,43624
70186,40000
70187,50319
70188,75289
70189,40000
70190,45201
70191,45041
70192,51141
70193,69135
70194,77821
70195,80770
70196,55421
70197,40000
70198,76709
70199,40000
70200,68894
70201,40000
70202,46352
70203,40000
70204,40000
70205,40000
70206,40000
70207,40000
70208,40000
70209,61847
70210,44579
70211,44483
70212,48545
70213,47987
70214,47100
70215,69894
70216,67690
70217,42181
70218,47206
70219,40000
70220,55725
70221,75337
70222,67757
70223,85630
70224,77599
70225,69911
70226,40000
70227,48275
70228,54490
70229,52940
70230,70838
70231,52037
70232,40000
70233,40000
70234,53078
70235,40000
70236,47375
70237,48642
70238,40000
70239,40000
70240,44324
70241,68202
70242,40000
70243,40000
70244,66863
70245,43873
70246,40000
70247,56890
70248,48659
70249,40000
70250,57701
70251,58315
70252,60640
70253,67979
70254,40000
70255,40000
70256,48041
70257,73186
70258,40000
70259,76761
70260,51437
70261,57503
70262,80367
70263,54649
70264,70735
70265,58265
70266,47056
70267,50290
70268,56052
70269,40000
70270,50362
70271,77487
70272,57723
70273,65504
70274,61112
70275,52921
70276,81559
70277,79057
70278,64542
70279,52738
70280,40000
70281,61235
70282,40000
70283,53559
70284,50534
70285,52114
70286,40000
70287,73983
70288,40000
70289,40000
70290,59194
70291,43995
70292,52226
70293,40000
70294,63455
70295,40000
70296,55852
70297,40000
70298,43557
70299,40000
70300,40046
70301,40000
70302,52711
70303,85630
70304,40213
70305,40000
70306,61734
70307,40000
70308,40000
70309,86890
70310,56415
70311,40000
70312,49976
70313,70207
70314,61771
70315,64493
70316,65754
70317,49042
70318,40000
70319,40000
70320,41958
70321,40000
70322,49637
70323,40000
70324,87189
70325,86971
70326,51063
70327,90496
70328,40000
70329,61482
70330,43053
70331,76698
70332,63267
70333,49793
70334,43877
70335,73162
70336,60205
70337,52172
70338,51492
70339,60340
70340,40000
70341,40000
70342,40000
70343,79306
70344,86665
70345,63221
70346,40000
70347,40000
70348,74599
70349,47975
70350,40000
70351,60771
70352,75979
70353,82633
70354,53220
70355,47220
70356,59081
70357,40000
70358,61012
70359,82844
70360,40000
70361,40000
70362,40000
70363,41399
70364,40000
70365,85865
70366,60318
70367,58734
70368,55217
70369,53510
70370,52676
70371,40000
70372,51367
70373,40000
70374,41652
70375,40000
70376,54740
70377,41140
70378,69647
70379,65598
70380,73598
70381,54772
70382,44927
70383,42656
70384,45978
70385,40000
70386,69504
70387,59902
70388,57725
70389,41834
70390,65567
70391,49719
70392,66865
70393,52583
70394,40000
70395,50616
70396,40000
70397,40000
70398,49917
70399,40000
70400,44349
70401,59315
70402,45545
70403,65644
70404,47132
70405,70285
70406,41397
70407,91401
70408,40000
70409,62134
70410,69459
70411,40000
70412,40000
70413,40000
70414,57447
70415,40000
70416,59674
70417,48035
70418,40000
70419,50032
70420,63165
70421,40000
70422,40000
70423,71926
70424,58620
70425,72233
70426,51517
70427,40000
70428,57052
70429,40000
70430,87167
70431,56397
70432,40000
70433,40446
70434,62913
70435,63077
70436,74879
70437,62549
70438,40000
70439,83313
70440,48555
70441,40000
70442,43804
70443,69000
70444,50486
70445,42002
70446,43009
70447,40000
70448,40000
70449,80781
70450,40000
70451,50368
70452,62210
70453,49869
70454,41336
70455,42669
70456,40450
70457,55547
70458,50039
70459,82795
70460,79510
70461,49088
70462,40000
70463,40000
70464,62154
70465,45067
70466,64588
70467,43710
70468,42555
70469,49746
70470,40000
70471,40000
70472,58012
70473,54505
70474,40000
70475,46737
70476,53527
70477,54178
70478,73943
70479,40000
70480,40000
70481,91973
70482,40000
70483,40000
70484,75351
70485,47724
70486,40000
70487,56914
70488,73586
70489,40000
70490,68277
70491,52365
70492,40000
70493,40000
70494,94246
70495,48500
70496,44208
70497,40000
70498,53630
70499,40000
70500,43038
70501,53881
70502,69595
70503,67676
70504,53804
70505,40000
70506,49546
70507,76973
70508,95404
70509,40000
70510,57450
70511,54968
70512,42317
70513,69414
70514,40000
70515,75811
70516,47946
70517,43165
70518,55515
70519,40000
70520,98026
70521,40000
70522,64815
70523,67001
70524,40000
70525,59673
70526,55769
70527,55405
70528,40000
70529,46925
70530,40000
70531,70186
70532,64973
70533,40000
70534,41994
70535,66634
70536,56716
70537,48446
70538,92870
70539,44050
70540,40000
70541,40941
70542,47058
70543,40000
70544,52930
70545,58464
70546,40000
70547,40000
70548,62502
70549,40572
70550,52105
70551,40000
70552,64248
70553,51745
70554,70740
70555,40000
70556,40000
70557,52588
70558,68327
70559,40000
70560,62023
70561,40000
70562,68145
70563,51917
70564,43784
70565,71073
70566,42863
70567,56740
70568,54762
70569,53156
70570,40000
70571,70241
70572,40000
70573,40000
70574,40000
70575,54898
70576,64621
70577,73991
70578,40000
70579,40000
70580,92702
70581,60483
70582,40000
70583,40000
70584,48182
70585,40000
70586,48380
70587,40000
70588,49034
70589,60756
70590,69237
70591,46101
70592,101367
70593,48340
70594,52957
70595,40000
70596,40000
70597,70475
70598,43355
70599,55597
70600,69512
70601,40000
70602,40000
70603,48365
70604,59187
70605,59418
70606,58167
70607,57215
70608,58728
70609,49894
70610,75945
70611,84098
70612,45914
70613,59057
70614,41854
70615,40000
70616,49025
70617,83566
70618,40000
70619,40000
70620,54317
70621,53819
70622,62664
70623,62585
70624,72959
70625,40000
70626,76567
70627,42874
70628,51513
70629,67352
70630,79149
70631,44180
70632,43384
70633,43510
70634,40515
70635,40000
70636,40000
70637,46560
70638,40000
70639,47759
70640,40000
70641,40000
70642,40000
70643,63599
70644,40000
70645,40000
70646,51535
70647,89687
70648,65839
70649,58748
70650,48240
70651,79227
70652,40000
70653,49281
70654,40000
70655,46138
70656,44307
70657,52975
70658,49906
70659,72170
70660,41470
70661,42872
70662,50498
70663,40000
70664,73165
70665,84301
70666,73226
70667,47709
70668,42936
70669,77179
70670,66349
70671,50821
70672,40000
70673,47016
70674,55599
70675,74785
70676,68040
70677,40000
70678,45356
70679,40000
70680,69968
70681,62606
70682,40000
70683,40000
70684,59902
70685,45237
70686,63128
70687,68402
70688,40000
70689,63558
70690,40000
70691,57521
70692,57223
70693,40000
70694,82273
70695,40000
70696,49938
70697,83526
70698,40000
70699,41232
70700,50453
70701,79489
70702,40000
70703,72317
70704,68822
70705,56485
70706,57493
70707,77207
70708,40000
70709,40000
70710,45357
70711,62677
70712,40000
70713,60164
70714,59184
70715,57188
70716,40000
70717,46960
70718,63053
70719,40000
70720,45176
70721,40000
70722,54960
70723,61178
70724,58437
70725,40000
70726,40000
70727,58409
70728,82093
70729,58505
70730,48487
70731,57598
70732,60502
70733,40000
70734,40000
70735,58619
70736,49922
70737,40000
70738,40000
70739,86752
70740,68588
70741,68856
70742,40000
70743,42520
70744,80208
70745,44190
70746,40000
70747,40000
70748,40000
70749,65836
70750,40000
70751,43677
70752,49152
70753,40000
70754,42030
70755,73260
70756,40000
70757,112995
70758,40000
70759,67645
70760,41795
70761,59184
70762,62934
70763,48966
70764,40000
70765,40000
70766,40000
70767,47511
70768,48890
70769,40000
70770,40000
70771,41401
70772,65667
70773,40000
70774,40000
70775,43062
70776,48179
70777,40481
70778,40000
70779,83233
70780,40000
70781,40000
70782,89767
70783,88490
70784,79423
70785,66286
70786,48652
70787,51605
70788,40000
70789,51131
70790,40000
70791,51105
70792,40000
70793,58437
70794,86758
70795,45640
70796,47794
70797,59670
70798,65419
70799,52526
70800,48160
70801,62220
70802,51572
70803,70921
70804,58811
70805,40000
70806,40000
70807,40000
70808,40000
70809,41873
70810,40000
70811,40000
70812,40000
70813,60484
70814,41507
70815,92050
70816,42029
70817,40000
70818,40000
70819,53346
70820,51568
70821,40000
70822,56711
70823,40000
70824,57491
70825,45651
70826,40000
70827,40000
70828,67930
70829,40000
70830,40000
70831,40000
70832,79022
70833,42351
70834,67974
70835,40000
70836,40000
70837,81762
70838,40000
70839,40000
70840,40000
70841,40000
70842,40000
70843,48190
70844,40000
70845,45283
70846,43958
70847,52458
70848,45044
70849,40000
70850,49822
70851,69365
70852,88441
70853,40000
70854,53007
70855,46345
70856,40000
70857,43618
70858,40000
70859,49413
70860,40000
70861,40000
70862,69831
70863,40000
70864,79952
70865,41294
70866,40000
70867,59549
70868,60388
70869,50115
70870,40000
70871,64772
70872,56988
70873,70043
70874,40000
70875,67629
70876,48197
70877,50487
70878,41393
70879,62132
70880,40000
70881,77377
70882,40000
70883,73651
70884,84262
70885,66062
70886,64145
70887,60059
70888,43308
70889,51288
70890,51083
70891,58360
70892,40977
70893,40000
70894,58458
70895,70435
70896,57871
70897,40000
70898,55809
70899,49380
70900,40000
70901,93217
70902,40000
70903,40000
70904,54660
70905,40000
70906,70547
70907,41211
70908,69176
70909,79826
70910,41269
70911,40000
70912,40000
70913,40000
70914,72054
70915,40000
70916,93516
70917,40732
70918,51084
70919,51782
70920,40000
70921,40000
70922,77506
70923,72408
70924,40000
70925,49675
70926,40000
70927,49508
70928,55979
70929,51965
70930,45768
70931,43939
70932,40000
70933,40000
70934,52389
70935,40000
70936,40000
70937,40000
70938,82426
70939,40000
70940,80345
70941,56945
70942,49848
70943,60791
70944,69425
70945,59196
70946,91516
70947,47513
70948,50220
70949,40000
70950,40000
70951,44644
70952,40000
70953,65589
70954,58072
70955,40000
70956,50155
70957,59403
70958,57170
70959,44337
70960,41412
70961,55117
70962,47441
70963,40000
70964,40000
70965,40000
70966,55492
70967,50793
70968,58879
70969,68065
70970,48253
70971,40000
70972,49839
70973,40000
70974,60659
70975,57622
70976,67888
70977,58252
70978,58805
70979,40000
70980,40000
70981,55492
70982,40000
70983,45089
70984,40000
70985,40000
70986,61855
70987,83025
70988,67758
70989,42621
70990,56701
70991,40000
70992,40000
70993,71165
70994,40000
70995,87586
70996,42107
70997,44830
70998,53006
70999,40000
71000,40000
71001,67449
71002,58150
71003,44535
71004,51036
71005,72506
71006,49302
71007,40000
71008,48450
71009,42129
71010,60823
71011,57005
71012,61080
71013,79685
71014,55052
71015,71324
71016,46588
71017,70210
71018,44236
71019,52611
71020,79174
71021,71781
71022,47973
71023,44437
71024,40000
71025,40000
71026,40000
71027,40000
71028,59906
71029,41880
71030,70389
71031,76980
71032,48615
71033,40000
71034,40000
71035,46308
71036,40305
71037,104927
71038,60851
71039,40000
71040,50897
71041,47442
71042,40000
71043,73322
71044,55925
71045,40000
71046,62875
71047,41742
71048,56157
71049,63207
71050,44856
71051,41278
71052,40000
71053,41668
71054,53594
71055,57614
71056,55905
71057,101420
71058,46319
71059,68086
71060,60131
71061,59267
71062,51264
71063,53819
71064,84332
71065,40000
71066,78430
71067,52056
71068,62019
71069,54676
71070,43282
71071,42540
71072,40964
71073,40000
71074,57919
71075,66216
71076,57052
71077,44973
71078,40000
71079,51032
71080,40000
71081,41018
71082,51168
71083,81765
71084,61561
71085,58690
71086,57850
71087,52968
71088,42980
71089,40000
71090,47461
71091,40000
71092,80482
71093,40000
71094,46473
71095,40000
71096,55338
71097,62196
71098,40000
71099,40000
71100,45296
71101,47257
71102,40000
71103,84016
71104,48025
71105,45312
71106,40000
71107,40000
71108,63523
71109,40000
71110,40000
71111,73136
71112,40000
71113,40000
71114,44737
71115,40000
71116,80118
71117,62234
71118,72570
71119,40000
71120,40000
71121,40000
71122,50643
71123,77366
71124,40000
71125,40000
71126,47024
71127,43847
71128,48269
71129,53371
71130,50797
71131,40000
71132,80848
71133,42521
71134,76973
71135,40000
71136,42778
71137,53042
71138,40000
71139,40000
71140,55324
71141,40000
71142,40000
71143,40000
71144,57593
71145,40000
71146,59926
71147,95929
71148,40000
71149,40000
71150,40000
71151,40000
71152,59114
71153,50540
71154,59687
71155,51442
71156,71544
71157,40000
71158,43298
71159,61335
71160,50256
71161,73795
71162,63686
71163,40000
71164,49005
71165,55399
71166,83077
71167,49432
71168,74065
71169,40000
71170,44427
71171,71550
71172,40000
71173,40000
71174,41383
71175,45059
71176,40000
71177,40000
71178,84838
71179,41095
71180,42575
71181,66219
71182,53362
71183,40000
71184,75597
71185,40000
71186,46568
71187,40756
71188,64557
71189,47414
71190,70275
71191,49738
71192,40000
71193,43245
71194,57280
71195,46076
71196,40000
71197,86191
71198,40460
71199,63687
71200,53412
71201,46429
71202,77633
71203,83166
71204,40000
71205,52119
71206,45531
71207,78510
71208,45201
71209,57227
71210,40000
71211,47460
71212,40000
71213,40000
71214,44791
71215,62994
71216,40158
71217,80270
71218,40000
71219,44171
71220,57703
71221,40000
71222,79439
71223,40000
71224,40000
71225,40000
71226,75527
71227,50705
71228,40000
71229,42849
71230,40000
71231,70349
71232,40000
71233,63802
71234,73360
71235,43779
71236,42249
71237,52928
71238,48077
71239,54518
71240,89068
71241,40000
71242,65083
71243,51345
71244,70379
71245,54744
71246,74992
71247,47096
71248,40000
71249,60573
71250,78977
71251,45467
71252,40000
71253,40000
71254,40000
71255,40000
71256,60737
71257,46286
71258,51578
71259,63678
71260,56283
71261,40000
71262,40000
71263,40491
71264,60477
71265,75875
71266,51474
71267,40000
71268,73530
71269,47675
71270,47347
71271,58974
71272,65252
71273,40000
71274,82714
71275,44154
71276,40000
71277,40000
71278,51499
71279,54998
71280,54764
71281,59823
71282,60251
71283,40000
71284,63781
71285,40000
71286,45519
71287,63159
71288,46693
71289,71573
71290,40000
71291,40000
71292,44062
71293,40000
71294,40000
71295,58140
71296,65646
71297,70205
71298,41051
71299,95456
71300,51618
71301,40000
71302,64704
71303,42574
71304,48033
71305,47510
71306,64990
71307,51158
71308,89128
71309,47810
71310,40000
71311,51938
71312,59542
71313,53502
71314,40000
71315,40000
71316,63817
71317,89931
71318,54016
71319,75476
71320,40000
71321,51259
71322,53707
71323,40000
71324,64977
71325,71862
71326,40000
71327,53836
71328,88861
71329,83817
71330,40000
71331,40000
71332,40000
71333,40000
71334,40000
71335,76005
71336,93533
71337,61280
71338,40000
71339,94283
71340,55035
71341,40000
71342,40000
71343,52846
71344,58360
71345,58836
71346,45544
71347,40000
71348,69208
71349,71007
71350,40000
71351,62773
71352,40000
71353,40000
71354,55475
71355,40000
71356,55211
71357,58992
71358,40000
71359,72780
71360,66256
71361,40000
71362,57793
71363,40000
71364,45458
71365,42694
71366,109339
71367,40000
71368,43371
71369,86639
71370,48259
71371,52645
71372,64349
71373,50262
71374,40000
71375,80332
71376,51839
71377,40000
71378,74353
71379,89600
71380,40000
71381,57849
71382,40000
71383,40000
71384,46477
71385,56396
71386,63466
71387,75025
71388,52387
71389,49432
71390,45826
71391,40000
71392,59903
71393,40000
71394,40000
71395,55957
71396,44458
71397,41718
71398,60539
71399,59780
71400,59943
71401,40000
71402,40108
71403,54765
71404,83432
71405,40000
71406,40000
71407,102371
71408,41836
71409,46596
71410,40000
71411,95593
71412,50837
71413,83065
71414,69458
71415,54667
71416,40000
71417,40000
71418,53609
71419,60363
71420,48164
71421,83749
71422,40000
71423,40000
71424,40000
71425,79569
71426,40000
71427,68833
71428,70828
71429,48713
71430,55299
71431,63832
71432,54999
71433,40000
71434,59827
71435,40000
71436,40000
71437,53936
71438,52543
71439,40000
71440,40000
71441,50314
71442,40000
71443,69976
71444,63205
71445,65209
71446,57183
71447,40000
71448,62691
71449,40000
71450,51732
71451,77024
71452,56648
71453,43431
71454,40000
71455,40000
71456,55638
71457,40000
71458,40000
71459,40000
71460,40000
71461,40000
71462,40000
71463,40000
71464,40000
71465,45717
71466,43133
71467,56611
71468,47584
71469,40000
71470,52402
71471,50095
71472,41419
71473,40000
71474,40000
71475,41049
71476,40000
71477,85777
71478,63822
71479,40000
71480,40000
71481,70605
71482,40000
71483,40000
71484,40000
71485,48283
71486,65772
71487,57891
71488,40000
71489,56536
71490,63239
71491,40000
71492,62186
71493,40000
71494,54450
71495,40000
71496,40000
71497,46228
71498,51142
71499,59696
71500,51118
71501,40000
71502,72706
71503,69799
71504,47496
71505,42163
71506,60406
71507,40000
71508,58681
71509,49888
71510,56680
71511,94993
71512,52465
71513,40000
71514,80537
71515,40000
71516,40000
71517,43774
71518,40000
71519,40000
71520,40000
71521,78051
71522,40000
71523,40000
71524,41529
71525,56916
71526,62215
71527,69068
71528,48609
71529,54910
71530,69148
71531,48935
71532,56339
71533,45815
71534,51983
71535,40000
71536,45878
71537,71113
71538,40000
71539,65127
71540,40000
71541,70697
71542,40000
71543,49071
71544,43030
71545,47637
71546,40000
71547,48621
71548,67836
71549,40000
71550,40000
71551,61447
71552,47786
71553,81383
71554,40954
71555,40000
71556,40672
71557,80961
71558,41123
71559,40000
71560,62267
71561,89567
71562,83256
71563,40000
71564,41533
71565,52324
71566,40000
71567,66218
71568,72375
71569,45294
71570,69892
71571,46600
71572,76038
71573,48398
71574,43647
71575,51239
71576,66427
71577,77501
71578,45235
71579,88241
71580,40000
71581,44954
71582,40000
71583,40000
71584,40000
71585,40000
71586,58628
71587,61682
71588,66211
71589,48404
71590,40000
71591,40000
71592,40000
71593,40000
71594,40732
71595,40000
71596,47253
71597,40000
71598,67264
71599,45925
71600,41620
71601,40000
71602,56044
71603,40000
71604,40000
71605,40000
71606,56750
71607,41956
71608,52929
71609,40000
71610,62212
71611,44897
71612,59247
71613,53516
71614,78516
71615,56728
71616,61330
71617,72110
71618,58417
71619,69182
71620,63489
71621,53026
71622,40000
71623,40000
71624,50497
71625,59226
71626,40000
71627,44908
71628,83199
71629,49869
71630,48410
71631,70066
71632,40000
71633,40000
71634,54063
71635,45681
71636,47415
71637,42449
71638,71864
71639,40000
71640,40000
71641,69152
71642,52405
71643,63482
71644,40000
71645,58479
71646,45538
71647,40000
71648,40000
71649,82657
71650,40000
71651,40000
71652,40000
71653,40000
71654,40780
71655,84765
71656,45643
71657,43797
71658,71736
71659,54178
71660,41374
71661,49615
71662,57386
71663,73521
71664,78362
71665,63931
71666,40000
71667,41076
71668,40954
71669,43700
71670,61379
71671,69589
71672,55145
71673,40000
71674,40000
71675,42772
71676,40000
71677,40000
71678,40000
71679,40000
71680,40000
71681,58730
71682,76979
71683,40000
71684,48457
71685,40000
71686,43473
71687,45228
71688,45718
71689,51122
71690,40000
71691,59656
71692,40000
71693,77831
71694,40000
71695,40000
71696,40000
71697,40000
71698,74995
71699,57349
71700,40000
71701,40000
71702,42330
71703,74013
71704,79067
71705,40000
71706,40000
71707,40000
71708,68351
71709,40000
71710,43204
71711,72829
71712,63298
71713,40000
71714,44241
71715,70566
71716,40000
71717,65894
71718,40000
71719,40000
71720,40000
71721,40000
71722,40000
71723,40000
71724,51350
71725,40000
71726,57781
71727,40000
71728,89052
71729,44787
71730,40441
71731,83843
71732,50205
71733,50294
71734,51259
71735,40000
71736,75834
71737,53688
71738,76705
71739,40000
71740,40000
71741,69300
71742,59792
71743,66079
71744,40000
71745,40000
71746,47701
71747,76127
71748,40000
71749,60682
71750,40000
71751,40000
71752,88069
71753,60088
71754,44476
71755,40000
71756,66536
71757,68588
71758,47473
71759,57983
71760,92933
71761,48566
71762,50278
71763,64950
71764,66539
71765,58898
71766,58909
71767,48360
71768,70281
71769,40000
71770,62645
71771,40872
71772,52677
71773,57105
71774,40000
71775,40000
71776,65734
71777,67193
71778,40000
71779,69098
71780,48508
71781,40000
71782,62333
71783,87761
71784,85181
71785,68558
71786,72574
71787,40000
71788,40000
71789,55491
71790,40000
71791,47195
71792,62078
71793,66463
71794,47116
71795,40000
71796,59330
71797,40000
71798,73386
71799,70821
71800,50741
71801,50641
71802,40000
71803,41938
71804,40000
71805,40000
71806,63926
71807,40796
71808,40000
71809,50269
71810,75775
71811,40000
71812,60363
71813,70344
71814,52355
71815,63540
71816,70077
71817,76057
71818,51354
71819,40000
71820,63232
71821,81129
71822,51741
71823,44612
71824,53566
71825,40000
71826,74771
71827,45573
71828,40000
71829,64391
71830,51199
71831,40455
71832,40000
71833,50076
71834,40000
71835,88143
71836,40000
71837,46476
71838,57662
71839,40000
71840,57672
71841,51229
71842,68393
71843,63649
71844,62018
71845,40000
71846,45009
71847,82438
71848,41574
71849,43341
71850,44028
71851,56645
71852,40119
71853,40000
71854,66745
71855,42783
71856,40000
71857,69175
71858,40000
71859,40000
71860,40000
71861,48097
71862,40000
71863,40000
71864,62512
71865,40000
71866,57851
71867,40000
71868,40000
71869,40000
71870,48847
71871,78892
71872,53891
71873,40594
71874,40000
71875,45457
71876,40000
71877,44370
71878,55470
71879,68675
71880,64404
71881,74737
71882,47325
71883,41575
71884,50351
71885,40000
71886,40000
71887,59485
71888,40000
71889,54736
71890,103018
71891,78730
71892,72733
71893,40000
71894,40000
71895,54210
71896,76759
71897,40000
71898,40000
71899,48638
71900,76690
71901,55901
71902,47710
71903,54825
71904,59744
71905,40000
71906,40000
71907,40000
71908,40000
71909,40000
71910,40000
71911,62602
71912,77986
71913,59759
71914,40000
71915,54007
71916,50399
71917,40000
71918,81821
71919,67912
71920,40000
71921,40000
71922,62686
71923,48573
71924,40000
71925,56299
71926,40000
71927,45548
71928,53901
71929,86122
71930,70507
71931,60846
71932,46914
71933,40000
71934,41169
71935,45907
71936,65270
71937,83761
71938,40000
71939,40000
71940,40000
71941,47130
71942,49241
71943,79940
71944,40000
71945,73517
71946,57838
71947,40000
71948,40000
71949,43770
71950,40000
71951,46035
71952,73511
71953,40000
71954,72234
71955,51816
71956,56672
71957,77182
71958,76362
71959,77755
71960,77327
71961,48215
71962,70489
71963,48932
71964,56804
71965,70447
71966,49574
71967,75924
71968,61141
71969,58646
71970,59652
71971,63341
71972,44011
71973,57392
71974,40000
71975,40000
71976,46193
71977,41093
71978,71888
71979,61631
71980,45916
71981,40000
71982,40000
71983,49650
71984,40000
71985,55891
71986,56973
71987,66736
71988,65965
71989,56727
71990,50900
71991,40000
71992,51705
71993,40000
71994,40000
71995,44662
71996,40000
71997,56275
71998,54808
71999,58517
72000,40000
72001,40000
72002,40000
72003,40000
72004,56988
72005,40000
72006,40000
72007,55233
72008,40000
72009,57388
72010,40000
72011,40000
72012,49743
72013,40000
72014,40000
72015,45661
72016,40000
72017,40000
72018,40000
72019,40000
72020,40000
72021,44569
72022,40000
72023,40000
72024,55427
72025,40000
72026,40000
72027,61623
72028,53297
72029,44878
72030,40000
72031,65794
72032,41492
72033,48337
72034,61132
72035,50501
72036,41103
72037,40000
72038,52558
72039,58883
72040,47699
72041,41327
72042,65833
72043,40000
72044,51765
72045,40000
72046,45854
72047,62047
72048,66872
72049,52345
72050,53817
72051,71530
72052,61667
72053,55843
72054,40000
72055,56022
72056,40000
72057,66170
72058,40000
72059,40000
72060,63813
72061,40000
72062,70577
72063,65237
72064,72791
72065,47116
72066,59573
72067,92624
72068,63294
72069,56157
72070,58892
72071,71314
72072,76768
72073,59151
72074,56546
72075,50937
72076,44979
72077,56420
72078,70428
72079,40000
72080,52599
72081,61991
72082,60775
72083,40000
72084,77419
72085,40000
72086,53028
72087,40000
72088,40000
72089,40000
72090,41935
72091,48695
72092,40798
72093,77841
72094,61148
72095,40000
72096,62603
72097,40000
72098,44590
72099,59342
72100,48188
72101,55630
72102,63462
72103,47250
72104,40000
72105,40000
72106,46152
72107,57155
72108,40000
72109,57336
72110,54138
72111,52211
72112,40000
72113,40000
72114,63610
72115,40000
72116,40000
72117,58628
72118,40000
72119,40000
72120,40000
72121,40000
72122,40471
72123,59058
72124,48162
72125,60427
72126,49738
72127,88795
72128,81125
72129,42034
72130,60076
72131,91336
72132,60349
72133,60377
72134,46524
72135,54911
72136,60303
72137,40000
72138,40802
72139,40000
72140,49434
72141,53660
72142,49929
72143,56474
72144,42427
72145,54268
72146,40000
72147,65844
72148,40000
72149,42598
72150,40000
72151,40000
72152,50580
72153,40000
72154,72250
72155,47720
72156,81417
72157,40000
72158,40000
72159,59496
72160,51261
72161,74173
72162,52322
72163,60398
72164,40000
72165,59759
72166,62411
72167,41312
72168,40000
72169,63362
72170,40000
72171,46748
72172,54036
72173,67621
72174,67637
72175,46381
72176,88619
72177,64402
72178,40584
72179,40386
72180,49770
72181,49607
72182,40000
72183,73746
72184,43840
72185,59895
72186,41170
72187,61946
72188,40000
72189,44543
72190,43105
72191,52485
72192,70451
72193,61312
72194,70267
72195,56208
72196,40000
72197,73130
72198,78800
72199,46130
72200,40000
72201,48634
72202,40000
72203,48783
72204,40000
72205,61141
72206,40000
72207,62275
72208,55779
72209,69981
72210,65846
72211,59170
72212,47444
72213,40000
72214,65144
72215,53867
72216,78666
72217,45621
72218,40000
72219,47923
72220,60041
72221,40000
72222,53823
72223,40000
72224,87666
72225,40000
72226,81592
72227,50061
72228,40000
72229,40248
72230,48010
72231,40000
72232,61027
72233,70715
72234,40000
72235,57555
72236,51923
72237,40000
72238,79559
72239,51220
72240,40000
72241,46345
72242,40000
72243,46279
72244,49242
72245,49779
72246,91918
72247,57527
72248,40810
72249,61311
72250,40828
72251,40000
72252,65182
72253,40000
72254,53921
72255,40000
72256,59886
72257,49483
72258,78261
72259,67520
72260,40000
72261,40000
72262,40000
72263,52955
72264,40000
72265,61698
72266,49074
72267,74431
72268,53642
72269,40000
72270,43463
72271,77646
72272,40000
72273,40000
72274,59557
72275,55125
72276,40000
72277,69623
72278,59414
72279,50757
72280,68368
72281,53176
72282,40000
72283,61651
72284,40000
72285,40000
72286,80651
72287,40000
72288,40000
72289,40000
72290,44586
72291,50626
72292,40000
72293,75113
72294,48816
72295,47194
72296,48374
72297,40000
72298,47705
72299,40000
72300,43584
72301,61926
72302,82794
72303,40000
72304,40000
72305,47163
72306,67121
72307,69455
72308,40000
72309,40000
72310,63932
72311,42794
72312,40000
72313,40000
72314,57414
72315,74017
72316,40000
72317,40000
72318,40000
72319,40000
72320,40000
72321,43525
72322,42487
72323,40000
72324,87663
72325,40000
72326,49361
72327,84990
72328,42774
72329,40000
72330,47254
72331,40000
72332,89586
72333,51931
72334,54828
72335,65862
72336,68256
72337,57605
72338,56018
72339,50731
72340,58255
72341,48744
72342,40000
72343,44312
72344,56727
72345,53864
72346,40000
72347,48801
72348,62983
72349,51496
72350,40000
72351,51646
72352,50511
72353,40000
72354,40000
72355,46292
72356,49460
72357,59424
72358,82972
72359,76772
72360,40000
72361,40000
72362,56795
72363,65526
72364,44646
72365,56837
72366,46069
72367,40000
72368,40000
72369,41769
72370,60522
72371,40000
72372,86614
72373,54581
72374,41751
72375,40000
72376,40000
72377,64537
72378,42978
72379,40000
72380,57176
72381,40000
72382,40000
72383,47128
72384,50333
72385,48260
72386,75804
72387,40000
72388,61216
72389,72799
72390,42751
72391,40000
72392,49707
72393,40000
72394,63250
72395,50301
72396,58407
72397,49929
72398,40000
72399,47017
72400,40000
72401,40000
72402,83483
72403,40000
72404,83494
72405,55747
72406,55662
72407,46720
72408,40000
72409,67822
72410,40000
72411,52655
72412,75720
72413,40000
72414,40000
72415,63755
72416,62403
72417,40000
72418,48921
72419,68033
72420,40000
72421,55707
72422,40000
72423,40000
72424,77581
72425,80102
72426,86781
72427,40000
72428,52949
72429,74648
72430,40866
72431,85262
72432,40000
72433,48432
72434,40000
72435,47038
72436,40000
72437,87804
72438,78289
72439,41186
72440,70858
72441,83894
72442,40000
72443,66489
72444,51731
72445,40000
72446,74918
72447,44647
72448,53671
72449,47953
72450,44570
72451,44339
72452,78120
72453,40000
72454,57054
72455,78795
72456,51918
72457,40000
72458,40000
72459,40000
72460,40000
72461,40000
72462,46070
72463,71006
72464,58158
72465,40000
72466,40000
72467,40000
72468,49497
72469,62822
72470,44408
72471,40000
72472,40000
72473,40000
72474,43180
72475,76669
72476,48994
72477,44547
72478,40000
72479,40000
72480,40000
72481,45798
72482,41710
72483,58195
72484,80689
72485,44347
72486,40000
72487,42442
72488,44457
72489,47282
72490,40000
72491,40000
72492,40000
72493,53827
72494,64596
72495,51338
72496,76885
72497,40000
72498,40000
72499,40000
72500,40802
72501,51550
72502,40000
72503,62080
72504,49863
72505,40000
72506,59400
72507,74917
72508,45490
72509,40000
72510,69792
72511,70587
72512,64497
72513,48057
72514,66608
72515,82203
72516,40000
72517,40000
72518,40000
72519,77341
72520,87063
72521,40000
72522,40000
72523,55064
72524,40000
72525,40000
72526,54095
72527,59451
72528,40000
72529,52154
72530,40000
72531,40189
72532,68062
72533,45978
72534,80436
72535,95028
72536,98802
72537,40000
72538,50647
72539,54901
72540,40000
72541,81500
72542,40000
72543,47693
72544,54047
72545,40000
72546,60135
72547,46162
72548,94551
72549,54163
72550,40000
72551,42410
72552,40000
72553,40000
72554,70308
72555,40938
72556,40000
72557,64140
72558,40000
72559,51424
72560,50421
72561,40000
72562,40000
72563,67860
72564,40600
72565,60907
72566,40000
72567,55309
72568,44079
72569,51848
72570,40000
72571,53380
72572,41624
72573,62341
72574,56518
72575,40000
72576,45000
72577,66128
72578,58555
72579,75850
72580,59344
72581,60192
72582,40000
72583,40000
72584,40000
72585,40000
72586,40000
72587,77778
72588,56987
72589,58033
72590,40000
72591,41434
72592,40000
72593,91422
72594,86047
72595,62919
72596,40000
72597,40000
72598,45158
72599,40000
72600,66110
72601,40000
72602,61222
72603,40000
72604,40000
72605,77703
72606,69068
72607,43147
72608,40222
72609,75714
72610,40000
72611,69398
72612,40000
72613,40000
72614,40000
72615,65563
72616,40000
72617,40000
72618,56530
72619,40000
72620,40000
72621,59973
72622,45269
72623,40000
72624,77238
72625,48362
72626,79690
72627,51665
72628,40000
72629,40000
72630,40651
72631,40486
72632,40000
72633,58841
72634,43347
72635,66604
72636,76622
72637,81530
72638,40000
72639,42552
72640,40000
72641,82586
72642,57464
72643,85345
72644,53503
72645,72074
72646,50608
72647,52407
72648,40000
72649,52896
72650,84371
72651,42943
72652,62292
72653,58066
72654,55461
72655,40000
72656,73845
72657,40000
72658,47069
72659,40000
72660,40000
72661,52915
72662,51946
72663,40000
72664,64837
72665,43511
72666,52467
72667,60420
72668,60378
72669,59692
72670,47199
72671,68972
72672,60149
72673,45517
72674,60712
72675,40000
72676,61507
72677,74479
72678,53558
72679,47436
72680,90692
72681,49130
72682,76887
72683,40000
72684,40000
72685,53717
72686,40711
72687,42464
72688,58423
72689,46037
72690,50449
72691,56676
72692,71693
72693,52617
72694,40000
72695,40000
72696,40000
72697,49619
72698,40000
72699,66072
72700,49871
72701,51909
72702,88172
72703,40000
72704,64042
72705,43552
72706,41887
72707,72568
72708,40824
72709,40000
72710,63318
72711,66871
72712,47064
72713,53661
72714,63343
72715,48375
72716,40000
72717,58855
72718,65008
72719,40000
72720,49739
72721,40000
72722,64564
72723,79591
72724,47713
72725,61650
72726,40000
72727,66838
72728,61016
72729,62136
72730,40000
72731,44796
72732,40000
72733,70435
72734,64933
72735,40812
72736,85220
72737,40000
72738,58779
72739,40000
72740,54802
72741,46867
72742,58321
72743,55345
72744,43602
72745,40536
72746,42684
72747,40000
72748,54362
72749,48702
72750,40000
72751,57255
72752,69936
72753,58704
72754,61636
72755,87628
72756,58293
72757,50112
72758,43756
72759,56892
72760,40000
72761,89178
72762,51257
72763,65770
72764,59646
72765,98052
72766,42108
72767,73175
72768,40000
72769,53513
72770,53195
72771,43418
72772,40000
72773,40000
72774,40000
72775,82416
72776,40000
72777,66251
72778,53053
72779,40000
72780,40000
72781,45296
72782,51245
72783,64994
72784,42957
72785,63930
72786,58762
72787,56568
72788,65988
72789,40921
72790,40000
72791,77230
72792,69633
72793,64047
72794,66449
72795,42451
72796,68818
72797,71156
72798,53848
72799,54368
72800,53268
72801,47109
72802,43002
72803,40000
72804,40000
72805,54620
72806,61980
72807,57258
72808,63128
72809,55949
72810,40000
72811,53508
72812,40000
72813,40000
72814,74958
72815,56410
72816,40000
72817,50547
72818,48024
72819,50719
72820,53084
72821,40000
72822,40000
72823,84350
72824,41133
72825,83621
72826,55916
72827,41134
72828,40000
72829,53510
72830,41969
72831,40000
72832,74862
72833,40000
72834,40000
72835,74056
72836,47344
72837,43360
72838,40000
72839,88585
72840,50663
72841,42755
72842,40000
72843,57126
72844,40000
72845,40023
72846,55952
72847,80868
72848,40000
72849,49786
72850,55305
72851,40000
72852,72189
72853,40000
72854,51587
72855,40000
72856,40000
72857,60500
72858,68454
72859,56039
72860,49100
72861,40000
72862,40000
72863,50670
72864,40000
72865,50583
72866,79179
72867,40000
72868,40000
72869,51470
72870,40000
72871,40000
72872,66315
72873,73173
72874,40000
72875,50088
72876,49604
72877,77479
72878,40000
72879,41622
72880,40000
72881,82443
72882,43343
72883,71288
72884,40000
72885,54456
72886,45028
72887,64124
72888,66750
72889,46025
72890,62723
72891,40000
72892,40000
72893,40000
72894,96133
72895,45211
72896,99331
72897,46015
72898,74007
72899,50685
72900,72295
72901,40000
72902,71517
72903,40000
72904,45928
72905,40000
72906,94587
72907,40000
72908,65580
72909,67831
72910,41612
72911,40000
72912,40000
72913,51534
72914,48614
72915,66872
72916,53222
72917,44500
72918,73810
72919,55210
72920,83480
72921,73753
72922,73729
72923,40000
72924,49801
72925,40000
72926,64968
72927,64372
72928,48666
72929,48493
72930,49039
72931,42299
72932,40000
72933,48636
72934,49822
72935,40000
72936,40000
72937,45250
72938,50371
72939,40000
72940,62995
72941,86106
72942,40000
72943,65449
72944,60915
72945,40000
72946,47470
72947,46305
72948,53565
72949,41361
72950,40000
72951,98082
72952,43094
72953,40000
72954,40000
72955,45728
72956,84023
72957,40000
72958,40000
72959,40000
72960,82676
72961,81957
72962,82390
72963,46569
72964,42651
72965,51530
72966,60619
72967,83228
72968,63898
72969,78665
72970,44629
72971,60696
72972,54596
72973,54655
72974,70170
72975,40000
72976,63656
72977,63794
72978,42472
72979,54365
72980,40000
72981,85699
72982,46801
72983,67440
72984,59631
72985,40000
72986,40000
72987,40000
72988,40000
72989,44793
72990,42045
72991,76125
72992,68017
72993,59342
72994,53943
72995,67000
72996,40000
72997,51159
72998,40000
72999,67361
73000,51661
73001,40000
73002,40000
73003,83302
73004,61260
73005,50521
73006,43977
73007,40000
73008,53781
73009,62166
73010,75207
73011,40000
73012,65476
73013,40000
73014,40351
73015,73185
73016,40000
73017,59529
73018,60965
73019,50477
73020,75589
73021,40000
73022,48126
73023,40000
73024,40000
73025,61239
73026,40000
73027,57644
73028,43533
73029,82703
73030,41324
73031,71556
73032,49715
73033,40000
73034,71634
73035,78429
73036,90889
73037,45348
73038,41087
73039,54964
73040,40000
73041,59376
73042,52111
73043,57544
73044,49150
73045,40000
73046,53783
73047,40000
73048,40000
73049,40000
73050,40000
73051,53845
73052,40000
73053,40000
73054,40000
73055,40000
73056,57014
73057,49275
73058,40000
73059,49871
73060,40000
73061,40000
73062,40000
73063,40000
73064,40000
73065,65624
73066,40000
73067,45467
73068,49365
73069,90868
73070,40000
73071,87577
73072,45592
73073,62852
73074,56496
73075,67927
73076,44141
73077,40000
73078,40000
73079,48042
73080,40000
73081,64298
73082,60366
73083,40000
73084,67789
73085,40000
73086,72756
73087,50861
73088,72657
73089,41524
73090,48393
73091,51456
73092,68755
73093,51243
73094,58024
73095,40000
73096,42896
73097,40000
73098,53014
73099,40000
73100,57872
73101,40000
73102,40000
73103,65777
73104,40000
73105,63881
73106,43099
73107,81060
73108,40000
73109,40000
73110,56048
73111,43571
73112,47302
73113,80338
73114,69205
73115,40000
73116,59751
73117,81626
73118,59029
73119,49013
73120,65513
73121,40000
73122,40000
73123,48593
73124,63035
73125,52251
73126,51818
73127,71545
73128,40000
73129,70455
73130,54364
73131,47606
73132,47167
73133,90382
73134,45608
73135,65339
73136,79693
73137,68030
73138,46993
73139,40000
73140,58710
73141,40000
73142,58376
73143,40000
73144,70256
73145,45281
73146,64701
73147,40000
73148,40000
73149,65931
73150,54813
73151,51383
73152,40000
73153,40886
73154,65441
73155,75488
73156,40000
73157,41076
73158,40000
73159,40000
73160,56323
73161,52403
73162,65209
73163,60611
73164,40000
73165,69862
73166,71276
73167,47831
73168,71509
73169,47505
73170,40000
73171,51366
73172,40000
73173,45511
73174,55366
73175,74706
73176,71251
73177,40000
73178,40000
73179,40000
73180,70692
73181,40000
73182,40000
73183,56570
73184,46519
73185,50173
73186,52315
73187,40000
73188,64258
73189,78782
73190,83953
73191,57937
73192,56187
73193,62305
73194,46686
73195,40000
73196,73652
73197,50713
73198,88005
73199,42670
73200,82868
73201,40000
73202,62748
73203,40000
73204,94143
73205,40000
73206,46490
73207,40000
73208,45903
73209,65342
73210,57606
73211,76320
73212,40000
73213,40000
73214,43269
73215,40000
73216,73966
73217,51196
73218,56072
73219,43078
73220,40000
73221,60578
73222,40000
73223,40000
73224,96602
73225,44581
73226,63784
73227,63667
73228,40000
73229,49995
73230,40000
73231,55014
73232,78809
73233,43651
73234,50448
73235,40000
73236,47381
73237,71930
73238,56762
73239,42288
73240,52971
73241,53880
73242,92173
73243,45755
73244,40000
73245,59182
73246,58290
73247,40000
73248,40000
73249,67860
73250,54242
73251,40000
73252,62336
73253,40000
73254,73355
73255,40000
73256,45433
73257,40000
73258,40000
73259,40000
73260,55657
73261,60187
73262,46953
73263,44326
73264,40000
73265,40000
73266,60604
73267,43324
73268,55426
73269,84589
73270,40000
73271,70182
73272,44379
73273,56781
73274,57971
73275,40000
73276,53406
73277,54105
73278,40000
73279,67912
73280,41110
73281,57130
73282,40000
73283,55758
73284,40000
73285,54607
73286,102693
73287,42245
73288,50998
73289,69394
73290,44860
73291,68098
73292,40000
73293,85793
73294,42978
73295,73029
73296,40000
73297,79486
73298,40000
73299,41792
73300,40000
73301,40000
73302,57992
73303,40000
73304,46006
73305,40000
73306,40000
73307,66559
73308,40000
73309,40000
73310,65390
73311,40000
73312,40000
73313,40000
73314,70697
73315,44687
73316,62203
73317,64231
73318,40000
73319,83969
73320,65008
73321,48572
73322,81800
73323,46018
73324,40000
73325,54217
73326,61508
73327,51743
73328,52583
73329,40000
73330,54737
73331,40000
73332,75467
73333,50614
73334,56960
73335,40000
73336,98099
73337,40000
73338,60913
73339,58140
73340,69582
73341,40000
73342,66056
73343,67109
73344,40000
73345,40000
73346,40000
73347,40000
73348,53775
73349,91038
73350,88266
73351,71882
73352,40000
73353,51435
73354,40000
73355,49429
73356,56988
73357,52368
73358,40000
73359,40000
73360,73464
73361,52191
73362,40000
73363,54875
73364,40000
73365,68215
73366,40000
73367,66223
73368,40000
73369,48513
73370,40000
73371,40000
73372,40000
73373,62421
73374,58754
73375,55932
73376,76219
73377,40000
73378,40000
73379,40000
73380,43386
73381,51499
73382,64074
73383,40000
73384,40000
73385,45294
73386,40913
73387,66306
73388,48904
73389,61335
73390,64348
73391,71481
73392,40000
73393,40000
73394,53747
73395,69171
73396,56394
73397,40325
73398,40000
73399,76539
73400,61259
73401,60981
73402,78426
73403,62303
73404,80794
73405,76025
73406,54965
73407,60625
73408,40000
73409,40000
73410,72363
73411,47703
73412,80566
73413,57921
73414,70198
73415,70580
73416,85507
73417,40000
73418,68768
73419,56963
73420,40000
73421,40000
73422,48151
73423,42111
73424,49426
73425,51354
73426,40000
73427,64465
73428,40000
73429,70273
73430,41410
73431,42534
73432,40000
73433,57857
73434,40000
73435,51871
73436,43748
73437,48604
73438,40000
73439,57285
73440,57814
73441,40000
73442,71561
73443,87473
73444,40000
73445,103399
73446,51562
73447,40000
73448,41221
73449,40000
73450,40000
73451,40000
73452,41925
73453,40000
73454,62930
73455,54077
73456,44012
73457,59919
73458,40000
73459,60508
73460,40000
73461,48015
73462,83835
73463,58502
73464,65251
73465,57800
73466,46274
73467,76511
73468,63188
73469,84194
73470,40000
73471,82496
73472,40000
73473,40000
73474,109486
73475,49962
73476,41491
73477,85020
73478,40000
73479,55057
73480,81437
73481,68675
73482,40460
73483,56926
73484,60802
73485,76076
73486,69362
73487,60018
73488,42460
73489,40000
73490,72547
73491,40000
73492,44287
73493,40000
73494,69893
73495,51158
73496,49284
73497,68016
73498,40000
73499,67659
73500,49123
73501,43114
73502,41872
73503,75641
73504,51043
73505,45362
73506,69569
73507,41830
73508,60643
73509,40000
73510,74271
73511,40000
73512,48041
73513,40000
73514,40000
73515,55181
73516,40000
73517,68461
73518,40000
73519,46384
73520,61669
73521,53979
73522,48610
73523,68413
73524,67687
73525,40000
73526,62448
73527,68383
73528,40000
73529,56384
73530,84670
73531,74082
73532,58237
73533,41360
73534,57732
73535,47258
73536,42344
73537,73727
73538,40000
73539,49459
73540,55506
73541,61293
73542,84958
73543,40000
73544,62930
73545,44511
73546,54937
73547,40000
73548,60839
73549,72072
73550,40000
73551,57915
73552,50505
73553,40000
73554,68705
73555,55390
73556,67385
73557,61243
73558,40000
73559,40000
73560,40000
73561,40000
73562,59570
73563,82656
73564,40000
73565,40000
73566,40000
73567,75986
73568,40000
73569,40000
73570,40000
73571,71880
73572,54670
73573,70235
73574,40000
73575,44298
73576,40000
73577,40000
73578,50566
73579,40000
73580,40000
73581,76933
73582,40000
73583,86195
73584,45951
73585,40000
73586,49108
73587,48679
73588,40545
73589,69381
73590,40000
73591,55137
73592,57066
73593,40000
73594,71596
73595,45910
73596,70342
73597,40000
73598,82160
73599,63928
73600,40000
73601,63363
73602,60417
73603,60993
73604,40000
73605,52558
73606,40000
73607,50618
73608,52497
73609,40795
73610,44672
73611,60733
73612,58388
73613,80490
73614,57337
73615,40000
73616,56297
73617,50663
73618,56350
73619,42395
73620,40000
73621,51256
73622,40907
73623,40000
73624,50554
73625,56151
73626,75407
73627,53347
73628,58265
73629,45453
73630,40000
73631,64181
73632,103388
73633,83319
73634,46818
73635,52881
73636,40000
73637,66729
73638,46407
73639,40742
73640,52745
73641,40000
73642,61215
73643,76606
73644,92720
73645,67089
73646,77116
73647,54582
73648,40000
73649,70385
73650,46368
73651,40000
73652,40000
73653,67441
73654,67601
73655,41368
73656,48527
73657,68105
73658,40000
73659,50409
73660,40000
73661,40000
73662,63470
73663,54968
73664,51832
73665,40000
73666,40000
73667,43345
73668,45492
73669,68779
73670,40000
73671,41575
73672,42762
73673,48827
73674,80999
73675,59622
73676,69222
73677,40000
73678,40000
73679,40000
73680,95119
73681,61918
73682,82954
73683,85935
73684,49885
73685,72715
73686,40000
73687,61054
73688,59444
73689,50994
73690,53706
73691,46262
73692,72061
73693,40000
73694,71127
73695,40000
73696,62242
73697,59514
73698,41680
73699,40000
73700,80640
73701,48107
73702,40000
73703,63810
73704,40000
73705,40000
73706,51373
73707,40000
73708,40000
73709,75020
73710,55888
73711,40000
73712,40000
73713,40000
73714,40000
73715,57171
73716,47474
73717,40000
73718,40000
73719,40000
73720,40000
73721,40847
73722,40000
73723,58704
73724,42496
73725,76118
73726,40000
73727,42400
73728,60032
73729,68432
73730,72166
73731,40000
73732,82856
73733,61413
73734,66545
73735,56538
73736,97486
73737,59142
73738,45737
73739,60709
73740,48992
73741,56007
73742,40000
73743,40000
73744,48738
73745,40000
73746,40000
73747,49522
73748,40000
73749,69369
73750,40000
73751,40000
73752,56055
73753,50813
73754,40000
73755,40925
73756,40000
73757,59930
73758,44201
73759,40000
73760,49514
73761,69853
73762,45234
73763,40000
73764,40000
73765,69223
73766,83264
73767,40000
73768,44282
73769,46367
73770,65305
73771,59347
73772,40000
73773,54914
73774,42335
73775,40000
73776,50293
73777,44146
73778,42387
73779,40000
73780,43189
73781,53969
73782,40000
73783,50380
73784,40000
73785,44718
73786,40000
73787,49574
73788,58095
73789,71509
73790,61447
73791,50794
73792,40000
73793,50698
73794,41110
73795,89813
73796,74772
73797,40000
73798,44067
73799,63389
73800,40000
73801,42023
73802,70651
73803,67962
73804,40540
73805,46782
73806,57009
73807,50338
73808,40000
73809,44822
73810,48543
73811,44473
73812,70712
73813,56154
73814,59220
73815,45777
73816,40641
73817,57197
73818,79871
73819,47050
73820,41126
73821,50968
73822,44254
73823,74949
73824,40000
73825,54901
73826,40000
73827,40000
73828,40000
73829,40000
73830,40000
73831,43153
73832,56541
73833,64436
73834,40000
73835,83289
73836,63300
73837,40000
73838,57140
73839,46289
73840,40000
73841,71616
73842,76465
73843,40000
73844,60313
73845,41537
73846,78009
73847,44724
73848,66526
73849,40000
73850,63260
73851,66472
73852,45440
73853,40000
73854,48378
73855,70976
73856,40000
73857,42024
73858,43882
73859,60486
73860,61727
73861,80923
73862,70804
73863,84781
73864,40000
73865,40000
73866,95363
73867,41125
73868,79654
73869,64319
73870,62517
73871,50988
73872,79698
73873,40000
73874,40000
73875,57532
73876,78738
73877,51522
73878,71189
73879,54766
73880,40000
73881,55986
73882,76363
73883,82880
73884,44712
73885,40000
73886,49080
73887,65330
73888,40000
73889,49662
73890,40000
73891,80024
73892,54337
73893,63946
73894,40000
73895,66632
73896,40000
73897,45339
73898,40000
73899,55355
73900,40000
73901,54929
73902,57392
73903,40000
73904,65576
73905,51538
73906,40000
73907,44876
73908,46679
73909,40000
73910,50334
73911,40000
73912,40136
73913,100329
73914,40000
73915,87030
73916,73795
73917,68135
73918,66664
73919,40000
73920,40787
73921,40000
73922,40566
73923,40000
73924,63612
73925,40000
73926,40000
73927,50724
73928,91186
73929,40000
73930,46762
73931,43871
73932,40000
73933,44857
73934,48485
73935,44066
73936,45100
73937,56500
73938,40000
73939,40000
73940,40000
73941,40000
73942,57415
73943,40000
73944,40000
73945,40000
73946,46275
73947,40000
73948,40000
73949,59361
73950,40000
73951,56147
73952,54749
73953,45766
73954,53819
73955,40000
73956,69658
73957,40000
73958,40000
73959,48406
73960,41102
73961,40000
73962,45864
73963,40000
73964,40000
73965,40000
73966,63340
73967,45813
73968,58345
73969,40140
73970,65738
73971,56930
73972,75625
73973,40000
73974,40000
73975,70701
73976,59194
73977,59292
73978,40000
73979,40000
73980,40000
73981,40000
73982,97974
73983,40000
73984,40251
73985,83613
73986,79971
73987,63751
73988,40000
73989,48097
73990,44107
73991,78261
73992,40000
73993,43915
73994,42114
73995,40000
73996,40000
73997,55832
73998,61012
73999,58366
74000,40655
74001,41272
74002,67913
74003,46226
74004,40000
74005,67623
74006,40000
74007,40000
74008,40000
74009,49371
74010,40000
74011,40000
74012,85077
74013,47465
74014,44130
74015,68789
74016,41726
74017,52259
74018,87785
74019,40000
74020,71154
74021,52086
74022,75176
74023,40000
74024,84359
74025,40000
74026,66888
74027,48363
74028,40000
74029,76871
74030,43061
74031,40000
74032,63715
74033,55104
74034,60132
74035,83788
74036,43046
74037,64468
74038,62709
74039,46726
74040,56674
74041,40000
74042,83655
74043,77398
74044,89232
74045,40000
74046,55534
74047,40000
74048,40000
74049,40000
74050,40000
74051,78427
74052,50537
74053,40000
74054,59171
74055,53429
74056,49164
74057,41547
74058,40000
74059,57189
74060,40000
74061,40037
74062,49444
74063,85421
74064,41881
74065,43533
74066,54075
74067,78721
74068,79316
74069,75624
74070,40000
74071,44909
74072,43326
74073,40000
74074,57932
74075,40000
74076,40000
74077,52630
74078,40000
74079,56851
74080,40000
74081,73478
74082,50992
74083,40000
74084,59734
74085,67277
74086,40000
74087,40000
74088,61175
74089,40000
74090,85855
74091,40000
74092,48853
74093,61364
74094,40000
74095,46690
74096,50786
74097,40000
74098,106223
74099,71716
74100,46966
74101,51287
74102,50177
74103,45722
74104,40000
74105,65261
74106,67742
74107,43643
74108,47389
74109,40287
74110,40000
74111,40000
74112,65726
74113,74355
74114,61474
74115,40000
74116,40000
74117,48136
74118,50252
74119,71096
74120,85164
74121,40000
74122,40000
74123,48907
74124,57585
74125,40000
74126,64060
74127,75896
74128,51094
74129,43729
74130,71086
74131,82738
74132,40000
74133,48693
74134,40000
74135,54081
74136,40000
74137,62050
74138,66186
74139,40000
74140,45351
74141,54831
74142,51681
74143,40000
74144,70430
74145,40000
74146,45470
74147,66118
74148,83126
74149,61533
74150,52650
74151,76340
74152,40000
74153,48311
74154,88025
74155,40000
74156,40000
74157,66457
74158,52153
74159,41699
74160,40000
74161,40000
74162,70414
74163,57756
74164,48103
74165,54053
74166,43899
74167,53690
74168,58159
74169,40706
74170,60624
74171,49708
74172,40000
74173,59644
74174,82494
74175,40000
74176,45366
74177,40000
74178,40000
74179,59663
74180,68958
74181,92120
74182,40000
74183,40000
74184,61716
74185,40000
74186,52913
74187,40000
74188,41541
74189,40000
74190,40000
74191,40000
74192,41287
74193,46017
74194,40000
74195,54320
74196,54997
74197,53296
74198,40000
74199,40000
74200,40000
74201,40000
74202,48172
74203,40000
74204,59088
74205,40000
74206,79100
74207,40000
74208,65133
74209,84596
74210,46985
74211,44859
74212,60701
74213,40000
74214,76149
74215,96657
74216,51920
74217,56926
74218,40000
74219,40000
74220,40000
74221,40000
74222,47314
74223,40000
74224,49094
74225,94885
74226,62449
74227,40000
74228,62205
74229,57547
74230,60312
74231,91793
74232,40000
74233,40000
74234,57139
74235,62708
74236,49789
74237,48639
74238,69465
74239,40000
74240,50115
74241,40000
74242,40000
74243,50553
74244,65284
74245,103356
74246,99729
74247,40000
74248,61149
74249,62361
74250,64091
74251,84977
74252,41701
74253,62063
74254,64218
74255,45215
74256,60250
74257,40000
74258,40000
74259,64236
74260,40000
74261,86139
74262,40000
74263,50524
74264,58216
74265,70622
74266,40000
74267,49307
74268,43048
74269,47672
74270,77473
74271,79587
74272,40000
74273,40000
74274,81760
74275,55501
74276,53257
74277,54293
74278,50503
74279,68180
74280,57230
74281,62048
74282,40000
74283,58864
74284,40000
74285,44964
74286,40000
74287,64860
74288,68101
74289,55616
74290,72741
74291,40000
74292,40000
74293,40000
74294,51256
74295,40000
74296,66376
74297,53576
74298,70807
74299,52215
74300,62226
74301,45021
74302,57290
74303,64210
74304,59786
74305,40143
74306,62443
74307,56891
74308,40070
74309,40000
74310,40000
74311,40000
74312,40000
74313,53990
74314,40000
74315,40000
74316,73441
74317,40000
74318,51843
74319,40000
74320,48553
74321,40000
74322,40000
74323,48439
74324,40000
74325,56424
74326,40000
74327,40000
74328,69260
74329,40000
74330,40000
74331,73636
74332,42665
74333,74031
74334,53639
74335,60699
74336,73790
74337,43485
74338,40000
74339,40000
74340,60364
74341,51573
74342,87368
74343,47741
74344,40000
74345,50596
74346,109641
74347,82226
74348,53019
74349,40000
74350,57396
74351,61062
74352,74063
74353,51591
74354,40000
74355,50097
74356,42198
74357,62051
74358,71479
74359,69124
74360,59711
74361,48799
74362,40000
74363,44297
74364,59206
74365,67087
74366,53500
74367,45247
74368,40000
74369,53754
74370,53551
74371,61698
74372,81377
74373,49881
74374,40000
74375,40000
74376,53596
74377,62457
74378,69328
74379,40000
74380,42395
74381,67762
74382,50809
74383,40000
74384,40000
74385,40000
74386,79837
74387,40000
74388,54421
74389,41699
74390,91198
74391,68096
74392,62140
74393,87890
74394,40000
74395,77336
74396,48559
74397,59717
74398,44245
74399,44642
74400,40000
74401,40000
74402,82649
74403,61263
74404,43333
74405,89165
74406,40514
74407,43337
74408,58467
74409,55909
74410,40000
74411,40000
74412,40000
74413,51003
74414,40000
74415,40000
74416,57943
74417,52557
74418,49546
74419,69020
74420,73505
74421,40000
74422,79164
74423,46229
74424,59873
74425,50240
74426,40000
74427,66689
74428,87158
74429,55636
74430,45976
74431,40000
74432,59888
74433,75404
74434,40000
74435,40000
74436,69448
74437,40000
74438,40000
74439,45222
74440,83917
74441,59998
74442,62296
74443,40000
74444,69906
74445,40000
74446,60836
74447,40000
74448,58820
74449,40000
74450,40000
74451,53472
74452,40000
74453,40000
74454,46301
74455,103291
74456,48134
74457,76571
74458,52323
74459,61440
74460,40000
74461,40000
74462,63725
74463,40000
74464,52542
74465,53733
74466,45466
74467,40000
74468,52223
74469,41841
74470,43398
74471,59911
74472,54143
74473,58401
74474,59304
74475,49861
74476,83369
74477,40000
74478,59808
74479,41721
74480,45311
74481,40000
74482,40969
74483,55148
74484,76884
74485,40000
74486,41470
74487,79643
74488,46280
74489,45812
74490,83921
74491,77747
74492,40000
74493,54053
74494,46311
74495,48730
74496,91305
74497,40000
74498,40000
74499,68540
74500,80374
74501,76752
74502,40000
74503,45902
74504,55549
74505,47338
74506,74502
74507,48643
74508,40000
74509,40000
74510,62412
74511,40000
74512,63180
74513,75743
74514,56611
74515,40000
74516,78370
74517,55537
74518,40000
74519,65891
74520,40000
74521,45572
74522,75124
74523,71398
74524,65573
74525,40000
74526,40000
74527,89889
74528,40000
74529,40000
74530,48039
74531,40000
74532,79767
74533,50302
74534,43550
74535,52523
74536,49527
74537,40000
74538,42840
74539,54783
74540,53598
74541,47357
74542,74942
74543,40913
74544,40000
74545,48232
74546,40000
74547,74537
74548,41643
74549,61121
74550,47851
74551,40000
74552,91613
74553,49658
74554,47216
74555,43712
74556,40000
74557,58155
74558,53720
74559,40000
74560,74867
74561,40000
74562,41727
74563,51474
74564,56251
74565,68136
74566,62918
74567,58337
74568,40245
74569,40211
74570,64764
74571,95687
74572,40000
74573,56150
74574,80121
74575,72469
74576,44608
74577,70490
74578,59300
74579,43249
74580,40000
74581,42817
74582,40000
74583,49559
74584,40000
74585,40000
74586,72658
74587,54157
74588,56482
74589,66289
74590,53679
74591,54065
74592,41428
74593,46101
74594,75351
74595,46434
74596,71715
74597,40000
74598,57664
74599,70444
74600,40000
74601,40000
74602,61898
74603,46791
74604,40000
74605,66119
74606,72024
74607,40000
74608,52309
74609,41187
74610,47175
74611,40000
74612,40000
74613,53850
74614,40000
74615,49134
74616,52822
74617,40000
74618,50834
74619,60181
74620,54143
74621,40000
74622,40000
74623,50768
74624,49647
74625,62644
74626,78484
74627,42886
74628,40000
74629,46439
74630,45456
74631,40000
74632,49748
74633,40000
74634,40000
74635,107301
74636,40000
74637,81516
74638,68543
74639,43157
74640,44076
74641,55682
74642,40000
74643,48532
74644,40000
74645,59782
74646,65956
74647,40000
74648,40000
74649,40000
74650,40000
74651,64213
74652,66418
74653,75146
74654,40830
74655,58530
74656,48554
74657,76803
74658,40000
74659,40000
74660,51141
74661,40000
74662,40000
74663,58030
74664,69455
74665,40000
74666,40000
74667,40000
74668,56031
74669,59248
74670,40000
74671,40000
74672,40000
74673,63365
74674,75425
74675,41674
74676,80613
74677,61700
74678,40000
74679,49259
74680,40000
74681,61850
74682,45638
74683,61336
74684,64613
74685,40000
74686,45665
74687,50793
74688,51164
74689,64963
74690,60074
74691,60436
74692,64697
74693,40181
74694,61544
74695,51493
74696,40000
74697,40000
74698,40000
74699,40000
74700,40000
74701,58164
74702,40120
74703,100982
74704,104556
74705,40000
74706,52180
74707,54952
74708,50756
74709,65856
74710,60908
74711,77605
74712,50089
74713,54593
74714,41638
74715,53543
74716,40000
74717,50368
74718,50534
74719,40727
74720,74806
74721,40000
74722,53282
74723,73177
74724,46230
74725,40000
74726,67020
74727,50235
74728,91824
74729,40000
74730,40000
74731,40000
74732,40000
74733,70874
74734,40000
74735,40000
74736,50466
74737,44135
74738,52924
74739,40000
74740,40000
74741,40000
74742,40000
74743,41291
74744,46194
74745,40827
74746,74250
74747,50498
74748,40272
74749,40000
74750,82020
74751,40000
74752,63237
74753,74247
74754,56914
74755,40000
74756,67369
74757,40000
74758,40000
74759,47855
74760,42532
74761,40000
74762,89017
74763,62443
74764,40000
74765,64566
74766,42819
74767,40000
74768,40000
74769,56020
74770,55937
74771,40286
74772,64329
74773,45932
74774,54651
74775,45489
74776,40000
74777,75963
74778,55964
74779,64227
74780,46837
74781,40000
74782,40000
74783,65655
74784,40000
74785,65619
74786,40000
74787,40000
74788,40000
74789,40000
74790,59290
74791,40000
74792,45896
74793,45932
74794,40000
74795,40832
74796,40000
74797,54504
74798,48239
74799,40000
74800,40000
74801,72310
74802,49280
74803,40000
74804,40000
74805,61371
74806,40000
74807,50684
74808,45376
74809,52207
74810,45397
74811,53056
74812,42229
74813,53275
74814,40000
74815,58079
74816,40000
74817,43296
74818,40000
74819,48415
74820,40000
74821,57241
74822,70852
74823,40000
74824,55964
74825,59343
74826,40000
74827,40000
74828,51400
74829,60693
74830,53262
74831,79542
74832,46717
74833,50634
74834,52596
74835,40000
74836,54305
74837,40000
74838,40000
74839,40000
74840,40000
74841,46207
74842,42277
74843,72528
74844,54473
74845,60012
74846,44080
74847,66269
74848,71011
74849,40000
74850,65830
74851,42705
74852,40000
74853,62982
74854,72331
74855,40000
74856,40000
74857,60745
74858,77888
74859,75662
74860,68248
74861,55636
74862,63146
74863,40000
74864,41747
74865,52537
74866,40000
74867,73964
74868,43508
74869,40257
74870,66984
74871,40000
74872,71778
74873,40000
74874,40000
74875,50986
74876,75710
74877,47082
74878,50609
74879,56650
74880,40000
74881,46675
74882,79609
74883,40337
74884,40000
74885,48222
74886,66442
74887,65526
74888,40000
74889,42012
74890,40000
74891,40000
74892,71127
74893,50151
74894,41352
74895,56599
74896,74985
74897,50069
74898,48854
74899,42366
74900,48132
74901,40000
74902,57907
74903,50356
74904,68043
74905,55471
74906,40000
74907,40000
74908,40000
74909,40000
74910,50364
74911,40000
74912,40000
74913,81372
74914,71780
74915,75350
74916,40000
74917,49836
74918,63930
74919,56132
74920,64739
74921,67629
74922,40000
74923,50867
74924,60165
74925,40723
74926,101728
74927,40000
74928,54955
74929,40000
74930,40000
74931,50875
74932,46119
74933,40000
74934,60428
74935,40000
74936,63717
74937,66996
74938,42244
74939,40000
74940,40000
74941,43900
74942,58750
74943,53235
74944,52356
74945,40000
74946,40000
74947,40000
74948,42812
74949,66138
74950,40000
74951,54237
74952,40000
74953,53634
74954,50090
74955,59359
74956,43542
74957,86049
74958,41636
74959,49954
74960,40000
74961,73592
74962,81978
74963,78525
74964,40000
74965,67482
74966,62959
74967,40000
74968,40000
74969,64736
74970,43857
74971,55240
74972,40000
74973,40000
74974,64607
74975,72963
74976,41895
74977,44791
74978,40000
74979,55224
74980,43189
74981,40000
74982,55805
74983,40000
74984,68929
74985,60751
74986,40000
74987,96260
74988,40000
74989,40000
74990,77376
74991,69511
74992,40000
74993,83534
74994,40000
74995,40000
74996,50903
74997,62336
74998,65066
74999,40000
75000,49286
75001,41861
75002,40612
75003,40000
75004,52908
75005,40000
75006,47808
75007,40000
75008,41889
75009,41215
75010,84150
75011,40000
75012,62482
75013,78505
75014,40000
75015,45530
75016,43956
75017,63868
75018,66741
75019,40000
75020,40000
75021,40000
75022,42205
75023,55278
75024,88841
75025,40000
75026,49056
75027,46129
75028,45771
75029,66643
75030,42082
75031,49701
75032,49036
75033,40000
75034,40000
75035,67983
75036,44688
75037,40000
75038,45289
75039,63422
75040,40190
75041,40000
75042,64290
75043,42628
75044,63584
75045,41728
75046,82679
75047,40000
75048,62451
75049,40000
75050,44113
75051,67846
75052,49369
75053,69264
75054,40000
75055,40000
75056,55649
75057,40000
75058,40000
75059,40000
75060,40000
75061,75234
75062,55885
75063,83691
75064,40000
75065,50867
75066,43279
75067,51496
75068,51094
75069,43022
75070,43130
75071,54345
75072,49050
75073,49396
75074,67491
75075,51820
75076,56337
75077,40000
75078,57318
75079,40615
75080,46902
75081,89182
75082,41478
75083,40000
75084,59836
75085,65918
75086,41895
75087,40000
75088,43734
75089,40000
75090,97656
75091,75276
75092,72851
75093,75526
75094,60487
75095,64972
75096,68790
75097,50147
75098,48359
75099,40000
75100,40207
75101,62654
75102,50074
75103,40000
75104,66576
75105,53601
75106,40000
75107,74246
75108,62385
75109,80134
75110,40000
75111,47124
75112,54886
75113,40000
75114,67056
75115,48889
75116,50489
75117,40000
75118,113797
75119,40000
75120,45381
75121,45610
75122,40000
75123,40000
75124,40000
75125,86150
75126,40000
75127,70982
75128,68769
75129,40000
75130,73745
75131,40000
75132,44360
75133,56805
75134,72006
75135,66726
75136,67451
75137,69682
75138,116104
75139,43017
75140,40000
75141,40000
75142,81072
75143,40000
75144,48456
75145,40000
75146,40000
75147,40000
75148,46306
75149,40000
75150,75497
75151,40000
75152,76276
75153,51357
75154,40000
75155,40000
75156,91067
75157,43770
75158,47324
75159,40000
75160,46035
75161,69275
75162,55027
75163,40000
75164,40000
75165,54483
75166,71375
75167,40000
75168,43213
75169,69040
75170,101379
75171,40000
75172,48451
75173,47660
75174,40557
75175,62343
75176,46679
75177,44650
75178,40000
75179,40000
75180,40000
75181,42239
75182,40000
75183,82901
75184,40000
75185,40000
75186,59874
75187,46076
75188,40000
75189,61559
75190,47454
75191,40000
75192,48460
75193,40000
75194,64103
75195,63585
75196,42682
75197,76937
75198,40000
75199,54416
75200,60285
75201,62433
75202,62774
75203,52394
75204,40000
75205,40857
75206,54488
75207,65603
75208,77969
75209,56316
75210,70464
75211,67334
75212,77862
75213,63349
75214,40000
75215,49871
75216,70407
75217,40000
75218,51557
75219,40000
75220,40000
75221,40000
75222,51260
75223,82814
75224,51638
75225,48215
75226,46501
75227,40000
75228,40560
75229,97433
75230,40000
75231,67213
75232,40000
75233,59585
75234,40000
75235,57912
75236,40000
75237,40000
75238,47901
75239,42890
75240,59470
75241,40000
75242,84587
75243,56171
75244,50265
75245,58618
75246,56803
75247,91364
75248,40000
75249,40000
75250,62622
75251,40941
75252,43989
75253,40000
75254,40000
75255,40000
75256,82280
75257,76101
75258,72664
75259,87342
75260,40000
75261,40000
75262,66095
75263,64033
75264,47743
75265,58885
75266,40000
75267,40000
75268,56889
75269,40000
75270,40000
75271,59668
75272,40000
75273,65624
75274,65439
75275,50650
75276,40000
75277,87230
75278,48293
75279,40000
75280,86216
75281,44996
75282,64977
75283,79377
75284,40000
75285,62245
75286,48732
75287,51249
75288,46608
75289,40000
75290,40000
75291,55137
75292,44885
75293,61064
75294,40000
75295,49568
75296,44285
75297,52404
75298,40000
75299,49499
75300,40000
75301,46659
75302,52865
75303,76804
75304,63602
75305,50489
75306,57809
75307,40000
75308,40000
75309,58381
75310,75591
75311,86631
75312,43993
75313,46597
75314,85932
75315,51336
75316,40000
75317,65813
75318,40000
75319,51147
75320,56288
75321,40000
75322,40000
75323,71512
75324,47294
75325,63191
75326,42752
75327,54678
75328,77584
75329,40522
75330,57386
75331,48994
75332,97761
75333,40000
75334,60952
75335,47284
75336,52686
75337,54755
75338,46396
75339,47311
75340,40000
75341,40000
75342,40000
75343,40000
75344,45681
75345,56912
75346,40000
75347,40000
75348,40000
75349,66348
75350,50587
75351,53080
75352,73024
75353,40000
75354,40000
75355,40000
75356,57614
75357,56302
75358,40000
75359,67244
75360,40000
75361,70487
75362,63661
75363,58344
75364,61242
75365,40000
75366,43879
75367,40000
75368,64670
75369,40000
75370,71492
75371,56164
75372,53754
75373,40000
75374,42561
75375,40000
75376,40000
75377,51705
75378,40000
75379,40000
75380,58090
75381,62831
75382,40000
75383,65905
75384,46387
75385,40000
75386,67673
75387,53221
75388,40000
75389,40000
75390,40000
75391,40000
75392,40000
75393,40000
75394,44229
75395,71418
75396,40000
75397,40000
75398,40000
75399,48781
75400,92376
75401,60544
75402,40784
75403,40000
75404,40774
75405,40000
75406,71315
75407,48838
75408,43147
75409,50299
75410,52057
75411,73684
75412,56848
75413,79355
75414,49550
75415,44143
75416,40000
75417,44184
75418,40000
75419,84992
75420,41464
75421,73035
75422,40000
75423,43839
75424,73486
75425,60312
75426,60679
75427,63194
75428,79439
75429,48658
75430,40000
75431,52988
75432,51134
75433,64438
75434,40000
75435,44486
75436,51707
75437,56733
75438,71804
75439,61297
75440,40000
75441,40000
75442,40000
75443,65553
75444,40000
75445,68795
75446,50357
75447,40000
75448,40000
75449,79554
75450,65407
75451,40000
75452,42239
75453,40000
75454,58414
75455,58403
75456,40000
75457,72357
75458,40000
75459,40000
75460,40000
75461,81695
75462,40000
75463,60283
75464,40000
75465,79119
75466,40000
75467,48368
75468,78037
75469,40000
75470,97918
75471,64883
75472,70013
75473,42630
75474,79885
75475,67539
75476,44270
75477,40000
75478,47293
75479,48564
75480,52156
75481,40000
75482,47456
75483,40000
75484,72214
75485,47558
75486,58142
75487,90995
75488,40111
75489,75907
75490,44050
75491,42441
75492,61702
75493,70057
75494,81116
75495,68356
75496,63224
75497,69388
75498,61954
75499,51806
75500,72983
75501,40000
75502,40000
75503,78633
75504,57235
75505,57647
75506,71540
75507,40000
75508,43514
75509,40000
75510,40000
75511,40000
75512,51546
75513,63426
75514,40000
75515,66754
75516,64137
75517,82441
75518,48484
75519,40000
75520,62646
75521,44348
75522,51455
75523,40000
75524,52342
75525,44579
75526,80693
75527,64792
75528,49872
75529,57678
75530,76080
75531,62625
75532,41458
75533,69617
75534,72500
75535,45519
75536,40435
75537,66806
75538,76716
75539,45502
75540,77224
75541,52997
75542,77002
75543,62981
75544,40000
75545,40000
75546,40000
75547,50875
75548,58459
75549,72720
75550,76180
75551,53699
75552,78441
75553,40000
75554,41560
75555,71450
75556,52155
75557,72872
75558,102625
75559,67351
75560,40000
75561,52299
75562,58978
75563,56487
75564,86239
75565,58132
75566,40000
75567,40000
75568,40000
75569,53646
75570,53692
75571,48509
75572,40000
75573,40000
75574,79671
75575,58077
75576,59079
75577,73138
75578,60979
75579,47952
75580,40000
75581,46920
75582,49567
75583,78356
75584,40000
75585,45981
75586,82155
75587,46025
75588,66838
75589,41806
75590,40000
75591,40000
75592,64570
75593,57536
75594,64953
75595,40000
75596,91512
75597,40000
75598,74026
75599,41176
75600,49212
75601,73644
75602,40567
75603,42046
75604,40000
75605,41134
75606,49882
75607,55211
75608,87302
75609,40000
75610,43595
75611,61226
75612,40000
75613,40000
75614,96933
75615,40000
75616,54190
75617,43008
75618,49888
75619,40000
75620,40000
75621,46160
75622,44304
75623,78264
75624,58360
75625,73090
75626,40000
75627,55735
75628,40000
75629,40000
75630,75358
75631,40000
75632,95878
75633,44161
75634,40000
75635,53397
75636,54368
75637,42683
75638,77809
75639,88523
75640,87570
75641,45349
75642,46721
75643,40000
75644,40000
75645,71168
75646,40000
75647,41045
75648,43637
75649,83528
75650,40000
75651,40000
75652,70530
75653,62967
75654,40000
75655,55802
75656,40000
75657,40000
75658,48478
75659,41129
75660,40000
75661,62126
75662,44113
75663,77262
75664,49147
75665,68979
75666,91326
75667,40000
75668,82285
75669,40000
75670,69563
75671,59738
75672,74614
75673,44513
75674,40000
75675,55477
75676,75412
75677,58454
75678,45610
75679,61461
75680,57857
75681,79933
75682,51695
75683,40952
75684,51561
75685,40000
75686,80177
75687,40000
75688,58658
75689,42071
75690,40000
75691,40000
75692,43357
75693,50572
75694,46584
75695,40000
75696,46655
75697,43182
75698,46959
75699,54831
75700,52063
75701,46473
75702,46412
75703,40000
75704,40000
75705,40000
75706,45371
75707,40000
75708,44459
75709,48384
75710,42670
75711,45237
75712,52333
75713,55744
75714,57259
75715,67863
75716,40000
75717,59233
75718,40000
75719,66856
75720,62625
75721,66401
75722,45530
75723,40000
75724,48542
75725,55633
75726,61518
75727,63750
75728,53118
75729,40000
75730,40000
75731,41956
75732,40000
75733,40000
75734,88260
75735,70393
75736,48864
75737,71231
75738,90423
75739,62065
75740,40000
75741,71341
75742,53772
75743,75467
75744,44755
75745,54509
75746,40000
75747,54108
75748,64885
75749,45698
75750,40000
75751,68798
75752,46442
75753,80204
75754,40000
75755,40119
75756,69457
75757,65981
75758,40000
75759,40000
75760,44458
75761,89193
75762,57107
75763,78830
75764,40000
75765,43387
75766,45555
75767,65626
75768,40000
75769,56582
75770,40000
75771,40000
75772,41036
75773,58944
75774,40771
75775,40000
75776,62073
75777,47662
75778,47563
75779,40000
75780,40000
75781,81239
75782,40000
75783,40000
75784,43665
75785,53290
75786,40000
75787,40000
75788,40000
75789,64060
75790,40930
75791,62408
75792,40000
75793,87020
75794,44639
75795,40000
75796,42192
75797,41515
75798,40000
75799,40000
75800,55586
75801,40000
75802,42751
75803,40966
75804,45719
75805,54047
75806,61328
75807,40000
75808,47522
75809,40000
75810,55759
75811,40000
75812,44268
75813,63985
75814,47468
75815,40000
75816,62409
75817,66979
75818,40000
75819,40000
75820,76925
75821,40000
75822,76608
75823,49255
75824,40000
75825,40000
75826,54301
75827,56486
75828,41474
75829,55308
75830,72187
75831,40177
75832,52362
75833,40000
75834,40000
75835,48788
75836,40000
75837,48907
75838,43854
75839,40000
75840,80223
75841,44156
75842,71140
75843,40000
75844,59464
75845,47325
75846,43510
75847,41237
75848,40000
75849,86545
75850,43159
75851,40000
75852,65221
75853,61662
75854,52809
75855,94713
75856,40000
75857,61955
75858,50478
75859,47459
75860,46749
75861,40000
75862,40000
75863,53070
75864,61903
75865,98232
75866,59229
75867,54505
75868,56136
75869,70679
75870,40000
75871,42745
75872,40000
75873,47274
75874,40000
75875,54160
75876,40000
75877,59892
75878,44620
75879,62367
75880,40518
75881,48759
75882,66265
75883,62335
75884,49487
75885,49260
75886,61256
75887,43373
75888,46178
75889,54777
75890,46933
75891,45509
75892,40000
75893,40026
75894,40000
75895,85896
75896,40000
75897,40000
75898,80025
75899,40000
75900,61099
75901,52316
75902,47519
75903,55674
75904,59319
75905,40000
75906,118095
75907,40000
75908,40000
75909,40000
75910,42619
75911,71590
75912,41681
75913,40000
75914,67441
75915,40000
75916,42232
75917,56350
75918,40000
75919,75076
75920,60373
75921,40000
75922,50643
75923,40000
75924,40000
75925,61277
75926,47802
75927,51255
75928,56219
75929,40000
75930,52620
75931,58577
75932,56090
75933,47156
75934,82062
75935,40000
75936,40000
75937,48181
75938,40000
75939,45047
75940,41978
75941,70295
75942,40000
75943,57725
75944,40000
75945,45944
75946,91129
75947,40000
75948,40603
75949,40000
75950,61795
75951,53201
75952,47326
75953,58960
75954,40000
75955,83684
75956,40000
75957,65974
75958,40000
75959,45955
75960,40000
75961,76273
75962,56653
75963,55218
75964,86676
75965,40000
75966,71210
75967,40000
75968,40000
75969,40045
75970,40000
75971,54962
75972,76332
75973,42165
75974,45620
75975,40000
75976,48008
75977,41369
75978,53514
75979,40000
75980,60591
75981,84227
75982,40000
75983,40000
75984,43955
75985,94149
75986,56166
75987,68680
75988,61386
75989,46665
75990,45551
75991,40000
75992,56185
75993,40000
75994,64613
75995,56755
75996,40000
75997,62020
75998,59895
75999,40000
76000,40984
76001,40000
76002,62706
76003,41819
76004,43185
76005,71550
76006,40000
76007,41960
76008,40000
76009,40000
76010,40000
76011,42979
76012,76180
76013,40000
76014,55090
76015,56781
76016,59335
76017,82417
76018,40000
76019,50637
76020,46145
76021,52572
76022,40000
76023,43697
76024,41920
76025,40000
76026,48595
76027,68089
76028,52928
76029,40000
76030,40000
76031,40000
76032,40000
76033,69911
76034,71189
76035,51955
76036,46923
76037,40000
76038,45326
76039,40000
76040,40000
76041,47300
76042,43121
76043,55890
76044,50299
76045,48492
76046,40000
76047,40000
76048,79851
76049,40000
76050,46334
76051,40000
76052,52813
76053,64977
76054,46833
76055,40000
76056,40000
76057,71628
76058,40000
76059,46011
76060,62747
76061,50330
76062,40000
76063,54736
76064,40000
76065,73434
76066,40000
76067,40000
76068,40000
76069,40000
76070,66838
76071,61955
76072,40000
76073,82849
76074,82382
76075,69067
76076,40000
76077,40000
76078,87522
76079,50069
76080,54117
76081,69869
76082,40000
76083,58509
76084,40000
76085,71936
76086,78412
76087,52304
76088,40000
76089,68604
76090,56296
76091,40000
76092,40000
76093,67836
76094,40000
76095,58309
76096,40000
76097,51187
76098,40000
76099,50823
76100,58976
76101,40000
76102,43490
76103,54419
76104,45296
76105,40000
76106,57637
76107,40000
76108,65230
76109,40000
76110,40000
76111,58480
76112,40000
76113,97172
76114,40000
76115,52702
76116,40000
76117,40000
76118,60071
76119,51408
76120,40000
76121,40000
76122,53754
76123,40000
76124,40718
76125,98724
76126,40000
76127,61103
76128,44124
76129,42833
76130,40000
76131,52900
76132,47555
76133,54089
76134,40000
76135,60734
76136,40000
76137,40000
76138,60068
76139,85585
76140,55398
76141,75693
76142,88018
76143,54568
76144,40000
76145,43979
76146,49580
76147,85282
76148,40000
76149,72971
76150,40000
76151,40000
76152,49389
76153,40000
76154,81709
76155,87627
76156,40000
76157,59470
76158,55369
76159,70738
76160,40000
76161,40000
76162,40000
76163,61795
76164,54346
76165,45169
76166,42131
76167,40000
76168,44207
76169,68694
76170,91764
76171,40000
76172,46585
76173,40000
76174,73050
76175,77945
76176,74499
76177,40000
76178,62261
76179,76616
76180,46622
76181,40000
76182,40000
76183,40000
76184,40000
76185,52367
76186,40000
76187,40000
76188,40000
76189,47490
76190,41089
76191,62266
76192,62174
76193,80245
76194,40000
76195,74373
76196,40000
76197,64715
76198,50818
76199,40000
76200,40000
76201,45799
76202,40000
76203,92201
76204,62672
76205,52487
76206,45870
76207,40000
76208,53770
76209,50637
76210,57575
76211,47848
76212,62730
76213,55313
76214,40000
76215,40522
76216,40000
76217,62597
76218,49230
76219,66088
76220,55379
76221,49955
76222,40000
76223,62986
76224,42895
76225,61079
76226,42292
76227,40000
76228,40000
76229,43848
76230,44178
76231,83738
76232,68763
76233,66788
76234,40000
76235,47624
76236,76176
76237,63029
76238,43140
76239,58939
76240,55987
76241,40000
76242,44505
76243,44143
76244,40000
76245,50382
76246,40000
76247,82475
76248,40000
76249,69882
76250,40000
76251,40000
76252,53468
76253,65103
76254,40000
76255,57152
76256,79730
76257,90258
76258,54406
76259,40000
76260,40000
76261,40000
76262,57314
76263,40000
76264,54860
76265,48981
76266,53026
76267,40000
76268,61294
76269,40000
76270,87792
76271,40000
76272,63884
76273,40000
76274,45226
76275,40000
76276,61798
76277,40000
76278,40000
76279,91972
76280,40000
76281,40000
76282,88035
76283,40000
76284,48714
76285,53114
76286,49310
76287,40000
76288,48899
76289,40000
76290,53245
76291,42109
76292,40000
76293,56496
76294,67338
76295,40000
76296,54011
76297,58038
76298,64565
76299,55301
76300,82199
76301,77899
76302,40000
76303,56416
76304,42649
76305,46695
76306,43071
76307,82316
76308,57051
76309,64561
76310,45514
76311,71233
76312,40000
76313,42651
76314,51941
76315,53547
76316,45272
76317,49113
76318,41385
76319,40000
76320,54972
76321,53922
76322,62824
76323,54456
76324,40943
76325,75110
76326,75023
76327,57432
76328,40609
76329,72853
76330,44283
76331,71238
76332,40000
76333,54533
76334,60613
76335,49396
76336,62287
76337,60266
76338,40000
76339,40000
76340,56244
76341,93328
76342,82244
76343,45326
76344,40000
76345,58217
76346,74434
76347,52261
76348,52253
76349,54412
76350,47719
76351,40000
76352,48639
76353,40000
76354,40000
76355,47461
76356,40385
76357,44192
76358,42161
76359,40000
76360,40000
76361,89037
76362,46920
76363,43366
76364,54150
76365,40000
76366,43595
76367,47304
76368,40000
76369,40000
76370,48365
76371,40000
76372,40000
76373,40000
76374,49230
76375,40000
76376,40000
76377,45892
76378,81144
76379,40000
76380,74709
76381,60694
76382,94529
76383,40000
76384,40000
76385,41941
76386,65886
76387,48823
76388,40000
76389,40000
76390,40000
76391,40000
76392,81493
76393,43324
76394,66445
76395,68319
76396,40000
76397,86476
76398,40000
76399,42807
76400,40000
76401,52649
76402,48511
76403,40000
76404,47054
76405,44192
76406,40000
76407,93140
76408,52122
76409,55135
76410,40000
76411,71959
76412,40000
76413,52789
76414,40000
76415,40000
76416,49905
76417,40000
76418,40000
76419,66893
76420,84333
76421,40000
76422,76842
76423,40000
76424,70406
76425,40000
76426,73797
76427,62489
76428,49220
76429,93663
76430,40000
76431,48330
76432,40000
76433,40000
76434,66485
76435,43765
76436,48222
76437,40000
76438,40000
76439,66729
76440,45099
76441,40000
76442,43788
76443,54959
76444,46190
76445,64747
76446,56918
76447,50344
76448,78173
76449,40052
76450,56732
76451,40798
76452,40000
76453,69523
76454,88827
76455,76827
76456,40000
76457,40000
76458,45559
76459,51215
76460,46361
76461,45431
76462,43851
76463,94686
76464,55519
76465,58695
76466,40000
76467,53723
76468,67534
76469,60624
76470,52998
76471,40000
76472,40000
76473,49776
76474,73352
76475,42148
76476,43892
76477,65586
76478,51626
76479,70944
76480,46924
76481,40000
76482,56466
76483,40000
76484,40000
76485,45199
76486,44794
76487,40000
76488,50923
76489,57292
76490,55400
76491,51169
76492,40000
76493,55377
76494,40000
76495,88246
76496,46680
76497,64918
76498,40000
76499,51387
76500,40000
76501,56250
76502,40000
76503,89197
76504,57250
76505,47929
76506,62849
76507,40000
76508,58470
76509,63622
76510,63519
76511,40000
76512,47383
76513,55320
76514,45871
76515,41937
76516,48406
76517,67888
76518,40000
76519,78958
76520,57267
76521,40000
76522,40000
76523,52443
76524,40000
76525,77407
76526,65517
76527,97062
76528,61471
76529,53798
76530,40000
76531,77909
76532,40000
76533,53256
76534,67823
76535,40000
76536,40000
76537,43511
76538,68137
76539,40000
76540,60092
76541,55935
76542,46264
76543,44805
76544,40000
76545,40000
76546,40000
76547,44994
76548,40000
76549,57651
76550,52780
76551,40000
76552,40000
76553,63029
76554,40000
76555,74870
76556,40000
76557,40000
76558,94759
76559,40000
76560,54424
76561,40000
76562,65292
76563,46089
76564,40000
76565,40000
76566,54090
76567,40000
76568,42965
76569,85982
76570,66818
76571,66369
76572,64134
76573,63588
76574,40000
76575,40000
76576,58377
76577,71101
76578,48920
76579,69202
76580,46287
76581,98331
76582,40240
76583,62037
76584,40000
76585,40000
76586,69510
76587,40000
76588,53283
76589,42922
76590,57753
76591,58285
76592,46953
76593,40000
76594,60008
76595,40000
76596,40000
76597,40000
76598,69066
76599,40000
76600,54909
76601,68630
76602,57230
76603,60053
76604,55425
76605,71334
76606,40000
76607,62219
76608,58041
76609,46438
76610,79786
76611,43062
76612,48433
76613,54541
76614,40000
76615,40000
76616,60707
76617,40000
76618,40000
76619,55552
76620,40000
76621,40000
76622,57924
76623,40000
76624,40000
76625,74827
76626,45102
76627,40000
76628,74077
76629,66766
76630,40000
76631,43913
76632,43031
76633,47878
76634,51823
76635,70314
76636,73095
76637,57806
76638,40000
76639,58140
76640,40000
76641,46248
76642,48958
76643,59539
76644,71195
76645,49236
76646,59889
76647,47453
76648,47020
76649,58787
76650,78750
76651,49644
76652,40000
76653,49111
76654,51530
76655,40000
76656,59559
76657,41417
76658,41814
76659,40000
76660,40000
76661,52395
76662,47541
76663,77287
76664,68201
76665,71967
76666,40000
76667,57004
76668,40000
76669,66447
76670,40000
76671,61886
76672,40000
76673,51965
76674,76723
76675,41018
76676,69671
76677,58663
76678,86007
76679,40000
76680,40000
76681,57179
76682,48128
76683,61857
76684,52690
76685,66889
76686,40000
76687,78762
76688,46505
76689,46470
76690,62839
76691,40000
76692,40000
76693,52526
76694,58057
76695,85355
76696,56373
76697,45420
76698,81060
76699,55650
76700,56966
76701,40000
76702,60339
76703,59619
76704,57468
76705,40000
76706,40000
76707,84494
76708,40000
76709,40000
76710,40000
76711,53336
76712,46108
76713,70363
76714,46846
76715,67007
76716,40000
76717,55079
76718,62687
76719,64965
76720,40000
76721,40000
76722,60630
76723,40000
76724,40000
76725,63590
76726,40000
76727,56046
76728,55018
76729,56951
76730,51584
76731,40000
76732,40000
76733,52389
76734,46553
76735,68085
76736,85244
76737,48501
76738,41180
76739,40000
76740,65298
76741,40000
76742,48401
76743,54202
76744,40000
76745,40000
76746,54301
76747,40000
76748,40000
76749,52584
76750,45909
76751,40153
76752,67070
76753,65288
76754,40000
76755,64498
76756,59242
76757,67073
76758,40000
76759,78279
76760,48303
76761,72745
76762,40000
76763,40000
76764,40000
76765,40000
76766,40000
76767,40000
76768,40000
76769,54563
76770,45284
76771,40000
76772,42932
76773,40000
76774,49383
76775,42433
76776,48494
76777,71780
76778,40000
76779,65283
76780,50626
76781,40000
76782,43889
76783,40000
76784,52154
76785,41088
76786,40000
76787,48302
76788,40000
76789,40000
76790,52187
76791,40000
76792,40000
76793,61082
76794,59756
76795,40000
76796,59252
76797,40000
76798,40000
76799,40000
76800,44940
76801,75020
76802,41370
76803,51090
76804,94522
76805,53203
76806,58261
76807,67096
76808,59227
76809,40000
76810,40000
76811,58545
76812,42740
76813,57616
76814,44282
76815,53611
76816,42142
76817,53206
76818,46632
76819,55018
76820,66986
76821,64030
76822,40000
76823,50837
76824,40887
76825,43803
76826,40000
76827,67545
76828,65013
76829,40000
76830,40000
76831,64849
76832,40000
76833,40000
76834,40000
76835,40000
76836,53796
76837,57206
76838,42263
76839,73928
76840,40000
76841,50088
76842,50281
76843,40000
76844,40000
76845,53891
76846,47921
76847,40000
76848,57989
76849,42707
76850,64953
76851,40000
76852,40000
76853,56045
76854,40000
76855,40000
76856,46610
76857,68038
76858,40000
76859,40000
76860,54463
76861,43579
76862,52717
76863,68956
76864,61208
76865,42312
76866,40000
76867,60127
76868,59853
76869,51618
76870,40000
76871,47410
76872,45931
76873,88211
76874,95163
76875,67865
76876,40000
76877,40000
76878,64870
76879,40000
76880,46452
76881,49172
76882,40000
76883,40000
76884,40000
76885,40000
76886,53551
76887,40000
76888,40000
76889,75809
76890,86011
76891,40000
76892,55405
76893,55548
76894,40000
76895,50137
76896,65492
76897,50411
76898,40000
76899,43647
76900,40000
76901,42391
76902,52167
76903,60062
76904,67140
76905,40000
76906,66562
76907,40327
76908,47597
76909,40000
76910,40000
76911,40000
76912,57523
76913,53581
76914,46890
76915,49833
76916,49653
76917,40000
76918,52211
76919,55085
76920,59029
76921,40000
76922,40000
76923,52481
76924,102360
76925,55775
76926,45971
76927,85260
76928,62180
76929,50419
76930,46131
76931,44352
76932,42333
76933,49650
76934,47768
76935,75727
76936,40000
76937,54278
76938,51167
76939,52964
76940,65270
76941,51809
76942,74855
76943,40000
76944,64015
76945,84710
76946,79069
76947,40000
76948,53008
76949,40000
76950,57563
76951,40000
76952,40000
76953,40000
76954,66516
76955,65073
76956,48836
76957,65976
76958,40000
76959,42635
76960,40000
76961,56789
76962,71970
76963,49964
76964,40000
76965,40000
76966,40000
76967,69936
76968,40000
76969,40000
76970,45364
76971,42074
76972,60416
76973,40802
76974,69293
76975,40000
76976,40000
76977,66149
76978,82340
76979,52198
76980,40000
76981,40000
76982,60314
76983,40000
76984,75684
76985,40000
76986,40000
76987,70366
76988,40000
76989,63718
76990,51628
76991,40000
76992,40000
76993,50696
76994,55742
76995,67124
76996,40000
76997,56550
76998,47258
76999,40000
77000,77950
77001,40000
77002,55048
77003,54327
77004,40000
77005,76482
77006,40000
77007,64254
77008,40000
77009,40000
77010,40000
77011,40000
77012,86513
77013,82069
77014,40000
77015,41170
77016,68550
77017,63967
77018,40000
77019,54632
77020,56777
77021,50812
77022,40000
77023,85459
77024,43895
77025,82318
77026,41787
77027,69990
77028,40000
77029,40016
77030,47503
77031,60876
77032,59791
77033,40000
77034,56269
77035,66462
77036,45035
77037,41617
77038,41456
77039,40000
77040,53417
77041,40000
77042,40000
77043,81984
77044,40000
77045,64628
77046,42109
77047,53116
77048,58003
77049,40000
77050,42138
77051,40000
77052,44033
77053,40000
77054,41341
77055,40000
77056,61688
77057,87638
77058,58124
77059,56707
77060,40000
77061,46381
77062,59544
77063,40000
77064,47850
77065,40000
77066,83966
77067,48950
77068,40000
77069,72197
77070,91385
77071,66000
77072,40000
77073,60307
77074,42460
77075,90845
77076,53671
77077,47322
77078,47537
77079,40000
77080,40000
77081,55308
77082,40000
77083,51534
77084,78391
77085,40000
77086,40000
77087,59323
77088,68347
77089,59550
77090,48100
77091,62565
77092,52735
77093,77724
77094,65614
77095,58059
77096,55922
77097,47339
77098,79219
77099,46790
77100,41249
77101,79634
77102,64931
77103,40000
77104,40000
77105,47284
77106,44205
77107,67457
77108,63820
77109,80020
77110,40000
77111,55431
77112,40000
77113,44457
77114,40000
77115,95781
77116,55194
77117,45746
77118,40000
77119,40000
77120,40000
77121,53198
77122,40000
77123,40650
77124,68008
77125,67025
77126,48783
77127,74306
77128,84248
77129,111764
77130,40000
77131,50056
77132,40000
77133,70096
77134,40000
77135,58760
77136,40000
77137,40000
77138,60043
77139,87256
77140,40000
77141,61639
77142,40000
77143,40000
77144,84757
77145,43931
77146,40000
77147,84965
77148,72071
77149,40000
77150,75509
77151,40828
77152,117474
77153,60439
77154,42282
77155,65929
77156,47526
77157,40000
77158,58352
77159,50881
77160,40000
77161,63525
77162,66219
77163,40687
77164,75052
77165,40695
77166,40000
77167,62487
77168,79496
77169,40000
77170,40000
77171,46412
77172,64254
77173,95344
77174,40000
77175,73009
77176,40000
77177,55831
77178,40000
77179,40000
77180,40000
77181,40000
77182,43479
77183,75374
77184,54473
77185,43952
77186,69031
77187,56496
77188,40000
77189,56187
77190,59580
77191,65694
77192,60234
77193,40000
77194,48473
77195,40000
77196,50999
77197,40000
77198,79400
77199,40000
77200,40000
77201,82923
77202,68842
77203,58267
77204,40000
77205,65533
77206,67718
77207,75832
77208,61014
77209,56735
77210,40000
77211,40000
77212,40000
77213,40000
77214,72467
77215,61747
77216,59635
77217,40000
77218,40449
77219,75862
77220,40000
77221,52501
77222,40000
77223,40000
77224,51764
77225,40000
77226,41197
77227,40000
77228,40000
77229,40000
77230,91280
77231,44555
77232,47571
77233,81334
77234,60691
77235,52867
77236,50961
77237,46555
77238,43273
77239,70843
77240,40000
77241,55656
77242,40000
77243,61100
77244,53011
77245,40000
77246,61239
77247,55934
77248,47738
77249,62736
77250,56424
77251,78035
77252,50321
77253,65153
77254,52752
77255,103215
77256,45651
77257,80430
77258,49808
77259,40000
77260,46676
77261,40000
77262,42468
77263,87513
77264,44415
77265,56886
77266,42524
77267,43880
77268,67075
77269,56224
77270,65427
77271,46518
77272,72036
77273,40000
77274,45255
77275,41384
77276,49176
77277,51908
77278,46174
77279,55081
77280,48356
77281,40000
77282,70306
77283,44984
77284,40000
77285,90110
77286,40000
77287,50337
77288,40000
77289,61149
77290,61712
77291,40741
77292,40000
77293,40000
77294,76279
77295,40000
77296,69348
77297,57173
77298,77489
77299,40248
77300,40000
77301,48735
77302,43088
77303,48808
77304,40000
77305,40000
77306,61651
77307,80146
77308,40000
77309,40000
77310,74928
77311,47988
77312,91024
77313,66564
77314,62273
77315,40000
77316,59063
77317,40000
77318,52872
77319,53951
77320,82849
77321,74247
77322,44277
77323,48705
77324,67287
77325,70697
77326,67029
77327,40000
77328,52848
77329,40000
77330,50453
77331,52720
77332,64967
77333,42086
77334,60836
77335,43628
77336,58354
77337,106649
77338,66746
77339,40000
77340,40000
77341,40000
77342,40000
77343,74599
77344,54163
77345,82475
77346,54017
77347,51794
77348,48976
77349,40000
77350,60134
77351,86206
77352,63465
77353,58979
77354,71461
77355,50499
77356,47909
77357,52611
77358,40000
77359,40000
77360,44690
77361,50623
77362,45266
77363,40000
77364,40000
77365,40000
77366,40000
77367,40000
77368,58273
77369,81210
77370,70538
77371,53237
77372,40000
77373,66929
77374,64498
77375,63356
77376,67122
77377,40000
77378,40000
77379,100775
77380,68247
77381,45041
77382,41310
77383,40000
77384,63568
77385,87745
77386,71161
77387,85045
77388,71678
77389,40000
77390,64914
77391,48200
77392,48312
77393,44519
77394,68961
77395,84790
77396,56877
77397,40000
77398,40000
77399,40000
77400,40000
77401,77603
77402,62353
77403,40000
77404,40000
77405,40000
77406,43114
77407,59445
77408,40000
77409,47445
77410,81465
77411,58085
77412,63945
77413,65842
77414,40801
77415,76906
77416,54384
77417,64790
77418,46386
77419,40000
77420,50676
77421,84884
77422,40000
77423,40000
77424,58480
77425,48629
77426,61898
77427,86216
77428,40000
77429,40000
77430,40000
77431,40000
77432,40000
77433,63809
77434,60273
77435,67245
77436,75814
77437,42474
77438,40000
77439,58179
77440,75382
77441,43655
77442,40000
77443,40000
77444,60838
77445,63363
77446,52321
77447,40000
77448,42230
77449,47523
77450,40000
77451,61884
77452,64890
77453,43195
77454,55249
77455,52327
77456,40000
77457,53848
77458,50600
77459,55944
77460,40000
77461,40000
77462,40000
77463,40000
77464,64983
77465,51338
77466,45764
77467,41060
77468,64421
77469,49891
77470,80949
77471,108858
77472,45206
77473,48814
77474,50327
77475,49416
77476,40663
77477,73453
77478,40000
77479,45401
77480,56889
77481,45427
77482,74534
77483,47881
77484,40000
77485,40201
77486,40000
77487,65171
77488,63755
77489,61385
77490,46867
77491,40000
77492,69602
77493,40000
77494,56635
77495,40000
77496,44490
77497,40000
77498,66140
77499,62019
77500,64493
77501,40000
77502,40000
77503,40000
77504,46540
77505,40000
77506,40000
77507,53786
77508,40000
77509,49437
77510,55934
77511,55570
77512,40000
77513,50841
77514,46819
77515,48321
77516,75875
77517,57551
77518,87880
77519,45449
77520,40000
77521,53701
77522,90411
77523,45210
77524,47193
77525,54583
77526,40000
77527,40000
77528,61462
77529,61949
77530,40000
77531,40000
77532,55530
77533,89925
77534,40000
77535,45922
77536,49437
77537,43841
77538,40000
77539,72140
77540,44796
77541,67940
77542,53897
77543,54744
77544,45153
77545,68534
77546,54377
77547,46391
77548,40000
77549,40000
77550,40000
77551,77484
77552,62217
77553,45207
77554,40000
77555,82327
77556,40098
77557,86824
77558,58779
77559,40000
77560,40000
77561,50263
77562,40000
77563,43638
77564,105987
77565,53925
77566,84042
77567,71890
77568,84201
77569,56182
77570,40000
77571,40000
77572,47199
77573,48981
77574,85429
77575,42835
77576,45172
77577,40377
77578,41520
77579,40000
77580,40000
77581,63157
77582,40000
77583,43363
77584,40000
77585,40000
77586,40000
77587,40000
77588,42701
77589,60665
77590,50622
77591,40000
77592,40000
77593,53274
77594,48479
77595,70169
77596,59281
77597,41545
77598,47116
77599,62534
77600,60838
77601,47218
77602,40000
77603,80425
77604,48074
77605,62066
77606,60247
77607,78106
77608,48170
77609,50750
77610,44937
77611,40000
77612,40000
77613,40000
77614,40000
77615,63718
77616,40000
77617,52040
77618,40000
77619,93513
77620,40000
77621,65005
77622,63824
77623,40000
77624,46687
77625,40000
77626,40000
77627,40000
77628,42503
77629,74424
77630,49479
77631,40000
77632,70748
77633,81368
77634,40000
77635,43274
77636,42406
77637,40000
77638,40000
77639,60623
77640,49213
77641,79829
77642,65633
77643,85878
77644,61928
77645,52157
77646,49948
77647,42981
77648,40000
77649,58368
77650,53035
77651,67843
77652,40000
77653,58087
77654,71378
77655,45583
77656,59175
77657,65362
77658,49718
77659,40000
77660,70204
77661,60968
77662,95031
77663,78015
77664,40000
77665,60654
77666,71022
77667,73469
77668,66669
77669,40231
77670,40000
77671,55629
77672,53772
77673,46040
77674,40000
77675,40000
77676,64545
77677,67527
77678,49461
77679,40000
77680,52973
77681,48575
77682,58493
77683,47817
77684,40000
77685,82010
77686,55889
77687,98029
77688,44484
77689,65233
77690,72578
77691,60886
77692,45015
77693,44868
77694,50799
77695,51932
77696,50856
77697,71893
77698,40000
77699,40000
77700,48851
77701,62006
77702,44828
77703,60597
77704,72012
77705,40000
77706,74561
77707,40000
77708,56709
77709,73411
77710,43061
77711,53311
77712,40000
77713,40000
77714,80209
77715,46481
77716,64765
77717,57473
77718,103815
77719,56658
77720,66624
77721,44005
77722,40000
77723,60566
77724,40746
77725,40000
77726,40000
77727,40370
77728,53317
77729,72363
77730,40000
77731,40000
77732,60229
77733,67673
77734,64030
77735,40000
77736,40000
77737,51171
77738,40000
77739,42359
77740,52368
77741,41107
77742,55247
77743,40000
77744,62406
77745,53253
77746,40000
77747,40000
77748,57997
77749,48370
77750,40000
77751,52521
77752,83754
77753,71457
77754,40000
77755,49729
77756,40920
77757,69293
77758,40000
77759,58467
77760,61509
77761,40000
77762,46507
77763,40000
77764,40000
77765,40000
77766,44912
77767,40000
77768,40000
77769,40000
77770,40000
77771,43854
77772,44175
77773,50108
77774,40000
77775,58412
77776,75453
77777,40000
77778,63851
77779,40000
77780,40000
77781,41875
77782,44819
77783,69343
77784,40000
77785,40000
77786,86004
77787,77042
77788,40000
77789,51347
77790,40000
77791,40000
77792,63691
77793,40373
77794,40000
77795,58899
77796,40000
77797,42511
77798,46188
77799,40000
77800,51554
77801,83149
77802,48021
77803,61977
77804,47515
77805,62767
77806,40000
77807,40000
77808,42154
77809,40000
77810,40000
77811,43007
77812,48425
77813,60912
77814,44370
77815,46164
77816,40000
77817,46957
77818,45720
77819,40000
77820,52868
77821,48077
77822,49458
77823,45538
77824,60265
77825,44631
77826,42054
77827,40000
77828,65298
77829,40000
77830,40000
77831,40000
77832,47332
77833,69562
77834,52183
77835,50028
77836,40000
77837,40000
77838,52927
77839,65033
77840,70828
77841,75720
77842,40667
77843,94948
77844,93905
77845,45103
77846,52165
77847,48607
77848,41606
77849,49047
77850,55272
77851,40000
77852,40000
77853,73837
77854,56420
77855,62167
77856,40000
77857,62186
77858,93554
77859,40577
77860,41342
77861,58603
77862,52407
77863,40000
77864,60140
77865,77348
77866,64990
77867,77725
77868,50617
77869,40000
77870,60418
77871,43957
77872,69222
77873,40000
77874,58233
77875,40000
77876,62663
77877,44554
77878,55292
77879,49047
77880,40000
77881,61821
77882,40000
77883,101191
77884,40000
77885,40000
77886,40000
77887,40000
77888,49718
77889,57633
77890,46759
77891,62259
77892,59644
77893,40000
77894,51351
77895,40000
77896,78579
77897,40000
77898,62620
77899,48625
77900,40315
77901,40000
77902,40000
77903,48254
77904,47427
77905,40000
77906,61618
77907,40000
77908,40000
77909,40000
77910,40000
77911,45652
77912,56856
77913,40000
77914,40000
77915,80201
77916,82503
77917,65231
77918,40172
77919,70126
77920,66037
77921,40000
77922,44022
77923,62977
77924,40000
77925,41256
77926,40000
77927,40000
77928,46090
77929,85301
77930,64626
77931,40000
77932,40000
77933,55750
77934,75711
77935,40000
77936,44188
77937,55164
77938,44164
77939,40000
77940,41050
77941,74055
77942,60987
77943,87591
77944,68773
77945,75026
77946,81798
77947,40000
77948,40000
77949,44249
77950,71397
77951,47381
77952,43975
77953,40000
77954,40000
77955,86022
77956,80906
77957,50461
77958,44619
77959,40000
77960,40000
77961,99425
77962,70014
77963,48988
77964,40000
77965,40000
77966,85404
77967,57599
77968,59316
77969,60582
77970,67344
77971,54279
77972,64844
77973,70020
77974,63329
77975,57808
77976,56837
77977,46808
77978,40000
77979,49013
77980,70657
77981,40914
77982,40000
77983,58803
77984,40000
77985,47201
77986,40000
77987,40000
77988,40000
77989,53394
77990,56555
77991,40000
77992,40000
77993,80376
77994,47872
77995,47897
77996,52513
77997,78360
77998,40000
77999,48270
78000,52241
78001,42700
78002,40000
78003,40000
78004,66459
78005,48296
78006,42012
78007,54644
78008,106084
78009,48622
78010,40000
78011,57436
78012,47176
78013,44419
78014,40000
78015,40000
78016,90451
78017,40000
78018,40000
78019,40000
78020,86878
78021,58058
78022,40000
78023,57077
78024,40000
78025,40000
78026,81483
78027,63517
78028,40000
78029,55206
78030,41175
78031,40000
78032,72966
78033,40000
78034,40000
78035,40000
78036,53783
78037,40000
78038,56619
78039,90551
78040,56573
78041,86210
78042,58715
78043,42770
78044,40000
78045,69907
78046,46542
78047,40000
78048,73938
78049,40000
78050,66587
78051,53903
78052,53105
78053,56995
78054,63371
78055,40000
78056,61101
78057,67145
78058,40000
78059,68901
78060,40000
78061,40000
78062,63777
78063,47402
78064,44497
78065,40000
78066,56326
78067,41317
78068,40000
78069,40000
78070,73841
78071,64464
78072,84838
78073,40000
78074,52627
78075,61823
78076,45833
78077,60771
78078,79691
78079,43695
78080,40000
78081,40000
78082,67886
78083,63398
78084,66833
78085,40000
78086,49364
78087,63541
78088,40000
78089,48995
78090,57407
78091,67260
78092,47206
78093,59691
78094,40000
78095,40000
78096,72198
78097,40000
78098,40000
78099,40000
78100,62668
78101,50298
78102,40000
78103,80502
78104,52170
78105,40000
78106,73059
78107,76656
78108,72932
78109,40274
78110,68420
78111,74871
78112,40000
78113,40000
78114,83347
78115,40000
78116,62386
78117,40000
78118,52091
78119,40000
78120,40000
78121,50811
78122,40000
78123,40000
78124,91899
78125,92299
78126,61326
78127,63282
78128,40000
78129,46163
78130,42610
78131,57627
78132,71548
78133,40000
78134,43682
78135,58154
78136,48571
78137,80368
78138,57644
78139,43746
78140,57150
78141,40781
78142,76253
78143,40000
78144,66912
78145,52901
78146,41912
78147,40000
78148,64041
78149,53482
78150,47451
78151,71403
78152,72750
78153,40000
78154,71030
78155,46859
78156,72659
78157,56187
78158,63197
78159,60502
78160,54020
78161,40000
78162,45862
78163,99628
78164,55549
78165,44446
78166,62363
78167,40000
78168,62826
78169,40000
78170,63207
78171,41496
78172,62575
78173,40000
78174,40000
78175,47617
78176,40000
78177,59005
78178,49952
78179,40000
78180,56457
78181,41091
78182,57167
78183,40000
78184,40620
78185,40000
78186,53475
78187,40000
78188,47358
78189,40000
78190,49868
78191,59757
78192,70380
78193,40000
78194,66830
78195,52848
78196,40000
78197,53357
78198,61877
78199,40000
78200,54802
78201,52675
78202,58706
78203,40000
78204,63790
78205,88688
78206,65660
78207,40000
78208,40000
78209,86829
78210,52289
78211,40000
78212,40000
78213,40243
78214,52706
78215,45665
78216,40000
78217,68336
78218,70408
78219,71276
78220,40000
78221,40000
78222,41352
78223,40000
78224,96623
78225,60092
78226,40000
78227,44194
78228,46954
78229,62688
78230,58272
78231,62202
78232,46506
78233,84257
78234,42970
78235,40000
78236,40000
78237,41697
78238,75470
78239,68572
78240,40000
78241,40000
78242,60410
78243,43434
78244,48849
78245,40000
78246,40000
78247,40000
78248,51757
78249,40000
78250,63798
78251,77458
78252,59970
78253,40000
78254,40000
78255,60061
78256,40000
78257,68310
78258,41310
78259,40283
78260,40000
78261,42682
78262,82698
78263,61523
78264,40000
78265,56496
78266,40000
78267,40000
78268,40000
78269,40000
78270,40000
78271,40000
78272,40703
78273,76839
78274,67144
78275,40000
78276,44236
78277,63206
78278,40000
78279,53577
78280,48148
78281,43153
78282,43487
78283,40000
78284,47511
78285,82320
78286,50841
78287,63434
78288,40000
78289,47017
78290,62425
78291,68257
78292,69194
78293,40000
78294,70341
78295,72590
78296,63558
78297,51153
78298,40000
78299,61450
78300,44202
78301,40000
78302,43685
78303,51297
78304,73176
78305,53208
78306,56309
78307,41843
78308,40000
78309,40000
78310,53615
78311,61921
78312,58134
78313,56279
78314,40000
78315,40000
78316,40000
78317,73481
78318,40000
78319,40000
78320,62261
78321,40000
78322,65152
78323,52555
78324,45271
78325,45040
78326,40000
78327,51542
78328,40000
78329,46669
78330,40000
78331,40000
78332,40000
78333,40000
78334,50650
78335,52179
78336,49701
78337,40000
78338,40000
78339,47210
78340,86160
78341,70706
78342,48508
78343,40000
78344,40000
78345,40669
78346,52466
78347,40000
78348,67392
78349,40000
78350,53103
78351,40872
78352,46679
78353,43894
78354,51449
78355,40000
78356,63094
78357,44984
78358,40000
78359,40000
78360,67292
78361,40000
78362,49933
78363,40030
78364,43150
78365,81804
78366,58886
78367,40000
78368,41696
78369,40000
78370,43628
78371,66727
78372,40000
78373,40000
78374,40000
78375,44962
78376,45749
78377,46419
78378,40000
78379,43545
78380,56597
78381,41397
78382,45904
78383,50619
78384,66890
78385,64401
78386,77411
78387,40000
78388,40000
78389,67177
78390,79651
78391,60740
78392,40000
78393,40000
78394,49571
78395,43634
78396,40000
78397,40000
78398,40000
78399,40000
78400,40000
78401,69313
78402,40000
78403,40000
78404,51410
78405,40000
78406,42638
78407,40000
78408,73488
78409,42862
78410,46478
78411,52157
78412,82666
78413,65849
78414,40000
78415,55954
78416,51576
78417,63113
78418,42375
78419,51815
78420,54792
78421,65479
78422,56112
78423,78096
78424,69766
78425,61710
78426,55678
78427,59113
78428,59699
78429,60563
78430,51289
78431,65666
78432,48628
78433,72474
78434,85498
78435,59252
78436,51421
78437,43930
78438,48784
78439,72452
78440,40000
78441,40000
78442,40000
78443,80832
78444,40000
78445,40000
78446,40000
78447,40000
78448,86687
78449,42540
78450,49757
78451,42103
78452,58095
78453,68941
78454,71643
78455,40000
78456,40000
78457,51581
78458,40000
78459,40000
78460,40500
78461,53488
78462,79305
78463,40000
78464,40000
78465,40000
78466,55347
78467,60265
78468,40000
78469,40000
78470,45001
78471,40000
78472,40000
78473,40000
78474,68480
78475,40000
78476,42015
78477,49493
78478,47099
78479,56147
78480,40000
78481,70498
78482,40000
78483,40000
78484,40000
78485,68546
78486,80669
78487,43985
78488,40000
78489,94629
78490,53105
78491,62646
78492,58788
78493,40000
78494,70252
78495,57850
78496,41213
78497,57213
78498,82431
78499,40000
78500,40000
78501,53574
78502,40000
78503,40000
78504,40000
78505,66782
78506,46129
78507,57631
78508,77818
78509,74353
78510,40000
78511,44235
78512,62259
78513,61945
78514,40000
78515,40000
78516,76630
78517,41431
78518,40000
78519,67550
78520,40000
78521,40000
78522,56099
78523,40000
78524,63123
78525,68052
78526,55683
78527,40000
78528,92671
78529,40000
78530,47169
78531,87114
78532,40000
78533,40000
78534,51666
78535,40000
78536,40000
78537,40000
78538,45548
78539,40000
78540,73899
78541,79531
78542,49494
78543,80902
78544,65443
78545,45359
78546,76641
78547,59222
78548,45642
78549,46778
78550,40000
78551,40000
78552,50939
78553,67574
78554,40000
78555,40000
78556,91506
78557,85970
78558,40000
78559,40000
78560,40699
78561,40000
78562,48660
78563,70936
78564,40000
78565,68228
78566,58692
78567,58910
78568,44904
78569,40000
78570,63275
78571,47577
78572,54020
78573,56991
78574,49798
78575,59605
78576,55554
78577,73277
78578,71252
78579,46783
78580,40000
78581,53802
78582,40000
78583,42577
78584,42568
78585,46858
78586,50882
78587,57342
78588,40000
78589,40000
78590,41303
78591,40000
78592,42054
78593,44821
78594,63750
78595,56326
78596,58283
78597,40000
78598,40000
78599,40000
78600,63849
78601,40000
78602,87818
78603,40000
78604,40000
78605,40000
78606,40000
78607,48247
78608,92684
78609,63258
78610,48166
78611,75209
78612,61448
78613,40000
78614,40000
78615,69247
78616,48688
78617,48742
78618,40000
78619,64865
78620,82073
78621,40000
78622,40000
78623,51345
78624,40000
78625,78717
78626,42173
78627,45590
78628,67602
78629,60123
78630,40000
78631,69768
78632,40000
78633,59168
78634,42685
78635,49927
78636,53453
78637,72442
78638,50066
78639,40000
78640,59696
78641,40000
78642,40000
78643,40000
78644,85093
78645,49992
78646,40000
78647,40000
78648,76660
78649,55424
78650,56920
78651,40000
78652,40000
78653,40000
78654,65206
78655,77959
78656,55143
78657,81805
78658,59630
78659,50602
78660,40000
78661,40000
78662,42312
78663,41668
78664,76719
78665,51566
78666,73563
78667,85478
78668,73410
78669,53184
78670,40000
78671,48622
78672,40000
78673,40000
78674,45484
78675,41527
78676,78026
78677,59893
78678,64946
78679,44885
78680,77977
78681,56247
78682,40000
78683,49722
78684,40000
78685,40000
78686,40000
78687,52886
78688,44077
78689,47996
78690,62293
78691,40000
78692,40000
78693,40000
78694,54400
78695,55540
78696,60493
78697,84891
78698,40110
78699,40000
78700,55605
78701,40000
78702,40000
78703,40780
78704,46758
78705,67467
78706,40000
78707,51236
78708,40000
78709,50122
78710,40000
78711,42910
78712,40000
78713,58252
78714,40000
78715,40010
78716,40000
78717,44380
78718,42594
78719,79254
78720,74063
78721,49036
78722,102249
78723,71670
78724,40000
78725,87173
78726,52946
78727,40000
78728,40000
78729,56214
78730,41228
78731,40000
78732,48441
78733,42937
78734,50061
78735,57996
78736,40000
78737,73709
78738,40000
78739,84896
78740,40000
78741,69232
78742,74299
78743,77496
78744,40000
78745,53387
78746,62178
78747,40000
78748,40000
78749,49037
78750,54235
78751,58751
78752,40000
78753,52562
78754,40000
78755,49686
78756,77961
78757,66290
78758,40000
78759,48042
78760,73924
78761,53927
78762,40000
78763,60003
78764,80863
78765,40000
78766,40000
78767,103647
78768,50920
78769,45353
78770,81662
78771,40000
78772,80543
78773,59490
78774,57305
78775,59119
78776,40000
78777,72195
78778,40000
78779,40000
78780,68893
78781,40000
78782,79778
78783,50446
78784,40000
78785,40000
78786,40000
78787,57399
78788,43267
78789,40000
78790,46407
78791,40000
78792,40000
78793,40000
78794,61536
78795,40000
78796,55925
78797,73315
78798,57743
78799,40000
78800,56080
78801,53970
78802,43451
78803,40000
78804,84574
78805,66504
78806,65643
78807,40000
78808,53243
78809,58929
78810,46582
78811,41328
78812,40000
78813,42284
78814,58200
78815,60337
78816,74616
78817,40000
78818,57298
78819,70351
78820,79010
78821,40000
78822,75834
78823,68711
78824,40000
78825,51380
78826,44676
78827,50804
78828,40000
78829,40000
78830,57437
78831,40000
78832,42913
78833,72565
78834,71271
78835,62698
78836,82219
78837,48717
78838,42400
78839,42682
78840,61020
78841,78942
78842,97342
78843,40000
78844,40000
78845,66541
78846,40357
78847,40000
78848,53557
78849,61416
78850,40000
78851,40000
78852,81235
78853,40000
78854,53620
78855,47539
78856,40000
78857,70270
78858,91597
78859,48472
78860,49260
78861,40000
78862,40000
78863,79101
78864,40000
78865,49361
78866,71947
78867,40000
78868,75993
78869,40000
78870,40938
78871,63067
78872,58832
78873,42878
78874,43570
78875,56905
78876,40000
78877,47961
78878,53212
78879,45493
78880,46953
78881,40000
78882,58360
78883,40000
78884,46226
78885,43580
78886,64523
78887,57143
78888,72430
78889,43814
78890,40000
78891,50183
78892,40000
78893,57689
78894,50640
78895,40383
78896,92125
78897,40000
78898,40000
78899,40000
78900,40000
78901,40531
78902,40000
78903,58527
78904,48363
78905,57642
78906,49797
78907,40000
78908,44814
78909,77958
78910,40000
78911,44315
78912,60528
78913,40000
78914,40000
78915,62274
78916,40000
78917,58489
78918,45960
78919,58820
78920,57582
78921,50697
78922,40000
78923,40000
78924,40000
78925,42533
78926,57823
78927,64008
78928,59817
78929,40000
78930,56612
78931,44767
78932,64135
78933,40000
78934,40000
78935,63469
78936,55981
78937,40000
78938,67668
78939,46062
78940,40000
78941,75760
78942,44828
78943,49449
78944,40000
78945,40000
78946,49358
78947,40406
78948,45061
78949,47023
78950,77475
78951,96416
78952,40536
78953,76707
78954,56019
78955,72417
78956,73774
78957,40000
78958,60117
78959,40000
78960,40000
78961,40000
78962,53671
78963,40000
78964,68368
78965,50921
78966,41577
78967,40000
78968,45944
78969,56430
78970,47811
78971,40443
78972,40000
78973,48674
78974,68251
78975,58625
78976,40000
78977,40000
78978,40000
78979,40000
78980,80335
78981,61576
78982,40000
78983,40000
78984,40000
78985,98493
78986,40000
78987,49325
78988,65173
78989,40000
78990,40000
78991,40000
78992,45716
78993,40000
78994,40000
78995,43311
78996,42697
78997,101047
78998,52101
78999,40000
79000,40000
79001,40000
79002,44155
79003,44450
79004,53851
79005,58408
79006,49655
79007,64361
79008,41946
79009,46866
79010,42814
79011,49509
79012,51310
79013,48278
79014,40000
79015,51693
79016,71863
79017,65736
79018,40000
79019,53626
79020,70937
79021,40000
79022,40000
79023,56908
79024,40000
79025,56977
79026,54761
79027,79263
79028,57133
79029,40000
79030,56711
79031,40000
79032,62648
79033,40000
79034,56614
79035,44867
79036,45793
79037,40000
79038,56185
79039,40000
79040,40000
79041,42636
79042,40000
79043,62200
79044,40000
79045,40000
79046,61634
79047,42477
79048,40539
79049,78298
79050,40000
79051,42300
79052,51347
79053,40000
79054,40000
79055,40000
79056,67121
79057,40000
79058,66174
79059,45456
79060,40000
79061,41303
79062,60603
79063,56326
79064,56720
79065,50868
79066,50728
79067,40000
79068,51592
79069,55123
79070,63277
79071,40000
79072,58070
79073,50436
79074,48401
79075,61803
79076,64151
79077,40000
79078,40000
79079,49657
79080,90144
79081,52788
79082,40000
79083,40000
79084,85458
79085,79954
79086,40000
79087,40000
79088,45122
79089,46273
79090,44958
79091,69379
79092,58019
79093,65406
79094,73635
79095,45284
79096,52836
79097,72850
79098,71132
79099,64641
79100,71551
79101,40000
79102,70517
79103,51129
79104,48960
79105,76537
79106,47458
79107,40000
79108,78541
79109,40000
79110,71332
79111,62729
79112,50615
79113,79003
79114,70617
79115,75360
79116,40000
79117,40000
79118,71146
79119,50158
79120,41656
79121,75859
79122,40000
79123,57437
79124,64276
79125,42482
79126,40000
79127,57985
79128,40000
79129,40000
79130,40000
79131,56922
79132,88083
79133,47629
79134,59395
79135,40197
79136,40000
79137,43531
79138,59710
79139,40000
79140,40000
79141,57898
79142,41196
79143,94486
79144,40000
79145,62064
79146,40000
79147,40000
79148,60725
79149,52981
79150,42321
79151,40000
79152,64249
79153,60281
79154,41356
79155,40627
79156,44107
79157,60007
79158,40000
79159,43943
79160,40448
79161,72294
79162,55546
79163,45392
79164,42363
79165,40000
79166,80211
79167,79460
79168,40000
79169,40000
79170,81080
79171,44193
79172,40000
79173,50308
79174,40000
79175,40000
79176,40140
79177,45864
79178,53203
79179,40000
79180,46617
79181,73014
79182,56822
79183,40000
79184,40000
79185,69397
79186,55008
79187,44106
79188,45008
79189,66757
79190,72794
79191,75747
79192,40055
79193,40000
79194,40000
79195,40000
79196,52197
79197,60835
79198,48061
79199,72543
79200,40000
79201,40000
79202,59316
79203,40000
79204,57667
79205,40000
79206,41345
79207,46886
79208,45990
79209,40000
79210,63966
79211,40000
79212,51899
79213,58463
79214,41251
79215,83311
79216,40000
79217,55068
79218,40000
79219,47272
79220,40000
79221,63251
79222,40000
79223,40000
79224,53025
79225,63976
79226,53986
79227,53528
79228,47597
79229,53535
79230,40000
79231,80753
79232,72412
79233,92983
79234,49596
79235,65494
79236,66367
79237,48843
79238,40000
79239,40000
79240,67368
79241,40000
79242,54297
79243,50207
79244,51390
79245,68638
79246,69178
79247,40000
79248,64649
79249,40000
79250,40000
79251,63154
79252,57809
79253,40000
79254,40000
79255,40000
79256,40000
79257,69564
79258,96422
79259,40000
79260,45642
79261,55176
79262,70902
79263,70516
79264,46541
79265,40000
79266,54088
79267,44868
79268,40000
79269,60956
79270,40000
79271,80484
79272,46136
79273,47358
79274,54896
79275,65368
79276,40000
79277,40000
79278,65581
79279,49680
79280,71083
79281,68159
79282,40000
79283,47758
79284,40000
79285,49127
79286,40000
79287,67042
79288,57302
79289,81624
79290,41408
79291,52659
79292,40000
79293,55625
79294,74728
79295,70694
79296,79270
79297,71444
79298,60274
79299,55713
79300,42580
79301,40000
79302,40000
79303,46736
79304,64000
79305,41237
79306,55354
79307,50137
79308,45180
79309,40000
79310,43707
79311,46921
79312,43463
79313,40771
79314,53303
79315,40000
79316,50141
79317,79332
79318,55791
79319,40000
79320,72590
79321,43016
79322,40444
79323,56854
79324,40000
79325,40000
79326,44051
79327,40000
79328,40000
79329,63217
79330,42679
79331,86306
79332,40000
79333,64573
79334,71625
79335,46260
79336,40000
79337,40000
79338,40000
79339,40483
79340,62688
79341,55203
79342,40000
79343,62417
79344,65860
79345,50467
79346,56346
79347,40000
79348,40000
79349,96957
79350,78005
79351,40000
79352,40000
79353,53147
79354,40828
79355,40000
79356,40537
79357,41631
79358,69067
79359,40000
79360,40000
79361,83116
79362,66931
79363,57513
79364,49779
79365,67254
79366,59513
79367,56407
79368,68281
79369,58015
79370,40000
79371,85591
79372,40000
79373,40000
79374,51776
79375,40000
79376,40000
79377,46223
79378,80815
79379,67035
79380,51634
79381,61740
79382,49514
79383,40000
79384,40000
79385,57307
79386,40000
79387,40000
79388,42919
79389,40000
79390,57482
79391,40000
79392,61443
79393,68825
79394,56418
79395,40000
79396,69137
79397,51948
79398,40000
79399,40000
79400,40000
79401,40000
79402,79363
79403,44694
79404,40000
79405,63007
79406,40000
79407,40742
79408,40000
79409,40000
79410,74745
79411,57780
79412,40000
79413,75008
79414,52947
79415,58105
79416,49470
79417,73133
79418,40000
79419,59239
79420,67615
79421,66003
79422,40000
79423,52393
79424,40000
79425,52625
79426,54427
79427,43805
79428,44184
79429,50826
79430,40000
79431,40000
79432,45866
79433,52562
79434,54486
79435,91555
79436,64252
79437,72532
79438,55420
79439,40000
79440,87563
79441,56366
79442,91919
79443,61295
79444,40000
79445,65356
79446,47898
79447,40000
79448,77111
79449,40000
79450,57512
79451,40000
79452,94416
79453,40000
79454,40000
79455,61740
79456,45163
79457,81415
79458,49600
79459,74321
79460,40000
79461,56839
79462,61970
79463,54552
79464,49563
79465,45473
79466,40263
79467,44912
79468,48140
79469,71224
79470,56510
79471,67961
79472,54432
79473,51708
79474,68357
79475,40000
79476,46310
79477,40000
79478,75572
79479,61546
79480,42538
79481,40743
79482,40000
79483,59003
79484,78412
79485,78611
79486,60434
79487,40000
79488,50039
79489,49648
79490,40000
79491,40000
79492,67526
79493,62211
79494,59278
79495,43677
79496,63105
79497,40000
79498,69185
79499,40000
79500,40000
79501,51706
79502,45904
79503,59409
79504,48114
79505,63233
79506,40000
79507,40000
79508,53698
79509,96991
79510,73063
79511,44610
79512,72598
79513,41967
79514,50534
79515,40000
79516,40000
79517,65554
79518,40000
79519,70907
79520,62222
79521,40000
79522,66111
79523,40000
79524,48219
79525,40000
79526,51866
79527,40000
79528,40000
79529,57209
79530,44021
79531,40000
79532,47380
79533,40000
79534,40000
79535,53777
79536,43303
79537,40000
79538,95563
79539,40000
79540,49022
79541,40000
79542,40000
79543,51247
79544,51625
79545,44746
79546,62241
79547,82379
79548,45447
79549,41808
79550,40000
79551,49597
79552,40000
79553,40000
79554,57208
79555,45120
79556,43023
79557,58262
79558,40000
79559,52828
79560,76473
79561,64190
79562,40000
79563,69643
79564,40000
79565,41767
79566,89076
79567,51546
79568,43796
79569,64849
79570,45148
79571,45954
79572,67868
79573,60947
79574,40000
79575,40000
79576,40630
79577,69313
79578,55024
79579,40000
79580,52886
79581,45992
79582,52556
79583,58241
79584,40000
79585,40000
79586,40000
79587,49098
79588,45969
79589,40000
79590,40635
79591,80617
79592,40000
79593,49127
79594,40000
79595,57356
79596,80967
79597,70011
79598,68637
79599,47503
79600,78267
79601,47878
79602,40000
79603,40000
79604,72915
79605,40000
79606,50381
79607,40000
79608,40000
79609,62829
79610,40000
79611,40000
79612,40000
79613,55142
79614,64808
79615,40000
79616,64960
79617,40000
79618,81553
79619,65675
79620,89804
79621,50258
79622,40000
79623,54273
79624,52837
79625,45958
79626,40000
79627,78400
79628,44315
79629,40000
79630,51274
79631,42303
79632,84429
79633,42874
79634,40000
79635,56220
79636,47016
79637,40000
79638,45193
79639,46031
79640,48730
79641,83285
79642,55303
79643,40000
79644,40000
79645,63633
79646,62583
79647,40000
79648,67783
79649,47107
79650,50087
79651,47095
79652,50318
79653,54627
79654,40000
79655,69060
79656,42624
79657,50463
79658,83026
79659,45645
79660,40000
79661,44723
79662,60675
79663,40000
79664,40000
79665,63108
79666,40000
79667,93291
79668,40000
79669,44222
79670,48615
79671,43524
79672,50664
79673,74096
79674,40000
79675,40000
79676,40000
79677,70382
79678,40000
79679,40086
79680,48496
79681,41548
79682,61186
79683,56024
79684,64447
79685,40000
79686,63074
79687,66911
79688,56991
79689,50952
79690,68273
79691,45617
79692,72329
79693,46929
79694,69036
79695,45330
79696,55778
79697,65994
79698,53305
79699,49623
79700,43741
79701,40000
79702,40324
79703,49181
79704,48603
79705,40000
79706,57090
79707,65580
79708,43736
79709,40250
79710,54692
79711,78895
79712,46164
79713,42293
79714,53878
79715,40000
79716,44804
79717,62835
79718,40000
79719,57624
79720,64461
79721,61916
79722,64573
79723,43925
79724,48368
79725,59612
79726,40000
79727,40000
79728,69276
79729,74975
79730,57580
79731,40000
79732,40000
79733,50226
79734,40000
79735,40000
79736,40000
79737,40000
79738,52567
79739,40000
79740,44241
79741,40000
79742,58296
79743,40000
79744,44949
79745,40000
79746,40000
79747,80801
79748,40000
79749,73438
79750,40000
79751,65943
79752,64517
79753,56733
79754,48638
79755,81430
79756,85875
79757,79139
79758,88840
79759,65787
79760,69969
79761,47466
79762,40000
79763,80428
79764,48730
79765,55420
79766,40000
79767,41991
79768,40000
79769,89434
79770,56155
79771,40000
79772,69129
79773,40000
79774,40000
79775,57991
79776,40000
79777,40000
79778,55817
79779,40000
79780,43379
79781,71650
79782,48068
79783,67885
79784,62085
79785,40000
79786,41958
79787,101043
79788,40000
79789,40000
79790,52974
79791,49716
79792,47433
79793,40000
79794,41327
79795,40000
79796,40000
79797,48104
79798,42830
79799,76120
79800,44942
79801,42676
79802,40000
79803,40000
79804,40706
79805,48115
79806,40000
79807,45335
79808,40000
79809,68716
79810,57980
79811,40000
79812,40000
79813,50966
79814,60428
79815,97995
79816,45410
79817,41390
79818,45834
79819,42353
79820,85918
79821,67974
79822,40000
79823,89433
79824,40244
79825,43127
79826,40000
79827,40000
79828,52873
79829,40000
79830,46316
79831,56736
79832,51043
79833,40687
79834,68288
79835,65776
79836,40000
79837,40000
79838,53566
79839,45102
79840,87089
79841,41525
79842,80067
79843,73305
79844,55150
79845,71341
79846,70318
79847,40000
79848,40000
79849,63554
79850,71608
79851,71923
79852,40000
79853,62797
79854,54199
79855,45522
79856,40000
79857,40000
79858,43004
79859,42253
79860,40000
79861,62949
79862,52323
79863,58756
79864,46020
79865,57714
79866,40000
79867,40000
79868,69428
79869,49277
79870,40000
79871,44956
79872,45332
79873,50266
79874,101420
79875,40000
79876,45595
79877,45352
79878,40000
79879,40000
79880,85347
79881,55424
79882,40623
79883,83903
79884,40000
79885,74428
79886,40000
79887,57859
79888,59681
79889,65504
79890,71908
79891,44683
79892,61995
79893,56455
79894,86788
79895,51534
79896,50904
79897,40000
79898,58654
79899,54175
79900,40000
79901,40000
79902,40000
79903,100803
79904,60564
79905,40000
79906,53526
79907,43911
79908,83739
79909,40000
79910,77027
79911,40000
79912,53235
79913,40000
79914,40000
79915,53837
79916,46641
79917,62567
79918,75216
79919,55166
79920,40000
79921,40000
79922,40000
79923,63002
79924,56536
79925,40000
79926,52827
79927,70092
79928,40000
79929,40000
79930,58712
79931,40000
79932,42021
79933,40000
79934,55619
79935,71523
79936,40000
79937,52112
79938,46157
79939,40000
79940,58395
79941,60329
79942,50758
79943,45757
79944,59412
79945,40000
79946,51364
79947,48950
79948,51860
79949,40877
79950,56835
79951,58105
79952,46543
79953,48014
79954,43449
79955,50723
79956,63027
79957,44408
79958,44663
79959,51102
79960,49831
79961,76914
79962,40000
79963,70191
79964,54053
79965,40000
79966,62274
79967,55316
79968,50277
79969,72299
79970,95436
79971,65111
79972,40000
79973,58515
79974,40000
79975,51729
79976,68668
79977,53165
79978,40000
79979,69991
79980,66812
79981,44848
79982,42677
79983,68249
79984,51338
79985,64713
79986,40000
79987,47581
79988,56886
79989,81079
79990,62571
79991,40000
79992,40000
79993,49889
79994,46896
79995,58485
79996,61277
79997,71451
79998,40877
79999,53653
80000,40000
80001,40000
80002,43843
80003,40000
80004,62223
80005,82353
80006,40000
80007,67076
80008,53716
80009,40000
80010,40000
80011,68290
80012,40000
80013,40000
80014,41718
80015,72366
80016,40000
80017,66035
80018,71393
80019,42516
80020,48621
80021,50108
80022,40000
80023,41673
80024,40000
80025,53589
80026,55843
80027,46884
80028,40000
80029,67902
80030,44914
80031,60298
80032,71546
80033,55613
80034,71205
80035,41476
80036,42051
80037,68262
80038,54900
80039,40000
80040,51363
80041,54896
80042,66628
80043,40000
80044,40000
80045,46437
80046,57292
80047,40000
80048,84803
80049,40000
80050,64178
80051,49003
80052,51131
80053,69703
80054,40000
80055,47018
80056,40000
80057,40000
80058,40000
80059,54386
80060,58104
80061,81485
80062,40000
80063,59926
80064,40000
80065,49716
80066,40000
80067,40000
80068,40000
80069,44620
80070,61825
80071,44123
80072,40000
80073,54367
80074,82082
80075,48409
80076,58641
80077,74806
80078,64511
80079,62560
80080,45981
80081,40000
80082,40000
80083,73466
80084,66552
80085,62132
80086,57696
80087,72886
80088,49611
80089,40000
80090,40000
80091,40000
80092,76550
80093,40000
80094,40000
80095,72120
80096,66160
80097,49907
80098,53636
80099,56798
80100,40000
80101,40000
80102,40000
80103,40000
80104,40000
80105,62537
80106,43686
80107,40000
80108,41919
80109,66885
80110,62600
80111,83627
80112,71794
80113,40000
80114,69239
80115,56646
80116,45537
80117,46600
80118,40000
80119,45997
80120,68779
80121,63173
80122,42584
80123,55236
80124,91044
80125,65137
80126,51563
80127,40000
80128,40000
80129,56879
80130,59967
80131,40000
80132,46989
80133,63956
80134,61669
80135,50425
80136,57680
80137,51393
80138,55667
80139,40000
80140,40000
80141,40000
80142,45918
80143,53791
80144,44917
80145,40000
80146,41274
80147,57541
80148,40000
80149,40000
80150,43676
80151,81666
80152,47391
80153,40000
80154,40000
80155,48231
80156,40000
80157,41519
80158,92867
80159,40000
80160,40000
80161,40000
80162,40000
80163,61738
80164,40000
80165,46496
80166,64575
80167,50834
80168,59806
80169,50327
80170,40000
80171,40000
80172,40000
80173,46082
80174,76176
80175,40000
80176,92835
80177,80983
80178,84985
80179,44560
80180,63136
80181,40000
80182,40000
80183,66573
80184,45100
80185,61806
80186,60850
80187,49813
80188,40000
80189,47573
80190,72237
80191,82731
80192,41555
80193,67810
80194,40000
80195,40000
80196,40000
80197,50102
80198,43274
80199,40000
80200,59857
80201,40000
80202,54767
80203,41466
80204,40000
80205,40000
80206,71691
80207,40000
80208,42186
80209,40000
80210,40000
80211,69298
80212,53350
80213,64198
80214,40000
80215,53247
80216,56047
80217,62389
80218,58443
80219,59377
80220,83421
80221,56125
80222,61791
80223,45975
80224,54345
80225,50529
80226,70996
80227,54326
80228,44581
80229,40000
80230,45136
80231,57470
80232,42498
80233,67272
80234,40000
80235,51621
80236,40000
80237,68194
80238,40000
80239,68128
80240,40000
80241,58583
80242,61048
80243,60883
80244,62102
80245,40000
80246,40000
80247,66753
80248,40000
80249,91297
80250,49888
80251,42153
80252,54045
80253,93030
80254,66609
80255,56489
80256,70035
80257,55707
80258,93572
80259,49124
80260,40000
80261,42190
80262,50570
80263,54269
80264,42182
80265,40932
80266,44318
80267,40000
80268,44029
80269,52451
80270,95653
80271,40000
80272,50965
80273,55958
80274,44399
80275,40000
80276,40000
80277,40000
80278,40000
80279,46038
80280,40000
80281,40000
80282,40000
80283,47991
80284,84833
80285,57915
80286,74388
80287,72835
80288,40000
80289,54927
80290,61859
80291,70440
80292,68971
80293,62810
80294,60168
80295,54634
80296,86068
80297,40000
80298,40000
80299,60695
80300,40000
80301,40000
80302,40000
80303,52613
80304,40397
80305,40070
80306,60858
80307,40000
80308,49960
80309,40000
80310,48332
80311,71231
80312,40000
80313,66515
80314,75924
80315,51989
80316,40000
80317,55599
80318,40000
80319,59443
80320,58573
80321,83898
80322,40000
80323,40000
80324,40000
80325,67939
80326,76342
80327,40000
80328,64516
80329,40000
80330,45808
80331,41777
80332,52246
80333,54885
80334,40472
80335,40000
80336,40000
80337,53476
80338,52275
80339,60843
80340,61000
80341,69377
80342,40000
80343,40000
80344,40000
80345,50279
80346,40000
80347,59144
80348,40000
80349,58839
80350,40000
80351,63108
80352,91102
80353,53272
80354,85061
80355,40000
80356,55131
80357,40000
80358,76727
80359,40000
80360,70571
80361,52430
80362,65844
80363,62604
80364,75919
80365,51957
80366,59440
80367,46049
80368,40000
80369,55993
80370,50654
80371,46155
80372,87200
80373,40000
80374,58505
80375,40000
80376,52462
80377,40000
80378,40000
80379,40000
80380,41790
80381,79245
80382,61389
80383,42378
80384,40000
80385,40000
80386,49344
80387,40000
80388,61090
80389,40000
80390,42152
80391,40185
80392,75792
80393,63965
80394,40000
80395,40000
80396,88259
80397,72825
80398,40000
80399,61365
80400,83156
80401,40000
80402,40000
80403,40000
80404,75387
80405,40000
80406,63363
80407,40000
80408,40000
80409,40000
80410,42522
80411,40000
80412,57414
80413,40000
80414,40000
80415,49457
80416,50165
80417,56841
80418,46707
80419,56031
80420,48590
80421,40000
80422,40611
80423,45383
80424,40000
80425,40000
80426,51218
80427,40000
80428,40000
80429,75560
80430,43878
80431,63799
80432,56584
80433,40000
80434,40000
80435,40000
80436,40000
80437,69248
80438,40000
80439,46011
80440,40000
80441,40000
80442,45158
80443,40000
80444,40000
80445,52939
80446,50479
80447,64344
80448,77027
80449,40000
80450,49840
80451,59944
80452,40000
80453,44661
80454,50246
80455,55294
80456,40000
80457,42606
80458,66994
80459,49555
80460,40000
80461,45710
80462,40000
80463,62525
80464,40000
80465,40000
80466,78991
80467,47541
80468,54559
80469,45566
80470,40000
80471,72071
80472,40000
80473,55161
80474,48472
80475,40000
80476,40000
80477,76640
80478,47761
80479,40000
80480,40000
80481,40000
80482,51811
80483,47799
80484,55687
80485,64398
80486,40000
80487,69314
80488,40390
80489,43454
80490,40000
80491,40000
80492,50226
80493,41761
80494,40000
80495,40000
80496,42194
80497,44954
80498,40000
80499,40002
80500,50769
80501,75765
80502,51158
80503,65819
80504,67233
80505,70998
80506,40000
80507,56878
80508,40000
80509,72428
80510,40000
80511,64314
80512,50254
80513,85619
80514,40000
80515,69328
80516,69576
80517,40000
80518,79851
80519,44783
80520,47245
80521,46449
80522,55396
80523,47495
80524,48501
80525,91137
80526,68000
80527,40000
80528,40000
80529,40000
80530,51387
80531,78265
80532,53532
80533,42678
80534,40000
80535,44362
80536,84329
80537,40000
80538,40000
80539,60882
80540,40000
80541,41212
80542,40000
80543,71824
80544,58161
80545,91379
80546,47440
80547,65729
80548,40000
80549,67545
80550,45292
80551,49073
80552,43190
80553,40000
80554,65150
80555,40000
80556,82861
80557,40000
80558,40000
80559,40000
80560,93345
80561,45289
80562,40000
80563,51497
80564,40000
80565,96586
80566,44428
80567,41174
80568,49341
80569,48867
80570,40000
80571,42240
80572,49708
80573,53900
80574,55343
80575,45202
80576,66117
80577,67439
80578,40000
80579,50433
80580,40000
80581,41727
80582,40699
80583,77546
80584,40000
80585,40000
80586,48811
80587,43117
80588,83390
80589,40000
80590,40000
80591,62540
80592,60632
80593,40000
80594,51100
80595,65318
80596,40000
80597,40000
80598,40000
80599,40000
80600,40000
80601,40000
80602,40000
80603,62926
80604,40000
80605,40000
80606,44007
80607,70884
80608,40000
80609,57073
80610,48735
80611,45634
80612,54696
80613,40000
80614,47374
80615,56510
80616,65411
80617,42118
80618,47774
80619,50630
80620,79127
80621,54989
80622,40000
80623,55708
80624,96536
80625,40000
80626,40000
80627,62653
80628,59678
80629,72058
80630,41854
80631,55870
80632,54370
80633,40000
80634,60270
80635,48257
80636,40000
80637,57520
80638,44364
80639,42135
80640,55481
80641,55941
80642,40000
80643,40000
80644,56835
80645,44544
80646,40000
80647,40000
80648,40000
80649,91386
80650,46581
80651,40000
80652,52788
80653,64113
80654,82688
80655,66583
80656,40000
80657,62394
80658,40000
80659,69653
80660,58711
80661,68187
80662,62166
80663,54829
80664,45929
80665,64768
80666,70701
80667,56473
80668,77351
80669,69137
80670,61448
80671,43949
80672,40000
80673,63886
80674,40000
80675,51633
80676,60618
80677,46011
80678,40000
80679,70869
80680,64425
80681,40000
80682,65885
80683,40000
80684,46101
80685,49735
80686,40000
80687,44986
80688,67487
80689,44594
80690,65514
80691,74096
80692,65686
80693,68002
80694,69456
80695,65545
80696,40000
80697,40000
80698,40000
80699,47564
80700,49815
80701,77711
80702,58203
80703,69257
80704,47493
80705,50573
80706,76841
80707,40000
80708,40000
80709,40000
80710,61392
80711,45703
80712,42264
80713,40000
80714,57186
80715,78819
80716,77120
80717,52990
80718,60973
80719,49397
80720,51460
80721,52063
80722,70299
80723,44444
80724,52024
80725,48482
80726,40000
80727,66519
80728,48330
80729,40000
80730,40000
80731,54475
80732,40000
80733,40000
80734,40000
80735,40000
80736,66716
80737,42007
80738,40000
80739,48310
80740,40000
80741,63630
80742,40000
80743,73604
80744,68891
80745,57469
80746,53520
80747,51781
80748,49741
80749,52113
80750,40000
80751,49178
80752,74554
80753,42254
80754,40000
80755,48181
80756,74671
80757,64438
80758,40000
80759,83090
80760,56172
80761,54435
80762,60070
80763,66057
80764,53154
80765,66426
80766,53705
80767,40000
80768,40000
80769,44272
80770,76562
80771,57363
80772,94224
80773,64296
80774,56559
80775,47436
80776,42302
80777,75068
80778,40000
80779,69353
80780,51810
80781,40000
80782,46826
80783,76432
80784,57782
80785,78884
80786,55003
80787,41674
80788,40000
80789,40000
80790,42243
80791,63921
80792,40000
80793,52857
80794,40000
80795,48792
80796,48549
80797,50180
80798,43960
80799,52683
80800,55698
80801,71885
80802,40000
80803,40000
80804,40000
80805,40000
80806,40000
80807,40000
80808,40000
80809,64587
80810,72305
80811,72787
80812,43074
80813,48706
80814,40000
80815,76582
80816,51498
80817,40507
80818,46152
80819,47949
80820,40000
80821,59674
80822,65086
80823,108686
80824,65386
80825,40000
80826,40000
80827,62413
80828,41451
80829,48310
80830,64208
80831,40000
80832,47584
80833,56899
80834,63749
80835,63227
80836,54364
80837,90827
80838,68639
80839,65099
80840,40000
80841,40000
80842,55019
80843,61765
80844,40000
80845,55087
80846,43670
80847,58207
80848,85554
80849,43129
80850,55815
80851,40000
80852,66650
80853,56618
80854,40000
80855,40000
80856,71688
80857,40000
80858,40000
80859,76924
80860,40834
80861,41829
80862,62569
80863,40000
80864,77882
80865,53033
80866,58307
80867,65903
80868,96459
80869,40000
80870,58236
80871,71925
80872,46234
80873,100843
80874,84594
80875,47537
80876,41403
80877,40000
80878,64484
80879,50439
80880,40000
80881,40000
80882,60594
80883,45750
80884,42925
80885,66711
80886,69681
80887,55664
80888,40000
80889,60339
80890,40000
80891,40000
80892,40000
80893,40079
80894,42225
80895,40000
80896,40000
80897,41992
80898,61114
80899,62680
80900,41270
80901,62197
80902,40000
80903,61890
80904,40000
80905,54719
80906,44300
80907,65304
80908,55319
80909,58543
80910,68934
80911,60877
80912,40000
80913,40000
80914,50087
80915,40000
80916,64060
80917,47136
80918,64406
80919,47169
80920,40153
80921,40000
80922,55774
80923,40000
80924,40000
80925,43612
80926,76217
80927,53636
80928,63629
80929,44744
80930,57368
80931,50426
80932,51988
80933,70267
80934,46186
80935,77408
80936,40097
80937,105373
80938,44279
80939,46875
80940,67764
80941,74348
80942,41143
80943,40000
80944,53036
80945,59139
80946,54410
80947,40000
80948,40000
80949,76335
80950,40000
80951,40757
80952,83281
80953,40000
80954,40000
80955,40000
80956,47536
80957,59472
80958,46713
80959,40000
80960,49403
80961,43284
80962,52745
80963,66907
80964,40000
80965,64294
80966,40000
80967,49249
80968,56981
80969,83062
80970,40000
80971,40000
80972,81606
80973,47746
80974,40000
80975,40000
80976,40000
80977,59776
80978,40000
80979,65306
80980,40000
80981,40000
80982,40000
80983,41366
80984,78291
80985,79174
80986,40000
80987,40000
80988,62694
80989,40000
80990,40000
80991,61478
80992,72662
80993,65989
80994,40000
80995,76027
80996,40000
80997,77892
80998,56045
80999,54245
81000,51362
81001,46872
81002,40000
81003,40000
81004,52192
81005,46079
81006,59174
81007,54177
81008,45306
81009,40000
81010,40000
81011,40000
81012,86087
81013,44320
81014,40000
81015,52989
81016,40000
81017,40000
81018,43821
81019,59563
81020,74585
81021,57379
81022,67071
81023,54233
81024,58263
81025,76521
81026,67233
81027,42559
81028,40578
81029,71733
81030,54768
81031,40000
81032,40000
81033,74149
81034,43631
81035,42922
81036,40000
81037,40000
81038,40000
81039,40000
81040,63439
81041,40000
81042,46307
81043,44303
81044,40000
81045,40000
81046,40148
81047,58336
81048,48368
81049,40000
81050,40000
81051,57574
81052,46518
81053,44045
81054,40000
81055,50716
81056,72150
81057,40000
81058,45910
81059,50467
81060,40000
81061,61890
81062,48012
81063,61895
81064,40000
81065,56646
81066,54403
81067,40645
81068,41658
81069,42426
81070,64942
81071,50675
81072,67894
81073,64379
81074,61948
81075,52818
81076,51038
81077,77117
81078,40000
81079,53145
81080,54638
81081,56009
81082,40000
81083,40000
81084,41319
81085,69742
81086,63710
81087,54462
81088,40000
81089,73785
81090,45512
81091,52913
81092,61591
81093,53326
81094,40000
81095,77362
81096,40000
81097,45280
81098,63111
81099,40000
81100,62920
81101,58507
81102,40000
81103,67817
81104,40000
81105,51686
81106,56248
81107,65860
81108,40000
81109,40000
81110,68618
81111,40000
81112,40000
81113,40000
81114,40000
81115,82523
81116,76273
81117,40000
81118,57416
81119,56976
81120,72463
81121,87452
81122,40000
81123,40000
81124,44864
81125,47769
81126,40000
81127,65227
81128,87050
81129,40265
81130,40000
81131,71141
81132,40000
81133,40000
81134,82177
81135,40000
81136,58356
81137,40000
81138,57263
81139,85343
81140,66326
81141,41826
81142,40000
81143,72320
81144,58501
81145,49289
81146,40000
81147,48855
81148,92046
81149,40000
81150,66985
81151,40000
81152,43255
81153,40000
81154,60965
81155,54150
81156,45971
81157,73371
81158,40469
81159,84420
81160,43187
81161,66195
81162,40000
81163,60575
81164,69552
81165,49126
81166,47902
81167,68390
81168,69542
81169,66355
81170,40000
81171,50156
81172,40000
81173,40000
81174,46620
81175,86870
81176,40000
81177,68201
81178,82278
81179,40000
81180,45495
81181,46113
81182,59924
81183,40000
81184,60647
81185,43609
81186,56243
81187,61031
81188,51147
81189,67012
81190,40000
81191,46357
81192,49138
81193,40000
81194,69382
81195,56065
81196,89219
81197,40000
81198,40000
81199,60960
81200,40000
81201,97128
81202,40000
81203,75592
81204,40000
81205,67730
81206,40000
81207,85231
81208,83869
81209,54531
81210,40000
81211,46922
81212,40000
81213,63219
81214,73787
81215,40857
81216,70471
81217,40000
81218,63558
81219,40000
81220,43232
81221,75155
81222,71672
81223,42238
81224,56366
81225,75734
81226,77532
81227,40559
81228,49232
81229,59876
81230,57592
81231,67642
81232,43652
81233,47047
81234,40000
81235,40000
81236,40000
81237,89374
81238,40617
81239,42472
81240,64539
81241,45137
81242,50747
81243,64061
81244,58953
81245,40000
81246,62967
81247,75775
81248,48823
81249,40000
81250,54971
81251,76705
81252,64441
81253,40000
81254,82914
81255,40000
81256,69468
81257,64428
81258,40000
81259,40000
81260,66803
81261,40000
81262,40000
81263,56631
81264,50625
81265,40000
81266,40000
81267,40000
81268,56406
81269,46884
81270,40000
81271,54625
81272,40000
81273,60879
81274,40000
81275,40000
81276,40000
81277,81844
81278,40608
81279,50480
81280,40000
81281,40000
81282,40000
81283,77485
81284,47325
81285,57859
81286,40000
81287,40000
81288,51215
81289,50246
81290,67572
81291,40000
81292,42889
81293,41168
81294,70362
81295,40000
81296,40000
81297,40000
81298,46898
81299,50676
81300,40000
81301,67179
81302,61341
81303,70323
81304,40000
81305,61239
81306,40000
81307,97761
81308,47122
81309,57532
81310,40000
81311,40000
81312,44136
81313,40000
81314,65320
81315,51786
81316,45457
81317,102950
81318,54240
81319,50802
81320,40000
81321,48432
81322,40000
81323,40000
81324,42237
81325,42784
81326,47662
81327,40000
81328,40000
81329,40000
81330,54953
81331,40000
81332,75361
81333,40460
81334,70953
81335,55430
81336,40000
81337,40000
81338,46208
81339,41295
81340,82277
81341,40000
81342,47500
81343,82869
81344,48782
81345,40460
81346,40000
81347,40000
81348,41983
81349,57809
81350,52066
81351,58571
81352,40000
81353,80068
81354,55903
81355,90178
81356,40000
81357,93472
81358,95018
81359,40000
81360,64371
81361,40000
81362,40000
81363,85442
81364,40000
81365,58960
81366,40000
81367,40000
81368,40818
81369,40000
81370,73133
81371,78611
81372,40000
81373,40000
81374,48766
81375,61148
81376,49909
81377,40000
81378,49983
81379,48034
81380,85605
81381,47741
81382,40000
81383,46350
81384,44629
81385,53777
81386,53613
81387,40000
81388,40000
81389,40000
81390,40000
81391,40000
81392,40000
81393,40000
81394,48757
81395,40000
81396,43079
81397,68733
81398,40000
81399,54193
81400,40000
81401,45372
81402,93023
81403,40000
81404,66344
81405,67948
81406,97765
81407,40000
81408,74543
81409,72519
81410,75994
81411,40445
81412,63222
81413,63731
81414,40000
81415,69114
81416,43851
81417,54708
81418,70917
81419,50655
81420,88810
81421,40000
81422,40000
81423,64670
81424,44015
81425,49483
81426,40000
81427,40000
81428,40000
81429,40000
81430,49769
81431,43775
81432,76081
81433,48193
81434,67152
81435,75034
81436,54556
81437,40000
81438,40000
81439,75323
81440,40000
81441,51205
81442,42817
81443,40000
81444,50676
81445,65569
81446,63990
81447,54547
81448,76932
81449,55086
81450,40000
81451,54366
81452,41429
81453,40000
81454,53261
81455,52904
81456,52910
81457,40000
81458,55649
81459,77398
81460,43495
81461,74332
81462,40000
81463,40000
81464,45301
81465,42371
81466,67218
81467,40000
81468,40000
81469,65451
81470,40000
81471,75142
81472,52167
81473,42534
81474,40000
81475,46855
81476,65278
81477,40000
81478,56349
81479,42719
81480,59184
81481,40000
81482,69407
81483,73992
81484,43743
81485,40000
81486,40000
81487,40244
81488,55821
81489,46478
81490,52352
81491,62340
81492,40000
81493,46278
81494,40000
81495,40000
81496,55627
81497,40000
81498,50928
81499,40000
81500,40000
81501,66435
81502,40000
81503,61837
81504,74248
81505,87897
81506,40000
81507,93213
81508,62610
81509,40000
81510,40396
81511,52763
81512,40000
81513,40000
81514,40000
81515,87350
81516,51228
81517,90488
81518,80421
81519,40000
81520,40000
81521,40000
81522,40000
81523,45701
81524,40000
81525,40000
81526,40000
81527,103938
81528,50288
81529,78957
81530,66183
81531,56413
81532,40000
81533,40000
81534,55462
81535,65910
81536,58725
81537,56162
81538,40000
81539,81451
81540,62658
81541,47068
81542,40000
81543,74442
81544,40000
81545,40000
81546,42552
81547,42284
81548,40000
81549,47207
81550,46484
81551,65976
81552,60332
81553,40000
81554,50428
81555,81843
81556,70011
81557,55287
81558,54444
81559,73143
81560,44650
81561,40335
81562,40000
81563,57771
81564,40000
81565,40000
81566,40000
81567,40000
81568,40000
81569,40000
81570,40000
81571,50268
81572,40000
81573,54373
81574,51040
81575,40000
81576,80096
81577,67625
81578,52755
81579,95249
81580,40000
81581,49814
81582,40000
81583,67985
81584,56221
81585,40000
81586,44126
81587,40000
81588,69504
81589,40000
81590,40000
81591,40000
81592,75008
81593,47927
81594,40000
81595,40522
81596,55453
81597,56092
81598,51451
81599,40830
81600,66344
81601,50596
81602,45792
81603,68350
81604,58653
81605,40000
81606,44445
81607,40000
81608,51064
81609,53605
81610,52616
81611,45758
81612,61609
81613,40000
81614,71309
81615,40000
81616,84878
81617,40000
81618,71415
81619,52936
81620,40000
81621,93377
81622,44045
81623,40000
81624,41230
81625,81601
81626,55200
81627,55845
81628,48176
81629,40000
81630,45046
81631,42960
81632,63397
81633,44212
81634,40794
81635,55128
81636,68848
81637,40000
81638,56645
81639,67002
81640,41344
81641,74998
81642,40000
81643,44330
81644,96620
81645,40000
81646,72447
81647,40000
81648,58756
81649,62028
81650,55664
81651,50232
81652,40000
81653,40000
81654,65606
81655,40000
81656,64332
81657,71764
81658,40000
81659,89360
81660,40000
81661,59630
81662,40000
81663,40000
81664,58837
81665,84937
81666,45721
81667,49605
81668,64435
81669,63311
81670,81029
81671,55106
81672,40000
81673,52527
81674,40000
81675,59192
81676,49226
81677,40000
81678,56293
81679,56360
81680,40000
81681,40000
81682,40000
81683,40000
81684,51335
81685,42779
81686,69233
81687,67771
81688,40000
81689,52386
81690,72713
81691,40000
81692,40000
81693,40000
81694,78875
81695,66845
81696,40000
81697,82619
81698,41658
81699,40000
81700,40000
81701,63138
81702,76421
81703,40000
81704,40000
81705,40000
81706,40000
81707,40000
81708,40657
81709,41800
81710,48749
81711,64213
81712,74729
81713,47451
81714,40000
81715,88307
81716,71116
81717,72518
81718,51886
81719,47402
81720,72864
81721,65692
81722,40000
81723,68052
81724,77120
81725,43670
81726,52833
81727,60705
81728,44982
81729,55253
81730,90708
81731,81158
81732,83421
81733,49219
81734,40000
81735,44504
81736,51074
81737,42324
81738,62230
81739,40000
81740,40000
81741,40000
81742,58127
81743,88916
81744,51007
81745,50030
81746,40000
81747,80349
81748,40000
81749,41726
81750,43368
81751,40000
81752,56883
81753,40000
81754,83637
81755,40000
81756,40000
81757,40000
81758,40000
81759,50035
81760,70709
81761,40000
81762,64085
81763,48385
81764,82542
81765,49816
81766,42548
81767,64335
81768,40000
81769,73959
81770,72076
81771,70164
81772,62989
81773,85392
81774,40000
81775,40000
81776,67064
81777,40000
81778,72597
81779,62577
81780,59465
81781,42067
81782,45805
81783,47976
81784,40000
81785,65584
81786,40000
81787,55781
81788,40000
81789,51582
81790,40058
81791,47782
81792,40000
81793,57093
81794,60339
81795,40000
81796,40000
81797,46443
81798,62358
81799,47838
81800,46412
81801,40000
81802,71912
81803,72033
81804,49541
81805,57069
81806,61113
81807,52143
81808,44637
81809,40000
81810,48511
81811,40000
81812,40000
81813,82985
81814,40000
81815,45896
81816,44262
81817,76190
81818,43986
81819,40668
81820,59797
81821,49327
81822,42140
81823,67024
81824,88268
81825,69193
81826,59076
81827,40000
81828,65076
81829,40000
81830,46887
81831,42726
81832,40000
81833,40000
81834,42579
81835,57138
81836,54763
81837,40009
81838,40000
81839,40000
81840,75733
81841,96946
81842,40000
81843,40000
81844,40000
81845,44903
81846,43397
81847,40000
81848,85233
81849,66528
81850,50251
81851,40000
81852,40000
81853,40000
81854,51540
81855,67351
81856,40000
81857,54888
81858,60710
81859,62461
81860,50560
81861,54826
81862,43746
81863,40000
81864,61342
81865,40000
81866,43034
81867,59136
81868,40000
81869,52801
81870,44116
81871,48225
81872,40000
81873,40369
81874,90616
81875,45224
81876,62125
81877,40000
81878,74258
81879,52171
81880,44712
81881,79797
81882,46894
81883,40000
81884,55376
81885,56428
81886,54379
81887,50542
81888,40000
81889,47007
81890,40000
81891,40000
81892,40000
81893,70579
81894,40000
81895,52018
81896,40000
81897,40000
81898,40000
81899,40000
81900,83750
81901,64923
81902,54550
81903,52243
81904,40000
81905,40000
81906,55442
81907,59700
81908,40000
81909,41604
81910,40000
81911,58820
81912,40000
81913,42291
81914,40000
81915,46947
81916,68556
81917,45186
81918,40885
81919,50138
81920,40000
81921,87817
81922,49847
81923,46045
81924,40000
81925,54691
81926,40000
81927,87688
81928,62984
81929,66438
81930,40000
81931,40000
81932,70183
81933,94826
81934,60068
81935,40894
81936,78751
81937,66422
81938,50674
81939,56780
81940,46693
81941,63745
81942,61157
81943,40000
81944,55127
81945,73185
81946,67047
81947,40000
81948,64421
81949,52649
81950,46366
81951,57712
81952,78751
81953,56016
81954,42166
81955,70930
81956,76415
81957,72086
81958,40000
81959,57588
81960,62834
81961,58677
81962,72310
81963,44867
81964,40000
81965,40000
81966,41064
81967,56160
81968,62515
81969,64166
81970,92420
81971,54068
81972,61530
81973,80865
81974,66440
81975,53787
81976,56158
81977,62735
81978,52571
81979,69613
81980,55947
81981,72635
81982,53690
81983,40404
81984,40000
81985,46275
81986,68673
81987,40000
81988,46216
81989,41268
81990,40832
81991,40000
81992,73565
81993,49351
81994,91531
81995,41280
81996,40000
81997,40979
81998,53285
81999,40000
82000,48254
82001,40000
82002,67766
82003,40000
82004,85703
82005,78902
82006,60102
82007,65627
82008,54180
82009,43872
82010,40459
82011,54805
82012,96064
82013,66150
82014,40000
82015,40000
82016,40000
82017,60044
82018,40000
82019,40000
82020,40000
82021,50606
82022,40000
82023,40000
82024,40000
82025,50808
82026,58389
82027,73428
82028,69022
82029,89051
82030,41590
82031,40000
82032,40000
82033,50875
82034,40000
82035,53103
82036,56631
82037,42008
82038,69062
82039,55839
82040,60276
82041,54009
82042,47763
82043,40000
82044,42611
82045,40000
82046,72922
82047,41633
82048,42245
82049,40000
82050,40000
82051,77706
82052,62201
82053,40000
82054,73117
82055,43195
82056,40000
82057,52491
82058,40000
82059,40000
82060,50525
82061,58855
82062,48320
82063,42422
82064,53806
82065,40000
82066,40000
82067,40000
82068,40000
82069,40000
82070,40000
82071,68860
82072,40000
82073,44641
82074,62689
82075,102399
82076,46167
82077,51492
82078,53786
82079,41825
82080,48153
82081,53110
82082,57984
82083,62242
82084,40000
82085,51882
82086,40000
82087,41598
82088,45903
82089,85319
82090,76173
82091,45536
82092,52835
82093,41744
82094,65589
82095,40000
82096,40000
82097,80222
82098,65236
82099,93411
82100,45707
82101,40000
82102,40000
82103,40000
82104,63333
82105,44288
82106,52533
82107,67208
82108,40000
82109,115850
82110,48328
82111,40000
82112,40000
82113,50286
82114,40000
82115,45734
82116,40120
82117,40000
82118,58138
82119,57788
82120,50121
82121,50567
82122,40000
82123,43027
82124,41273
82125,59597
82126,40000
82127,40000
82128,40000
82129,40000
82130,79273
82131,73262
82132,60323
82133,43751
82134,58674
82135,40000
82136,59327
82137,56370
82138,40000
82139,68313
82140,59357
82141,50445
82142,41240
82143,65544
82144,40694
82145,46607
82146,40000
82147,59797
82148,50298
82149,59287
82150,68635
82151,74789
82152,42406
82153,41256
82154,40000
82155,54586
82156,40600
82157,92222
82158,40000
82159,80044
82160,84358
82161,40000
82162,46363
82163,40000
82164,41739
82165,42119
82166,40000
82167,40000
82168,79101
82169,70453
82170,54207
82171,57861
82172,42636
82173,45744
82174,40000
82175,40000
82176,69780
82177,40000
82178,41362
82179,41289
82180,65174
82181,54997
82182,59994
82183,40000
82184,64283
82185,40000
82186,43545
82187,53744
82188,55287
82189,53899
82190,40000
82191,51226
82192,78427
82193,74106
82194,44356
82195,40000
82196,43357
82197,40000
82198,40000
82199,57898
82200,47663
82201,40000
82202,40000
82203,93860
82204,40000
82205,75879
82206,40000
82207,63814
82208,76862
82209,62303
82210,62962
82211,59316
82212,52897
82213,45437
82214,80694
82215,43250
82216,48439
82217,48666
82218,81001
82219,41532
82220,40000
82221,65420
82222,70499
82223,53615
82224,49455
82225,44537
82226,57449
82227,52214
82228,101174
82229,69151
82230,40483
82231,40000
82232,53550
82233,46979
82234,40331
82235,45249
82236,70145
82237,55459
82238,62355
82239,80794
82240,40000
82241,40096
82242,64978
82243,40000
82244,67689
82245,48504
82246,40000
82247,51667
82248,59395
82249,40000
82250,47486
82251,40000
82252,66961
82253,40000
82254,51847
82255,40000
82256,40000
82257,57219
82258,59715
82259,51318
82260,69902
82261,62762
82262,51097
82263,77210
82264,40000
82265,41746
82266,40000
82267,49062
82268,67225
82269,68464
82270,40000
82271,66130
82272,70751
82273,45248
82274,40000
82275,75123
82276,40000
82277,62945
82278,52084
82279,40000
82280,52380
82281,50988
82282,40000
82283,79276
82284,55715
82285,47945
82286,53967
82287,42741
82288,74815
82289,85829
82290,40000
82291,61026
82292,83498
82293,45078
82294,40000
82295,42368
82296,57068
82297,47839
82298,47309
82299,40000
82300,40000
82301,40000
82302,76650
82303,40000
82304,40000
82305,40823
82306,40000
82307,46252
82308,64480
82309,79725
82310,40000
82311,40000
82312,42192
82313,40000
82314,48987
82315,77856
82316,40000
82317,40000
82318,45105
82319,88094
82320,48190
82321,40000
82322,53943
82323,40000
82324,62431
82325,40000
82326,69351
82327,41960
82328,47208
82329,42878
82330,63419
82331,64378
82332,59901
82333,40000
82334,44403
82335,40273
82336,41547
82337,40000
82338,47195
82339,40000
82340,48342
82341,65614
82342,73847
82343,42210
82344,40480
82345,44056
82346,40000
82347,40000
82348,67825
82349,63760
82350,40000
82351,40000
82352,74645
82353,70027
82354,76493
82355,51732
82356,40000
82357,64951
82358,92974
82359,40000
82360,40000
82361,59654
82362,43284
82363,40000
82364,49190
82365,76220
82366,53126
82367,66101
82368,40000
82369,80652
82370,40000
82371,69470
82372,45843
82373,43355
82374,47343
82375,84762
82376,44407
82377,40000
82378,40386
82379,40000
82380,40000
82381,40847
82382,69979
82383,40000
82384,40000
82385,75274
82386,70980
82387,40000
82388,40000
82389,66243
82390,40000
82391,83099
82392,90541
82393,63932
82394,81341
82395,40000
82396,64651
82397,70248
82398,83569
82399,52872
82400,79588
82401,40000
82402,40000
82403,66210
82404,40000
82405,71130
82406,40000
82407,45210
82408,68078
82409,40000
82410,40000
82411,50616
82412,62559
82413,40000
82414,47504
82415,78210
82416,44057
82417,40000
82418,49941
82419,61248
82420,68789
82421,69126
82422,52364
82423,40000
82424,107030
82425,40000
82426,49367
82427,40000
82428,44780
82429,51663
82430,91324
82431,58449
82432,40000
82433,64106
82434,40000
82435,73412
82436,79431
82437,40000
82438,71472
82439,40000
82440,40000
82441,58488
82442,77046
82443,40283
82444,59227
82445,89699
82446,40000
82447,65308
82448,72021
82449,55134
82450,40000
82451,40000
82452,46486
82453,63067
82454,40000
82455,40000
82456,40000
82457,45220
82458,92245
82459,60382
82460,40000
82461,47179
82462,40000
82463,67687
82464,73904
82465,41764
82466,76176
82467,40000
82468,40000
82469,45841
82470,59713
82471,61159
82472,68772
82473,71927
82474,64981
82475,61481
82476,65664
82477,40000
82478,54571
82479,69647
82480,77952
82481,40000
82482,56853
82483,77305
82484,57627
82485,40000
82486,40000
82487,49259
82488,57821
82489,54983
82490,40000
82491,43978
82492,48478
82493,89229
82494,48812
82495,40000
82496,40000
82497,50954
82498,51288
82499,40000
82500,40000
82501,40000
82502,68415
82503,42659
82504,40000
82505,40000
82506,44886
82507,40000
82508,55480
82509,58466
82510,62601
82511,40000
82512,57398
82513,68041
82514,49897
82515,40000
82516,55801
82517,95842
82518,43284
82519,40000
82520,40000
82521,53064
82522,40000
82523,49323
82524,65332
82525,62816
82526,66657
82527,64452
82528,55861
82529,40316
82530,40000
82531,85408
82532,65604
82533,40000
82534,58766
82535,47999
82536,40000
82537,49546
82538,49470
82539,50889
82540,66393
82541,40000
82542,79818
82543,43273
82544,64649
82545,81618
82546,78199
82547,46170
82548,67887
82549,54883
82550,45756
82551,42074
82552,75354
82553,59256
82554,60699
82555,50496
82556,40000
82557,53070
82558,65912
82559,66122
82560,103211
82561,40000
82562,40000
82563,41774
82564,44520
82565,50854
82566,40000
82567,40000
82568,66444
82569,55363
82570,61798
82571,55947
82572,72854
82573,52671
82574,47314
82575,40000
82576,46234
82577,40000
82578,56074
82579,57587
82580,40000
82581,74672
82582,40000
82583,46359
82584,40000
82585,52198
82586,40000
82587,57047
82588,40715
82589,83291
82590,53957
82591,40627
82592,74405
82593,40000
82594,40000
82595,40000
82596,74320
82597,72757
82598,40000
82599,40000
82600,55045
82601,49779
82602,40000
82603,64927
82604,42655
82605,40000
82606,65922
82607,46736
82608,72016
82609,70316
82610,58729
82611,40000
82612,48189
82613,40000
82614,51556
82615,63321
82616,40000
82617,40000
82618,84978
82619,40000
82620,40000
82621,92829
82622,41193
82623,40000
82624,40000
82625,80659
82626,47175
82627,44736
82628,40000
82629,56497
82630,40000
82631,59129
82632,67554
82633,48620
82634,57262
82635,40000
82636,41712
82637,54019
82638,40000
82639,40000
82640,63730
82641,60235
82642,40000
82643,67917
82644,43420
82645,40000
82646,48979
82647,69197
82648,48689
82649,45143
82650,66008
82651,65034
82652,40000
82653,40000
82654,40376
82655,40000
82656,50025
82657,40000
82658,40000
82659,60350
82660,76065
82661,58607
82662,61455
82663,40000
82664,58376
82665,40000
82666,68445
82667,77217
82668,78317
82669,69847
82670,40719
82671,40000
82672,40000
82673,40000
82674,40000
82675,62623
82676,77574
82677,69183
82678,42570
82679,40000
82680,72194
82681,63398
82682,41667
82683,45702
82684,57432
82685,45243
82686,70583
82687,58976
82688,49798
82689,40000
82690,47165
82691,100821
82692,62622
82693,40000
82694,53551
82695,40000
82696,58498
82697,50271
82698,72359
82699,40000
82700,52180
82701,40000
82702,41747
82703,42769
82704,68174
82705,55678
82706,40000
82707,45191
82708,40000
82709,53912
82710,40000
82711,40000
82712,45771
82713,40000
82714,59452
82715,40000
82716,40000
82717,67935
82718,40000
82719,40000
82720,70486
82721,40000
82722,82304
82723,46617
82724,67801
82725,69271
82726,40000
82727,74749
82728,40000
82729,71020
82730,40000
82731,63518
82732,40000
82733,49707
82734,92567
82735,40000
82736,55317
82737,43412
82738,65346
82739,65039
82740,40000
82741,66734
82742,62517
82743,40000
82744,67607
82745,54410
82746,83382
82747,62325
82748,75388
82749,64503
82750,40000
82751,56621
82752,48657
82753,40000
82754,93396
82755,40000
82756,94806
82757,40000
82758,40000
82759,40000
82760,53678
82761,79517
82762,50041
82763,40000
82764,74019
82765,51573
82766,74030
82767,40000
82768,72974
82769,75124
82770,62054
82771,40000
82772,40000
82773,43036
82774,59700
82775,40000
82776,68077
82777,42373
82778,41096
82779,40000
82780,40000
82781,40000
82782,54423
82783,54732
82784,42501
82785,42927
82786,51864
82787,43780
82788,49389
82789,48068
82790,62694
82791,40000
82792,40000
82793,47845
82794,62692
82795,43430
82796,40000
82797,40000
82798,40000
82799,90878
82800,51933
82801,63859
82802,40000
82803,74173
82804,52799
82805,45172
82806,40000
82807,81857
82808,59495
82809,59632
82810,57388
82811,47013
82812,59541
82813,40000
82814,66337
82815,50058
82816,40000
82817,40000
82818,56329
82819,51212
82820,46698
82821,52303
82822,40000
82823,56430
82824,62678
82825,48780
82826,74906
82827,62154
82828,52361
82829,61862
82830,79346
82831,40000
82832,40000
82833,40000
82834,49684
82835,40000
82836,48190
82837,40000
82838,56100
82839,40000
82840,40000
82841,65049
82842,60118
82843,40000
82844,74447
82845,55853
82846,41591
82847,49970
82848,40000
82849,40000
82850,44117
82851,76558
82852,54001
82853,51307
82854,62601
82855,47892
82856,40000
82857,42189
82858,62709
82859,41136
82860,63909
82861,67651
82862,40000
82863,60905
82864,40000
82865,40000
82866,67830
82867,40000
82868,87009
82869,73361
82870,46966
82871,40000
82872,40000
82873,40000
82874,59886
82875,68890
82876,44814
82877,40000
82878,52132
82879,40000
82880,40000
82881,52765
82882,42892
82883,50617
82884,40000
82885,69434
82886,45914
82887,41915
82888,42409
82889,74761
82890,40000
82891,53795
82892,56571
82893,40000
82894,40000
82895,51110
82896,40000
82897,55496
82898,73795
82899,47033
82900,40000
82901,40000
82902,57890
82903,71508
82904,78507
82905,40000
82906,52333
82907,52358
82908,63568
82909,52659
82910,61767
82911,51677
82912,40000
82913,56956
82914,58113
82915,89089
82916,40000
82917,40000
82918,61388
82919,40000
82920,40000
82921,61093
82922,63098
82923,67574
82924,59454
82925,40000
82926,64400
82927,40000
82928,60112
82929,40000
82930,40000
82931,68997
82932,50016
82933,78373
82934,40000
82935,42006
82936,71048
82937,62976
82938,92665
82939,44461
82940,40000
82941,40000
82942,41847
82943,40000
82944,40000
82945,73515
82946,40000
82947,42008
82948,47085
82949,56578
82950,68541
82951,40000
82952,56237
82953,40000
82954,49330
82955,48877
82956,62554
82957,69272
82958,40000
82959,45312
82960,73133
82961,40000
82962,40000
82963,40000
82964,46302
82965,40000
82966,57547
82967,40921
82968,40000
82969,83654
82970,68081
82971,69787
82972,61574
82973,44196
82974,60036
82975,40000
82976,56755
82977,56384
82978,85323
82979,55263
82980,40000
82981,40000
82982,40000
82983,48249
82984,40000
82985,41868
82986,86480
82987,43240
82988,40000
82989,40000
82990,40000
82991,56029
82992,67811
82993,53053
82994,61394
82995,71968
82996,40000
82997,51285
82998,83031
82999,104996
83000,53876
83001,83225
83002,41677
83003,58314
83004,81710
83005,57351
83006,92113
83007,56472
83008,47746
83009,74370
83010,40000
83011,40000
83012,40000
83013,40000
83014,54045
83015,40000
83016,40000
83017,40000
83018,40000
83019,50430
83020,44632
83021,44508
83022,45518
83023,45003
83024,40000
83025,40000
83026,49005
83027,46530
83028,60130
83029,40000
83030,70199
83031,59294
83032,51844
83033,42332
83034,54985
83035,40000
83036,41887
83037,40000
83038,55362
83039,40000
83040,40714
83041,40000
83042,40000
83043,40855
83044,68486
83045,81228
83046,62473
83047,40000
83048,40000
83049,67372
83050,54909
83051,40000
83052,40000
83053,55451
83054,67727
83055,50006
83056,44725
83057,65901
83058,49228
83059,71522
83060,40000
83061,46792
83062,78491
83063,49244
83064,40000
83065,76159
83066,75712
83067,40000
83068,40000
83069,40000
83070,68886
83071,61293
83072,80155
83073,63288
83074,40000
83075,73234
83076,53152
83077,40000
83078,54782
83079,77625
83080,53859
83081,45757
83082,56856
83083,76564
83084,45375
83085,44113
83086,40000
83087,52222
83088,50947
83089,41082
83090,56331
83091,48709
83092,40000
83093,61439
83094,40000
83095,47067
83096,55314
83097,47889
83098,44431
83099,45777
83100,40000
83101,40000
83102,43560
83103,53594
83104,46998
83105,51906
83106,61831
83107,51992
83108,42004
83109,80094
83110,40735
83111,42169
83112,80375
83113,40000
83114,73258
83115,55807
83116,47853
83117,65799
83118,40000
83119,72392
83120,63713
83121,67920
83122,47161
83123,67005
83124,40000
83125,47582
83126,40000
83127,40000
83128,60182
83129,40000
83130,40000
83131,40000
83132,93371
83133,71353
83134,40000
83135,94568
83136,40000
83137,62914
83138,41425
83139,65169
83140,40000
83141,54811
83142,42159
83143,40000
83144,69295
83145,50490
83146,47959
83147,69611
83148,55229
83149,40000
83150,60805
83151,63451
83152,53091
83153,49644
83154,40000
83155,45191
83156,52099
83157,60139
83158,49560
83159,44134
83160,80675
83161,76687
83162,40000
83163,63218
83164,40000
83165,40000
83166,40000
83167,40000
83168,40000
83169,49865
83170,50786
83171,51319
83172,52920
83173,40690
83174,40000
83175,89149
83176,40000
83177,65739
83178,40295
83179,40000
83180,40000
83181,46381
83182,40000
83183,59009
83184,41482
83185,68301
83186,81400
83187,49722
83188,41872
83189,51327
83190,40000
83191,52157
83192,70838
83193,40000
83194,69724
83195,49964
83196,43475
83197,55663
83198,72125
83199,87143
83200,65578
83201,40000
83202,41402
83203,40000
83204,51248
83205,48768
83206,68279
83207,82640
83208,42751
83209,50916
83210,43418
83211,40000
83212,50060
83213,72705
83214,54584
83215,40000
83216,61209
83217,40000
83218,57290
83219,98894
83220,40000
83221,40000
83222,71545
83223,70427
83224,80912
83225,65767
83226,40000
83227,42355
83228,40000
83229,40000
83230,73171
83231,76004
83232,64212
83233,40000
83234,47621
83235,85500
83236,64705
83237,40000
83238,56255
83239,44311
83240,40000
83241,46710
83242,40000
83243,55808
83244,40000
83245,40000
83246,48831
83247,67421
83248,41918
83249,40000
83250,40000
83251,57121
83252,48461
83253,40000
83254,46033
83255,40000
83256,40000
83257,40000
83258,74644
83259,49246
83260,40000
83261,40000
83262,68275
83263,48086
83264,48721
83265,51944
83266,40000
83267,41020
83268,43574
83269,69847
83270,53917
83271,66636
83272,40000
83273,43084
83274,51673
83275,75522
83276,62552
83277,42184
83278,68509
83279,61336
83280,53451
83281,44114
83282,67461
83283,70913
83284,50036
83285,40750
83286,40000
83287,66496
83288,63318
83289,40000
83290,45356
83291,56886
83292,56867
83293,40000
83294,64722
83295,40000
83296,42320
83297,44867
83298,40000
83299,56133
83300,58800
83301,64589
83302,40000
83303,41010
83304,40000
83305,40000
83306,65721
83307,40000
83308,40000
83309,69091
83310,40000
83311,40000
83312,80846
83313,40000
83314,48185
83315,40000
83316,55006
83317,75377
83318,58339
83319,54284
83320,40000
83321,48710
83322,44545
83323,47763
83324,40000
83325,53373
83326,40000
83327,54292
83328,40000
83329,63598
83330,58193
83331,40000
83332,71830
83333,49700
83334,61530
83335,40345
83336,67867
83337,47609
83338,49130
83339,67086
83340,40693
83341,40000
83342,40000
83343,43225
83344,52895
83345,69943
83346,40000
83347,61887
83348,40000
83349,101593
83350,43110
83351,53513
83352,73514
83353,45435
83354,40000
83355,45993
83356,56716
83357,65240
83358,50684
83359,75829
83360,40000
83361,63764
83362,40000
83363,82803
83364,47621
83365,40618
83366,40000
83367,56266
83368,40000
83369,58878
83370,49046
83371,47573
83372,40000
83373,40000
83374,54738
83375,42336
83376,69570
83377,61714
83378,40000
83379,87761
83380,40000
83381,62274
83382,40000
83383,60213
83384,71064
83385,58584
83386,40000
83387,46170
83388,47770
83389,47782
83390,40000
83391,63833
83392,58672
83393,56313
83394,52546
83395,77982
83396,41133
83397,84626
83398,40000
83399,46406
83400,75937
83401,59243
83402,40715
83403,47615
83404,46269
83405,71345
83406,40000
83407,42102
83408,53477
83409,52483
83410,40000
83411,58351
83412,48376
83413,41477
83414,64979
83415,40000
83416,46899
83417,54216
83418,84149
83419,57888
83420,40000
83421,78547
83422,40000
83423,60559
83424,51715
83425,55581
83426,86080
83427,40000
83428,93167
83429,61833
83430,40000
83431,40000
83432,40813
83433,42952
83434,53138
83435,68627
83436,53451
83437,40000
83438,40000
83439,79500
83440,42500
83441,40000
83442,53458
83443,73539
83444,61891
83445,40000
83446,68018
83447,40929
83448,40000
83449,49527
83450,40000
83451,46773
83452,57258
83453,40614
83454,53551
83455,40000
83456,41861
83457,73106
83458,56388
83459,40000
83460,43697
83461,72738
83462,80570
83463,40000
83464,42814
83465,40000
83466,76454
83467,48803
83468,86678
83469,54739
83470,40000
83471,48077
83472,40000
83473,40000
83474,40000
83475,45053
83476,42521
83477,53572
83478,40000
83479,40000
83480,65730
83481,40000
83482,59132
83483,43139
83484,40000
83485,43765
83486,60005
83487,54336
83488,40000
83489,63483
83490,40000
83491,40000
83492,40000
83493,44182
83494,40000
83495,60041
83496,43073
83497,62179
83498,43740
83499,40000
83500,40000
83501,47366
83502,64956
83503,40000
83504,40000
83505,51508
83506,40000
83507,40000
83508,43931
83509,40000
83510,42288
83511,40000
83512,73670
83513,52827
83514,42371
83515,54211
83516,54701
83517,40000
83518,57923
83519,81816
83520,55182
83521,46797
83522,50734
83523,66871
83524,40000
83525,51903
83526,61906
83527,50460
83528,95012
83529,81445
83530,46548
83531,41399
83532,56383
83533,44384
83534,40000
83535,40000
83536,40000
83537,62034
83538,40000
83539,76884
83540,44126
83541,45222
83542,40000
83543,51485
83544,64345
83545,41772
83546,51339
83547,40000
83548,61937
83549,50936
83550,68899
83551,73945
83552,46931
83553,89815
83554,54302
83555,58562
83556,57710
83557,45581
83558,62914
83559,40000
83560,63776
83561,68283
83562,66767
83563,48858
83564,53429
83565,40000
83566,40000
83567,73195
83568,64191
83569,41576
83570,41455
83571,40000
83572,40000
83573,40000
83574,40000
83575,50022
83576,40726
83577,40000
83578,55502
83579,40000
83580,40000
83581,52396
83582,40000
83583,40000
83584,50059
83585,53364
83586,79105
83587,40000
83588,55749
83589,44472
83590,40000
83591,40000
83592,62681
83593,52855
83594,40000
83595,40000
83596,76944
83597,60964
83598,78690
83599,40000
83600,43535
83601,61520
83602,74217
83603,60610
83604,52580
83605,46952
83606,59244
83607,66836
83608,40000
83609,65585
83610,72700
83611,40000
83612,40000
83613,40000
83614,55135
83615,70833
83616,58069
83617,65241
83618,54765
83619,40168
83620,55592
83621,56808
83622,66601
83623,74614
83624,69674
83625,63879
83626,40000
83627,40000
83628,40000
83629,50455
83630,46119
83631,40000
83632,40000
83633,46187
83634,40000
83635,75427
83636,76145
83637,57630
83638,46733
83639,59125
83640,49855
83641,40000
83642,41637
83643,43995
83644,40000
83645,40000
83646,64061
83647,40000
83648,41052
83649,46376
83650,46907
83651,40000
83652,40000
83653,72400
83654,50179
83655,71278
83656,53340
83657,51055
83658,61242
83659,61625
83660,86688
83661,67732
83662,51894
83663,40000
83664,41775
83665,70808
83666,40951
83667,75551
83668,64275
83669,40000
83670,57638
83671,48106
83672,62646
83673,40368
83674,72008
83675,58952
83676,54640
83677,65461
83678,74148
83679,40000
83680,89280
83681,40000
83682,69778
83683,47033
83684,42225
83685,53598
83686,57597
83687,61378
83688,56514
83689,50662
83690,44549
83691,43510
83692,95208
83693,47824
83694,87076
83695,44794
83696,40000
83697,40000
83698,40000
83699,41500
83700,61996
83701,40000
83702,54962
83703,40000
83704,60003
83705,40000
83706,56762
83707,45393
83708,40000
83709,45947
83710,47573
83711,59619
83712,40000
83713,40000
83714,43736
83715,40000
83716,95583
83717,40000
83718,64896
83719,44976
83720,40000
83721,70458
83722,40000
83723,40000
83724,40000
83725,47926
83726,40000
83727,60031
83728,58167
83729,48648
83730,71048
83731,51284
83732,40000
83733,64864
83734,40000
83735,44086
83736,72889
83737,50079
83738,45895
83739,69199
83740,40000
83741,40000
83742,40000
83743,68831
83744,67969
83745,40000
83746,45286
83747,65023
83748,40000
83749,40000
83750,41401
83751,56394
83752,41957
83753,57139
83754,40000
83755,40000
83756,41515
83757,40000
83758,40000
83759,40943
83760,56155
83761,47225
83762,40000
83763,45832
83764,49297
83765,45308
83766,49263
83767,40000
83768,62465
83769,103509
83770,40000
83771,40000
83772,68971
83773,40000
83774,48665
83775,54232
83776,40000
83777,49795
83778,79320
83779,40000
83780,40000
83781,69243
83782,40000
83783,41274
83784,58267
83785,52400
83786,84211
83787,43080
83788,40000
83789,64559
83790,87581
83791,40000
83792,40000
83793,42899
83794,43423
83795,40000
83796,40000
83797,58691
83798,40000
83799,40000
83800,85407
83801,40000
83802,72375
83803,46909
83804,55402
83805,81354
83806,58478
83807,66502
83808,63640
83809,54771
83810,61658
83811,44991
83812,77656
83813,56646
83814,57624
83815,40000
83816,40000
83817,40000
83818,40000
83819,62613
83820,58066
83821,44965
83822,40000
83823,40000
83824,40000
83825,54230
83826,46100
83827,58741
83828,52037
83829,80200
83830,40000
83831,61990
83832,40000
83833,40716
83834,40000
83835,63242
83836,46810
83837,59353
83838,40000
83839,51725
83840,40000
83841,43480
83842,56515
83843,40000
83844,40000
83845,40000
83846,40000
83847,72676
83848,40000
83849,40000
83850,57218
83851,53084
83852,40000
83853,52295
83854,40000
83855,57380
83856,49670
83857,40000
83858,48144
83859,46288
83860,75696
83861,83648
83862,40000
83863,90678
83864,40000
83865,40000
83866,40000
83867,63526
83868,77468
83869,40000
83870,47547
83871,40000
83872,51712
83873,57181
83874,42195
83875,43704
83876,80136
83877,40000
83878,90281
83879,40000
83880,74824
83881,40000
83882,40000
83883,74043
83884,40000
83885,40000
83886,58712
83887,60749
83888,40000
83889,46276
83890,66886
83891,85878
83892,47447
83893,42421
83894,40000
83895,40000
83896,49571
83897,78461
83898,40000
83899,90576
83900,40000
83901,51630
83902,67374
83903,40000
83904,42330
83905,40000
83906,63617
83907,40000
83908,40000
83909,40000
83910,58247
83911,40000
83912,56929
83913,67262
83914,46295
83915,40000
83916,48862
83917,40000
83918,60266
83919,42193
83920,48724
83921,40000
83922,43228
83923,68389
83924,42259
83925,40000
83926,49110
83927,54886
83928,42110
83929,40000
83930,45796
83931,72020
83932,40000
83933,40000
83934,59927
83935,40000
83936,66860
83937,63051
83938,40000
83939,40000
83940,51619
83941,40000
83942,40000
83943,78622
83944,41112
83945,44450
83946,42606
83947,46855
83948,40000
83949,40000
83950,40000
83951,40000
83952,50059
83953,40000
83954,42036
83955,42885
83956,40000
83957,46717
83958,45032
83959,67327
83960,64787
83961,75869
83962,49764
83963,41107
83964,56669
83965,70955
83966,43565
83967,55036
83968,44227
83969,40000
83970,52742
83971,58022
83972,67837
83973,40869
83974,46495
83975,40000
83976,60239
83977,47578
83978,49758
83979,57731
83980,52391
83981,61530
83982,46768
83983,40000
83984,47696
83985,64240
83986,57558
83987,57052
83988,40000
83989,40000
83990,57036
83991,68798
83992,70859
83993,40000
83994,63611
83995,53985
83996,42860
83997,40000
83998,63658
83999,58152
84000,43262
84001,40000
84002,56308
84003,40000
84004,84915
84005,42010
84006,40000
84007,67831
84008,40000
84009,40000
84010,40000
84011,40000
84012,41642
84013,40000
84014,40000
84015,64032
84016,64679
84017,40000
84018,58158
84019,82551
84020,52920
84021,43890
84022,64415
84023,40559
84024,40000
84025,40000
84026,40000
84027,41505
84028,40000
84029,40000
84030,52573
84031,87244
84032,56119
84033,51909
84034,40000
84035,57356
84036,55867
84037,43655
84038,72857
84039,40000
84040,72279
84041,53505
84042,40000
84043,78410
84044,61553
84045,40000
84046,47495
84047,57153
84048,54303
84049,40000
84050,55753
84051,92392
84052,98011
84053,40000
84054,56245
84055,40000
84056,40000
84057,57470
84058,53446
84059,40000
84060,49311
84061,46453
84062,51602
84063,45696
84064,40000
84065,40000
84066,64476
84067,48448
84068,40000
84069,50682
84070,71937
84071,56862
84072,54615
84073,47476
84074,40000
84075,55218
84076,58506
84077,66338
84078,40000
84079,49767
84080,40000
84081,56016
84082,41125
84083,56982
84084,40000
84085,53801
84086,54075
84087,57908
84088,82251
84089,73037
84090,50575
84091,40000
84092,43240
84093,40000
84094,40000
84095,40000
84096,62752
84097,73274
84098,69295
84099,40000
84100,43725
84101,40000
84102,40838
84103,42435
84104,40000
84105,57838
84106,54319
84107,65280
84108,66453
84109,44531
84110,46037
84111,45815
84112,40000
84113,53404
84114,40000
84115,67584
84116,40000
84117,58560
84118,42620
84119,53509
84120,42858
84121,40000
84122,71891
84123,61826
84124,51479
84125,55580
84126,40000
84127,40690
84128,42801
84129,40000
84130,63866
84131,48644
84132,40000
84133,88149
84134,48840
84135,90882
84136,40571
84137,40000
84138,50447
84139,40000
84140,40000
84141,40000
84142,46393
84143,78147
84144,75081
84145,69794
84146,40000
84147,105944
84148,40000
84149,64673
84150,59373
84151,88343
84152,40000
84153,40000
84154,58395
84155,40000
84156,40000
84157,40000
84158,67476
84159,46761
84160,66613
84161,41544
84162,61294
84163,55022
84164,52769
84165,58351
84166,67356
84167,40000
84168,61280
84169,40000
84170,69446
84171,40000
84172,68055
84173,40588
84174,40000
84175,46435
84176,40000
84177,61220
84178,81551
84179,40000
84180,45710
84181,58142
84182,40000
84183,56930
84184,47194
84185,65199
84186,45874
84187,40000
84188,68663
84189,40000
84190,40000
84191,48790
84192,46913
84193,40000
84194,40000
84195,48777
84196,47249
84197,57446
84198,52161
84199,40000
84200,40000
84201,86273
84202,40800
84203,65282
84204,76977
84205,59651
84206,78012
84207,47965
84208,57527
84209,54035
84210,82919
84211,40000
84212,54979
84213,65117
84214,40000
84215,53480
84216,85919
84217,42242
84218,53909
84219,83323
84220,77655
84221,54174
84222,88010
84223,56931
84224,58017
84225,53700
84226,64773
84227,57175
84228,63722
84229,68599
84230,57722
84231,51348
84232,42517
84233,40000
84234,56018
84235,40000
84236,79481
84237,40000
84238,72860
84239,40000
84240,40000
84241,80744
84242,41226
84243,50853
84244,49801
84245,40000
84246,55023
84247,40000
84248,40000
84249,47570
84250,67236
84251,40000
84252,53438
84253,40000
84254,50374
84255,44357
84256,46835
84257,80948
84258,40126
84259,40000
84260,53415
84261,40000
84262,40000
84263,68464
84264,42510
84265,67596
84266,40000
84267,48582
84268,48685
84269,43054
84270,44308
84271,67320
84272,40000
84273,73853
84274,42044
84275,40000
84276,61122
84277,50205
84278,45034
84279,59931
84280,40000
84281,40000
84282,40000
84283,40000
84284,44945
84285,40000
84286,51633
84287,41073
84288,47841
84289,40000
84290,60515
84291,69736
84292,51852
84293,64094
84294,71805
84295,42439
84296,88880
84297,96034
84298,70029
84299,51832
84300,73047
84301,46476
84302,64228
84303,57641
84304,103304
84305,40000
84306,52159
84307,40000
84308,40000
84309,55150
84310,40000
84311,40000
84312,52917
84313,40000
84314,40227
84315,40000
84316,41426
84317,57970
84318,56043
84319,40000
84320,40000
84321,45792
84322,54114
84323,63346
84324,83574
84325,61373
84326,40000
84327,73496
84328,48381
84329,45751
84330,59905
84331,54627
84332,40000
84333,40000
84334,40000
84335,61668
84336,40000
84337,57440
84338,81916
84339,57170
84340,73658
84341,52615
84342,57869
84343,40000
84344,40000
84345,65219
84346,40000
84347,77754
84348,87335
84349,68445
84350,40000
84351,64819
84352,55333
84353,47415
84354,40000
84355,71540
84356,56959
84357,72276
84358,47209
84359,40000
84360,51986
84361,46848
84362,44300
84363,47050
84364,65940
84365,58334
84366,40000
84367,77933
84368,40000
84369,40000
84370,80774
84371,73393
84372,65369
84373,63876
84374,66798
84375,41899
84376,65658
84377,40000
84378,58035
84379,55084
84380,40000
84381,40000
84382,40000
84383,41993
84384,53117
84385,66065
84386,89816
84387,56150
84388,40621
84389,40000
84390,40000
84391,40000
84392,40000
84393,69190
84394,51729
84395,63790
84396,40000
84397,60898
84398,40000
84399,40000
84400,76032
84401,54502
84402,41145
84403,40000
84404,63709
84405,57916
84406,40000
84407,65315
84408,59996
84409,48939
84410,106249
84411,87663
84412,49040
84413,63185
84414,71357
84415,40000
84416,64211
84417,45703
84418,40000
84419,40000
84420,68622
84421,40000
84422,40000
84423,40000
84424,40000
84425,79519
84426,88541
84427,60946
84428,68266
84429,47636
84430,54968
84431,78392
84432,63373
84433,40000
84434,54626
84435,51076
84436,61742
84437,40000
84438,40000
84439,62584
84440,44829
84441,71034
84442,40000
84443,40000
84444,54871
84445,47316
84446,40000
84447,84800
84448,42980
84449,55315
84450,62932
84451,52930
84452,40000
84453,40000
84454,42913
84455,49849
84456,45366
84457,40000
84458,48076
84459,40000
84460,40000
84461,40698
84462,40000
84463,91019
84464,61747
84465,40000
84466,40000
84467,52283
84468,41745
84469,40000
84470,40000
84471,40000
84472,53051
84473,59179
84474,40000
84475,42343
84476,40000
84477,57580
84478,44827
84479,40000
84480,40000
84481,59856
84482,68835
84483,65395
84484,62015
84485,50737
84486,46865
84487,40203
84488,51077
84489,40000
84490,40000
84491,40000
84492,76984
84493,40000
84494,46378
84495,62774
84496,44612
84497,60686
84498,48612
84499,54939
84500,40000
84501,54066
84502,52094
84503,40000
84504,47460
84505,66184
84506,56743
84507,40000
84508,40000
84509,47785
84510,48914
84511,40000
84512,40000
84513,46243
84514,40000
84515,40000
84516,40000
84517,48420
84518,40000
84519,54918
84520,40000
84521,82269
84522,62779
84523,40000
84524,75098
84525,40000
84526,47552
84527,53866
84528,78565
84529,40000
84530,40327
84531,70004
84532,47299
84533,69722
84534,40000
84535,40000
84536,45704
84537,67495
84538,40000
84539,40000
84540,40000
84541,40000
84542,62232
84543,58903
84544,46394
84545,67946
84546,40000
84547,58270
84548,69319
84549,60868
84550,88674
84551,44881
84552,42753
84553,51218
84554,53265
84555,50788
84556,40000
84557,53315
84558,67851
84559,64026
84560,40000
84561,40000
84562,40000
84563,66130
84564,80959
84565,66528
84566,40000
84567,55511
84568,40000
84569,40000
84570,40000
84571,51573
84572,40000
84573,40000
84574,48194
84575,50736
84576,52173
84577,40000
84578,40000
84579,61509
84580,40000
84581,40000
84582,53209
84583,40000
84584,47640
84585,41307
84586,40000
84587,41713
84588,87389
84589,40000
84590,61612
84591,40000
84592,40000
84593,40000
84594,42829
84595,57289
84596,43574
84597,44459
84598,49430
84599,49398
84600,43022
84601,52786
84602,49747
84603,48615
84604,40000
84605,60831
84606,40000
84607,47896
84608,40000
84609,49067
84610,45376
84611,40000
84612,81596
84613,42005
84614,40719
84615,81383
84616,51861
84617,46984
84618,56476
84619,40000
84620,40000
84621,74079
84622,60146
84623,65915
84624,40469
84625,40000
84626,40000
84627,56088
84628,51381
84629,45380
84630,46500
84631,71127
84632,40000
84633,42202
84634,79797
84635,40000
84636,42713
84637,60261
84638,67766
84639,77967
84640,46526
84641,80926
84642,50037
84643,73968
84644,40000
84645,47783
84646,40000
84647,40000
84648,40000
84649,46385
84650,40000
84651,40000
84652,59805
84653,61697
84654,53402
84655,52435
84656,40000
84657,66108
84658,40000
84659,119159
84660,40000
84661,59662
84662,77645
84663,97021
84664,40000
84665,45309
84666,40000
84667,61328
84668,59025
84669,96423
84670,62567
84671,40872
84672,71359
84673,40800
84674,42812
84675,40000
84676,40000
84677,47112
84678,40000
84679,69717
84680,40000
84681,40000
84682,40000
84683,65512
84684,40000
84685,42585
84686,42784
84687,40000
84688,40000
84689,56160
84690,53149
84691,40000
84692,60613
84693,57857
84694,40000
84695,63984
84696,40000
84697,55229
84698,40000
84699,48375
84700,40000
84701,72270
84702,54966
84703,40000
84704,75424
84705,65849
84706,40000
84707,40000
84708,40000
84709,40000
84710,84616
84711,49572
84712,40000
84713,46809
84714,73975
84715,40000
84716,57771
84717,76920
84718,45820
84719,70788
84720,52534
84721,40000
84722,54030
84723,48377
84724,60315
84725,40000
84726,45206
84727,40000
84728,96714
84729,40922
84730,40000
84731,75229
84732,52378
84733,46894
84734,40000
84735,41992
84736,62451
84737,43080
84738,40000
84739,85308
84740,40000
84741,50079
84742,65747
84743,40000
84744,41101
84745,75331
84746,40000
84747,70389
84748,40000
84749,44044
84750,40000
84751,44593
84752,47242
84753,71044
84754,40000
84755,73147
84756,56881
84757,40000
84758,44444
84759,57623
84760,50776
84761,83499
84762,75131
84763,47720
84764,58006
84765,69201
84766,43634
84767,40000
84768,58812
84769,65476
84770,40000
84771,69104
84772,40000
84773,44886
84774,59910
84775,89372
84776,40000
84777,40000
84778,40000
84779,40000
84780,53557
84781,40000
84782,73533
84783,40000
84784,40000
84785,60299
84786,41597
84787,52012
84788,56074
84789,78635
84790,40000
84791,43780
84792,40000
84793,40000
84794,40000
84795,43205
84796,60046
84797,58502
84798,48898
84799,40000
84800,73397
84801,40000
84802,68658
84803,76795
84804,53862
84805,54529
84806,72765
84807,40262
84808,40000
84809,40000
84810,41198
84811,60953
84812,43318
84813,40000
84814,40000
84815,77985
84816,40000
84817,42184
84818,81397
84819,65384
84820,64993
84821,112486
84822,40000
84823,40000
84824,88879
84825,41803
84826,44025
84827,44558
84828,40000
84829,60621
84830,44166
84831,40000
84832,49046
84833,50448
84834,40000
84835,40000
84836,56758
84837,40000
84838,56527
84839,77524
84840,40000
84841,40000
84842,40000
84843,57179
84844,40000
84845,44665
84846,40000
84847,76824
84848,66434
84849,40000
84850,74503
84851,60506
84852,48662
84853,64821
84854,40000
84855,40000
84856,61253
84857,40000
84858,92119
84859,40000
84860,40000
84861,74533
84862,43024
84863,56132
84864,71973
84865,58521
84866,52018
84867,40000
84868,83605
84869,50396
84870,50056
84871,44715
84872,40000
84873,86109
84874,60014
84875,62897
84876,80581
84877,70379
84878,40000
84879,40000
84880,50112
84881,78761
84882,70670
84883,61829
84884,89030
84885,51652
84886,66594
84887,48252
84888,40098
84889,71801
84890,40000
84891,46113
84892,74707
84893,54700
84894,49602
84895,90700
84896,63350
84897,53699
84898,40000
84899,62788
84900,71522
84901,81332
84902,72125
84903,40000
84904,68245
84905,59669
84906,93176
84907,60268
84908,43215
84909,40000
84910,45821
84911,56079
84912,40000
84913,40000
84914,46580
84915,54867
84916,86725
84917,76253
84918,40000
84919,43240
84920,82725
84921,84756
84922,40000
84923,52416
84924,80693
84925,47408
84926,75432
84927,40000
84928,40000
84929,60333
84930,40000
84931,40000
84932,40000
84933,40000
84934,59235
84935,50689
84936,40000
84937,41879
84938,50902
84939,59238
84940,51898
84941,40000
84942,40000
84943,40000
84944,43264
84945,63235
84946,40000
84947,55135
84948,83568
84949,51540
84950,63549
84951,65079
84952,40000
84953,40000
84954,49742
84955,52978
84956,84026
84957,40000
84958,40000
84959,58080
84960,48847
84961,103933
84962,49127
84963,40000
84964,53000
84965,51487
84966,40000
84967,40000
84968,42460
84969,62633
84970,53195
84971,40000
84972,40000
84973,66189
84974,65103
84975,54074
84976,45662
84977,54499
84978,43911
84979,40000
84980,84465
84981,40000
84982,64278
84983,54280
84984,48071
84985,40000
84986,40000
84987,48394
84988,64363
84989,40000
84990,40000
84991,43944
84992,55545
84993,65054
84994,40000
84995,53409
84996,81740
84997,40000
84998,85546
84999,74432
85000,52874
85001,80797
85002,63434
85003,61605
85004,59497
85005,57547
85006,40000
85007,40000
85008,72969
85009,40000
85010,66005
85011,46098
85012,40000
85013,54760
85014,52358
85015,68523
85016,54650
85017,98339
85018,61123
85019,92497
85020,66642
85021,72692
85022,69089
85023,40817
85024,44407
85025,40000
85026,41300
85027,77379
85028,78598
85029,40000
85030,77536
85031,40000
85032,62262
85033,56336
85034,78557
85035,73508
85036,56331
85037,43585
85038,40000
85039,57094
85040,40000
85041,41728
85042,51286
85043,40000
85044,40000
85045,55393
85046,40000
85047,75548
85048,40378
85049,47697
85050,40494
85051,40000
85052,58742
85053,40000
85054,48345
85055,48571
85056,83767
85057,40000
85058,49714
85059,40000
85060,59452
85061,40000
85062,50228
85063,65454
85064,40000
85065,40000
85066,57896
85067,61090
85068,41419
85069,59128
85070,83043
85071,50739
85072,54884
85073,48801
85074,46094
85075,61877
85076,42037
85077,42640
85078,70910
85079,80901
85080,40000
85081,45208
85082,40000
85083,40000
85084,49998
85085,50347
85086,40000
85087,40000
85088,41065
85089,73936
85090,40000
85091,57597
85092,66070
85093,97816
85094,41440
85095,69656
85096,40000
85097,40000
85098,40837
85099,40000
85100,52124
85101,63739
85102,68767
85103,48064
85104,40000
85105,77055
85106,79580
85107,40000
85108,46996
85109,40000
85110,55395
85111,92172
85112,40000
85113,56057
85114,40000
85115,52493
85116,74495
85117,46685
85118,40000
85119,57534
85120,42679
85121,66361
85122,44080
85123,76338
85124,40000
85125,40000
85126,91282
85127,40000
85128,42505
85129,61899
85130,56739
85131,64445
85132,40000
85133,40000
85134,40907
85135,42210
85136,40000
85137,40000
85138,40000
85139,40000
85140,40000
85141,46534
85142,40000
85143,40000
85144,40000
85145,40000
85146,45149
85147,46489
85148,40000
85149,62523
85150,40000
85151,75546
85152,40000
85153,40000
85154,43248
85155,69015
85156,40994
85157,66068
85158,58939
85159,48854
85160,40000
85161,87321
85162,53949
85163,69226
85164,40000
85165,79907
85166,56698
85167,42664
85168,40000
85169,40000
85170,40000
85171,84855
85172,46868
85173,41804
85174,55292
85175,40000
85176,40000
85177,76863
85178,44498
85179,44924
85180,40000
85181,40000
85182,40000
85183,40000
85184,72886
85185,80186
85186,40000
85187,40000
85188,84163
85189,45580
85190,43390
85191,48668
85192,40000
85193,63955
85194,73132
85195,79069
85196,59688
85197,72759
85198,53131
85199,51152
85200,57745
85201,51524
85202,52839
85203,55794
85204,106160
85205,40000
85206,52638
85207,44326
85208,47309
85209,40381
85210,40000
85211,51100
85212,81278
85213,40000
85214,54886
85215,67739
85216,50873
85217,70157
85218,63726
85219,40000
85220,40000
85221,40000
85222,40000
85223,40000
85224,76964
85225,40000
85226,74233
85227,50114
85228,40000
85229,72808
85230,62272
85231,45401
85232,63177
85233,51663
85234,100359
85235,49297
85236,55493
85237,57858
85238,72260
85239,40000
85240,77308
85241,43955
85242,40000
85243,55179
85244,40000
85245,59291
85246,40000
85247,56880
85248,52595
85249,43316
85250,40000
85251,59038
85252,40000
85253,47851
85254,60159
85255,70401
85256,62010
85257,40000
85258,40000
85259,55212
85260,40000
85261,55768
85262,82518
85263,40000
85264,50431
85265,61664
85266,63835
85267,70306
85268,40000
85269,66492
85270,76544
85271,45205
85272,40000
85273,65546
85274,43637
85275,40000
85276,86761
85277,40000
85278,40000
85279,41373
85280,40000
85281,55345
85282,41256
85283,50163
85284,40000
85285,68768
85286,85130
85287,66564
85288,59922
85289,52717
85290,40000
85291,40000
85292,40000
85293,53121
85294,45090
85295,40000
85296,40000
85297,40000
85298,40975
85299,93394
85300,40000
85301,40000
85302,43885
85303,40000
85304,43306
85305,61478
85306,74856
85307,75484
85308,40000
85309,43846
85310,56430
85311,43023
85312,40000
85313,70871
85314,56705
85315,40000
85316,40000
85317,61162
85318,40000
85319,40000
85320,40000
85321,41698
85322,40000
85323,41990
85324,49441
85325,47731
85326,40000
85327,76876
85328,40000
85329,40000
85330,63273
85331,40000
85332,46489
85333,90386
85334,77593
85335,67266
85336,40000
85337,77284
85338,59154
85339,51787
85340,40000
85341,40000
85342,40000
85343,49841
85344,50544
85345,43333
85346,41453
85347,53626
85348,40000
85349,40000
85350,60815
85351,79719
85352,92609
85353,40000
85354,45125
85355,50042
85356,69621
85357,40000
85358,53148
85359,53948
85360,40000
85361,76531
85362,78429
85363,71365
85364,40000
85365,87718
85366,40000
85367,96013
85368,40000
85369,43512
85370,40000
85371,82701
85372,45282
85373,65738
85374,40585
85375,51107
85376,45624
85377,50952
85378,49797
85379,49089
85380,65072
85381,58840
85382,40000
85383,53454
85384,40000
85385,40000
85386,40000
85387,43183
85388,64628
85389,40000
85390,44130
85391,40000
85392,63406
85393,42484
85394,46370
85395,50411
85396,62833
85397,55208
85398,40000
85399,78166
85400,73876
85401,62191
85402,61680
85403,40000
85404,40000
85405,40000
85406,75826
85407,40000
85408,53616
85409,59710
85410,53653
85411,84137
85412,88057
85413,62541
85414,46065
85415,55138
85416,42548
85417,56924
85418,40000
85419,40057
85420,50156
85421,40000
85422,40000
85423,57749
85424,40000
85425,63182
85426,50330
85427,40000
85428,40000
85429,40000
85430,89441
85431,40000
85432,46602
85433,56050
85434,44307
85435,40000
85436,40000
85437,60690
85438,43748
85439,61701
85440,73043
85441,40000
85442,59266
85443,49453
85444,44560
85445,64616
85446,47349
85447,54341
85448,41022
85449,40000
85450,60485
85451,64873
85452,40000
85453,68368
85454,45691
85455,40000
85456,40000
85457,71884
85458,61856
85459,90340
85460,98724
85461,40000
85462,72651
85463,44467
85464,40000
85465,43692
85466,50666
85467,54051
85468,40000
85469,40000
85470,40432
85471,49117
85472,40000
85473,40000
85474,40000
85475,40000
85476,40000
85477,51421
85478,78708
85479,77693
85480,67670
85481,69592
85482,74388
85483,44900
85484,40000
85485,40000
85486,65285
85487,46629
85488,48938
85489,63977
85490,40000
85491,46062
85492,40000
85493,47766
85494,40000
85495,72392
85496,80073
85497,48618
85498,87948
85499,87804
85500,40000
85501,84410
85502,40000
85503,74794
85504,49478
85505,40000
85506,40491
85507,65909
85508,56740
85509,40000
85510,47454
85511,65114
85512,40000
85513,61957
85514,40000
85515,60976
85516,59774
85517,50725
85518,40000
85519,40000
85520,69019
85521,40000
85522,61172
85523,56971
85524,48850
85525,43424
85526,40000
85527,54895
85528,60882
85529,91000
85530,69205
85531,40000
85532,40000
85533,47865
85534,45669
85535,68195
85536,43922
85537,55380
85538,56938
85539,40789
85540,66031
85541,58477
85542,57235
85543,40000
85544,57173
85545,40000
85546,59166
85547,45662
85548,40000
85549,68721
85550,40000
85551,40000
85552,41988
85553,50445
85554,58906
85555,61810
85556,40000
85557,68126
85558,40000
85559,62671
85560,42357
85561,47427
85562,55911
85563,40000
85564,40000
85565,65707
85566,52686
85567,42177
85568,49230
85569,47730
85570,40000
85571,40000
85572,66988
85573,46736
85574,53068
85575,53077
85576,43341
85577,40000
85578,40000
85579,79765
85580,46837
85581,41539
85582,64923
85583,78410
85584,68636
85585,57670
85586,88181
85587,50641
85588,42354
85589,52659
85590,53076
85591,46076
85592,63688
85593,40000
85594,40000
85595,40000
85596,52457
85597,71260
85598,40000
85599,85018
85600,56335
85601,70522
85602,60572
85603,44682
85604,65215
85605,64810
85606,40000
85607,63272
85608,45004
85609,40531
85610,62896
85611,40000
85612,40000
85613,52984
85614,40000
85615,74210
85616,40000
85617,51797
85618,44078
85619,40000
85620,46107
85621,81080
85622,58379
85623,40000
85624,57477
85625,56448
85626,84262
85627,40000
85628,56557
85629,53690
85630,71743
85631,62085
85632,40144
85633,64754
85634,46343
85635,79563
85636,51108
85637,40640
85638,40000
85639,40000
85640,58281
85641,87504
85642,45724
85643,59851
85644,40000
85645,61130
85646,70298
85647,49194
85648,71100
85649,40000
85650,40000
85651,62974
85652,97135
85653,40000
85654,54343
85655,48485
85656,40000
85657,54643
85658,58651
85659,40000
85660,74877
85661,73157
85662,59662
85663,50881
85664,40000
85665,57819
85666,64227
85667,40000
85668,40000
85669,48106
85670,52078
85671,55974
85672,62816
85673,40000
85674,40118
85675,40000
85676,48199
85677,87087
85678,40065
85679,40000
85680,42783
85681,58820
85682,40000
85683,40000
85684,102379
85685,43489
85686,40754
85687,58710
85688,40000
85689,53187
85690,40000
85691,40000
85692,45545
85693,54692
85694,44441
85695,40000
85696,101476
85697,42889
85698,64244
85699,50686
85700,83874
85701,40000
85702,46279
85703,79832
85704,40000
85705,40000
85706,55409
85707,79332
85708,52066
85709,51251
85710,40000
85711,40000
85712,63476
85713,62151
85714,54701
85715,40000
85716,40000
85717,40000
85718,40000
85719,50359
85720,60714
85721,40000
85722,48228
85723,77990
85724,70365
85725,59923
85726,105330
85727,46094
85728,83551
85729,40000
85730,40000
85731,63290
85732,92976
85733,47681
85734,76262
85735,40089
85736,59659
85737,50652
85738,57819
85739,58286
85740,45458
85741,40000
85742,40000
85743,82074
85744,84290
85745,61250
85746,43467
85747,40000
85748,50645
85749,66027
85750,60690
85751,50336
85752,56331
85753,67133
85754,54027
85755,82248
85756,44120
85757,40913
85758,51048
85759,40000
85760,47134
85761,45148
85762,78209
85763,73504
85764,56339
85765,49791
85766,67437
85767,46691
85768,47319
85769,52167
85770,66304
85771,40000
85772,57878
85773,72896
85774,53338
85775,54003
85776,51609
85777,73130
85778,63063
85779,55834
85780,40000
85781,47271
85782,40000
85783,64034
85784,82582
85785,40000
85786,40000
85787,40000
85788,52374
85789,54257
85790,40000
85791,63081
85792,40000
85793,84251
85794,40564
85795,50474
85796,61359
85797,100394
85798,44052
85799,40000
85800,49108
85801,40577
85802,44538
85803,40000
85804,61403
85805,42243
85806,48362
85807,40000
85808,66945
85809,72605
85810,40000
85811,60982
85812,40000
85813,42466
85814,53259
85815,45136
85816,40000
85817,54291
85818,40000
85819,57644
85820,67266
85821,48096
85822,61905
85823,42137
85824,49533
85825,85303
85826,68263
85827,55385
85828,40000
85829,42392
85830,40000
85831,50428
85832,40000
85833,45964
85834,40000
85835,40000
85836,52550
85837,49583
85838,57698
85839,56497
85840,40000
85841,44431
85842,53287
85843,40000
85844,52709
85845,40000
85846,40000
85847,40000
85848,40000
85849,42702
85850,67113
85851,40000
85852,83857
85853,59115
85854,61818
85855,56109
85856,40319
85857,52196
85858,44949
85859,40000
85860,49471
85861,68202
85862,40000
85863,47460
85864,40000
85865,64417
85866,43242
85867,85813
85868,76601
85869,59519
85870,40000
85871,68863
85872,59872
85873,40000
85874,45034
85875,40000
85876,41377
85877,55494
85878,75076
85879,89523
85880,40000
85881,92248
85882,40000
85883,40000
85884,60936
85885,40000
85886,40000
85887,45489
85888,49656
85889,57092
85890,40000
85891,40139
85892,47405
85893,40712
85894,51786
85895,66729
85896,40000
85897,50070
85898,40000
85899,40000
85900,40000
85901,78584
85902,49750
85903,40000
85904,48136
85905,62727
85906,40000
85907,40000
85908,59724
85909,42725
85910,40000
85911,60599
85912,40000
85913,40000
85914,40000
85915,40000
85916,40000
85917,40000
85918,66836
85919,40000
85920,52288
85921,47710
85922,50918
85923,81041
85924,40000
85925,45583
85926,52572
85927,47026
85928,40000
85929,97365
85930,65139
85931,41669
85932,40000
85933,50867
85934,51186
85935,46004
85936,59156
85937,40000
85938,56650
85939,80062
85940,47211
85941,42042
85942,48914
85943,56330
85944,44489
85945,40000
85946,78802
85947,62941
85948,40000
85949,52171
85950,40000
85951,40000
85952,40000
85953,42573
85954,60340
85955,44931
85956,70211
85957,42966
85958,63942
85959,40000
85960,58190
85961,43237
85962,73392
85963,40000
85964,41573
85965,81332
85966,58397
85967,40318
85968,55934
85969,56750
85970,89910
85971,58805
85972,44052
85973,40000
85974,67300
85975,40000
85976,40000
85977,52323
85978,57383
85979,40000
85980,71780
85981,82171
85982,55913
85983,53983
85984,55536
85985,71444
85986,40000
85987,40090
85988,79173
85989,40000
85990,40000
85991,42519
85992,40000
85993,40000
85994,54203
85995,42345
85996,40000
85997,78149
85998,71976
85999,40000
86000,56515
86001,94921
86002,50746
86003,58111
86004,40000
86005,44056
86006,46335
86007,40000
86008,40000
86009,45336
86010,53076
86011,40000
86012,58361
86013,71526
86014,46302
86015,40502
86016,40000
86017,78723
86018,48469
86019,65381
86020,40000
86021,66632
86022,81790
86023,93898
86024,40000
86025,81965
86026,46341
86027,55657
86028,40000
86029,40000
86030,43586
86031,50357
86032,48581
86033,58464
86034,51875
86035,81570
86036,78489
86037,44296
86038,48412
86039,53140
86040,40000
86041,40591
86042,70816
86043,101700
86044,40000
86045,46795
86046,66043
86047,40000
86048,43280
86049,40000
86050,52475
86051,40000
86052,48009
86053,40000
86054,68530
86055,75815
86056,58713
86057,40000
86058,48243
86059,66148
86060,40000
86061,44486
86062,59613
86063,40000
86064,54645
86065,40000
86066,57751
86067,40000
86068,49927
86069,40000
86070,40000
86071,63940
86072,54151
86073,54380
86074,40782
86075,40000
86076,49732
86077,45977
86078,45557
86079,70831
86080,40000
86081,53594
86082,40000
86083,43840
86084,89175
86085,40000
86086,63853
86087,69691
86088,82375
86089,40000
86090,47152
86091,89969
86092,45247
86093,50186
86094,51615
86095,40000
86096,46334
86097,50240
86098,48815
86099,40000
86100,40766
86101,48701
86102,40000
86103,49266
86104,40000
86105,77312
86106,40000
86107,40000
86108,105654
86109,59782
86110,44390
86111,50594
86112,81593
86113,50512
86114,50154
86115,48249
86116,43422
86117,40000
86118,40000
86119,67845
86120,66146
86121,62021
86122,45761
86123,40000
86124,47693
86125,40000
86126,86368
86127,49746
86128,61548
86129,40000
86130,40000
86131,80956
86132,54666
86133,74676
86134,45260
86135,45631
86136,45901
86137,46594
86138,78527
86139,45879
86140,70146
86141,47188
86142,61057
86143,40000
86144,74586
86145,46462
86146,70062
86147,53354
86148,40000
86149,66175
86150,40000
86151,48275
86152,70838
86153,54466
86154,92829
86155,48156
86156,76572
86157,40000
86158,73428
86159,67487
86160,56507
86161,40000
86162,54857
86163,40000
86164,40000
86165,56643
86166,47694
86167,56011
86168,40000
86169,92529
86170,40000
86171,40000
86172,78690
86173,50997
86174,50675
86175,64066
86176,91094
86177,40000
86178,60326
86179,87046
86180,87318
86181,105472
86182,77835
86183,50558
86184,56887
86185,40000
86186,61482
86187,40000
86188,67951
86189,51578
86190,49748
86191,40000
86192,65641
86193,53078
86194,64161
86195,42449
86196,42422
86197,65639
86198,46070
86199,68519
86200,65362
86201,40000
86202,40000
86203,58405
86204,40000
86205,86944
86206,45582
86207,74744
86208,83175
86209,40000
86210,82364
86211,55822
86212,40000
86213,58095
86214,40000
86215,41830
86216,40000
86217,55211
86218,53715
86219,82446
86220,47415
86221,40000
86222,53863
86223,40000
86224,68998
86225,41966
86226,40000
86227,40000
86228,45077
86229,63207
86230,40000
86231,52902
86232,46341
86233,80411
86234,40000
86235,50401
86236,62706
86237,44705
86238,40000
86239,40000
86240,40000
86241,50687
86242,54315
86243,63934
86244,41263
86245,80095
86246,40000
86247,40000
86248,46202
86249,52994
86250,40000
86251,40000
86252,81239
86253,50348
86254,40000
86255,40000
86256,68476
86257,75820
86258,79017
86259,53975
86260,71162
86261,41449
86262,70540
86263,51398
86264,43569
86265,42899
86266,61339
86267,52868
86268,42272
86269,64732
86270,70611
86271,40000
86272,49166
86273,63683
86274,64480
86275,51432
86276,40000
86277,48917
86278,68717
86279,59713
86280,42565
86281,40000
86282,57545
86283,46810
86284,54840
86285,50648
86286,48964
86287,86963
86288,53457
86289,96525
86290,40000
86291,40000
86292,55644
86293,40000
86294,61649
86295,83129
86296,40000
86297,47407
86298,40000
86299,43611
86300,41802
86301,40000
86302,44865
86303,56802
86304,42059
86305,47059
86306,89046
86307,71442
86308,40000
86309,40000
86310,62518
86311,40000
86312,66944
86313,54598
86314,57172
86315,112173
86316,54399
86317,40000
86318,40000
86319,40000
86320,63406
86321,40000
86322,40000
86323,44675
86324,40000
86325,40000
86326,53442
86327,75135
86328,52900
86329,40000
86330,45214
86331,52798
86332,75897
86333,40000
86334,72390
86335,51788
86336,47624
86337,68154
86338,40000
86339,54204
86340,65967
86341,40000
86342,57263
86343,65993
86344,50761
86345,40000
86346,70684
86347,44719
86348,63480
86349,40000
86350,40000
86351,61911
86352,72412
86353,70704
86354,66984
86355,45505
86356,46023
86357,50632
86358,40000
86359,40000
86360,40000
86361,46826
86362,73779
86363,40000
86364,40000
86365,40000
86366,57368
86367,40000
86368,45244
86369,47693
86370,53270
86371,73730
86372,64381
86373,83535
86374,77228
86375,49808
86376,54390
86377,40000
86378,46356
86379,73606
86380,50286
86381,54105
86382,60206
86383,77190
86384,40000
86385,40000
86386,58711
86387,64819
86388,50141
86389,54924
86390,68103
86391,49052
86392,63012
86393,73871
86394,42533
86395,45824
86396,40000
86397,40000
86398,66054
86399,77249
86400,52890
86401,40000
86402,77500
86403,66088
86404,54916
86405,40000
86406,57599
86407,40000
86408,47346
86409,67038
86410,57548
86411,42734
86412,40000
86413,92742
86414,40000
86415,53128
86416,40000
86417,56485
86418,94158
86419,67142
86420,40000
86421,55751
86422,40000
86423,56765
86424,40000
86425,44647
86426,40000
86427,40000
86428,63401
86429,67226
86430,40724
86431,42433
86432,40000
86433,71413
86434,44098
86435,40000
86436,65248
86437,40000
86438,53053
86439,40000
86440,66970
86441,57289
86442,40000
86443,48910
86444,64873
86445,53855
86446,66237
86447,60326
86448,50368
86449,70326
86450,43532
86451,40000
86452,46433
86453,58999
86454,41765
86455,55558
86456,40000
86457,61513
86458,55615
86459,49887
86460,73992
86461,57637
86462,40000
86463,42939
86464,68713
86465,40000
86466,64492
86467,60413
86468,106033
86469,40000
86470,40000
86471,40000
86472,57826
86473,65378
86474,40000
86475,51814
86476,40000
86477,40000
86478,40000
86479,57989
86480,40000
86481,41333
86482,44719
86483,40000
86484,40000
86485,40000
86486,57698
86487,46164
86488,63777
86489,56093
86490,40000
86491,40000
86492,43455
86493,40000
86494,40000
86495,40000
86496,40000
86497,40000
86498,40000
86499,56031
86500,50872
86501,72690
86502,40805
86503,65154
86504,58046
86505,94604
86506,50616
86507,40000
86508,40039
86509,58718
86510,74226
86511,72855
86512,83657
86513,52532
86514,72807
86515,40000
86516,50340
86517,40000
86518,78358
86519,70935
86520,40000
86521,49938
86522,40000
86523,74204
86524,48092
86525,52911
86526,52810
86527,41115
86528,40000
86529,40140
86530,40010
86531,67898
86532,52685
86533,86538
86534,40000
86535,61938
86536,54120
86537,101231
86538,40000
86539,40000
86540,45733
86541,60515
86542,52419
86543,45797
86544,40000
86545,40000
86546,40000
86547,55223
86548,73041
86549,95410
86550,40000
86551,40000
86552,76375
86553,40000
86554,60425
86555,67221
86556,40000
86557,41049
86558,40000
86559,52178
86560,52279
86561,42797
86562,40000
86563,43875
86564,40000
86565,44447
86566,40000
86567,62745
86568,40000
86569,40000
86570,58870
86571,40000
86572,60668
86573,51946
86574,40000
86575,64344
86576,45652
86577,61837
86578,66666
86579,61184
86580,80603
86581,79144
86582,82133
86583,49919
86584,61629
86585,46082
86586,56401
86587,62382
86588,85721
86589,54310
86590,40000
86591,89661
86592,40000
86593,59110
86594,87103
86595,93308
86596,40584
86597,66287
86598,40000
86599,44640
86600,77554
86601,44369
86602,40000
86603,40000
86604,40000
86605,40367
86606,61809
86607,40000
86608,46653
86609,46339
86610,47460
86611,61582
86612,51943
86613,93440
86614,59777
86615,40000
86616,58333
86617,59780
86618,87386
86619,42218
86620,62942
86621,65093
86622,72506
86623,51711
86624,40000
86625,40000
86626,58984
86627,53116
86628,40000
86629,50529
86630,40000
86631,84059
86632,46004
86633,40000
86634,42947
86635,42226
86636,40000
86637,68222
86638,40000
86639,43471
86640,40000
86641,40000
86642,52294
86643,48091
86644,57774
86645,62547
86646,50501
86647,40000
86648,66320
86649,60064
86650,66060
86651,52773
86652,40000
86653,56883
86654,74763
86655,42987
86656,57455
86657,64374
86658,66477
86659,60818
86660,40000
86661,66836
86662,40000
86663,45177
86664,42469
86665,58149
86666,62670
86667,40000
86668,53922
86669,45229
86670,84736
86671,40000
86672,40000
86673,69296
86674,40000
86675,40000
86676,70409
86677,40000
86678,40000
86679,52345
86680,52193
86681,64347
86682,40000
86683,46760
86684,40000
86685,58657
86686,67814
86687,40000
86688,45817
86689,40000
86690,61652
86691,57262
86692,40000
86693,40000
86694,72474
86695,69555
86696,49849
86697,44372
86698,78900
86699,45082
86700,51212
86701,73192
86702,72775
86703,42590
86704,71762
86705,51125
86706,47782
86707,72778
86708,40000
86709,63359
86710,45909
86711,40023
86712,55583
86713,52973
86714,50698
86715,48888
86716,64805
86717,40113
86718,42969
86719,49846
86720,66340
86721,47970
86722,78685
86723,40000
86724,79295
86725,55763
86726,40000
86727,87807
86728,69444
86729,72287
86730,46420
86731,91568
86732,57767
86733,49485
86734,47283
86735,40000
86736,40000
86737,40000
86738,72644
86739,57811
86740,44385
86741,53573
86742,40000
86743,54889
86744,40000
86745,40000
86746,44861
86747,54999
86748,46152
86749,42709
86750,40000
86751,40000
86752,40000
86753,40000
86754,95574
86755,45685
86756,47846
86757,40000
86758,48162
86759,90931
86760,40000
86761,53844
86762,45990
86763,40000
86764,59578
86765,40000
86766,77123
86767,47208
86768,43500
86769,44838
86770,40000
86771,85335
86772,40000
86773,67301
86774,45997
86775,89355
86776,45270
86777,65144
86778,51952
86779,40000
86780,66527
86781,40000
86782,76507
86783,40000
86784,40000
86785,40000
86786,56209
86787,70486
86788,47427
86789,40000
86790,40000
86791,44705
86792,66596
86793,57140
86794,49158
86795,57552
86796,40000
86797,54002
86798,67609
86799,61491
86800,40000
86801,49278
86802,64214
86803,40000
86804,58260
86805,40000
86806,63254
86807,40000
86808,66730
86809,40000
86810,40000
86811,40000
86812,64966
86813,42595
86814,40000
86815,50428
86816,71976
86817,44861
86818,40000
86819,40000
86820,40000
86821,66065
86822,40000
86823,40000
86824,70171
86825,40000
86826,47917
86827,40000
86828,40000
86829,40000
86830,65367
86831,71334
86832,40000
86833,57580
86834,40000
86835,40000
86836,62138
86837,40000
86838,42273
86839,43478
86840,40000
86841,40000
86842,58775
86843,63205
86844,73457
86845,49505
86846,104611
86847,83511
86848,46151
86849,87582
86850,75069
86851,44504
86852,40809
86853,91809
86854,81817
86855,57620
86856,60431
86857,44317
86858,52294
86859,60643
86860,81304
86861,41156
86862,43765
86863,51199
86864,40000
86865,40000
86866,60687
86867,40079
86868,47250
86869,46706
86870,40000
86871,40000
86872,62003
86873,40000
86874,40000
86875,52510
86876,77666
86877,92244
86878,42632
86879,44954
86880,40000
86881,69275
86882,56235
86883,44226
86884,61571
86885,40000
86886,82716
86887,50962
86888,55518
86889,40000
86890,51094
86891,55733
86892,54427
86893,40000
86894,40000
86895,54523
86896,77721
86897,43679
86898,67094
86899,40000
86900,45121
86901,46464
86902,40000
86903,76438
86904,40000
86905,48552
86906,40433
86907,70344
86908,40000
86909,72699
86910,46481
86911,64045
86912,88820
86913,40000
86914,63744
86915,40000
86916,40000
86917,53102
86918,44205
86919,44477
86920,70355
86921,64932
86922,44635
86923,60068
86924,49830
86925,51473
86926,40000
86927,44328
86928,40000
86929,47039
86930,43314
86931,40000
86932,40000
86933,65395
86934,41984
86935,40099
86936,40000
86937,45030
86938,40000
86939,60419
86940,67093
86941,41397
86942,67282
86943,40000
86944,44489
86945,40000
86946,40000
86947,40000
86948,77472
86949,40000
86950,40000
86951,40000
86952,42728
86953,45564
86954,61673
86955,40000
86956,56109
86957,45321
86958,41077
86959,68751
86960,55125
86961,64061
86962,65743
86963,56331
86964,40628
86965,84576
86966,76220
86967,40000
86968,52476
86969,40000
86970,52965
86971,54612
86972,40829
86973,40000
86974,43811
86975,48102
86976,41950
86977,62788
86978,76968
86979,57280
86980,40000
86981,41287
86982,49965
86983,71823
86984,48791
86985,40000
86986,55703
86987,40000
86988,44492
86989,62922
86990,44696
86991,44070
86992,68635
86993,40000
86994,40000
86995,40000
86996,40000
86997,83714
86998,43466
86999,40000
87000,59029
87001,53804
87002,50302
87003,79721
87004,75292
87005,43287
87006,40000
87007,49176
87008,47449
87009,40000
87010,46362
87011,47884
87012,83649
87013,67512
87014,72224
87015,40000
87016,40000
87017,40000
87018,40000
87019,59380
87020,72326
87021,40000
87022,40000
87023,40000
87024,51687
87025,49041
87026,78115
87027,82315
87028,52525
87029,50899
87030,72880
87031,61660
87032,58472
87033,40000
87034,40000
87035,40000
87036,40000
87037,85267
87038,60202
87039,40000
87040,58545
87041,40000
87042,40000
87043,56191
87044,53858
87045,60308
87046,40000
87047,40000
87048,44696
87049,40000
87050,51213
87051,40000
87052,40000
87053,42616
87054,74494
87055,59005
87056,40000
87057,40000
87058,48171
87059,40000
87060,60460
87061,42480
87062,47052
87063,45233
87064,52553
87065,76317
87066,40000
87067,60361
87068,60332
87069,40000
87070,64979
87071,42698
87072,79504
87073,58582
87074,40000
87075,69530
87076,40000
87077,59028
87078,41587
87079,40000
87080,67329
87081,43965
87082,40000
87083,48389
87084,40000
87085,40000
87086,42995
87087,48797
87088,73641
87089,68099
87090,67678
87091,62431
87092,40000
87093,52935
87094,48744
87095,49047
87096,43171
87097,40000
87098,49460
87099,48264
87100,40000
87101,60787
87102,71418
87103,41973
87104,81881
87105,53804
87106,54830
87107,72427
87108,65663
87109,40000
87110,40000
87111,63067
87112,40000
87113,40000
87114,40000
87115,51887
87116,53716
87117,53916
87118,40000
87119,80907
87120,40000
87121,55262
87122,42061
87123,54100
87124,40000
87125,76474
87126,62294
87127,64049
87128,72717
87129,63824
87130,68519
87131,40000
87132,54122
87133,40000
87134,58998
87135,53855
87136,40000
87137,57390
87138,87391
87139,40000
87140,71293
87141,40000
87142,53126
87143,40000
87144,68856
87145,69243
87146,63057
87147,75113
87148,40000
87149,46126
87150,64747
87151,52172
87152,65480
87153,53689
87154,81998
87155,53382
87156,40000
87157,51622
87158,58049
87159,61980
87160,40000
87161,73421
87162,70646
87163,49284
87164,76866
87165,42496
87166,40000
87167,74112
87168,46009
87169,87481
87170,51440
87171,60163
87172,80661
87173,50493
87174,60966
87175,40000
87176,40938
87177,50410
87178,40000
87179,93369
87180,58123
87181,40000
87182,45850
87183,51113
87184,64584
87185,40000
87186,67970
87187,40000
87188,40000
87189,40000
87190,40000
87191,58544
87192,40000
87193,52227
87194,71007
87195,84244
87196,40000
87197,40000
87198,40000
87199,75346
87200,49649
87201,40000
87202,86491
87203,60351
87204,40116
87205,40000
87206,51278
87207,65480
87208,48248
87209,40000
87210,58568
87211,68776
87212,40000
87213,40000
87214,40000
87215,40000
87216,69668
87217,52195
87218,40000
87219,50826
87220,67079
87221,40000
87222,68649
87223,75235
87224,49065
87225,40000
87226,61637
87227,96482
87228,40000
87229,40000
87230,59080
87231,45075
87232,67221
87233,67620
87234,111013
87235,56398
87236,42075
87237,76202
87238,49941
87239,70710
87240,55619
87241,40000
87242,74026
87243,50052
87244,61095
87245,65536
87246,83488
87247,99254
87248,53823
87249,40000
87250,45676
87251,63662
87252,40000
87253,58656
87254,49265
87255,70300
87256,72144
87257,43982
87258,57861
87259,73885
87260,54945
87261,92490
87262,45834
87263,40000
87264,48708
87265,40000
87266,71463
87267,40000
87268,71219
87269,48145
87270,51197
87271,50183
87272,40000
87273,46285
87274,70387
87275,47509
87276,43960
87277,43929
87278,46533
87279,40000
87280,40000
87281,40000
87282,63865
87283,40000
87284,40000
87285,40000
87286,40576
87287,72028
87288,74734
87289,52105
87290,40000
87291,45656
87292,40000
87293,56944
87294,40000
87295,40000
87296,44263
87297,54830
87298,64327
87299,61276
87300,81245
87301,40000
87302,45472
87303,40000
87304,59815
87305,40000
87306,40000
87307,71553
87308,40000
87309,64432
87310,66547
87311,50134
87312,40000
87313,41237
87314,59138
87315,85534
87316,53090
87317,40000
87318,59802
87319,40000
87320,68374
87321,40000
87322,40000
87323,44537
87324,40000
87325,47538
87326,47790
87327,45724
87328,40000
87329,40000
87330,54874
87331,40000
87332,76585
87333,43745
87334,40000
87335,40000
87336,58169
87337,40000
87338,40000
87339,70026
87340,49358
87341,49488
87342,45402
87343,52277
87344,40000
87345,40000
87346,40000
87347,49902
87348,46441
87349,55852
87350,42330
87351,55885
87352,40000
87353,54168
87354,40000
87355,81811
87356,40000
87357,73292
87358,40000
87359,59518
87360,74360
87361,83196
87362,40307
87363,76895
87364,51134
87365,55899
87366,73278
87367,54520
87368,73060
87369,45729
87370,40000
87371,40206
87372,68251
87373,82841
87374,99927
87375,45122
87376,65985
87377,40000
87378,53765
87379,40000
87380,40000
87381,40000
87382,40000
87383,40000
87384,79780
87385,40000
87386,42710
87387,46807
87388,40000
87389,40000
87390,49873
87391,61807
87392,40000
87393,40000
87394,40815
87395,54967
87396,58730
87397,47343
87398,67908
87399,40756
87400,62642
87401,40000
87402,82181
87403,58220
87404,65380
87405,97445
87406,40000
87407,75191
87408,53950
87409,61769
87410,46376
87411,53535
87412,40000
87413,40000
87414,80556
87415,40000
87416,91229
87417,40000
87418,40000
87419,62021
87420,61974
87421,47888
87422,40000
87423,45790
87424,40000
87425,77584
87426,40000
87427,48906
87428,45179
87429,59541
87430,44642
87431,40000
87432,83715
87433,40000
87434,52925
87435,40000
87436,43297
87437,40000
87438,40000
87439,54372
87440,57630
87441,70595
87442,61671
87443,40000
87444,52512
87445,40000
87446,40000
87447,42837
87448,58735
87449,58725
87450,40000
87451,40000
87452,51750
87453,40000
87454,40000
87455,92998
87456,44948
87457,88757
87458,40000
87459,63133
87460,40000
87461,43680
87462,40000
87463,46348
87464,40000
87465,66507
87466,52064
87467,52430
87468,45426
87469,40000
87470,56240
87471,40000
87472,67173
87473,54755
87474,50681
87475,40000
87476,54760
87477,54730
87478,61597
87479,85046
87480,67906
87481,61638
87482,40000
87483,48187
87484,40000
87485,62479
87486,62991
87487,46583
87488,40000
87489,72420
87490,54228
87491,65410
87492,40000
87493,40000
87494,91919
87495,47734
87496,40000
87497,40774
87498,67359
87499,40000
87500,53537
87501,43061
87502,58348
87503,55930
87504,41444
87505,40000
87506,56220
87507,40368
87508,40000
87509,52208
87510,41893
87511,75643
87512,58490
87513,63688
87514,41407
87515,87103
87516,40000
87517,40000
87518,40000
87519,50114
87520,50173
87521,44622
87522,41622
87523,40000
87524,56076
87525,58012
87526,63579
87527,59770
87528,50430
87529,48357
87530,40000
87531,40000
87532,40000
87533,74800
87534,78592
87535,64785
87536,40000
87537,78658
87538,40000
87539,40000
87540,67082
87541,62307
87542,49190
87543,80663
87544,56116
87545,71787
87546,53334
87547,68159
87548,45744
87549,40000
87550,40000
87551,65906
87552,50718
87553,59186
87554,40000
87555,58186
87556,84680
87557,40000
87558,40000
87559,40000
87560,61428
87561,65185
87562,40000
87563,40000
87564,40000
87565,48663
87566,40000
87567,46812
87568,66428
87569,64034
87570,58323
87571,47409
87572,52496
87573,40000
87574,40179
87575,55389
87576,54924
87577,74908
87578,40000
87579,43254
87580,53950
87581,46679
87582,61109
87583,60230
87584,40000
87585,47975
87586,44529
87587,59775
87588,69880
87589,50647
87590,48224
87591,59817
87592,40000
87593,80862
87594,65317
87595,40000
87596,55809
87597,45061
87598,40000
87599,62234
87600,69706
87601,40000
87602,40000
87603,55482
87604,46681
87605,67948
87606,48335
87607,80074
87608,79787
87609,42128
87610,70498
87611,40000
87612,43448
87613,40000
87614,75872
87615,40000
87616,72930
87617,42932
87618,40000
87619,53920
87620,40000
87621,45663
87622,55805
87623,40000
87624,40000
87625,40000
87626,40000
87627,75290
87628,69628
87629,43684
87630,75388
87631,40000
87632,65348
87633,42537
87634,72015
87635,82773
87636,40000
87637,40000
87638,40000
87639,64016
87640,40000
87641,55310
87642,40000
87643,40000
87644,67860
87645,56549
87646,67290
87647,51269
87648,40903
87649,40000
87650,40000
87651,40000
87652,53324
87653,48345
87654,40000
87655,70148
87656,45303
87657,40000
87658,64659
87659,64437
87660,64575
87661,40000
87662,57981
87663,42885
87664,40000
87665,75907
87666,40000
87667,73641
87668,60384
87669,43675
87670,48826
87671,50672
87672,40000
87673,84081
87674,44427
87675,51585
87676,62957
87677,67496
87678,40049
87679,52310
87680,51618
87681,64732
87682,57943
87683,48930
87684,40000
87685,40000
87686,40000
87687,104929
87688,72601
87689,59684
87690,65654
87691,43599
87692,66129
87693,40000
87694,63717
87695,40000
87696,64832
87697,84307
87698,58064
87699,47765
87700,41681
87701,52651
87702,77596
87703,49986
87704,40000
87705,40000
87706,44739
87707,40000
87708,40000
87709,40000
87710,52190
87711,73147
87712,40000
87713,55288
87714,40000
87715,44724
87716,45764
87717,60059
87718,40000
87719,40000
87720,78054
87721,67817
87722,43412
87723,40000
87724,81204
87725,43745
87726,40000
87727,40000
87728,72872
87729,40000
87730,79961
87731,40000
87732,46248
87733,45521
87734,79183
87735,50723
87736,46836
87737,43902
87738,80766
87739,61532
87740,40000
87741,65328
87742,88015
87743,45107
87744,49556
87745,50335
87746,65707
87747,40000
87748,40000
87749,76362
87750,40000
87751,55495
87752,44555
87753,41195
87754,40000
87755,58191
87756,40000
87757,44489
87758,40000
87759,63795
87760,62958
87761,69338
87762,88368
87763,79197
87764,46872
87765,61690
87766,40000
87767,57822
87768,99502
87769,76979
87770,40000
87771,46317
87772,40000
87773,45790
87774,48479
87775,78108
87776,48206
87777,67242
87778,74479
87779,57145
87780,40000
87781,54442
87782,50576
87783,61557
87784,40000
87785,61895
87786,40000
87787,80356
87788,68521
87789,69721
87790,41251
87791,65770
87792,97286
87793,59338
87794,46093
87795,40000
87796,40986
87797,40000
87798,70443
87799,53099
87800,57207
87801,40000
87802,44794
87803,51044
87804,64323
87805,40098
87806,73596
87807,40000
87808,40000
87809,40000
87810,85796
87811,63560
87812,40000
87813,63407
87814,40000
87815,71095
87816,40000
87817,40000
87818,42653
87819,68727
87820,40000
87821,71611
87822,45971
87823,57715
87824,62751
87825,57257
87826,44265
87827,49398
87828,62138
87829,40000
87830,54134
87831,40000
87832,51784
87833,40000
87834,40000
87835,82354
87836,51283
87837,40000
87838,51615
87839,55029
87840,40000
87841,47648
87842,79448
87843,77063
87844,40000
87845,48477
87846,78660
87847,40000
87848,72855
87849,72324
87850,40000
87851,40000
87852,56372
87853,40000
87854,40000
87855,40000
87856,40000
87857,58674
87858,47248
87859,54611
87860,40000
87861,40000
87862,54669
87863,53518
87864,42952
87865,40093
87866,58253
87867,55702
87868,40000
87869,75199
87870,40648
87871,49873
87872,61867
87873,40000
87874,58613
87875,40000
87876,55739
87877,53108
87878,40000
87879,40000
87880,40000
87881,42916
87882,98141
87883,66066
87884,40000
87885,57135
87886,45667
87887,52226
87888,86844
87889,80790
87890,55103
87891,71541
87892,72403
87893,62141
87894,47653
87895,49638
87896,62431
87897,57195
87898,69842
87899,59398
87900,52182
87901,61274
87902,43374
87903,40000
87904,40000
87905,40374
87906,46314
87907,50073
87908,45987
87909,67956
87910,60993
87911,40000
87912,66848
87913,51454
87914,41393
87915,40000
87916,40000
87917,40000
87918,40000
87919,40580
87920,41219
87921,40000
87922,60674
87923,89953
87924,40000
87925,49446
87926,77961
87927,65711
87928,41090
87929,40000
87930,40000
87931,46361
87932,42289
87933,67884
87934,40000
87935,71116
87936,44348
87937,44319
87938,40000
87939,40000
87940,60001
87941,40000
87942,40000
87943,63877
87944,53125
87945,40000
87946,76791
87947,40000
87948,47925
87949,40000
87950,40000
87951,40000
87952,40000
87953,57722
87954,40258
87955,76808
87956,40000
87957,40000
87958,40000
87959,60580
87960,58514
87961,40000
87962,44919
87963,44683
87964,40000
87965,110591
87966,40000
87967,40000
87968,47752
87969,40000
87970,90399
87971,58450
87972,72379
87973,46601
87974,60286
87975,74943
87976,48020
87977,50123
87978,71809
87979,50130
87980,42381
87981,58635
87982,43820
87983,100559
87984,40000
87985,52333
87986,40000
87987,50507
87988,55628
87989,46370
87990,60534
87991,40000
87992,70231
87993,40000
87994,62077
87995,60580
87996,65990
87997,42532
87998,61137
87999,40000
88000,49943
88001,68116
88002,45685
88003,52843
88004,45342
88005,71499
88006,53303
88007,46964
88008,44938
88009,54659
88010,64145
88011,40000
88012,49582
88013,78137
88014,45297
88015,47801
88016,40000
88017,40000
88018,55293
88019,57735
88020,40000
88021,57425
88022,60954
88023,65459
88024,55772
88025,47798
88026,59711
88027,61940
88028,56460
88029,80971
88030,40000
88031,40000
88032,61495
88033,55068
88034,44732
88035,58668
88036,54097
88037,43763
88038,75401
88039,40000
88040,74793
88041,79721
88042,41040
88043,40000
88044,57991
88045,51345
88046,40000
88047,59646
88048,61612
88049,59043
88050,96738
88051,60982
88052,60082
88053,40000
88054,44258
88055,76222
88056,58824
88057,52377
88058,40000
88059,40000
88060,72202
88061,40513
88062,40000
88063,46346
88064,40000
88065,68909
88066,40000
88067,48664
88068,57234
88069,40000
88070,42670
88071,42725
88072,73548
88073,42959
88074,45618
88075,54295
88076,62042
88077,45703
88078,47079
88079,40000
88080,82758
88081,40000
88082,70893
88083,41874
88084,78823
88085,53146
88086,49953
88087,40000
88088,43797
88089,59990
88090,40000
88091,42822
88092,49150
88093,40000
88094,58485
88095,50227
88096,53411
88097,50430
88098,46931
88099,60533
88100,40000
88101,40000
88102,46563
88103,81862
88104,40000
88105,69379
88106,43180
88107,67458
88108,40000
88109,40000
88110,40000
88111,56562
88112,44385
88113,40000
88114,40000
88115,51175
88116,69054
88117,46094
88118,83173
88119,45462
88120,47145
88121,41793
88122,57733
88123,40000
88124,40000
88125,43097
88126,68711
88127,84840
88128,60131
88129,40000
88130,40000
88131,85637
88132,77525
88133,71058
88134,58742
88135,40000
88136,61112
88137,48391
88138,50162
88139,60494
88140,40000
88141,51287
88142,40000
88143,40000
88144,40000
88145,40641
88146,42388
88147,58124
88148,49661
88149,45525
88150,40000
88151,62078
88152,68595
88153,40000
88154,92382
88155,83605
88156,40000
88157,83529
88158,43048
88159,56466
88160,40000
88161,77624
88162,73535
88163,46189
88164,61184
88165,40000
88166,42104
88167,40000
88168,40000
88169,53529
88170,40000
88171,40000
88172,73121
88173,62056
88174,40000
88175,40000
88176,46532
88177,47714
88178,48892
88179,69881
88180,54853
88181,60872
88182,40000
88183,40000
88184,66167
88185,74680
88186,40000
88187,40000
88188,40000
88189,51194
88190,54848
88191,49564
88192,40000
88193,44807
88194,71534
88195,64667
88196,51840
88197,57174
88198,40000
88199,65359
88200,40000
88201,53033
88202,60791
88203,49482
88204,85844
88205,54788
88206,68216
88207,68020
88208,43909
88209,41612
88210,56099
88211,60120
88212,40000
88213,60462
88214,40000
88215,40000
88216,55862
88217,66152
88218,40000
88219,56354
88220,40000
88221,73864
88222,64798
88223,40000
88224,55223
88225,42907
88226,40000
88227,40000
88228,50776
88229,51468
88230,48729
88231,40000
88232,40000
88233,40000
88234,42479
88235,65382
88236,45356
88237,46813
88238,44334
88239,40000
88240,44582
88241,40000
88242,80186
88243,71558
88244,40000
88245,40000
88246,40000
88247,58365
88248,70297
88249,50629
88250,53013
88251,40000
88252,40000
88253,40081
88254,50857
88255,65795
88256,40000
88257,59952
88258,57236
88259,40000
88260,45760
88261,98882
88262,40000
88263,44705
88264,40000
88265,60449
88266,55109
88267,40000
88268,52779
88269,53523
88270,47839
88271,40000
88272,80244
88273,40000
88274,66006
88275,47713
88276,44863
88277,40000
88278,74018
88279,40000
88280,51767
88281,40000
88282,48255
88283,40000
88284,65067
88285,52837
88286,44587
88287,76687
88288,72371
88289,60083
88290,59430
88291,101626
88292,54095
88293,65548
88294,54066
88295,59228
88296,40000
88297,78632
88298,54552
88299,80632
88300,65250
88301,47084
88302,59682
88303,40000
88304,54679
88305,40000
88306,46432
88307,87385
88308,40000
88309,63968
88310,53289
88311,43846
88312,62035
88313,46565
88314,67538
88315,49758
88316,62790
88317,43873
88318,77830
88319,69281
88320,40000
88321,75418
88322,46893
88323,41488
88324,40000
88325,40000
88326,73374
88327,61730
88328,40000
88329,40000
88330,40000
88331,43822
88332,71717
88333,42922
88334,66933
88335,40000
88336,65160
88337,40000
88338,40000
88339,66912
88340,93555
88341,40382
88342,43620
88343,40000
88344,66092
88345,44025
88346,46690
88347,48363
88348,40000
88349,60509
88350,61322
88351,67569
88352,40000
88353,49997
88354,63180
88355,44701
88356,42613
88357,40000
88358,63202
88359,55954
88360,40000
88361,40000
88362,40000
88363,54136
88364,48852
88365,40000
88366,53256
88367,40000
88368,40000
88369,46715
88370,50148
88371,41521
88372,43775
88373,40000
88374,62377
88375,40000
88376,68331
88377,58946
88378,40000
88379,40000
88380,40000
88381,40000
88382,40000
88383,40000
88384,40000
88385,61724
88386,40000
88387,56463
88388,68754
88389,76302
88390,96333
88391,40000
88392,73444
88393,66413
88394,40000
88395,51744
88396,62808
88397,72418
88398,43784
88399,40000
88400,56022
88401,87467
88402,43980
88403,42013
88404,40000
88405,40000
88406,40000
88407,41811
88408,42714
88409,47074
88410,96249
88411,40000
88412,48869
88413,61289
88414,40000
88415,74180
88416,54685
88417,66870
88418,57726
88419,40000
88420,44175
88421,61256
88422,67886
88423,66724
88424,48726
88425,49057
88426,40000
88427,92078
88428,40548
88429,40000
88430,70219
88431,63996
88432,60960
88433,40000
88434,63894
88435,40000
88436,49603
88437,55580
88438,80330
88439,51419
88440,54269
88441,43770
88442,47451
88443,40000
88444,48730
88445,40000
88446,40000
88447,40000
88448,40000
88449,54937
88450,40000
88451,40000
88452,51066
88453,40000
88454,58765
88455,65901
88456,96019
88457,40000
88458,47234
88459,85442
88460,52888
88461,52050
88462,40000
88463,40000
88464,40000
88465,40000
88466,67646
88467,61183
88468,40000
88469,79476
88470,89498
88471,52811
88472,64744
88473,55214
88474,57509
88475,40000
88476,86831
88477,57571
88478,71361
88479,73086
88480,40000
88481,40000
88482,55741
88483,40000
88484,82427
88485,74881
88486,61893
88487,40000
88488,83866
88489,40000
88490,44650
88491,79982
88492,49320
88493,40000
88494,83192
88495,44248
88496,63437
88497,53049
88498,58613
88499,40000
88500,50833
88501,60255
88502,65819
88503,61291
88504,66447
88505,47511
88506,40000
88507,53572
88508,69939
88509,40000
88510,67697
88511,54125
88512,40000
88513,40000
88514,50625
88515,40000
88516,48501
88517,43736
88518,53476
88519,40000
88520,93859
88521,60481
88522,51377
88523,74355
88524,53341
88525,71994
88526,72097
88527,40000
88528,52298
88529,55722
88530,40000
88531,40000
88532,40000
88533,67564
88534,46900
88535,57306
88536,40000
88537,65961
88538,53647
88539,46947
88540,42797
88541,40000
88542,64450
88543,40000
88544,84808
88545,51499
88546,74105
88547,68440
88548,54011
88549,60924
88550,42208
88551,40000
88552,46909
88553,72436
88554,41903
88555,40000
88556,60758
88557,44516
88558,48874
88559,40000
88560,45816
88561,88287
88562,44441
88563,56118
88564,63436
88565,49809
88566,40000
88567,76938
88568,55480
88569,40557
88570,46244
88571,61568
88572,68021
88573,51940
88574,57979
88575,58652
88576,69248
88577,42485
88578,43659
88579,40000
88580,40940
88581,40000
88582,40000
88583,40000
88584,66913
88585,40000
88586,44929
88587,46738
88588,70798
88589,63281
88590,57076
88591,50534
88592,47141
88593,69731
88594,40000
88595,58940
88596,44165
88597,40000
88598,46997
88599,62472
88600,64507
88601,74461
88602,43073
88603,63167
88604,40000
88605,59806
88606,40000
88607,66277
88608,40000
88609,40000
88610,40000
88611,43332
88612,40000
88613,40000
88614,56938
88615,54777
88616,48648
88617,42262
88618,86608
88619,59950
88620,41102
88621,60845
88622,47728
88623,40000
88624,40000
88625,52310
88626,40000
88627,62176
88628,40000
88629,60818
88630,70318
88631,46430
88632,40000
88633,40000
88634,40000
88635,40000
88636,47067
88637,65475
88638,40000
88639,40000
88640,45045
88641,84175
88642,42244
88643,40000
88644,48734
88645,40000
88646,40000
88647,47900
88648,42413
88649,41800
88650,40000
88651,46737
88652,55932
88653,49940
88654,42812
88655,48331
88656,72385
88657,40000
88658,76161
88659,83970
88660,40000
88661,45953
88662,40000
88663,53010
88664,40000
88665,40000
88666,52293
88667,44600
88668,58178
88669,40000
88670,40000
88671,40000
88672,40000
88673,44395
88674,40000
88675,40000
88676,50791
88677,55285
88678,46423
88679,59851
88680,40000
88681,40000
88682,62345
88683,40000
88684,55140
88685,69792
88686,46031
88687,40000
88688,55762
88689,48835
88690,46450
88691,41996
88692,45333
88693,57925
88694,40000
88695,63307
88696,40000
88697,40000
88698,46666
88699,40000
88700,50096
88701,40000
88702,40000
88703,40000
88704,40000
88705,52713
88706,64295
88707,40000
88708,43529
88709,66972
88710,82540
88711,40000
88712,40000
88713,40000
88714,40000
88715,92078
88716,51092
88717,46541
88718,55688
88719,40000
88720,40000
88721,40000
88722,56299
88723,48879
88724,57536
88725,52697
88726,46311
88727,58661
88728,41720
88729,46718
88730,40000
88731,40000
88732,40000
88733,63061
88734,40000
88735,56909
88736,42729
88737,55958
88738,67376
88739,56988
88740,40000
88741,40000
88742,40000
88743,40000
88744,58628
88745,47486
88746,81006
88747,77086
88748,40000
88749,71311
88750,40000
88751,60670
88752,40000
88753,87619
88754,73413
88755,40000
88756,44140
88757,66576
88758,40000
88759,40000
88760,44393
88761,40000
88762,60150
88763,40000
88764,62130
88765,40000
88766,80437
88767,69087
88768,63259
88769,46289
88770,40000
88771,64325
88772,40000
88773,98969
88774,50687
88775,42620
88776,46507
88777,59317
88778,40000
88779,61358
88780,40000
88781,65397
88782,53938
88783,105234
88784,40000
88785,62076
88786,71365
88787,46622
88788,40000
88789,41111
88790,55022
88791,43581
88792,40000
88793,40000
88794,48686
88795,40000
88796,40000
88797,52814
88798,43649
88799,40000
88800,42585
88801,40000
88802,40000
88803,73382
88804,85245
88805,67619
88806,56404
88807,55041
88808,60128
88809,75956
88810,53397
88811,72136
88812,47011
88813,45545
88814,40000
88815,77725
88816,40000
88817,65864
88818,47163
88819,40000
88820,45610
88821,67179
88822,46897
88823,40663
88824,53701
88825,64077
88826,71769
88827,40000
88828,40000
88829,53176
88830,58314
88831,40000
88832,40000
88833,66974
88834,40000
88835,49033
88836,45673
88837,40000
88838,40000
88839,61984
88840,49867
88841,40000
88842,40000
88843,64216
88844,54866
88845,58741
88846,40000
88847,64399
88848,64283
88849,53865
88850,74402
88851,41737
88852,40000
88853,50382
88854,51673
88855,83433
88856,43619
88857,88356
88858,40000
88859,56021
88860,40000
88861,40000
88862,62876
88863,40000
88864,66955
88865,76156
88866,47424
88867,52232
88868,79662
88869,65329
88870,53886
88871,42492
88872,69061
88873,48477
88874,49155
88875,55280
88876,40000
88877,40000
88878,68867
88879,40000
88880,72336
88881,40000
88882,42098
88883,49376
88884,89926
88885,40000
88886,41560
88887,45194
88888,40000
88889,40000
88890,75936
88891,83337
88892,40000
88893,40000
88894,40000
88895,47190
88896,40000
88897,40000
88898,40000
88899,65952
88900,64283
88901,48888
88902,71195
88903,62638
88904,71504
88905,45543
88906,76177
88907,61332
88908,40000
88909,47709
88910,58745
88911,66468
88912,40000
88913,40000
88914,62256
88915,40000
88916,90621
88917,65567
88918,71343
88919,40000
88920,47612
88921,44147
88922,52094
88923,40000
88924,40000
88925,40000
88926,79218
88927,40000
88928,42161
88929,71605
88930,40000
88931,59677
88932,66162
88933,53735
88934,55264
88935,55598
88936,76884
88937,47606
88938,58097
88939,53883
88940,48795
88941,58627
88942,54508
88943,49247
88944,40000
88945,51369
88946,48775
88947,40000
88948,40000
88949,49824
88950,40000
88951,42988
88952,77382
88953,43954
88954,40000
88955,44572
88956,49856
88957,86192
88958,68392
88959,40000
88960,43713
88961,60103
88962,67453
88963,48138
88964,55347
88965,45594
88966,89348
88967,40000
88968,40000
88969,56778
88970,67644
88971,50839
88972,40000
88973,55462
88974,40000
88975,88305
88976,46524
88977,46519
88978,55645
88979,40450
88980,40000
88981,62137
88982,40000
88983,55468
88984,52574
88985,46316
88986,40000
88987,55482
88988,42257
88989,45923
88990,40794
88991,62547
88992,40000
88993,40000
88994,70199
88995,76217
88996,41127
88997,45419
88998,40000
88999,61645
89000,40000
89001,40000
89002,43058
89003,85579
89004,68161
89005,40000
89006,43612
89007,40000
89008,50514
89009,57404
89010,40000
89011,79544
89012,41727
89013,64137
89014,40000
89015,41281
89016,69777
89017,75599
89018,40000
89019,40000
89020,51072
89021,59656
89022,76612
89023,40000
89024,40000
89025,74532
89026,52492
89027,74990
89028,46698
89029,40000
89030,40000
89031,40786
89032,40000
89033,40000
89034,40000
89035,40000
89036,49712
89037,52075
89038,50185
89039,40000
89040,47999
89041,62368
89042,76939
89043,51706
89044,41397
89045,40000
89046,52502
89047,50314
89048,60750
89049,47349
89050,40000
89051,68150
89052,73097
89053,40000
89054,46157
89055,40000
89056,56840
89057,40000
89058,41298
89059,56535
89060,65477
89061,66430
89062,70054
89063,53125
89064,94510
89065,63383
89066,77085
89067,83372
89068,47377
89069,40000
89070,40000
89071,47268
89072,40000
89073,46169
89074,63171
89075,40000
89076,40000
89077,40000
89078,71761
89079,48287
89080,61361
89081,40000
89082,40000
89083,74894
89084,87224
89085,69765
89086,40000
89087,86454
89088,40000
89089,40000
89090,47091
89091,40000
89092,40000
89093,40959
89094,69086
89095,48618
89096,46471
89097,49030
89098,48431
89099,79232
89100,86328
89101,51251
89102,48664
89103,72389
89104,92194
89105,61681
89106,60587
89107,45575
89108,40000
89109,46727
89110,73235
89111,40000
89112,40942
89113,77989
89114,61592
89115,47731
89116,40000
89117,77328
89118,48778
89119,43007
89120,40000
89121,42025
89122,58306
89123,40000
89124,50447
89125,40000
89126,56004
89127,57910
89128,71864
89129,88247
89130,64982
89131,40000
89132,40000
89133,40696
89134,54484
89135,59733
89136,44035
89137,52553
89138,57317
89139,52306
89140,48390
89141,40000
89142,53354
89143,50822
89144,54572
89145,40000
89146,40000
89147,40000
89148,40000
89149,47254
89150,40000
89151,58676
89152,61343
89153,43695
89154,86638
89155,40000
89156,40000
89157,48971
89158,40000
89159,58119
89160,44443
89161,40000
89162,60695
89163,76932
89164,47536
89165,86236
89166,40000
89167,40000
89168,53095
89169,91504
89170,40000
89171,40000
89172,40000
89173,45850
89174,51361
89175,71838
89176,50669
89177,70684
89178,40000
89179,71173
89180,54423
89181,68043
89182,40000
89183,72371
89184,40000
89185,64180
89186,40000
89187,67271
89188,67047
89189,69731
89190,40000
89191,40000
89192,59049
89193,40000
89194,40000
89195,43514
89196,96105
89197,75684
89198,52331
89199,49386
89200,70614
89201,40000
89202,40000
89203,40000
89204,58823
89205,40000
89206,50724
89207,40000
89208,44977
89209,61897
89210,54588
89211,62000
89212,40000
89213,47852
89214,40000
89215,46073
89216,40000
89217,40000
89218,40000
89219,74950
89220,48886
89221,40000
89222,56236
89223,50993
89224,40000
89225,40791
89226,76674
89227,82703
89228,52626
89229,46332
89230,40000
89231,40000
89232,40000
89233,67734
89234,50007
89235,58010
89236,51777
89237,48209
89238,40000
89239,55906
89240,56730
89241,78724
89242,40000
89243,54961
89244,54161
89245,87137
89246,52730
89247,58099
89248,50872
89249,50082
89250,40000
89251,54066
89252,84120
89253,40000
89254,41454
89255,64597
89256,40000
89257,44095
89258,40000
89259,96190
89260,68370
89261,54310
89262,56942
89263,40000
89264,43234
89265,75450
89266,47003
89267,40000
89268,44993
89269,47486
89270,40000
89271,45006
89272,71006
89273,102512
89274,40000
89275,92317
89276,40437
89277,63434
89278,102927
89279,77790
89280,43990
89281,40000
89282,40000
89283,40255
89284,56043
89285,47860
89286,69325
89287,60128
89288,52637
89289,52744
89290,62710
89291,40000
89292,69818
89293,40000
89294,49489
89295,78570
89296,44558
89297,40480
89298,54745
89299,40000
89300,40000
89301,40000
89302,88374
89303,40000
89304,58664
89305,45121
89306,44082
89307,70317
89308,58001
89309,45800
89310,40000
89311,54174
89312,43561
89313,55213
89314,40000
89315,61970
89316,50908
89317,40000
89318,48549
89319,50989
89320,40000
89321,40000
89322,50387
89323,45008
89324,74229
89325,67979
89326,41460
89327,54289
89328,40000
89329,64002
89330,40000
89331,40000
89332,53122
89333,40000
89334,45872
89335,73012
89336,40000
89337,40000
89338,90882
89339,41582
89340,40000
89341,63020
89342,79565
89343,96977
89344,40000
89345,40000
89346,45781
89347,40000
89348,58168
89349,62289
89350,68857
89351,66151
89352,85909
89353,40000
89354,62703
89355,79000
89356,59504
89357,40518
89358,40000
89359,56060
89360,55449
89361,40000
89362,40000
89363,84584
89364,60969
89365,40000
89366,42765
89367,56086
89368,60657
89369,40000
89370,70650
89371,40000
89372,52833
89373,40000
89374,40000
89375,74322
89376,40000
89377,50747
89378,40000
89379,67084
89380,51313
89381,71064
89382,40840
89383,40000
89384,53810
89385,40000
89386,48226
89387,44910
89388,68651
89389,87029
89390,58074
89391,40000
89392,40000
89393,58328
89394,49727
89395,45159
89396,61436
89397,59508
89398,49305
89399,40000
89400,40000
89401,58211
89402,61272
89403,63447
89404,40000
89405,91429
89406,68003
89407,40000
89408,40129
89409,40000
89410,40000
89411,61955
89412,69310
89413,47364
89414,88155
89415,55627
89416,40000
89417,45787
89418,40000
89419,48780
89420,44715
89421,61071
89422,67839
89423,86896
89424,63932
89425,60385
89426,52082
89427,40000
89428,40000
89429,40000
89430,40000
89431,40000
89432,40000
89433,55871
89434,42774
89435,40000
89436,63544
89437,41914
89438,54353
89439,40000
89440,48734
89441,40000
89442,40000
89443,58713
89444,48816
89445,41764
89446,62101
89447,40000
89448,41561
89449,44205
89450,40000
89451,59315
89452,51202
89453,53056
89454,70363
89455,40000
89456,60418
89457,41012
89458,55764
89459,56439
89460,54077
89461,52482
89462,54241
89463,55803
89464,62928
89465,45635
89466,40000
89467,72856
89468,59974
89469,71562
89470,77283
89471,45064
89472,65278
89473,53984
89474,40000
89475,50455
89476,40000
89477,86857
89478,40000
89479,47968
89480,71409
89481,58999
89482,54647
89483,45270
89484,58048
89485,54807
89486,40000
89487,40000
89488,57091
89489,60338
89490,45539
89491,40000
89492,76003
89493,40000
89494,48988
89495,53168
89496,92124
89497,40202
89498,57238
89499,40000
89500,40000
89501,40000
89502,40000
89503,83867
89504,51180
89505,44435
89506,56271
89507,40000
89508,40000
89509,42312
89510,62374
89511,51757
89512,40000
89513,41218
89514,46967
89515,49996
89516,63346
89517,41785
89518,82035
89519,89753
89520,63508
89521,54277
89522,63215
89523,49580
89524,47293
89525,40000
89526,46550
89527,49241
89528,55737
89529,41531
89530,51814
89531,40000
89532,45089
89533,43741
89534,49471
89535,46134
89536,73511
89537,40000
89538,42961
89539,40000
89540,40000
89541,58925
89542,40000
89543,54336
89544,62374
89545,58164
89546,41729
89547,70480
89548,40000
89549,66394
89550,40000
89551,40000
89552,49604
89553,40000
89554,64533
89555,47000
89556,51565
89557,40000
89558,43641
89559,40000
89560,41496
89561,50246
89562,42334
89563,54170
89564,58837
89565,55383
89566,49570
89567,61968
89568,40584
89569,64681
89570,60810
89571,73946
89572,61651
89573,89684
89574,40000
89575,76362
89576,52024
89577,40000
89578,91983
89579,55184
89580,40033
89581,40000
89582,40000
89583,40788
89584,40000
89585,40000
89586,57731
89587,52410
89588,60229
89589,40000
89590,67868
89591,91490
89592,60163
89593,40000
89594,60857
89595,49740
89596,48224
89597,57052
89598,40000
89599,53491
89600,64542
89601,42722
89602,54063
89603,47077
89604,44664
89605,57167
89606,81105
89607,49054
89608,40000
89609,65939
89610,54999
89611,59934
89612,53840
89613,53494
89614,40000
89615,42801
89616,40000
89617,69150
89618,40000
89619,42525
89620,40000
89621,40000
89622,51722
89623,40000
89624,53836
89625,40000
89626,43803
89627,49767
89628,79136
89629,62976
89630,58460
89631,40000
89632,48142
89633,45928
89634,46848
89635,72822
89636,44122
89637,40000
89638,74318
89639,40000
89640,46496
89641,56320
89642,87378
89643,46481
89644,40000
89645,71996
89646,49531
89647,55645
89648,62005
89649,51483
89650,61017
89651,40000
89652,63197
89653,49133
89654,40000
89655,43864
89656,84300
89657,40000
89658,79614
89659,80362
89660,71207
89661,72647
89662,40000
89663,40000
89664,59064
89665,40000
89666,40000
89667,69106
89668,42419
89669,40000
89670,40000
89671,73318
89672,40000
89673,40000
89674,40000
89675,51807
89676,54369
89677,40000
89678,47383
89679,43817
89680,40000
89681,59276
89682,40000
89683,50482
89684,53039
89685,48083
89686,40000
89687,53513
89688,50577
89689,81439
89690,62574
89691,63178
89692,55921
89693,64627
89694,40000
89695,40000
89696,69074
89697,40000
89698,42105
89699,40000
89700,40000
89701,53772
89702,40090
89703,40000
89704,40000
89705,53635
89706,58106
89707,40000
89708,52452
89709,61573
89710,41075
89711,45866
89712,40000
89713,40000
89714,73383
89715,63907
89716,56439
89717,55101
89718,40000
89719,70853
89720,53647
89721,97804
89722,42652
89723,60523
89724,40000
89725,47669
89726,49818
89727,40000
89728,40000
89729,40491
89730,40000
89731,40000
89732,40000
89733,63653
89734,40000
89735,53119
89736,50444
89737,40000
89738,40000
89739,40000
89740,90872
89741,54085
89742,40000
89743,63251
89744,53348
89745,47661
89746,40000
89747,40000
89748,40000
89749,40000
89750,40000
89751,46643
89752,50204
89753,59733
89754,61242
89755,61402
89756,40000
89757,40000
89758,53966
89759,58734
89760,80183
89761,80815
89762,40000
89763,92779
89764,40000
89765,40000
89766,40000
89767,63113
89768,62119
89769,85656
89770,65530
89771,40000
89772,40000
89773,54983
89774,93479
89775,48176
89776,74883
89777,62094
89778,43220
89779,62329
89780,44412
89781,44682
89782,46824
89783,40000
89784,52899
89785,44628
89786,56265
89787,40000
89788,59155
89789,64874
89790,40721
89791,40000
89792,40000
89793,40000
89794,51455
89795,50952
89796,40000
89797,40000
89798,47569
89799,51116
89800,40000
89801,42511
89802,40000
89803,40000
89804,60517
89805,59592
89806,40000
89807,40000
89808,43379
89809,56295
89810,72555
89811,50632
89812,46415
89813,42831
89814,43502
89815,70740
89816,40000
89817,46960
89818,41899
89819,53869
89820,47042
89821,43542
89822,40000
89823,67223
89824,40000
89825,109757
89826,40000
89827,46414
89828,40000
89829,40000
89830,40000
89831,54789
89832,57036
89833,40000
89834,81183
89835,71785
89836,44987
89837,76536
89838,43967
89839,62130
89840,54672
89841,40000
89842,67470
89843,50540
89844,62081
89845,40000
89846,40000
89847,40000
89848,59728
89849,40000
89850,40000
89851,50975
89852,62604
89853,62221
89854,40000
89855,60978
89856,75776
89857,87761
89858,46838
89859,40000
89860,60944
89861,40000
89862,50331
89863,54763
89864,49404
89865,63135
89866,40000
89867,43221
89868,91647
89869,43603
89870,46123
89871,40778
89872,80008
89873,41786
89874,40000
89875,52415
89876,65589
89877,40338
89878,66460
89879,41535
89880,46268
89881,57843
89882,64346
89883,54483
89884,51051
89885,40000
89886,40000
89887,65556
89888,40000
89889,40000
89890,40000
89891,49197
89892,59116
89893,40000
89894,40000
89895,63537
89896,71471
89897,40000
89898,62148
89899,53570
89900,40056
89901,47317
89902,40000
89903,54820
89904,72216
89905,57853
89906,69524
89907,52062
89908,60899
89909,70616
89910,46625
89911,40000
89912,58861
89913,49628
89914,40000
89915,57773
89916,64908
89917,84348
89918,84598
89919,61547
89920,40000
89921,76526
89922,62911
89923,41081
89924,40000
89925,82326
89926,41870
89927,53134
89928,40000
89929,40000
89930,63418
89931,80041
89932,43675
89933,40000
89934,44199
89935,40000
89936,40000
89937,40000
89938,51046
89939,40000
89940,40000
89941,55028
89942,76095
89943,40000
89944,60823
89945,71333
89946,40170
89947,41253
89948,68350
89949,40000
89950,51079
89951,40591
89952,40000
89953,72086
89954,40000
89955,61489
89956,40000
89957,40000
89958,40000
89959,91759
89960,56670
89961,64264
89962,72240
89963,50944
89964,40000
89965,65973
89966,40000
89967,73271
89968,74667
89969,66779
89970,61717
89971,69540
89972,48750
89973,48194
89974,67569
89975,61005
89976,67414
89977,96694
89978,92788
89979,40000
89980,84397
89981,40000
89982,65466
89983,52601
89984,63320
89985,52937
89986,40000
89987,40000
89988,40000
89989,62160
89990,51851
89991,40000
89992,58362
89993,40000
89994,40000
89995,42737
89996,49681
89997,64289
89998,46886
89999,43593
90000,40000
90001,40000
90002,74471
90003,40000
90004,46594
90005,40996
90006,46005
90007,45473
90008,45016
90009,50992
90010,45721
90011,85657
90012,59441
90013,40000
90014,40000
90015,40000
90016,63328
90017,40000
90018,70607
90019,40000
90020,40000
90021,42648
90022,55199
90023,50972
90024,40000
90025,40105
90026,65053
90027,97724
90028,40000
90029,66490
90030,45398
90031,54795
90032,69480
90033,54471
90034,48409
90035,58845
90036,51143
90037,45939
90038,70713
90039,40000
90040,40000
90041,40000
90042,67138
90043,79520
90044,57891
90045,64308
90046,40000
90047,42095
90048,52174
90049,61935
90050,53329
90051,45898
90052,59025
90053,47713
90054,40000
90055,40000
90056,40000
90057,49960
90058,40000
90059,60521
90060,76664
90061,40000
90062,54281
90063,50275
90064,74529
90065,40000
90066,40000
90067,55158
90068,64259
90069,55981
90070,48746
90071,71123
90072,40000
90073,49663
90074,52209
90075,47294
90076,40681
90077,45948
90078,77304
90079,44203
90080,40000
90081,41640
90082,40458
90083,42513
90084,45685
90085,71778
90086,71856
90087,79403
90088,57337
90089,64432
90090,40000
90091,52974
90092,66392
90093,67254
90094,63288
90095,42458
90096,67196
90097,40000
90098,56358
90099,80507
90100,40000
90101,54825
90102,48881
90103,75257
90104,40000
90105,68197
90106,70879
90107,58206
90108,41316
90109,40000
90110,40000
90111,62010
90112,69238
90113,67200
90114,40000
90115,63072
90116,69213
90117,40000
90118,42835
90119,62867
90120,46637
90121,40000
90122,79995
90123,40000
90124,40000
90125,40000
90126,87503
90127,40562
90128,54595
90129,40000
90130,81550
90131,55985
90132,46484
90133,47259
90134,89292
90135,63456
90136,44685
90137,76008
90138,40000
90139,40000
90140,40000
90141,40891
90142,61290
90143,40000
90144,51555
90145,65927
90146,70431
90147,40000
90148,61980
90149,85119
90150,40000
90151,65474
90152,40000
90153,40000
90154,49156
90155,71142
90156,46959
90157,40000
90158,76726
90159,48287
90160,40000
90161,64672
90162,44562
90163,42695
90164,61605
90165,45650
90166,75102
90167,48676
90168,78706
90169,47319
90170,44019
90171,63439
90172,40000
90173,69084
90174,64589
90175,49761
90176,51015
90177,47413
90178,78570
90179,40000
90180,57995
90181,83654
90182,50713
90183,40000
90184,40000
90185,84394
90186,42731
90187,83482
90188,52155
90189,44109
90190,69815
90191,52684
90192,69790
90193,66365
90194,40000
90195,40000
90196,40000
90197,40000
90198,57892
90199,73249
90200,46025
90201,49348
90202,45394
90203,40000
90204,51134
90205,57620
90206,73716
90207,40000
90208,53208
90209,40000
90210,40000
90211,40000
90212,71887
90213,46545
90214,40000
90215,51697
90216,70927
90217,81538
90218,76024
90219,58103
90220,40000
90221,45909
90222,80944
90223,53652
90224,40000
90225,40000
90226,40000
90227,72592
90228,66440
90229,60619
90230,95350
90231,53234
90232,40000
90233,53390
90234,96779
90235,99422
90236,48013
90237,70014
90238,40000
90239,40106
90240,66033
90241,48734
90242,40000
90243,40000
90244,40000
90245,71504
90246,55869
90247,60812
90248,68734
90249,40000
90250,56556
90251,40000
90252,46567
90253,77207
90254,67644
90255,58903
90256,53237
90257,41937
90258,40663
90259,40000
90260,52747
90261,40000
90262,43034
90263,67413
90264,40000
90265,78920
90266,42881
90267,52187
90268,40000
90269,40000
90270,40000
90271,40000
90272,47357
90273,40000
90274,75695
90275,44687
90276,40000
90277,43343
90278,48588
90279,61651
90280,45765
90281,43339
90282,57440
90283,40450
90284,40000
90285,83361
90286,49540
90287,66228
90288,54595
90289,47578
90290,57069
90291,50552
90292,40491
90293,40000
90294,67232
90295,46533
90296,40000
90297,68366
90298,77675
90299,40000
90300,40000
90301,68347
90302,40362
90303,53260
90304,45366
90305,40014
90306,98223
90307,40000
90308,40000
90309,40000
90310,70486
90311,40000
90312,53560
90313,46996
90314,40000
90315,42805
90316,44596
90317,45472
90318,64885
90319,62047
90320,40000
90321,51398
90322,40000
90323,40000
90324,40000
90325,40000
90326,54594
90327,40000
90328,49757
90329,77178
90330,62119
90331,51260
90332,55258
90333,53350
90334,69898
90335,59753
90336,45030
90337,41962
90338,63843
90339,47494
90340,83369
90341,56481
90342,60784
90343,53614
90344,40000
90345,40000
90346,40000
90347,43064
90348,40000
90349,46459
90350,40439
90351,40000
90352,40000
90353,41265
90354,43314
90355,44254
90356,69380
90357,40000
90358,70376
90359,40000
90360,54941
90361,50748
90362,73599
90363,72358
90364,76176
90365,40000
90366,40000
90367,44107
90368,40000
90369,74801
90370,71682
90371,57425
90372,46235
90373,52529
90374,66420
90375,69402
90376,40000
90377,40000
90378,40000
90379,47190
90380,40000
90381,55025
90382,40000
90383,66747
90384,61347
90385,52159
90386,40000
90387,40000
90388,44024
90389,79745
90390,40000
90391,49756
90392,40000
90393,56805
90394,55922
90395,40000
90396,40000
90397,48456
90398,40000
90399,42631
90400,63975
90401,40000
90402,69455
90403,57200
90404,70732
90405,55154
90406,40000
90407,65743
90408,40000
90409,56846
90410,40000
90411,40000
90412,44969
90413,40000
90414,40000
90415,43577
90416,47697
90417,40000
90418,70409
90419,40000
90420,89449
90421,43816
90422,40000
90423,40000
90424,42789
90425,54347
90426,40000
90427,50473
90428,87870
90429,55614
90430,52741
90431,40073
90432,41732
90433,54292
90434,40000
90435,65459
90436,69587
90437,40000
90438,56956
90439,58550
90440,55962
90441,49720
90442,58055
90443,55516
90444,40000
90445,56450
90446,90831
90447,40000
90448,49155
90449,60125
90450,40000
90451,73426
90452,49515
90453,83673
90454,40000
90455,46976
90456,72971
90457,44889
90458,49704
90459,44526
90460,74483
90461,43161
90462,40000
90463,40000
90464,45527
90465,40000
90466,40000
90467,71519
90468,58923
90469,44734
90470,55675
90471,49386
90472,40000
90473,61843
90474,46597
90475,40000
90476,40000
90477,49488
90478,56742
90479,40000
90480,40000
90481,40000
90482,57812
90483,50046
90484,45511
90485,48110
90486,40785
90487,66989
90488,62270
90489,40000
90490,72508
90491,40000
90492,72130
90493,40000
90494,58631
90495,40000
90496,57526
90497,40000
90498,40000
90499,42581
90500,40227
90501,54822
90502,48117
90503,70012
90504,63752
90505,50950
90506,62872
90507,58389
90508,53008
90509,40000
90510,68250
90511,93849
90512,74542
90513,40000
90514,51932
90515,40000
90516,40000
90517,40000
90518,42375
90519,64927
90520,49559
90521,46263
90522,40000
90523,40000
90524,52693
90525,52550
90526,40000
90527,45050
90528,86230
90529,48402
90530,44695
90531,51031
90532,52441
90533,42918
90534,57939
90535,100478
90536,59410
90537,92567
90538,40000
90539,79050
90540,40000
90541,60702
90542,44342
90543,40000
90544,65016
90545,40000
90546,49330
90547,40000
90548,40318
90549,57084
90550,40000
90551,40000
90552,55450
90553,76950
90554,40000
90555,84974
90556,54972
90557,40000
90558,67190
90559,40000
90560,92661
90561,40000
90562,64251
90563,40000
90564,40000
90565,40454
90566,48301
90567,40000
90568,85286
90569,53782
90570,56467
90571,50635
90572,44564
90573,79721
90574,46889
90575,51911
90576,40000
90577,73625
90578,40000
90579,40000
90580,44862
90581,43538
90582,42538
90583,51153
90584,51501
90585,40000
90586,64021
90587,40000
90588,69970
90589,40000
90590,40000
90591,52312
90592,67095
90593,46795
90594,61156
90595,49048
90596,42466
90597,88212
90598,81715
90599,49666
90600,57396
90601,58757
90602,71193
90603,40000
90604,73904
90605,73140
90606,45140
90607,78228
90608,40000
90609,63672
90610,64156
90611,40000
90612,40000
90613,40000
90614,44589
90615,41880
90616,40000
90617,53018
90618,76103
90619,74459
90620,42904
90621,45014
90622,48362
90623,40000
90624,40000
90625,40000
90626,42807
90627,40000
90628,53745
90629,43923
90630,50563
90631,40000
90632,49328
90633,43746
90634,46164
90635,40000
90636,40000
90637,84933
90638,43166
90639,40000
90640,87178
90641,40000
90642,40000
90643,57568
90644,40000
90645,67911
90646,43900
90647,42665
90648,63829
90649,47489
90650,81383
90651,58227
90652,71695
90653,57438
90654,63759
90655,40000
90656,69068
90657,40000
90658,60611
90659,62083
90660,51623
90661,52063
90662,40000
90663,104683
90664,68887
90665,57179
90666,40000
90667,65833
90668,59289
90669,40000
90670,40000
90671,42660
90672,57552
90673,50787
90674,40000
90675,47221
90676,44942
90677,55893
90678,40813
90679,69588
90680,40000
90681,40000
90682,40000
90683,40000
90684,40000
90685,61928
90686,40000
90687,40000
90688,74599
90689,90196
90690,40000
90691,65744
90692,40000
90693,64282
90694,47343
90695,59905
90696,44791
90697,40324
90698,40000
90699,73450
90700,63772
90701,40000
90702,42882
90703,40000
90704,58593
90705,40000
90706,52924
90707,40000
90708,40000
90709,54324
90710,41206
90711,44806
90712,43209
90713,50949
90714,89519
90715,48644
90716,40000
90717,56341
90718,40000
90719,59596
90720,40000
90721,51547
90722,48994
90723,43414
90724,60002
90725,47196
90726,46968
90727,40000
90728,40000
90729,40189
90730,40379
90731,45393
90732,55333
90733,70549
90734,40000
90735,61317
90736,40000
90737,40000
90738,40000
90739,55924
90740,40000
90741,65022
90742,40169
90743,45210
90744,78989
90745,42888
90746,40000
90747,40000
90748,69812
90749,58527
90750,53524
90751,43056
90752,63927
90753,40000
90754,59694
90755,67789
90756,52386
90757,51441
90758,40000
90759,46536
90760,42430
90761,43862
90762,40000
90763,61683
90764,42687
90765,40000
90766,40000
90767,41304
90768,43787
90769,87594
90770,72421
90771,40000
90772,50512
90773,69841
90774,40000
90775,91269
90776,52866
90777,49412
90778,40000
90779,40000
90780,67567
90781,60135
90782,47142
90783,40000
90784,67655
90785,48512
90786,40000
90787,69528
90788,40000
90789,44236
90790,40000
90791,65586
90792,75149
90793,47728
90794,53358
90795,43856
90796,40000
90797,85393
90798,43200
90799,40000
90800,42327
90801,45120
90802,56429
90803,62568
90804,40000
90805,40000
90806,73272
90807,40170
90808,40000
90809,40000
90810,40000
90811,41952
90812,79292
90813,54845
90814,47113
90815,40000
90816,62591
90817,55204
90818,40000
90819,49122
90820,51345
90821,55574
90822,61729
90823,40000
90824,40000
90825,40000
90826,84833
90827,73709
90828,40000
90829,60511
90830,40000
90831,40000
90832,40093
90833,40000
90834,64010
90835,52050
90836,40000
90837,40000
90838,49207
90839,45208
90840,40000
90841,40000
90842,45286
90843,74567
90844,40000
90845,40000
90846,40000
90847,60873
90848,65395
90849,67122
90850,60595
90851,70299
90852,40000
90853,40000
90854,78293
90855,40000
90856,40000
90857,75740
90858,56445
90859,53094
90860,40000
90861,40000
90862,72633
90863,53267
90864,40000
90865,63522
90866,59610
90867,79975
90868,47050
90869,40000
90870,40000
90871,41814
90872,40000
90873,40000
90874,69818
90875,59642
90876,40000
90877,42182
90878,40000
90879,40000
90880,88578
90881,70846
90882,50259
90883,44272
90884,89362
90885,40000
90886,40000
90887,40000
90888,40000
90889,45704
90890,68443
90891,73143
90892,40000
90893,62303
90894,46819
90895,40156
90896,48537
90897,40000
90898,56786
90899,51827
90900,87407
90901,40000
90902,40000
90903,53494
90904,66975
90905,54845
90906,68138
90907,79339
90908,40000
90909,78091
90910,45885
90911,75241
90912,45030
90913,49708
90914,47610
90915,49427
90916,40000
90917,40000
90918,40000
90919,40000
90920,52990
90921,55729
90922,65369
90923,56684
90924,76044
90925,40000
90926,50863
90927,51558
90928,41499
90929,79317
90930,75727
90931,75102
90932,65714
90933,40000
90934,40000
90935,42979
90936,92208
90937,41311
90938,40000
90939,44608
90940,56760
90941,54885
90942,72937
90943,45531
90944,40000
90945,76672
90946,40000
90947,40000
90948,40000
90949,40696
90950,43975
90951,40000
90952,47116
90953,95759
90954,55967
90955,40000
90956,43831
90957,48640
90958,45613
90959,40000
90960,40000
90961,43645
90962,40000
90963,56502
90964,40000
90965,40000
90966,74945
90967,40000
90968,49557
90969,67258
90970,70012
90971,42088
90972,40000
90973,94564
90974,77609
90975,40000
90976,81420
90977,43936
90978,55276
90979,40297
90980,64473
90981,56426
90982,40000
90983,46379
90984,40000
90985,42264
90986,66554
90987,48518
90988,62477
90989,40000
90990,47412
90991,40000
90992,60859
90993,40000
90994,52831
90995,47199
90996,43483
90997,81022
90998,81503
90999,49456
91000,40000
91001,70156
91002,40000
91003,67197
91004,53983
91005,80843
91006,83183
91007,62053
91008,48462
91009,40000
91010,45541
91011,57455
91012,40000
91013,40000
91014,55143
91015,63557
91016,51390
91017,49690
91018,40000
91019,40000
91020,40000
91021,40000
91022,40000
91023,49520
91024,51456
91025,70181
91026,42586
91027,58080
91028,76727
91029,78691
91030,40000
91031,52670
91032,40000
91033,49469
91034,47568
91035,40000
91036,40000
91037,54645
91038,40000
91039,40000
91040,40000
91041,40000
91042,58150
91043,48813
91044,40717
91045,40000
91046,57686
91047,50514
91048,40000
91049,40000
91050,40000
91051,48686
91052,56315
91053,40000
91054,61779
91055,40000
91056,40000
91057,47273
91058,61544
91059,54534
91060,66053
91061,46469
91062,58512
91063,44938
91064,51176
91065,43025
91066,77876
91067,40000
91068,66594
91069,46864
91070,84401
91071,70464
91072,40000
91073,54048
91074,79929
91075,44454
91076,64284
91077,50172
91078,40000
91079,43325
91080,75195
91081,51845
91082,70522
91083,43180
91084,40000
91085,54018
91086,46552
91087,45912
91088,47724
91089,40031
91090,40000
91091,78322
91092,50285
91093,67687
91094,56709
91095,75988
91096,40000
91097,60202
91098,56834
91099,45710
91100,58280
91101,40000
91102,40000
91103,77920
91104,40000
91105,40000
91106,55867
91107,91417
91108,40000
91109,47391
91110,59131
91111,48630
91112,74170
91113,80500
91114,87233
91115,46885
91116,53296
91117,70568
91118,53165
91119,44956
91120,40000
91121,40423
91122,40000
91123,40000
91124,60897
91125,40000
91126,40000
91127,64893
91128,55299
91129,44313
91130,51630
91131,60163
91132,43497
91133,51385
91134,46120
91135,52607
91136,40000
91137,40000
91138,40000
91139,62547
91140,50900
91141,44269
91142,75050
91143,40000
91144,59021
91145,58720
91146,75541
91147,56542
91148,57434
91149,40000
91150,74637
91151,49439
91152,48403
91153,40000
91154,49216
91155,40000
91156,66847
91157,49446
91158,54674
91159,48351
91160,53377
91161,48928
91162,43680
91163,40000
91164,66928
91165,59448
91166,40000
91167,40000
91168,65166
91169,65207
91170,40000
91171,40000
91172,40000
91173,66926
91174,40000
91175,50781
91176,54707
91177,43929
91178,47519
91179,40000
91180,41585
91181,50061
91182,44702
91183,56452
91184,40000
91185,86743
91186,78784
91187,86475
91188,40000
91189,41282
91190,40000
91191,46582
91192,40000
91193,78981
91194,40000
91195,81153
91196,43793
91197,61390
91198,55841
91199,85448
91200,69537
91201,40000
91202,101617
91203,40000
91204,47553
91205,40776
91206,55230
91207,40000
91208,68171
91209,40000
91210,56106
91211,40000
91212,44091
91213,40000
91214,49342
91215,55949
91216,79890
91217,56086
91218,53191
91219,51050
91220,70229
91221,69319
91222,46291
91223,40000
91224,43583
91225,58877
91226,57810
91227,40000
91228,54436
91229,40000
91230,46592
91231,53101
91232,59641
91233,45056
91234,52422
91235,47814
91236,40000
91237,65213
91238,40897
91239,40000
91240,88891
91241,51335
91242,55151
91243,53083
91244,40000
91245,44130
91246,46361
91247,40000
91248,40000
91249,61194
91250,49814
91251,67200
91252,66651
91253,40000
91254,40000
91255,77113
91256,81518
91257,40000
91258,40000
91259,74786
91260,75736
91261,79574
91262,63620
91263,48261
91264,42364
91265,85948
91266,40000
91267,45111
91268,61359
91269,52240
91270,65288
91271,40000
91272,59506
91273,59247
91274,43353
91275,40935
91276,53680
91277,63114
91278,40000
91279,40097
91280,65095
91281,47458
91282,40000
91283,52051
91284,50500
91285,87133
91286,49081
91287,40000
91288,40000
91289,64159
91290,45557
91291,40000
91292,54091
91293,52016
91294,43783
91295,77469
91296,47776
91297,77910
91298,75723
91299,57947
91300,40000
91301,61468
91302,40000
91303,74415
91304,44279
91305,59607
91306,51448
91307,59638
91308,51770
91309,65037
91310,59605
91311,59181
91312,52084
91313,40000
91314,50460
91315,40000
91316,44832
91317,65842
91318,40000
91319,65220
91320,40000
91321,40000
91322,40000
91323,62281
91324,58194
91325,49253
91326,40000
91327,55831
91328,47677
91329,40000
91330,54398
91331,53940
91332,40000
91333,54313
91334,65586
91335,40000
91336,55600
91337,40000
91338,40000
91339,77023
91340,40000
91341,40000
91342,40000
91343,41508
91344,75353
91345,55336
91346,53932
91347,40000
91348,40000
91349,83955
91350,44380
91351,40000
91352,66766
91353,80078
91354,60633
91355,42848
91356,51174
91357,47272
91358,43898
91359,40000
91360,40000
91361,58171
91362,40000
91363,44459
91364,40000
91365,68564
91366,50827
91367,40000
91368,41216
91369,49707
91370,61895
91371,63684
91372,43900
91373,87007
91374,40000
91375,40000
91376,40000
91377,40000
91378,42520
91379,46689
91380,63557
91381,67540
91382,80875
91383,40000
91384,80220
91385,46285
91386,40000
91387,40197
91388,52423
91389,91385
91390,48525
91391,46624
91392,40000
91393,60432
91394,50676
91395,78789
91396,40000
91397,68162
91398,42792
91399,40000
91400,40000
91401,40000
91402,84852
91403,40000
91404,43234
91405,42385
91406,44374
91407,40000
91408,45612
91409,44931
91410,40000
91411,57593
91412,48966
91413,40000
91414,54128
91415,50426
91416,48306
91417,78593
91418,40000
91419,52932
91420,70312
91421,77845
91422,40000
91423,44984
91424,40000
91425,42856
91426,53895
91427,40000
91428,53657
91429,76441
91430,44385
91431,89639
91432,47882
91433,40000
91434,68064
91435,40000
91436,40000
91437,90790
91438,40000
91439,52665
91440,40000
91441,55779
91442,40000
91443,40000
91444,41525
91445,56049
91446,43621
91447,57659
91448,41742
91449,49475
91450,40000
91451,40000
91452,81767
91453,40000
91454,45513
91455,46449
91456,53125
91457,85084
91458,40000
91459,60413
91460,40000
91461,75137
91462,40000
91463,40000
91464,40000
91465,56926
91466,69883
91467,40000
91468,40000
91469,40000
91470,79521
91471,64246
91472,80082
91473,40000
91474,63160
91475,64386
91476,40361
91477,40000
91478,62210
91479,40000
91480,48630
91481,76502
91482,40000
91483,65613
91484,55110
91485,40000
91486,40000
91487,46970
91488,45754
91489,40000
91490,65822
91491,44544
91492,40000
91493,43320
91494,40000
91495,60616
91496,55157
91497,43894
91498,45152
91499,40000
91500,42243
91501,40000
91502,43641
91503,74666
91504,51925
91505,64467
91506,91478
91507,68459
91508,45894
91509,42798
91510,40000
91511,78903
91512,70830
91513,63644
91514,53516
91515,40000
91516,53397
91517,81869
91518,61880
91519,40000
91520,75051
91521,60815
91522,50098
91523,45443
91524,40000
91525,47243
91526,42796
91527,50492
91528,53446
91529,40000
91530,49515
91531,57846
91532,40000
91533,49824
91534,56691
91535,58807
91536,44116
91537,54728
91538,74135
91539,41867
91540,40000
91541,40000
91542,47560
91543,57235
91544,59363
91545,69884
91546,52384
91547,40000
91548,40000
91549,65316
91550,55356
91551,44135
91552,74205
91553,54970
91554,76755
91555,80315
91556,55767
91557,40000
91558,47565
91559,52525
91560,49705
91561,40000
91562,64349
91563,47996
91564,48579
91565,40000
91566,74683
91567,70945
91568,57379
91569,44417
91570,76301
91571,40716
91572,49656
91573,40000
91574,40000
91575,40000
91576,45446
91577,73367
91578,42905
91579,60376
91580,49600
91581,40000
91582,41906
91583,66424
91584,94310
91585,57241
91586,40000
91587,55787
91588,40000
91589,40000
91590,48762
91591,40000
91592,40000
91593,61301
91594,41360
91595,47685
91596,70390
91597,46999
91598,73854
91599,80973
91600,48563
91601,67730
91602,64621
91603,60932
91604,53751
91605,40000
91606,60263
91607,40000
91608,40000
91609,51412
91610,65253
91611,63346
91612,45667
91613,54239
91614,40000
91615,40000
91616,43123
91617,71959
91618,47153
91619,41114
91620,40000
91621,55949
91622,40000
91623,40000
91624,40000
91625,40000
91626,40000
91627,51746
91628,62470
91629,60845
91630,54178
91631,61699
91632,78977
91633,50336
91634,40000
91635,43311
91636,65960
91637,70947
91638,61328
91639,40000
91640,76483
91641,49195
91642,44029
91643,54058
91644,56728
91645,42540
91646,50696
91647,63330
91648,84094
91649,40000
91650,80596
91651,40000
91652,62656
91653,53850
91654,49720
91655,40000
91656,40000
91657,70552
91658,67463
91659,40000
91660,40000
91661,56516
91662,40000
91663,52038
91664,55571
91665,78299
91666,63514
91667,41300
91668,47878
91669,73743
91670,59030
91671,80874
91672,73673
91673,47235
91674,58142
91675,80474
91676,54451
91677,48306
91678,40000
91679,59953
91680,58407
91681,75814
91682,43048
91683,40000
91684,58586
91685,40000
91686,40000
91687,40000
91688,40000
91689,40000
91690,69257
91691,40000
91692,95547
91693,45294
91694,51244
91695,60209
91696,40000
91697,40000
91698,70566
91699,65628
91700,59490
91701,46499
91702,44308
91703,65708
91704,49123
91705,44879
91706,40000
91707,81519
91708,40000
91709,40000
91710,50470
91711,50449
91712,76039
91713,52466
91714,68208
91715,61777
91716,46672
91717,40000
91718,77844
91719,65253
91720,44672
91721,56506
91722,40000
91723,40000
91724,56893
91725,40000
91726,40000
91727,63551
91728,44142
91729,56513
91730,73476
91731,63017
91732,45590
91733,59566
91734,50727
91735,101675
91736,51779
91737,51914
91738,40000
91739,65083
91740,40767
91741,87651
91742,65133
91743,61801
91744,59420
91745,40615
91746,40000
91747,40000
91748,40000
91749,40000
91750,55584
91751,52173
91752,47530
91753,55499
91754,41950
91755,53701
91756,72998
91757,43203
91758,63996
91759,43415
91760,59110
91761,40000
91762,51770
91763,50283
91764,56670
91765,67343
91766,40000
91767,51585
91768,52003
91769,49064
91770,40000
91771,40000
91772,40000
91773,58806
91774,89162
91775,49481
91776,43902
91777,58380
91778,40000
91779,88159
91780,40000
91781,79917
91782,40000
91783,49693
91784,63575
91785,80343
91786,49259
91787,51105
91788,54429
91789,80388
91790,77419
91791,67171
91792,40000
91793,40000
91794,40000
91795,70714
91796,40000
91797,41674
91798,61846
91799,56114
91800,40000
91801,43956
91802,63586
91803,44739
91804,40000
91805,52643
91806,44294
91807,40000
91808,40000
91809,40000
91810,43541
91811,52121
91812,67334
91813,40000
91814,40000
91815,55741
91816,45995
91817,64542
91818,44885
91819,47555
91820,50117
91821,56552
91822,40000
91823,61972
91824,42015
91825,47121
91826,40000
91827,77505
91828,47946
91829,50400
91830,41725
91831,40000
91832,65768
91833,51045
91834,40000
91835,40000
91836,42307
91837,61800
91838,40000
91839,50414
91840,40000
91841,56113
91842,56506
91843,43349
91844,67109
91845,45505
91846,40000
91847,86753
91848,40000
91849,55654
91850,40000
91851,40000
91852,77729
91853,40000
91854,40000
91855,118270
91856,63620
91857,43971
91858,45366
91859,47074
91860,59129
91861,40000
91862,40000
91863,46326
91864,46572
91865,63136
91866,70257
91867,63812
91868,40000
91869,50000
91870,46801
91871,40000
91872,40000
91873,80078
91874,53817
91875,40000
91876,55100
91877,50397
91878,54642
91879,61514
91880,77020
91881,64522
91882,40000
91883,56556
91884,55677
91885,40000
91886,40000
91887,40000
91888,40000
91889,56206
91890,67875
91891,66092
91892,67570
91893,59906
91894,80091
91895,49353
91896,65424
91897,60751
91898,53445
91899,72670
91900,45518
91901,40000
91902,92964
91903,46810
91904,64913
91905,40000
91906,40000
91907,40000
91908,40000
91909,61122
91910,40000
91911,67584
91912,40000
91913,40000
91914,47968
91915,94341
91916,51597
91917,40000
91918,57946
91919,48390
91920,44993
91921,49304
91922,40000
91923,72034
91924,40000
91925,40000
91926,61693
91927,64389
91928,40000
91929,40000
91930,61182
91931,60580
91932,40000
91933,42252
91934,46503
91935,109052
91936,50970
91937,43329
91938,45842
91939,40000
91940,71185
91941,40000
91942,40000
91943,61526
91944,78019
91945,44090
91946,40000
91947,40000
91948,40000
91949,51042
91950,70071
91951,74346
91952,52408
91953,64003
91954,52220
91955,85723
91956,40000
91957,40000
91958,40000
91959,64109
91960,89751
91961,40000
91962,45745
91963,40000
91964,46497
91965,40000
91966,101643
91967,66465
91968,40000
91969,48122
91970,40000
91971,40000
91972,62787
91973,50475
91974,40000
91975,41208
91976,41182
91977,40000
91978,50456
91979,40000
91980,64609
91981,49882
91982,60697
91983,55397
91984,40000
91985,40000
91986,59591
91987,49073
91988,40000
91989,83114
91990,43642
91991,40000
91992,40000
91993,40000
91994,61433
91995,54509
91996,49107
91997,55832
91998,55650
91999,95182
92000,40000
92001,40000
92002,45143
92003,47478
92004,79548
92005,81472
92006,58457
92007,40000
92008,40000
92009,40000
92010,43074
92011,45940
92012,60196
92013,50409
92014,53464
92015,40000
92016,61192
92017,58181
92018,81855
92019,78689
92020,41695
92021,77542
92022,56452
92023,40000
92024,47224
92025,40000
92026,40000
92027,40000
92028,89247
92029,43027
92030,89090
92031,59731
92032,60622
92033,50147
92034,40000
92035,40000
92036,40000
92037,58454
92038,62755
92039,53773
92040,74914
92041,40000
92042,40000
92043,59307
92044,43805
92045,74702
92046,40000
92047,40000
92048,56788
92049,40000
92050,40000
92051,40000
92052,74366
92053,79053
92054,65403
92055,91257
92056,40000
92057,65171
92058,53076
92059,40000
92060,40000
92061,40000
92062,92470
92063,52172
92064,57500
92065,59863
92066,78381
92067,64497
92068,40000
92069,54388
92070,51598
92071,78546
92072,62565
92073,40000
92074,94966
92075,91553
92076,98626
92077,42464
92078,40000
92079,40000
92080,40000
92081,52318
92082,40000
92083,75572
92084,50211
92085,59426
92086,62578
92087,43747
92088,59957
92089,44320
92090,65245
92091,46846
92092,60388
92093,72076
92094,40000
92095,54158
92096,54792
92097,49248
92098,40000
92099,40000
92100,62154
92101,69259
92102,40000
92103,75062
92104,44480
92105,40000
92106,53027
92107,40000
92108,58119
92109,48860
92110,40000
92111,40000
92112,40000
92113,40176
92114,59120
92115,40000
92116,51944
92117,40239
92118,54131
92119,62128
92120,52204
92121,53224
92122,40000
92123,57917
92124,46657
92125,47537
92126,54135
92127,48362
92128,40000
92129,40000
92130,46661
92131,60151
92132,52006
92133,58003
92134,63528
92135,56693
92136,48941
92137,40000
92138,64246
92139,56473
92140,41628
92141,52300
92142,42186
92143,42418
92144,60310
92145,86009
92146,40000
92147,40000
92148,41463
92149,69585
92150,48288
92151,40000
92152,47154
92153,81440
92154,58636
92155,40000
92156,40000
92157,72728
92158,78172
92159,42265
92160,40000
92161,48819
92162,56538
92163,40000
92164,84938
92165,63422
92166,55164
92167,43088
92168,91388
92169,40000
92170,46795
92171,50008
92172,60362
92173,40000
92174,40000
92175,84486
92176,40000
92177,43696
92178,57982
92179,43950
92180,56114
92181,42237
92182,60665
92183,40000
92184,40000
92185,68740
92186,40000
92187,43290
92188,40710
92189,76141
92190,47464
92191,40167
92192,40000
92193,45756
92194,78873
92195,42325
92196,50840
92197,40000
92198,46184
92199,89111
92200,40000
92201,75195
92202,61277
92203,40000
92204,40000
92205,40000
92206,40000
92207,40000
92208,40350
92209,40000
92210,40000
92211,40000
92212,40000
92213,40000
92214,48168
92215,40000
92216,42001
92217,40000
92218,48314
92219,47265
92220,48268
92221,40000
92222,56165
92223,59544
92224,66119
92225,79752
92226,56696
92227,40000
92228,56908
92229,40000
92230,45825
92231,76495
92232,46382
92233,40000
92234,57761
92235,40000
92236,48191
92237,40000
92238,40000
92239,43191
92240,40891
92241,51171
92242,45758
92243,40000
92244,72348
92245,69136
92246,58736
92247,93151
92248,43279
92249,40000
92250,40000
92251,64631
92252,64344
92253,94226
92254,40000
92255,53869
92256,46602
92257,40000
92258,61905
92259,66032
92260,40000
92261,53603
92262,46407
92263,42132
92264,56407
92265,45607
92266,56374
92267,46594
92268,43660
92269,57836
92270,40000
92271,58124
92272,97660
92273,66098
92274,68540
92275,40000
92276,40000
92277,40000
92278,68040
92279,54812
92280,59226
92281,40000
92282,43964
92283,69651
92284,40000
92285,61890
92286,42464
92287,40000
92288,40000
92289,65827
92290,40000
92291,86941
92292,44253
92293,40000
92294,40000
92295,48682
92296,53055
92297,55657
92298,65614
92299,70582
92300,59519
92301,40000
92302,73948
92303,48024
92304,71570
92305,58467
92306,42465
92307,63364
92308,65574
92309,40000
92310,44175
92311,46102
92312,40000
92313,92546
92314,86074
92315,40000
92316,63404
92317,52420
92318,95776
92319,41988
92320,40000
92321,40000
92322,40000
92323,67140
92324,40000
92325,84628
92326,40000
92327,54307
92328,51621
92329,86498
92330,40938
92331,44261
92332,48777
92333,40000
92334,40000
92335,40000
92336,44297
92337,50846
92338,40000
92339,46048
92340,45547
92341,55366
92342,48301
92343,40000
92344,40000
92345,70278
92346,72706
92347,75818
92348,41526
92349,40000
92350,40000
92351,61822
92352,40000
92353,62899
92354,41560
92355,73878
92356,40000
92357,66648
92358,45464
92359,69112
92360,41321
92361,76562
92362,40000
92363,40000
92364,43613
92365,40000
92366,40000
92367,70438
92368,75509
92369,53632
92370,43241
92371,48824
92372,43710
92373,40000
92374,40000
92375,67170
92376,50161
92377,40439
92378,65906
92379,57870
92380,40000
92381,53184
92382,54290
92383,46938
92384,54136
92385,44386
92386,48134
92387,71883
92388,49650
92389,52795
92390,81864
92391,67261
92392,43158
92393,40000
92394,77074
92395,40000
92396,57270
92397,40000
92398,40000
92399,40000
92400,40000
92401,47572
92402,47491
92403,40000
92404,56876
92405,54112
92406,54153
92407,40000
92408,40000
92409,53701
92410,69113
92411,53070
92412,66793
92413,65862
92414,49941
92415,60129
92416,76482
92417,59453
92418,52279
92419,71081
92420,56779
92421,44482
92422,55553
92423,61718
92424,40000
92425,42811
92426,42184
92427,71990
92428,42244
92429,40000
92430,48714
92431,40000
92432,67731
92433,40000
92434,53225
92435,40000
92436,40000
92437,40000
92438,54543
92439,49532
92440,40000
92441,53324
92442,48790
92443,40000
92444,43726
92445,40000
92446,62296
92447,73832
92448,40000
92449,74286
92450,40000
92451,40000
92452,52024
92453,81422
92454,40000
92455,40000
92456,40000
92457,49420
92458,56605
92459,40000
92460,80421
92461,60129
92462,67682
92463,57719
92464,73187
92465,43711
92466,83883
92467,70827
92468,41918
92469,57608
92470,40000
92471,60919
92472,59256
92473,52966
92474,40000
92475,43440
92476,62145
92477,40000
92478,40000
92479,40000
92480,40000
92481,64533
92482,40000
92483,75911
92484,51327
92485,55068
92486,76878
92487,50551
92488,40000
92489,40000
92490,40000
92491,65421
92492,63883
92493,40000
92494,60960
92495,40000
92496,47161
92497,81669
92498,49982
92499,49411
92500,65436
92501,40000
92502,45324
92503,59298
92504,43891
92505,47643
92506,40000
92507,40000
92508,40000
92509,55163
92510,40000
92511,40000
92512,66509
92513,55687
92514,40000
92515,89844
92516,40000
92517,40000
92518,40000
92519,48832
92520,64351
92521,40000
92522,64732
92523,51593
92524,40000
92525,48654
92526,76853
92527,53063
92528,42246
92529,66482
92530,49196
92531,40716
92532,40000
92533,40000
92534,61355
92535,64712
92536,59854
92537,53275
92538,74313
92539,96581
92540,40000
92541,40000
92542,46636
92543,40513
92544,51432
92545,40000
92546,40000
92547,49276
92548,40000
92549,42160
92550,40000
92551,51033
92552,52533
92553,61526
92554,48258
92555,44873
92556,52050
92557,40000
92558,76160
92559,57184
92560,40000
92561,74094
92562,45826
92563,49734
92564,40000
92565,40000
92566,40000
92567,66007
92568,87875
92569,42158
92570,53822
92571,83202
92572,45989
92573,40000
92574,57508
92575,74452
92576,72347
92577,40000
92578,68534
92579,40000
92580,40000
92581,55360
92582,40000
92583,51389
92584,45611
92585,65222
92586,45341
92587,40000
92588,58499
92589,43210
92590,45778
92591,41642
92592,76317
92593,42353
92594,40925
92595,64041
92596,56040
92597,40000
92598,56144
92599,45294
92600,40000
92601,69379
92602,65508
92603,50501
92604,44713
92605,58703
92606,40000
92607,89143
92608,69950
92609,80399
92610,41225
92611,40000
92612,60756
92613,46284
92614,44956
92615,40000
92616,53846
92617,40000
92618,40000
92619,40000
92620,40000
92621,40000
92622,40000
92623,64080
92624,88137
92625,40000
92626,40000
92627,60034
92628,40000
92629,47407
92630,76786
92631,40000
92632,66928
92633,52501
92634,40000
92635,40000
92636,44951
92637,57104
92638,40894
92639,68546
92640,40000
92641,63831
92642,40000
92643,40000
92644,40000
92645,61890
92646,66314
92647,40000
92648,90141
92649,61905
92650,41411
92651,67922
92652,40000
92653,43294
92654,48974
92655,47049
92656,42607
92657,65386
92658,42962
92659,56101
92660,40000
92661,40000
92662,40000
92663,51490
92664,52550
92665,40000
92666,41521
92667,75466
92668,52983
92669,45837
92670,40000
92671,74732
92672,52813
92673,75138
92674,40000
92675,47044
92676,40000
92677,102443
92678,65301
92679,73635
92680,58271
92681,40000
92682,42956
92683,40000
92684,43008
92685,55634
92686,51696
92687,84490
92688,79400
92689,40000
92690,52299
92691,63022
92692,66651
92693,65995
92694,47560
92695,44579
92696,46316
92697,65737
92698,57691
92699,59714
92700,61328
92701,48350
92702,52134
92703,77988
92704,40000
92705,50510
92706,74430
92707,40092
92708,58888
92709,40000
92710,62089
92711,40000
92712,46055
92713,47021
92714,40000
92715,40000
92716,40000
92717,41382
92718,57471
92719,40000
92720,59377
92721,67893
92722,54279
92723,40000
92724,61910
92725,40000
92726,98696
92727,72150
92728,40000
92729,41725
92730,67610
92731,40000
92732,55484
92733,59720
92734,40000
92735,47442
92736,83273
92737,58855
92738,47663
92739,55919
92740,47611
92741,57417
92742,54093
92743,40000
92744,54981
92745,40000
92746,40000
92747,68774
92748,45997
92749,72556
92750,47304
92751,42662
92752,40000
92753,70504
92754,89084
92755,62224
92756,59884
92757,59745
92758,42272
92759,43075
92760,40000
92761,48369
92762,47452
92763,40000
92764,40000
92765,40000
92766,69120
92767,40000
92768,94462
92769,40000
92770,46554
92771,46522
92772,51724
92773,83199
92774,58196
92775,55939
92776,74897
92777,58074
92778,40000
92779,40000
92780,40000
92781,42811
92782,50246
92783,40000
92784,52406
92785,40000
92786,61233
92787,40000
92788,56388
92789,64409
92790,40000
92791,40000
92792,68638
92793,47803
92794,53292
92795,45148
92796,43935
92797,70839
92798,59958
92799,40000
92800,40000
92801,46452
92802,76564
92803,72408
92804,77612
92805,60256
92806,95442
92807,43668
92808,40000
92809,68392
92810,86994
92811,83714
92812,40000
92813,40000
92814,45400
92815,69279
92816,67759
92817,40000
92818,54072
92819,40000
92820,53961
92821,47254
92822,57702
92823,46532
92824,54264
92825,74453
92826,54152
92827,40000
92828,54407
92829,50087
92830,72363
92831,40000
92832,50734
92833,47336
92834,65959
92835,56357
92836,43568
92837,90821
92838,40000
92839,43679
92840,40000
92841,78441
92842,40000
92843,56459
92844,54565
92845,57028
92846,44033
92847,59015
92848,43027
92849,40000
92850,40000
92851,45494
92852,52361
92853,46683
92854,44683
92855,40000
92856,40946
92857,71155
92858,56681
92859,41108
92860,45322
92861,72291
92862,40000
92863,41285
92864,47554
92865,53702
92866,45201
92867,40000
92868,42794
92869,43370
92870,47261
92871,72837
92872,40000
92873,43392
92874,75333
92875,67090
92876,56495
92877,40000
92878,78958
92879,49087
92880,52141
92881,61328
92882,48064
92883,57068
92884,40000
92885,48166
92886,40000
92887,55713
92888,47910
92889,40000
92890,73939
92891,40959
92892,43468
92893,40000
92894,61939
92895,40000
92896,40000
92897,44750
92898,68060
92899,46444
92900,92016
92901,49373
92902,79335
92903,54439
92904,75750
92905,56503
92906,82848
92907,78053
92908,47771
92909,40000
92910,42844
92911,74767
92912,40000
92913,86184
92914,47201
92915,90795
92916,53109
92917,56529
92918,73648
92919,41301
92920,40000
92921,41800
92922,74507
92923,47472
92924,53202
92925,40000
92926,64653
92927,46851
92928,40000
92929,40000
92930,76247
92931,46690
92932,40000
92933,93781
92934,40000
92935,45855
92936,40000
92937,68180
92938,55123
92939,43519
92940,40000
92941,51527
92942,64584
92943,75192
92944,60868
92945,92271
92946,52852
92947,74553
92948,40000
92949,40000
92950,40386
92951,40000
92952,57206
92953,43086
92954,40000
92955,40000
92956,64131
92957,40000
92958,53421
92959,49541
92960,42247
92961,57513
92962,46673
92963,73271
92964,40000
92965,56969
92966,67771
92967,80649
92968,40000
92969,40000
92970,71467
92971,41140
92972,41684
92973,40000
92974,51005
92975,61522
92976,40000
92977,67607
92978,40000
92979,59861
92980,50216
92981,74454
92982,44768
92983,48444
92984,73023
92985,80345
92986,84040
92987,56600
92988,40989
92989,74445
92990,49861
92991,51574
92992,71737
92993,45509
92994,44376
92995,64300
92996,40000
92997,40000
92998,77964
92999,45902
93000,40000
93001,70062
93002,68064
93003,42765
93004,40000
93005,78520
93006,40000
93007,75540
93008,40139
93009,45033
93010,56616
93011,46041
93012,40000
93013,40000
93014,40000
93015,47605
93016,68599
93017,40000
93018,72997
93019,48222
93020,44947
93021,40000
93022,52521
93023,56751
93024,44742
93025,81603
93026,52466
93027,56811
93028,69276
93029,53454
93030,40000
93031,72536
93032,40000
93033,62886
93034,40000
93035,60747
93036,45928
93037,51921
93038,68017
93039,58307
93040,56125
93041,40000
93042,58519
93043,51763
93044,51529
93045,40000
93046,40000
93047,40000
93048,54825
93049,45717
93050,67830
93051,40000
93052,40000
93053,62231
93054,84004
93055,44926
93056,53735
93057,69699
93058,78977
93059,43053
93060,40000
93061,53754
93062,65886
93063,40000
93064,40000
93065,40000
93066,52596
93067,79650
93068,40000
93069,40000
93070,40848
93071,40000
93072,41803
93073,62339
93074,40000
93075,40000
93076,40000
93077,51545
93078,47552
93079,40000
93080,88350
93081,40000
93082,59861
93083,40000
93084,71828
93085,59899
93086,44885
93087,43443
93088,40000
93089,66998
93090,46188
93091,53025
93092,50208
93093,49154
93094,77194
93095,45023
93096,40000
93097,58501
93098,40000
93099,54283
93100,40000
93101,48993
93102,40000
93103,40000
93104,55391
93105,55975
93106,40000
93107,43059
93108,40000
93109,78236
93110,59863
93111,47421
93112,52733
93113,68548
93114,70058
93115,40000
93116,42556
93117,40000
93118,44265
93119,44989
93120,40000
93121,40000
93122,41476
93123,50787
93124,43026
93125,55345
93126,43563
93127,51046
93128,45683
93129,47077
93130,90388
93131,52401
93132,40469
93133,64355
93134,40000
93135,40000
93136,84059
93137,72479
93138,63056
93139,55039
93140,49355
93141,40000
93142,42145
93143,43377
93144,48962
93145,50549
93146,51785
93147,49127
93148,40000
93149,72750
93150,60559
93151,72295
93152,61260
93153,42382
93154,42565
93155,40000
93156,87882
93157,40000
93158,40000
93159,46608
93160,55396
93161,81897
93162,49749
93163,41621
93164,52877
93165,80478
93166,42544
93167,47075
93168,44306
93169,44638
93170,40915
93171,52571
93172,82318
93173,66772
93174,61984
93175,70474
93176,58935
93177,53716
93178,40000
93179,40000
93180,40000
93181,40000
93182,59501
93183,47299
93184,54363
93185,85118
93186,43815
93187,81717
93188,43093
93189,43919
93190,40000
93191,40000
93192,85719
93193,40000
93194,40000
93195,40000
93196,52232
93197,91424
93198,78429
93199,45471
93200,40000
93201,40390
93202,59812
93203,45304
93204,91948
93205,62967
93206,51216
93207,53896
93208,86250
93209,40943
93210,47772
93211,92664
93212,71530
93213,40000
93214,67458
93215,40000
93216,40000
93217,47547
93218,47720
93219,40000
93220,47553
93221,50551
93222,40000
93223,74120
93224,69126
93225,52660
93226,83055
93227,81203
93228,40000
93229,51784
93230,40000
93231,40000
93232,40000
93233,61498
93234,40000
93235,56930
93236,59226
93237,41576
93238,53690
93239,50993
93240,40000
93241,72731
93242,40000
93243,59107
93244,40000
93245,42481
93246,40000
93247,40000
93248,44634
93249,40000
93250,40546
93251,40000
93252,40000
93253,40000
93254,63450
93255,55032
93256,75879
93257,49887
93258,40013
93259,52324
93260,40000
93261,44298
93262,40000
93263,88184
93264,44198
93265,64680
93266,40000
93267,65435
93268,44340
93269,40000
93270,63119
93271,40000
93272,40000
93273,40000
93274,51897
93275,78946
93276,78599
93277,56229
93278,49314
93279,65121
93280,47729
93281,54761
93282,81629
93283,40000
93284,68124
93285,54225
93286,40000
93287,44653
93288,56535
93289,45666
93290,40000
93291,60896
93292,70468
93293,66122
93294,40000
93295,48196
93296,64693
93297,62953
93298,49462
93299,65191
93300,52483
93301,40000
93302,81383
93303,49859
93304,58740
93305,90723
93306,59495
93307,64895
93308,43615
93309,55878
93310,61865
93311,66870
93312,69438
93313,40000
93314,40000
93315,40000
93316,53263
93317,42597
93318,40000
93319,52489
93320,68324
93321,66526
93322,40652
93323,46205
93324,54827
93325,68696
93326,40000
93327,40000
93328,40195
93329,82724
93330,68242
93331,68704
93332,57923
93333,77051
93334,81928
93335,40000
93336,47759
93337,40000
93338,40648
93339,60236
93340,40000
93341,40164
93342,58541
93343,40000
93344,74129
93345,75997
93346,53396
93347,45670
93348,85837
93349,40000
93350,78021
93351,45836
93352,86401
93353,40000
93354,66098
93355,60807
93356,40000
93357,64343
93358,54453
93359,62448
93360,56345
93361,48558
93362,44371
93363,79111
93364,66847
93365,40000
93366,71579
93367,40000
93368,67176
93369,40932
93370,70736
93371,91000
93372,49529
93373,43885
93374,40000
93375,43975
93376,48492
93377,41244
93378,50944
93379,40952
93380,76432
93381,49921
93382,55399
93383,81865
93384,75312
93385,40000
93386,40000
93387,85067
93388,46729
93389,48553
93390,59864
93391,40000
93392,56348
93393,40000
93394,40000
93395,42756
93396,40000
93397,58934
93398,40000
93399,40000
93400,46224
93401,41151
93402,40000
93403,54828
93404,81533
93405,53039
93406,40000
93407,40000
93408,63362
93409,40000
93410,40000
93411,40000
93412,62485
93413,40000
93414,105528
93415,49939
93416,69930
93417,48370
93418,58285
93419,69172
93420,40000
93421,40000
93422,52497
93423,52647
93424,40000
93425,40000
93426,40000
93427,40000
93428,47326
93429,50552
93430,90656
93431,62222
93432,45841
93433,88427
93434,51479
93435,51433
93436,40779
93437,61116
93438,40000
93439,47902
93440,41202
93441,89516
93442,40000
93443,61900
93444,44773
93445,40000
93446,45659
93447,40000
93448,40000
93449,55777
93450,68059
93451,53522
93452,40000
93453,69459
93454,41033
93455,59917
93456,57241
93457,52080
93458,45840
93459,40000
93460,43550
93461,62022
93462,51735
93463,69936
93464,47478
93465,65907
93466,40998
93467,64274
93468,49528
93469,65952
93470,40000
93471,56344
93472,40000
93473,40000
93474,40000
93475,40000
93476,40000
93477,59870
93478,71997
93479,48594
93480,40000
93481,72765
93482,51258
93483,40000
93484,70787
93485,89177
93486,50007
93487,57770
93488,48548
93489,75597
93490,40000
93491,40000
93492,40000
93493,40000
93494,67535
93495,41835
93496,61306
93497,40000
93498,61470
93499,49161
93500,40000
93501,66411
93502,53847
93503,50704
93504,40000
93505,40000
93506,48144
93507,40000
93508,45346
93509,40000
93510,40000
93511,40000
93512,44544
93513,75907
93514,58026
93515,52040
93516,67289
93517,40000
93518,62580
93519,58520
93520,43894
93521,40000
93522,40000
93523,40000
93524,40000
93525,93708
93526,40000
93527,62319
93528,73228
93529,45287
93530,57289
93531,40000
93532,55309
93533,57883
93534,70134
93535,43146
93536,54589
93537,40000
93538,40000
93539,73867
93540,40000
93541,40000
93542,40000
93543,42174
93544,47125
93545,59565
93546,40000
93547,40000
93548,40000
93549,81468
93550,40000
93551,72440
93552,55113
93553,66269
93554,44103
93555,84350
93556,40000
93557,41729
93558,40000
93559,69469
93560,40000
93561,80036
93562,48923
93563,66687
93564,40000
93565,42198
93566,52227
93567,51708
93568,45648
93569,40000
93570,40000
93571,83940
93572,40000
93573,62253
93574,67832
93575,54623
93576,70898
93577,40000
93578,43218
93579,40000
93580,63312
93581,40000
93582,67872
93583,40000
93584,40000
93585,54748
93586,40000
93587,54355
93588,90245
93589,40000
93590,41986
93591,40000
93592,47796
93593,60468
93594,46584
93595,46573
93596,87855
93597,56890
93598,40000
93599,50550
93600,40000
93601,47561
93602,57353
93603,40000
93604,40000
93605,40000
93606,63380
93607,49984
93608,52416
93609,40000
93610,69281
93611,47845
93612,55556
93613,72752
93614,44800
93615,47818
93616,66376
93617,73886
93618,100717
93619,46555
93620,40000
93621,40000
93622,40000
93623,91275
93624,45873
93625,57454
93626,50310
93627,50445
93628,40000
93629,40029
93630,50571
93631,40000
93632,54509
93633,68463
93634,53040
93635,64318
93636,43982
93637,40000
93638,49762
93639,100139
93640,91180
93641,41587
93642,40000
93643,40000
93644,40000
93645,47724
93646,40000
93647,50560
93648,47686
93649,62408
93650,40397
93651,40000
93652,40000
93653,40000
93654,40000
93655,62287
93656,48879
93657,56007
93658,51818
93659,46188
93660,40000
93661,48486
93662,69541
93663,65549
93664,40000
93665,45088
93666,65118
93667,71991
93668,80892
93669,70140
93670,54647
93671,98171
93672,40000
93673,54069
93674,65642
93675,40000
93676,49555
93677,54363
93678,40000
93679,40000
93680,40000
93681,87145
93682,40408
93683,40087
93684,40000
93685,61702
93686,40000
93687,88211
93688,48596
93689,43979
93690,67205
93691,61072
93692,40000
93693,40000
93694,40000
93695,40000
93696,46403
93697,72744
93698,56973
93699,59337
93700,40000
93701,40000
93702,40000
93703,62992
93704,40000
93705,49178
93706,58487
93707,40000
93708,43858
93709,40000
93710,50498
93711,59442
93712,47761
93713,40000
93714,40000
93715,67915
93716,52179
93717,40000
93718,40000
93719,49886
93720,45718
93721,50876
93722,58350
93723,64722
93724,55666
93725,44793
93726,51142
93727,40000
93728,48763
93729,40000
93730,57937
93731,40000
93732,50901
93733,40000
93734,60324
93735,51788
93736,40000
93737,40000
93738,64873
93739,53291
93740,40000
93741,40000
93742,65129
93743,40000
93744,40000
93745,41972
93746,68005
93747,54442
93748,40000
93749,74792
93750,55627
93751,40000
93752,40000
93753,53186
93754,51626
93755,40000
93756,79552
93757,45107
93758,44169
93759,78606
93760,45209
93761,42307
93762,42876
93763,82505
93764,53716
93765,53356
93766,40000
93767,40000
93768,47731
93769,64453
93770,46040
93771,40000
93772,67932
93773,44634
93774,40000
93775,40000
93776,79682
93777,47139
93778,41371
93779,89463
93780,40000
93781,56551
93782,40000
93783,65490
93784,53088
93785,45564
93786,54745
93787,70413
93788,54290
93789,40000
93790,40000
93791,40000
93792,64283
93793,47841
93794,40245
93795,40000
93796,46673
93797,40000
93798,68796
93799,40000
93800,40000
93801,92496
93802,40910
93803,40000
93804,40000
93805,40000
93806,58146
93807,44198
93808,40000
93809,40000
93810,40567
93811,44747
93812,57748
93813,66154
93814,40000
93815,40000
93816,56930
93817,40000
93818,44415
93819,50059
93820,40000
93821,40000
93822,40000
93823,75550
93824,69448
93825,83974
93826,40000
93827,89408
93828,40000
93829,55041
93830,56854
93831,46586
93832,73227
93833,40000
93834,52529
93835,49962
93836,55770
93837,89850
93838,43209
93839,71129
93840,55738
93841,50429
93842,77981
93843,61585
93844,83108
93845,49464
93846,44861
93847,62721
93848,63566
93849,40000
93850,87562
93851,40000
93852,69825
93853,40000
93854,40000
93855,71552
93856,66155
93857,77663
93858,72068
93859,40000
93860,40000
93861,65501
93862,57463
93863,51474
93864,40000
93865,41761
93866,40000
93867,56252
93868,45400
93869,42219
93870,42230
93871,89503
93872,57822
93873,68090
93874,44108
93875,52394
93876,64324
93877,88021
93878,71524
93879,54885
93880,83677
93881,56035
93882,58192
93883,47888
93884,57658
93885,40000
93886,45987
93887,40000
93888,50225
93889,50040
93890,62159
93891,40000
93892,44431
93893,40000
93894,61425
93895,52341
93896,40000
93897,40000
93898,41273
93899,53564
93900,84362
93901,61026
93902,40000
93903,57173
93904,40000
93905,70250
93906,71067
93907,40000
93908,63123
93909,56587
93910,40000
93911,40000
93912,53111
93913,77088
93914,45977
93915,40000
93916,53040
93917,40000
93918,93797
93919,46662
93920,78921
93921,51567
93922,40000
93923,40000
93924,61374
93925,40000
93926,67719
93927,40000
93928,97546
93929,72885
93930,40000
93931,75567
93932,67638
93933,40000
93934,47982
93935,61605
93936,65243
93937,73675
93938,117948
93939,40000
93940,40000
93941,75628
93942,40000
93943,58572
93944,48246
93945,46876
93946,50446
93947,40553
93948,69433
93949,45033
93950,41556
93951,78008
93952,63455
93953,40000
93954,40000
93955,40000
93956,84702
93957,40000
93958,40000
93959,66101
93960,79786
93961,80909
93962,87660
93963,40000
93964,47440
93965,72295
93966,65602
93967,45436
93968,40391
93969,41914
93970,56959
93971,62229
93972,40510
93973,73738
93974,46028
93975,50598
93976,43871
93977,40000
93978,40000
93979,50952
93980,75757
93981,50269
93982,42755
93983,40000
93984,40000
93985,40000
93986,74080
93987,62118
93988,52117
93989,76537
93990,76782
93991,41795
93992,40000
93993,72970
93994,56910
93995,40000
93996,40000
93997,58551
93998,45873
93999,40000
94000,57066
94001,40000
94002,41216
94003,43698
94004,40000
94005,59364
94006,40000
94007,44434
94008,71411
94009,58533
94010,41194
94011,48180
94012,52478
94013,61465
94014,45666
94015,40000
94016,40000
94017,52170
94018,51343
94019,84031
94020,40000
94021,58591
94022,40000
94023,40000
94024,40000
94025,51699
94026,40243
94027,40000
94028,58868
94029,40000
94030,40000
94031,40000
94032,49006
94033,40000
94034,40000
94035,40000
94036,60659
94037,86999
94038,100868
94039,66111
94040,62535
94041,45197
94042,76816
94043,40000
94044,57549
94045,49858
94046,63968
94047,68025
94048,69271
94049,86786
94050,40000
94051,43423
94052,80699
94053,51022
94054,56875
94055,40000
94056,40000
94057,40000
94058,58882
94059,86407
94060,58454
94061,78100
94062,40000
94063,75829
94064,40000
94065,40808
94066,50261
94067,40000
94068,84337
94069,40000
94070,53287
94071,67190
94072,42495
94073,78037
94074,40000
94075,40000
94076,54975
94077,49165
94078,95615
94079,40000
94080,54921
94081,55238
94082,76260
94083,50858
94084,60006
94085,72946
94086,40000
94087,46456
94088,40000
94089,45981
94090,52862
94091,40000
94092,98071
94093,40000
94094,40000
94095,63887
94096,40000
94097,40000
94098,40000
94099,40000
94100,43185
94101,47221
94102,41168
94103,40000
94104,45342
94105,63204
94106,54464
94107,40000
94108,49811
94109,42081
94110,40000
94111,58256
94112,89980
94113,40000
94114,40000
94115,63515
94116,54488
94117,60112
94118,40000
94119,45817
94120,40000
94121,40000
94122,47170
94123,56783
94124,46002
94125,61031
94126,45310
94127,49095
94128,51632
94129,40000
94130,47387
94131,45782
94132,83162
94133,78920
94134,64510
94135,52247
94136,64932
94137,44387
94138,59841
94139,76045
94140,67347
94141,59340
94142,52579
94143,40000
94144,40001
94145,40000
94146,40000
94147,60189
94148,50010
94149,40000
94150,81171
94151,46815
94152,60165
94153,65705
94154,41150
94155,65339
94156,50660
94157,40000
94158,40000
94159,65061
94160,53578
94161,47335
94162,40000
94163,64005
94164,59615
94165,40000
94166,40000
94167,52663
94168,44032
94169,79855
94170,40000
94171,66638
94172,74442
94173,40000
94174,59754
94175,40000
94176,51593
94177,69480
94178,81090
94179,40000
94180,59702
94181,50430
94182,74892
94183,50458
94184,81878
94185,79057
94186,57953
94187,49862
94188,40000
94189,65194
94190,40000
94191,40000
94192,84963
94193,40000
94194,60171
94195,40000
94196,44433
94197,91693
94198,58872
94199,40000
94200,56983
94201,57010
94202,74279
94203,59502
94204,40000
94205,57073
94206,57305
94207,64249
94208,56654
94209,40000
94210,61007
94211,41359
94212,70467
94213,62694
94214,47947
94215,52759
94216,42169
94217,40000
94218,48940
94219,63036
94220,54527
94221,47865
94222,62981
94223,40000
94224,49450
94225,74286
94226,45331
94227,79254
94228,54733
94229,59707
94230,76592
94231,50596
94232,40000
94233,83809
94234,78479
94235,62342
94236,40375
94237,40000
94238,74480
94239,40000
94240,70422
94241,52637
94242,59119
94243,60157
94244,82569
94245,55440
94246,46777
94247,40000
94248,67101
94249,50318
94250,70819
94251,42964
94252,49165
94253,72501
94254,66862
94255,40000
94256,40000
94257,72440
94258,40000
94259,48651
94260,63630
94261,51579
94262,57819
94263,54429
94264,40000
94265,40000
94266,40030
94267,61770
94268,40000
94269,40000
94270,47324
94271,40000
94272,42584
94273,72485
94274,69313
94275,47375
94276,40180
94277,78087
94278,47569
94279,59186
94280,52228
94281,40000
94282,68911
94283,41676
94284,41687
94285,40000
94286,83234
94287,56942
94288,40168
94289,48877
94290,40000
94291,58026
94292,48891
94293,40000
94294,76087
94295,40000
94296,53947
94297,47767
94298,50423
94299,40000
94300,40000
94301,40000
94302,50982
94303,45912
94304,40000
94305,53015
94306,43122
94307,41222
94308,69837
94309,58503
94310,54070
94311,40000
94312,50837
94313,40000
94314,60322
94315,40000
94316,52981
94317,46966
94318,40000
94319,97645
94320,40000
94321,40000
94322,55093
94323,49033
94324,46265
94325,56599
94326,47790
94327,40000
94328,43283
94329,40000
94330,49300
94331,40000
94332,70419
94333,48154
94334,83146
94335,40000
94336,63334
94337,72742
94338,55142
94339,40000
94340,59514
94341,43773
94342,40000
94343,51403
94344,44036
94345,40000
94346,52531
94347,66141
94348,61603
94349,50940
94350,40000
94351,40000
94352,60169
94353,71614
94354,43522
94355,40000
94356,40000
94357,70016
94358,58974
94359,69430
94360,40712
94361,40000
94362,40000
94363,45126
94364,40000
94365,70725
94366,45840
94367,53983
94368,41210
94369,47454
94370,54726
94371,40000
94372,40000
94373,40000
94374,70655
94375,87307
94376,40000
94377,40000
94378,50059
94379,44187
94380,65147
94381,51521
94382,53029
94383,55391
94384,67029
94385,61758
94386,45946
94387,55834
94388,48919
94389,85966
94390,40000
94391,40000
94392,40000
94393,48706
94394,65357
94395,40921
94396,70765
94397,40000
94398,45947
94399,51007
94400,64081
94401,64372
94402,65902
94403,40000
94404,55113
94405,56322
94406,40000
94407,54861
94408,51393
94409,56470
94410,58035
94411,40687
94412,40000
94413,49830
94414,40000
94415,61155
94416,61048
94417,65488
94418,40000
94419,40000
94420,76538
94421,65232
94422,59735
94423,40000
94424,44145
94425,69211
94426,85729
94427,73632
94428,86858
94429,87733
94430,40000
94431,42094
94432,68816
94433,40000
94434,81828
94435,40000
94436,40000
94437,40000
94438,40000
94439,40000
94440,79672
94441,40000
94442,69280
94443,69504
94444,40000
94445,40000
94446,54816
94447,40000
94448,46272
94449,71384
94450,45618
94451,53303
94452,40000
94453,65075
94454,57741
94455,53670
94456,40499
94457,45247
94458,65706
94459,67901
94460,47176
94461,61807
94462,64764
94463,40000
94464,40000
94465,40000
94466,73827
94467,40000
94468,61544
94469,50405
94470,57538
94471,66335
94472,54153
94473,40000
94474,40000
94475,47179
94476,40000
94477,80370
94478,46138
94479,40000
94480,46941
94481,57744
94482,40000
94483,44160
94484,77697
94485,40000
94486,40000
94487,40000
94488,40000
94489,84507
94490,40000
94491,40000
94492,71242
94493,48084
94494,40000
94495,48393
94496,40414
94497,75766
94498,58667
94499,41815
94500,40000
94501,69930
94502,57142
94503,40000
94504,40231
94505,55876
94506,48689
94507,40000
94508,46379
94509,46071
94510,40000
94511,45673
94512,40000
94513,41819
94514,40000
94515,40000
94516,57736
94517,44500
94518,44375
94519,43390
94520,40000
94521,57799
94522,66207
94523,40546
94524,84538
94525,40000
94526,57454
94527,40000
94528,58778
94529,40000
94530,66381
94531,49858
94532,66609
94533,60890
94534,91470
94535,44053
94536,70715
94537,40000
94538,76639
94539,40000
94540,40000
94541,43780
94542,46336
94543,42869
94544,40000
94545,51032
94546,58081
94547,42196
94548,74174
94549,46018
94550,64248
94551,60880
94552,51599
94553,70419
94554,40000
94555,48372
94556,40000
94557,61002
94558,40000
94559,60987
94560,49441
94561,67457
94562,40000
94563,40000
94564,65404
94565,73039
94566,74605
94567,40000
94568,40000
94569,40000
94570,62702
94571,40000
94572,75732
94573,42181
94574,41871
94575,40000
94576,61203
94577,44564
94578,40000
94579,40000
94580,40000
94581,69601
94582,56843
94583,47476
94584,77984
94585,56521
94586,40000
94587,75558
94588,68039
94589,40000
94590,55663
94591,70456
94592,52369
94593,47220
94594,40000
94595,87049
94596,45491
94597,46074
94598,65730
94599,41568
94600,40000
94601,60710
94602,54555
94603,46637
94604,52040
94605,48742
94606,67274
94607,42247
94608,52957
94609,62062
94610,93216
94611,40000
94612,40000
94613,65194
94614,68123
94615,46985
94616,65504
94617,78547
94618,64217
94619,40462
94620,48992
94621,69639
94622,40641
94623,40000
94624,55674
94625,46820
94626,47241
94627,53758
94628,56251
94629,59154
94630,56119
94631,40000
94632,60789
94633,40000
94634,40000
94635,40000
94636,104161
94637,67951
94638,73804
94639,88264
94640,57613
94641,69571
94642,79704
94643,40000
94644,40000
94645,61087
94646,48339
94647,73281
94648,40000
94649,47507
94650,79033
94651,52243
94652,65311
94653,40000
94654,42668
94655,40000
94656,88249
94657,47918
94658,93862
94659,90225
94660,60616
94661,55097
94662,40000
94663,49488
94664,40000
94665,52641
94666,59634
94667,40000
94668,56137
94669,40000
94670,43650
94671,40922
94672,40000
94673,78936
94674,40705
94675,40000
94676,40000
94677,55170
94678,40000
94679,40000
94680,49933
94681,45741
94682,40000
94683,40000
94684,48058
94685,57333
94686,54935
94687,40000
94688,40000
94689,40000
94690,62057
94691,43840
94692,74983
94693,64962
94694,56859
94695,79577
94696,60084
94697,40000
94698,40000
94699,41341
94700,61283
94701,60937
94702,71690
94703,57859
94704,43336
94705,74167
94706,56545
94707,45092
94708,56742
94709,40000
94710,79794
94711,42068
94712,40000
94713,57806
94714,40000
94715,79200
94716,69133
94717,50970
94718,55541
94719,40000
94720,45001
94721,40000
94722,59057
94723,40000
94724,74142
94725,40000
94726,63269
94727,55753
94728,82484
94729,40000
94730,56590
94731,40000
94732,40673
94733,50389
94734,70247
94735,45032
94736,40000
94737,40000
94738,54799
94739,61100
94740,40236
94741,50060
94742,40000
94743,51818
94744,56472
94745,40000
94746,71723
94747,70579
94748,45542
94749,85695
94750,40000
94751,40000
94752,71001
94753,58473
94754,67951
94755,78858
94756,47392
94757,72178
94758,40000
94759,70915
94760,89744
94761,48772
94762,40000
94763,48169
94764,42301
94765,50177
94766,40000
94767,80180
94768,60128
94769,41393
94770,87953
94771,54362
94772,40000
94773,42936
94774,40000
94775,77750
94776,40000
94777,76530
94778,70313
94779,40000
94780,41515
94781,40000
94782,55672
94783,53131
94784,40000
94785,56450
94786,40000
94787,41967
94788,42920
94789,40000
94790,60291
94791,68164
94792,43811
94793,79748
94794,40000
94795,40000
94796,40000
94797,43839
94798,40000
94799,40000
94800,54964
94801,54877
94802,46529
94803,44537
94804,61434
94805,79708
94806,62580
94807,48677
94808,48139
94809,40000
94810,64508
94811,40000
94812,59570
94813,51169
94814,71682
94815,46691
94816,40000
94817,75350
94818,62747
94819,40000
94820,40000
94821,40000
94822,64435
94823,40000
94824,40000
94825,40000
94826,46892
94827,40000
94828,40000
94829,54262
94830,48523
94831,40000
94832,82681
94833,74499
94834,65721
94835,40000
94836,75519
94837,55994
94838,56605
94839,70251
94840,59478
94841,51742
94842,90510
94843,40000
94844,71824
94845,40000
94846,62639
94847,88205
94848,40000
94849,74677
94850,45661
94851,40000
94852,46898
94853,61795
94854,54225
94855,46337
94856,40000
94857,40000
94858,49656
94859,66404
94860,40000
94861,64025
94862,40000
94863,64068
94864,55708
94865,40000
94866,51042
94867,51827
94868,40000
94869,40023
94870,40000
94871,94395
94872,40000
94873,40000
94874,71749
94875,63818
94876,71398
94877,71238
94878,40000
94879,40000
94880,46040
94881,76628
94882,40000
94883,43965
94884,49191
94885,41658
94886,40000
94887,57856
94888,40000
94889,60806
94890,70621
94891,40000
94892,62528
94893,44312
94894,52307
94895,45487
94896,40000
94897,40000
94898,40849
94899,40000
94900,40000
94901,79666
94902,52144
94903,53942
94904,40000
94905,42772
94906,40912
94907,65501
94908,48660
94909,97408
94910,40000
94911,62400
94912,76694
94913,40000
94914,88459
94915,40000
94916,52660
94917,40000
94918,40000
94919,40000
94920,40000
94921,40000
94922,66493
94923,48782
94924,58454
94925,40000
94926,56251
94927,57692
94928,73175
94929,40000
94930,53808
94931,40000
94932,65028
94933,51436
94934,47605
94935,66082
94936,53749
94937,66205
94938,40000
94939,46987
94940,40000
94941,57323
94942,43677
94943,81817
94944,57985
94945,40000
94946,52322
94947,40000
94948,56086
94949,56140
94950,40000
94951,75066
94952,51882
94953,49238
94954,43168
94955,40786
94956,40000
94957,44504
94958,54598
94959,40000
94960,40000
94961,55282
94962,78459
94963,50581
94964,68344
94965,47827
94966,42412
94967,78022
94968,52759
94969,40000
94970,40000
94971,57365
94972,40000
94973,48251
94974,40000
94975,40000
94976,40000
94977,72646
94978,40000
94979,71028
94980,56189
94981,40000
94982,59158
94983,73560
94984,46547
94985,51774
94986,49537
94987,40793
94988,40000
94989,47668
94990,74980
94991,40000
94992,40000
94993,48302
94994,41798
94995,68958
94996,48325
94997,40000
94998,40000
94999,40000
95000,44372
95001,63565
95002,42073
95003,40000
95004,40000
95005,40000
95006,61246
95007,40000
95008,40000
95009,40000
95010,70400
95011,40000
95012,40000
95013,54238
95014,40000
95015,72966
95016,40000
95017,52274
95018,86294
95019,62217
95020,40000
95021,48668
95022,64342
95023,42085
95024,56635
95025,44610
95026,58220
95027,40000
95028,40000
95029,60477
95030,79154
95031,40000
95032,50446
95033,63851
95034,66080
95035,59753
95036,73520
95037,49219
95038,40000
95039,40257
95040,40000
95041,40000
95042,95044
95043,54725
95044,40000
95045,42019
95046,62929
95047,40000
95048,40000
95049,55134
95050,40000
95051,51730
95052,41876
95053,61737
95054,44910
95055,40000
95056,40000
95057,41817
95058,58665
95059,40000
95060,54594
95061,70803
95062,42755
95063,47917
95064,46727
95065,67091
95066,40000
95067,68069
95068,40000
95069,40000
95070,45266
95071,71327
95072,40000
95073,40000
95074,59982
95075,40000
95076,46938
95077,40000
95078,40233
95079,46010
95080,65267
95081,40832
95082,84639
95083,51787
95084,47895
95085,59923
95086,61171
95087,68159
95088,47076
95089,40000
95090,73992
95091,45297
95092,65293
95093,48978
95094,67696
95095,48877
95096,53135
95097,40000
95098,60704
95099,40000
95100,75945
95101,40000
95102,40000
95103,40000
95104,57141
95105,48685
95106,40000
95107,40265
95108,68758
95109,67434
95110,47454
95111,65872
95112,40000
95113,40000
95114,60964
95115,45047
95116,40000
95117,40000
95118,64572
95119,91765
95120,40000
95121,54334
95122,42224
95123,41389
95124,66396
95125,73234
95126,65863
95127,71812
95128,40000
95129,43794
95130,66639
95131,40000
95132,40000
95133,40000
95134,61592
95135,67116
95136,62437
95137,57075
95138,40000
95139,58961
95140,50754
95141,67457
95142,72749
95143,40000
95144,58841
95145,40000
95146,46924
95147,40000
95148,68674
95149,74809
95150,50866
95151,45115
95152,53183
95153,57490
95154,40000
95155,45354
95156,79076
95157,61250
95158,40000
95159,54297
95160,40000
95161,40000
95162,70257
95163,40000
95164,40000
95165,56203
95166,59384
95167,50297
95168,51446
95169,40000
95170,51172
95171,46388
95172,76523
95173,64291
95174,77026
95175,40000
95176,64760
95177,75250
95178,40000
95179,44256
95180,60794
95181,66810
95182,40000
95183,46442
95184,61114
95185,70534
95186,40000
95187,73073
95188,51570
95189,40000
95190,40000
95191,40000
95192,40000
95193,54098
95194,46605
95195,40000
95196,54675
95197,40000
95198,40000
95199,50837
95200,56950
95201,51964
95202,54119
95203,40000
95204,57770
95205,40000
95206,46263
95207,74138
95208,67873
95209,40000
95210,40000
95211,40000
95212,40000
95213,57049
95214,55285
95215,51458
95216,66216
95217,40000
95218,70642
95219,62262
95220,48492
95221,81555
95222,40323
95223,40000
95224,40000
95225,40000
95226,67929
95227,50540
95228,40000
95229,40000
95230,40000
95231,53096
95232,40000
95233,40000
95234,40000
95235,74667
95236,64630
95237,44875
95238,40000
95239,40000
95240,77052
95241,50098
95242,40000
95243,40000
95244,74657
95245,40000
95246,57230
95247,96051
95248,41712
95249,40000
95250,65516
95251,40000
95252,40000
95253,48135
95254,42552
95255,40000
95256,40000
95257,40000
95258,62463
95259,44048
95260,64025
95261,70538
95262,40000
95263,69112
95264,46732
95265,57424
95266,44143
95267,70405
95268,46858
95269,53797
95270,45690
95271,53216
95272,56586
95273,45025
95274,61360
95275,89309
95276,40000
95277,43492
95278,40000
95279,40000
95280,40000
95281,67202
95282,61492
95283,47865
95284,62405
95285,78422
95286,40000
95287,45400
95288,52919
95289,43027
95290,49890
95291,74491
95292,40000
95293,55178
95294,59900
95295,44110
95296,45122
95297,64390
95298,44728
95299,75647
95300,54848
95301,47615
95302,40000
95303,40000
95304,90604
95305,40000
95306,40000
95307,59751
95308,42981
95309,41051
95310,79594
95311,40000
95312,80149
95313,68156
95314,69833
95315,40000
95316,74121
95317,67675
95318,40000
95319,57103
95320,56757
95321,44356
95322,66323
95323,40000
95324,40000
95325,63475
95326,48209
95327,45207
95328,59346
95329,40000
95330,40000
95331,67176
95332,40000
95333,74851
95334,48869
95335,76676
95336,59873
95337,71069
95338,91540
95339,51376
95340,58909
95341,40000
95342,56853
95343,40000
95344,54401
95345,52557
95346,70408
95347,55085
95348,40000
95349,40000
95350,40000
95351,40000
95352,61525
95353,40000
95354,55831
95355,44184
95356,53239
95357,46712
95358,57393
95359,66778
95360,98295
95361,40000
95362,64753
95363,54096
95364,46279
95365,40000
95366,74721
95367,46199
95368,45031
95369,40000
95370,40000
95371,90443
95372,46186
95373,43979
95374,57642
95375,44359
95376,59216
95377,67909
95378,47416
95379,40000
95380,64141
95381,48757
95382,61117
95383,40000
95384,41632
95385,40000
95386,55109
95387,40000
95388,47411
95389,73560
95390,43872
95391,42880
95392,46758
95393,40000
95394,51890
95395,53475
95396,40000
95397,99044
95398,42226
95399,40000
95400,92062
95401,40000
95402,53758
95403,40453
95404,64479
95405,68430
95406,40000
95407,40000
95408,53901
95409,81936
95410,40000
95411,40000
95412,70188
95413,91439
95414,51656
95415,66081
95416,51499
95417,54941
95418,77276
95419,67565
95420,40000
95421,66352
95422,60467
95423,57950
95424,40000
95425,84460
95426,40000
95427,40000
95428,72748
95429,42208
95430,40000
95431,50083
95432,42939
95433,40000
95434,59153
95435,79589
95436,74842
95437,51989
95438,40000
95439,77270
95440,78040
95441,40000
95442,100537
95443,70828
95444,58582
95445,71768
95446,45576
95447,52229
95448,52152
95449,81130
95450,60169
95451,43027
95452,40000
95453,63697
95454,84771
95455,56512
95456,40000
95457,40000
95458,51833
95459,40000
95460,40000
95461,68186
95462,40000
95463,41273
95464,51985
95465,45279
95466,40000
95467,40000
95468,40000
95469,40000
95470,66763
95471,43186
95472,57074
95473,49930
95474,40000
95475,64946
95476,51843
95477,57445
95478,62742
95479,55928
95480,50253
95481,49897
95482,40886
95483,69479
95484,40000
95485,51209
95486,44880
95487,40000
95488,59336
95489,40000
95490,73014
95491,63970
95492,40000
95493,76914
95494,77280
95495,51752
95496,45324
95497,40059
95498,40000
95499,54865
95500,55048
95501,40000
95502,40000
95503,40000
95504,40000
95505,61163
95506,40000
95507,85615
95508,45123
95509,40000
95510,50472
95511,40000
95512,40000
95513,58494
95514,40000
95515,59925
95516,40000
95517,40000
95518,40000
95519,40000
95520,51994
95521,51415
95522,59176
95523,80418
95524,50885
95525,62801
95526,67386
95527,70205
95528,40450
95529,49303
95530,49094
95531,79848
95532,64874
95533,40000
95534,40135
95535,40000
95536,40000
95537,40000
95538,45189
95539,60967
95540,40000
95541,40000
95542,45900
95543,42967
95544,40000
95545,76008
95546,90856
95547,40000
95548,40000
95549,64973
95550,68638
95551,40000
95552,40533
95553,51869
95554,40000
95555,57790
95556,56958
95557,48324
95558,44781
95559,46046
95560,43187
95561,68666
95562,80889
95563,40657
95564,46279
95565,40000
95566,40000
95567,52066
95568,61022
95569,52731
95570,43107
95571,56804
95572,54574
95573,65018
95574,47404
95575,40000
95576,48504
95577,46665
95578,71142
95579,51513
95580,66680
95581,62833
95582,51181
95583,40000
95584,56631
95585,68587
95586,46381
95587,40000
95588,48053
95589,81441
95590,57966
95591,43772
95592,40000
95593,52175
95594,40000
95595,40000
95596,51087
95597,54890
95598,66174
95599,59805
95600,40000
95601,94574
95602,53992
95603,40000
95604,79361
95605,40000
95606,57977
95607,46666
95608,40000
95609,55793
95610,40000
95611,61295
95612,62141
95613,40000
95614,51172
95615,49208
95616,70616
95617,45421
95618,40000
95619,40000
95620,42872
95621,40000
95622,48019
95623,61193
95624,40172
95625,48311
95626,44959
95627,41427
95628,44922
95629,53267
95630,40961
95631,40000
95632,40000
95633,40000
95634,81237
95635,44014
95636,73700
95637,43983
95638,51477
95639,82433
95640,40000
95641,55342
95642,68889
95643,78696
95644,40000
95645,66241
95646,90414
95647,63045
95648,40000
95649,57396
95650,40000
95651,72912
95652,40000
95653,41112
95654,40000
95655,50548
95656,40000
95657,82074
95658,79756
95659,41523
95660,42795
95661,70039
95662,43669
95663,71990
95664,40000
95665,63367
95666,67711
95667,65626
95668,42250
95669,54516
95670,59473
95671,40000
95672,58272
95673,40243
95674,40000
95675,40000
95676,40000
95677,40000
95678,56941
95679,64319
95680,40000
95681,40642
95682,73390
95683,40000
95684,62298
95685,40000
95686,60109
95687,58220
95688,57645
95689,57048
95690,58795
95691,40000
95692,40000
95693,40000
95694,40000
95695,40000
95696,45811
95697,76576
95698,48250
95699,40000
95700,40000
95701,40000
95702,40000
95703,61884
95704,40000
95705,40000
95706,40000
95707,59205
95708,81131
95709,46106
95710,62134
95711,67359
95712,75633
95713,97219
95714,40000
95715,65792
95716,56208
95717,40000
95718,48889
95719,56715
95720,40000
95721,40000
95722,56102
95723,75387
95724,45817
95725,40000
95726,40000
95727,89942
95728,43993
95729,40000
95730,65001
95731,48974
95732,40000
95733,40000
95734,40000
95735,50505
95736,47079
95737,40000
95738,43926
95739,41360
95740,52127
95741,40000
95742,40000
95743,68483
95744,54989
95745,90099
95746,55627
95747,63505
95748,66279
95749,40000
95750,40000
95751,43385
95752,50451
95753,68830
95754,51551
95755,40000
95756,65792
95757,42466
95758,40000
95759,40000
95760,73266
95761,61755
95762,55326
95763,40000
95764,88596
95765,52954
95766,49259
95767,40000
95768,40000
95769,71726
95770,40357
95771,40000
95772,72147
95773,85036
95774,50552
95775,40000
95776,85028
95777,40000
95778,42820
95779,78685
95780,44294
95781,40000
95782,64892
95783,40000
95784,59793
95785,41352
95786,57491
95787,76187
95788,63855
95789,60878
95790,40000
95791,72471
95792,89096
95793,46156
95794,72558
95795,40000
95796,70903
95797,40000
95798,50007
95799,46616
95800,45733
95801,41812
95802,70343
95803,50047
95804,47038
95805,40000
95806,48911
95807,61441
95808,85958
95809,40000
95810,53478
95811,41339
95812,40000
95813,70267
95814,70625
95815,60914
95816,43512
95817,40000
95818,50030
95819,40000
95820,40000
95821,48263
95822,40000
95823,40711
95824,51396
95825,51155
95826,74067
95827,62159
95828,66072
95829,40583
95830,55668
95831,40000
95832,40000
95833,40241
95834,44294
95835,40134
95836,43505
95837,46470
95838,49817
95839,52488
95840,43569
95841,40307
95842,57778
95843,43384
95844,40000
95845,69959
95846,40000
95847,40000
95848,67869
95849,48464
95850,40000
95851,56039
95852,52059
95853,40000
95854,65524
95855,57195
95856,48840
95857,40000
95858,53422
95859,40000
95860,54227
95861,40002
95862,60041
95863,57054
95864,62740
95865,57516
95866,79443
95867,49712
95868,40000
95869,55403
95870,43944
95871,62383
95872,66911
95873,40000
95874,61605
95875,67054
95876,40000
95877,41537
95878,80957
95879,40000
95880,71235
95881,40000
95882,71715
95883,60942
95884,40000
95885,40000
95886,40000
95887,40000
95888,46369
95889,50335
95890,40000
95891,46470
95892,68273
95893,50783
95894,64047
95895,68577
95896,40000
95897,58802
95898,41703
95899,40000
95900,43362
95901,40000
95902,81491
95903,40894
95904,54508
95905,87457
95906,43810
95907,40000
95908,56762
95909,76297
95910,61599
95911,40000
95912,59148
95913,53421
95914,40000
95915,41126
95916,48597
95917,40000
95918,40000
95919,40000
95920,61744
95921,40000
95922,54167
95923,40000
95924,40000
95925,45938
95926,40000
95927,65917
95928,55602
95929,47518
95930,72084
95931,55927
95932,40000
95933,55793
95934,40000
95935,40000
95936,40455
95937,55382
95938,48807
95939,66962
95940,40000
95941,96175
95942,40646
95943,63618
95944,76522
95945,47888
95946,55774
95947,40000
95948,40000
95949,40000
95950,40000
95951,59635
95952,78751
95953,53651
95954,40000
95955,80157
95956,40000
95957,55453
95958,40000
95959,46766
95960,54634
95961,60992
95962,41201
95963,67078
95964,48409
95965,51168
95966,41478
95967,43514
95968,40000
95969,55583
95970,40000
95971,40000
95972,47810
95973,43512
95974,40000
95975,70942
95976,40000
95977,45546
95978,52183
95979,49467
95980,40000
95981,40000
95982,65005
95983,50072
95984,80250
95985,41423
95986,40000
95987,56358
95988,41205
95989,82969
95990,69392
95991,62655
95992,42134
95993,97812
95994,85609
95995,52103
95996,62131
95997,50716
95998,90837
95999,89717
96000,69634
96001,47807
96002,40000
96003,42719
96004,75047
96005,42648
96006,40000
96007,40000
96008,40000
96009,71488
96010,69012
96011,82702
96012,45086
96013,55688
96014,43865
96015,40000
96016,58445
96017,52077
96018,83717
96019,54838
96020,57476
96021,49241
96022,40000
96023,40000
96024,51017
96025,71172
96026,40000
96027,40000
96028,66099
96029,40000
96030,73869
96031,52488
96032,49332
96033,48383
96034,46327
96035,40000
96036,40612
96037,66923
96038,41950
96039,48126
96040,62008
96041,61120
96042,40000
96043,46161
96044,51172
96045,49655
96046,40000
96047,64664
96048,67187
96049,52265
96050,40000
96051,73974
96052,65239
96053,40000
96054,50395
96055,70300
96056,40000
96057,44922
96058,51233
96059,40000
96060,63973
96061,67759
96062,54947
96063,40000
96064,40000
96065,43505
96066,71778
96067,40496
96068,48129
96069,47381
96070,84237
96071,40000
96072,58449
96073,77448
96074,66511
96075,40896
96076,85408
96077,53279
96078,40000
96079,51126
96080,44753
96081,55070
96082,83976
96083,47965
96084,69820
96085,55650
96086,40237
96087,49805
96088,40000
96089,66654
96090,40000
96091,40000
96092,66227
96093,64594
96094,40000
96095,40000
96096,40000
96097,94918
96098,40000
96099,63686
96100,49351
96101,54642
96102,85124
96103,47970
96104,40000
96105,40000
96106,55204
96107,53122
96108,50955
96109,77982
96110,79838
96111,73987
96112,43758
96113,42107
96114,84493
96115,40000
96116,49121
96117,93144
96118,88077
96119,40000
96120,42648
96121,108627
96122,87889
96123,57848
96124,55624
96125,42043
96126,40000
96127,63334
96128,89135
96129,66470
96130,50717
96131,40000
96132,40147
96133,52003
96134,83480
96135,59142
96136,43168
96137,40000
96138,40000
96139,40993
96140,52908
96141,47401
96142,40000
96143,52988
96144,45959
96145,43393
96146,40000
96147,40000
96148,71602
96149,53682
96150,40000
96151,48563
96152,61676
96153,41026
96154,72729
96155,56164
96156,45009
96157,40000
96158,45887
96159,53975
96160,70080
96161,51915
96162,40000
96163,48664
96164,48616
96165,42292
96166,40000
96167,40000
96168,40000
96169,49904
96170,40000
96171,55037
96172,47475
96173,73264
96174,58482
96175,68318
96176,41801
96177,54060
96178,71760
96179,47940
96180,41944
96181,58499
96182,51446
96183,40000
96184,63152
96185,69124
96186,53491
96187,40000
96188,53592
96189,40000
96190,96151
96191,51570
96192,40000
96193,44428
96194,49113
96195,50544
96196,45838
96197,40000
96198,40000
96199,45307
96200,63876
96201,49635
96202,40000
96203,53697
96204,54586
96205,79066
96206,65020
96207,56112
96208,88723
96209,40000
96210,47264
96211,81170
96212,42189
96213,78278
96214,74395
96215,40000
96216,40000
96217,40000
96218,64866
96219,41936
96220,40000
96221,76192
96222,40000
96223,40220
96224,40000
96225,40000
96226,48034
96227,40000
96228,56250
96229,40524
96230,67697
96231,76952
96232,40000
96233,40000
96234,49979
96235,40000
96236,75848
96237,40000
96238,41732
96239,72175
96240,40000
96241,44127
96242,40000
96243,54077
96244,44496
96245,46987
96246,55211
96247,49218
96248,47914
96249,47721
96250,56995
96251,40000
96252,40000
96253,46560
96254,40000
96255,43737
96256,40000
96257,49005
96258,76537
96259,40000
96260,51896
96261,40000
96262,52976
96263,40000
96264,81677
96265,40000
96266,92876
96267,79542
96268,75994
96269,70643
96270,92555
96271,74972
96272,65272
96273,40000
96274,40000
96275,70012
96276,40000
96277,50475
96278,70644
96279,47604
96280,40000
96281,46774
96282,40000
96283,53539
96284,70777
96285,69413
96286,40000
96287,58158
96288,80639
96289,40000
96290,44078
96291,68501
96292,40194
96293,66123
96294,40000
96295,40000
96296,50900
96297,63102
96298,63321
96299,40000
96300,40000
96301,40000
96302,74968
96303,54067
96304,40227
96305,70538
96306,70029
96307,56417
96308,94821
96309,44504
96310,56624
96311,51609
96312,51507
96313,40000
96314,79963
96315,46304
96316,40000
96317,69499
96318,41305
96319,46238
96320,40000
96321,62297
96322,73431
96323,51899
96324,58158
96325,80740
96326,45104
96327,40000
96328,57375
96329,40000
96330,40000
96331,44367
96332,55197
96333,57433
96334,60244
96335,60460
96336,40000
96337,40000
96338,40000
96339,88429
96340,46907
96341,45843
96342,42157
96343,43764
96344,40000
96345,62214
96346,70496
96347,56425
96348,77143
96349,43920
96350,40000
96351,68026
96352,43637
96353,40000
96354,50606
96355,58923
96356,84125
96357,40000
96358,40000
96359,48633
96360,56240
96361,59582
96362,79343
96363,40000
96364,59642
96365,63537
96366,98323
96367,40000
96368,49753
96369,41825
96370,41137
96371,56363
96372,92993
96373,40000
96374,70210
96375,40000
96376,40000
96377,83534
96378,81750
96379,80687
96380,80904
96381,41314
96382,54704
96383,40000
96384,40000
96385,62358
96386,48101
96387,40000
96388,41438
96389,54667
96390,59459
96391,40000
96392,41966
96393,74745
96394,49078
96395,50174
96396,54003
96397,63441
96398,42497
96399,106428
96400,53113
96401,40000
96402,66727
96403,48536
96404,40000
96405,65706
96406,40000
96407,117180
96408,40000
96409,62501
96410,40000
96411,40000
96412,40000
96413,49227
96414,61817
96415,40000
96416,40000
96417,40000
96418,40000
96419,50523
96420,60323
96421,86482
96422,40000
96423,49019
96424,89548
96425,41321
96426,40000
96427,49763
96428,90652
96429,57640
96430,48544
96431,40000
96432,40000
96433,45865
96434,76830
96435,90624
96436,43502
96437,46987
96438,61211
96439,61369
96440,65331
96441,66304
96442,46393
96443,40000
96444,46443
96445,47790
96446,40000
96447,40000
96448,40000
96449,40000
96450,74314
96451,40000
96452,54291
96453,40000
96454,52865
96455,47944
96456,46203
96457,79869
96458,66058
96459,44096
96460,40000
96461,49001
96462,40000
96463,40000
96464,82997
96465,40000
96466,40000
96467,40000
96468,52396
96469,51104
96470,40000
96471,70981
96472,60085
96473,40000
96474,55934
96475,45604
96476,45293
96477,40000
96478,46034
96479,48576
96480,40000
96481,40000
96482,51948
96483,49687
96484,72379
96485,56664
96486,46525
96487,66723
96488,85762
96489,40000
96490,51878
96491,45089
96492,65221
96493,47600
96494,40000
96495,58817
96496,44319
96497,40000
96498,50056
96499,72165
96500,68137
96501,44645
96502,40000
96503,40000
96504,40000
96505,78034
96506,40000
96507,57463
96508,40000
96509,58986
96510,56610
96511,40000
96512,76099
96513,50544
96514,58817
96515,41808
96516,40000
96517,40000
96518,50421
96519,40000
96520,40000
96521,71383
96522,40000
96523,41165
96524,40000
96525,63336
96526,40000
96527,42874
96528,68384
96529,65359
96530,70857
96531,43463
96532,40000
96533,66875
96534,40000
96535,41666
96536,47819
96537,40000
96538,45010
96539,40000
96540,60455
96541,40000
96542,49472
96543,40000
96544,40000
96545,90989
96546,43989
96547,90144
96548,63075
96549,42218
96550,40000
96551,40000
96552,82947
96553,40000
96554,56485
96555,48724
96556,82186
96557,40000
96558,40000
96559,68947
96560,40000
96561,40000
96562,51945
96563,45518
96564,49851
96565,67929
96566,40000
96567,56546
96568,40000
96569,81952
96570,70122
96571,47390
96572,40000
96573,52089
96574,59659
96575,67444
96576,52794
96577,54440
96578,40000
96579,50866
96580,43151
96581,48066
96582,59311
96583,53467
96584,56048
96585,74755
96586,40000
96587,40000
96588,59631
96589,58164
96590,75387
96591,44632
96592,42461
96593,70174
96594,86782
96595,40000
96596,107775
96597,40000
96598,44102
96599,40000
96600,85342
96601,46592
96602,71933
96603,54523
96604,70970
96605,53284
96606,40000
96607,40000
96608,40000
96609,40000
96610,50704
96611,48873
96612,49605
96613,40000
96614,55683
96615,40000
96616,44300
96617,86569
96618,58299
96619,44657
96620,40000
96621,54108
96622,58023
96623,42088
96624,40000
96625,68667
96626,40000
96627,44044
96628,41829
96629,51436
96630,82761
96631,40000
96632,40000
96633,40000
96634,40000
96635,40000
96636,51627
96637,56464
96638,40000
96639,40000
96640,72815
96641,44052
96642,43295
96643,45487
96644,56705
96645,40000
96646,44423
96647,70222
96648,69830
96649,48990
96650,76659
96651,40000
96652,43724
96653,40000
96654,40000
96655,40000
96656,62774
96657,56931
96658,66699
96659,54479
96660,50379
96661,62396
96662,71501
96663,40000
96664,50218
96665,40000
96666,40988
96667,40000
96668,45039
96669,58318
96670,86771
96671,40000
96672,51053
96673,44900
96674,63378
96675,40000
96676,40000
96677,40000
96678,40000
96679,46822
96680,42448
96681,41451
96682,46730
96683,40000
96684,40000
96685,55208
96686,53794
96687,56571
96688,40000
96689,40000
96690,40000
96691,40000
96692,40000
96693,42731
96694,40000
96695,96170
96696,44928
96697,68207
96698,40000
96699,40000
96700,75198
96701,40000
96702,58956
96703,44583
96704,42073
96705,40000
96706,40000
96707,81028
96708,40000
96709,46767
96710,42045
96711,76749
96712,55327
96713,49280
96714,40000
96715,83921
96716,45153
96717,64267
96718,40000
96719,58360
96720,40000
96721,46939
96722,66737
96723,42627
96724,65437
96725,70618
96726,40000
96727,40000
96728,40000
96729,43310
96730,40000
96731,42461
96732,40000
96733,40000
96734,57824
96735,48842
96736,40000
96737,61346
96738,65056
96739,43725
96740,51118
96741,42004
96742,40000
96743,53495
96744,40000
96745,40000
96746,77497
96747,40000
96748,40000
96749,92376
96750,72808
96751,52737
96752,40000
96753,71816
96754,40000
96755,54060
96756,44002
96757,40000
96758,40000
96759,40659
96760,58683
96761,55558
96762,41239
96763,40000
96764,101839
96765,95438
96766,40000
96767,68591
96768,40000
96769,84017
96770,68686
96771,54948
96772,51466
96773,51602
96774,40000
96775,69627
96776,53998
96777,42641
96778,40000
96779,51066
96780,48095
96781,40000
96782,60289
96783,40000
96784,40000
96785,42290
96786,40000
96787,59070
96788,40000
96789,40000
96790,50300
96791,52202
96792,76501
96793,41753
96794,50877
96795,41583
96796,61259
96797,40000
96798,40000
96799,53426
96800,58934
96801,40000
96802,62606
96803,48439
96804,40000
96805,43876
96806,63431
96807,57681
96808,40000
96809,48914
96810,42820
96811,40000
96812,49068
96813,40000
96814,54001
96815,40000
96816,40000
96817,68163
96818,40000
96819,71896
96820,59427
96821,50659
96822,52429
96823,67404
96824,54309
96825,50993
96826,75099
96827,40000
96828,41554
96829,40000
96830,52419
96831,78077
96832,51376
96833,40000
96834,40000
96835,67750
96836,45840
96837,40000
96838,77214
96839,42971
96840,43802
96841,59839
96842,40000
96843,60470
96844,40000
96845,78620
96846,63541
96847,49367
96848,40000
96849,54311
96850,40000
96851,41183
96852,57442
96853,40000
96854,40000
96855,83204
96856,72626
96857,40000
96858,41663
96859,59494
96860,71845
96861,82146
96862,40000
96863,50447
96864,71683
96865,53282
96866,44454
96867,60687
96868,40000
96869,40000
96870,40152
96871,40000
96872,40000
96873,71833
96874,57688
96875,40000
96876,40000
96877,63353
96878,40000
96879,58851
96880,72615
96881,71735
96882,40000
96883,52222
96884,40000
96885,40000
96886,64020
96887,64325
96888,40066
96889,40000
96890,40000
96891,40000
96892,60172
96893,50642
96894,56590
96895,60944
96896,72308
96897,40000
96898,40000
96899,50962
96900,40000
96901,47273
96902,49927
96903,64048
96904,51407
96905,47434
96906,42361
96907,69766
96908,53788
96909,63339
96910,73450
96911,89959
96912,56160
96913,68990
96914,64461
96915,40000
96916,40349
96917,40000
96918,40000
96919,40000
96920,40000
96921,40000
96922,70002
96923,49217
96924,41835
96925,78577
96926,70184
96927,51739
96928,63957
96929,40000
96930,84391
96931,40000
96932,93118
96933,44546
96934,44964
96935,69140
96936,87548
96937,65771
96938,50746
96939,40000
96940,40000
96941,40000
96942,43643
96943,76728
96944,55586
96945,40000
96946,59070
96947,61652
96948,40000
96949,40000
96950,56247
96951,40000
96952,62910
96953,77786
96954,40000
96955,41449
96956,59151
96957,110649
96958,52620
96959,41549
96960,40000
96961,40000
96962,40000
96963,76814
96964,40000
96965,62399
96966,58548
96967,40000
96968,57646
96969,69849
96970,48500
96971,42931
96972,44474
96973,75572
96974,80907
96975,42773
96976,40000
96977,40000
96978,40000
96979,50328
96980,41933
96981,40000
96982,53084
96983,49426
96984,70148
96985,40000
96986,70500
96987,62686
96988,50676
96989,58408
96990,40000
96991,43575
96992,53142
96993,50312
96994,40000
96995,63050
96996,61983
96997,40000
96998,58966
96999,40000
97000,42432
97001,40000
97002,40314
97003,40016
97004,59295
97005,62244
97006,40000
97007,65312
97008,55400
97009,40000
97010,40000
97011,40000
97012,64679
97013,64302
97014,40000
97015,40000
97016,40000
97017,47498
97018,44400
97019,40000
97020,53883
97021,70500
97022,40000
97023,58714
97024,40000
97025,53635
97026,57215
97027,89639
97028,77562
97029,40000
97030,42782
97031,84820
97032,53474
97033,45050
97034,55832
97035,41632
97036,59890
97037,70834
97038,56332
97039,69630
97040,43953
97041,54445
97042,51652
97043,40000
97044,44881
97045,40000
97046,48472
97047,40000
97048,40000
97049,40000
97050,40000
97051,87550
97052,59737
97053,48043
97054,40000
97055,40000
97056,42695
97057,66602
97058,53199
97059,46415
97060,41590
97061,45992
97062,40000
97063,40000
97064,40000
97065,78113
97066,40000
97067,42386
97068,75315
97069,64584
97070,83890
97071,40000
97072,53608
97073,44720
97074,77422
97075,46171
97076,80593
97077,40000
97078,84911
97079,40000
97080,47106
97081,54550
97082,40000
97083,73213
97084,56934
97085,40000
97086,40000
97087,40000
97088,63738
97089,59183
97090,72792
97091,64700
97092,63199
97093,52271
97094,40000
97095,64087
97096,40000
97097,40000
97098,42781
97099,53077
97100,40000
97101,40000
97102,78181
97103,64687
97104,60436
97105,40000
97106,58250
97107,60162
97108,56759
97109,44717
97110,66002
97111,43297
97112,40000
97113,47676
97114,59226
97115,43169
97116,42282
97117,59942
97118,82749
97119,40000
97120,45191
97121,86579
97122,76586
97123,46861
97124,50514
97125,40000
97126,64243
97127,49350
97128,40000
97129,40000
97130,60237
97131,68881
97132,40000
97133,40000
97134,67648
97135,54137
97136,42860
97137,74325
97138,40000
97139,58138
97140,78559
97141,50302
97142,42807
97143,40000
97144,40000
97145,41841
97146,55730
97147,65475
97148,40000
97149,42834
97150,100613
97151,40000
97152,63767
97153,44029
97154,54543
97155,69117
97156,86137
97157,40000
97158,40000
97159,53237
97160,65654
97161,40000
97162,40000
97163,40000
97164,63386
97165,65560
97166,45542
97167,47686
97168,40000
97169,48699
97170,55219
97171,69029
97172,73440
97173,40000
97174,79826
97175,40000
97176,40000
97177,56834
97178,40000
97179,40000
97180,40319
97181,40000
97182,86481
97183,40000
97184,40231
97185,83536
97186,40000
97187,40000
97188,51784
97189,40000
97190,42053
97191,65699
97192,40000
97193,54142
97194,56146
97195,52872
97196,58376
97197,40000
97198,40000
97199,40000
97200,59842
97201,44949
97202,40000
97203,40577
97204,44139
97205,52186
97206,90677
97207,56176
97208,58419
97209,69230
97210,40000
97211,40000
97212,40000
97213,40000
97214,40000
97215,48555
97216,92001
97217,44698
97218,57144
97219,40000
97220,40000
97221,85241
97222,40000
97223,40000
97224,57091
97225,40000
97226,42786
97227,47104
97228,44409
97229,40000
97230,40000
97231,40000
97232,40000
97233,67816
97234,42549
97235,40000
97236,76403
97237,49331
97238,50976
97239,40055
97240,73756
97241,40000
97242,49523
97243,55746
97244,69893
97245,49441
97246,40000
97247,79793
97248,40376
97249,40000
97250,54183
97251,61544
97252,40000
97253,77818
97254,40000
97255,79175
97256,48784
97257,70283
97258,40000
97259,44616
97260,46808
97261,78773
97262,63332
97263,57680
97264,59002
97265,45681
97266,48591
97267,40000
97268,40000
97269,40000
97270,44158
97271,40000
97272,40000
97273,50463
97274,74115
97275,40000
97276,59857
97277,40000
97278,40000
97279,57147
97280,58522
97281,66696
97282,58802
97283,66754
97284,40000
97285,40000
97286,57291
97287,40000
97288,67646
97289,55829
97290,40000
97291,87016
97292,57360
97293,46308
97294,40000
97295,45405
97296,40000
97297,99711
97298,41925
97299,85174
97300,67734
97301,40000
97302,40000
97303,61026
97304,61761
97305,77969
97306,45461
97307,83935
97308,40000
97309,45075
97310,40674
97311,40000
97312,41433
97313,57796
97314,40000
97315,40000
97316,67085
97317,71698
97318,59273
97319,61207
97320,64119
97321,90710
97322,40000
97323,46594
97324,40000
97325,40000
97326,40000
97327,64009
97328,55505
97329,40664
97330,40000
97331,40000
97332,80518
97333,41026
97334,67285
97335,54629
97336,57526
97337,40000
97338,40000
97339,40000
97340,82500
97341,60251
97342,65508
97343,40000
97344,51141
97345,45900
97346,40000
97347,61378
97348,98428
97349,61471
97350,49759
97351,48113
97352,40000
97353,78991
97354,40000
97355,62730
97356,58011
97357,73797
97358,41108
97359,50057
97360,56553
97361,74166
97362,40000
97363,67885
97364,40000
97365,56389
97366,42357
97367,40000
97368,59445
97369,56287
97370,40912
97371,55245
97372,57167
97373,40000
97374,54926
97375,64676
97376,40501
97377,40000
97378,70283
97379,53004
97380,85029
97381,40000
97382,59439
97383,76388
97384,40000
97385,49844
97386,59877
97387,48840
97388,46705
97389,71442
97390,40000
97391,40000
97392,40000
97393,42709
97394,44382
97395,40000
97396,40000
97397,52018
97398,40000
97399,40000
97400,47737
97401,44450
97402,85646
97403,73832
97404,64759
97405,69455
97406,59137
97407,40000
97408,82866
97409,67191
97410,40000
97411,52069
97412,40000
97413,67896
97414,40000
97415,42330
97416,40000
97417,70430
97418,48323
97419,54461
97420,52980
97421,40000
97422,53749
97423,45805
97424,58129
97425,45273
97426,40000
97427,40000
97428,68337
97429,86475
97430,62010
97431,40000
97432,47545
97433,59161
97434,47796
97435,40000
97436,50492
97437,45669
97438,40000
97439,50665
97440,55520
97441,40000
97442,40000
97443,40677
97444,40000
97445,44747
97446,48118
97447,41991
97448,40000
97449,74519
97450,47413
97451,46207
97452,40000
97453,59200
97454,91552
97455,46642
97456,54667
97457,62255
97458,53854
97459,82722
97460,40000
97461,62081
97462,40000
97463,63814
97464,40000
97465,72897
97466,91912
97467,69762
97468,85738
97469,42662
97470,40000
97471,47557
97472,40000
97473,45195
97474,48058
97475,66979
97476,40000
97477,56677
97478,53333
97479,48793
97480,56303
97481,55385
97482,51155
97483,40000
97484,40000
97485,76979
97486,63401
97487,40000
97488,74380
97489,40000
97490,52666
97491,73459
97492,76119
97493,55704
97494,40000
97495,40000
97496,66818
97497,40000
97498,40000
97499,56602
97500,44534
97501,74437
97502,65530
97503,40000
97504,40000
97505,40000
97506,74862
97507,56783
97508,73102
97509,40000
97510,40000
97511,66663
97512,40000
97513,66360
97514,40000
97515,52029
97516,45830
97517,40000
97518,53762
97519,66855
97520,40000
97521,49819
97522,68485
97523,50418
97524,40000
97525,67590
97526,40000
97527,41771
97528,69187
97529,60194
97530,40000
97531,40000
97532,40000
97533,61230
97534,46481
97535,40000
97536,40000
97537,40000
97538,40000
97539,40000
97540,40000
97541,40000
97542,40000
97543,51287
97544,58339
97545,56278
97546,40000
97547,44047
97548,46189
97549,40000
97550,40000
97551,42856
97552,51606
97553,49836
97554,59518
97555,40454
97556,48627
97557,79147
97558,47274
97559,80461
97560,41687
97561,40000
97562,71032
97563,61517
97564,66215
97565,79902
97566,50793
97567,54361
97568,40000
97569,73201
97570,55444
97571,73188
97572,61010
97573,43265
97574,57362
97575,40000
97576,40000
97577,54210
97578,40000
97579,40000
97580,40000
97581,63204
97582,61562
97583,51865
97584,56317
97585,56773
97586,55965
97587,40000
97588,50848
97589,63558
97590,78539
97591,50275
97592,40325
97593,50152
97594,47449
97595,40000
97596,40000
97597,62739
97598,48081
97599,40000
97600,72669
97601,74048
97602,44542
97603,40000
97604,40000
97605,58676
97606,40000
97607,62522
97608,53204
97609,73746
97610,59630
97611,42189
97612,54517
97613,40000
97614,52051
97615,40000
97616,55558
97617,61622
97618,41311
97619,89627
97620,40000
97621,40000
97622,61113
97623,45153
97624,61250
97625,61060
97626,60307
97627,42391
97628,40000
97629,60149
97630,40000
97631,56986
97632,40000
97633,40000
97634,75028
97635,40000
97636,53990
97637,40000
97638,63350
97639,40000
97640,66080
97641,41036
97642,40000
97643,55745
97644,59228
97645,78751
97646,40000
97647,46676
97648,49044
97649,40000
97650,40465
97651,65775
97652,55095
97653,57718
97654,53251
97655,40000
97656,54579
97657,61700
97658,82977
97659,40000
97660,42397
97661,46725
97662,66917
97663,61062
97664,46124
97665,75830
97666,58336
97667,63051
97668,55837
97669,42387
97670,58582
97671,64472
97672,66429
97673,89737
97674,72838
97675,59455
97676,49310
97677,81061
97678,47195
97679,76027
97680,40000
97681,75164
97682,41892
97683,42408
97684,44261
97685,51423
97686,40000
97687,40000
97688,40000
97689,76136
97690,40000
97691,76334
97692,54510
97693,60403
97694,45942
97695,100779
97696,67795
97697,40000
97698,42041
97699,51218
97700,40000
97701,40000
97702,43986
97703,40000
97704,53593
97705,45397
97706,51491
97707,42689
97708,53027
97709,40274
97710,40000
97711,40000
97712,40000
97713,63090
97714,55501
97715,40000
97716,56606
97717,56106
97718,40000
97719,49218
97720,90722
97721,40000
97722,40000
97723,65936
97724,40000
97725,47725
97726,56947
97727,40000
97728,73044
97729,52189
97730,40000
97731,55283
97732,40000
97733,40000
97734,45388
97735,42594
97736,50752
97737,42940
97738,43620
97739,53044
97740,65137
97741,40000
97742,40000
97743,46992
97744,40000
97745,76942
97746,52434
97747,47232
97748,44292
97749,40000
97750,44703
97751,64702
97752,61341
97753,45811
97754,55128
97755,54504
97756,58002
97757,69937
97758,40000
97759,57731
97760,74653
97761,40000
97762,46538
97763,40000
97764,70868
97765,103321
97766,49082
97767,79406
97768,83407
97769,47211
97770,68732
97771,43412
97772,73530
97773,59312
97774,40000
97775,40000
97776,60826
97777,40000
97778,40000
97779,51057
97780,80063
97781,43812
97782,40000
97783,54766
97784,66439
97785,78608
97786,45060
97787,50797
97788,78428
97789,40000
97790,40000
97791,42879
97792,40000
97793,40000
97794,40000
97795,40000
97796,52247
97797,40000
97798,55284
97799,40000
97800,66048
97801,62348
97802,72207
97803,71349
97804,48619
97805,67008
97806,47439
97807,43986
97808,68538
97809,60710
97810,40000
97811,40509
97812,40000
97813,40000
97814,40000
97815,48744
97816,40000
97817,59425
97818,40000
97819,40000
97820,61236
97821,40000
97822,47456
97823,40000
97824,40000
97825,50835
97826,93133
97827,48584
97828,57232
97829,40000
97830,92310
97831,84876
97832,40000
97833,40841
97834,56617
97835,55560
97836,43903
97837,40000
97838,100992
97839,62124
97840,40000
97841,40000
97842,40000
97843,40000
97844,48043
97845,52819
97846,55504
97847,76377
97848,79179
97849,73620
97850,40000
97851,49224
97852,72068
97853,43901
97854,40000
97855,56045
97856,40000
97857,40000
97858,47250
97859,52925
97860,63972
97861,65735
97862,70941
97863,54079
97864,40000
97865,40000
97866,40000
97867,40000
97868,40000
97869,40000
97870,54630
97871,62599
97872,59608
97873,64131
97874,40719
97875,67494
97876,60977
97877,60082
97878,63980
97879,45779
97880,55236
97881,50194
97882,71682
97883,40000
97884,61355
97885,104622
97886,40000
97887,40000
97888,43576
97889,40000
97890,68401
97891,40000
97892,51762
97893,40000
97894,54115
97895,51477
97896,63698
97897,66594
97898,40000
97899,40000
97900,51617
97901,40000
97902,48527
97903,70211
97904,40000
97905,40000
97906,51476
97907,67651
97908,40000
97909,51798
97910,44409
97911,87851
97912,53421
97913,40000
97914,47038
97915,83587
97916,43438
97917,40000
97918,66931
97919,61017
97920,40000
97921,43836
97922,77632
97923,76133
97924,53460
97925,43149
97926,40000
97927,40000
97928,40000
97929,74992
97930,43583
97931,45116
97932,50989
97933,73369
97934,59359
97935,40000
97936,40000
97937,65932
97938,69134
97939,40000
97940,52469
97941,40000
97942,53271
97943,55139
97944,40000
97945,40771
97946,40000
97947,49546
97948,40000
97949,54565
97950,40000
97951,87302
97952,57831
97953,65382
97954,50447
97955,40000
97956,40000
97957,44848
97958,40000
97959,60843
97960,40000
97961,42891
97962,94478
97963,41822
97964,40000
97965,40000
97966,41920
97967,40000
97968,50658
97969,40000
97970,67969
97971,61739
97972,40000
97973,57135
97974,40000
97975,40000
97976,40000
97977,52994
97978,73595
97979,40316
97980,40000
97981,40000
97982,40000
97983,58410
97984,62557
97985,54124
97986,51828
97987,44143
97988,48711
97989,55161
97990,45879
97991,66976
97992,40000
97993,69943
97994,55833
97995,59471
97996,53940
97997,41332
97998,40000
97999,66966
98000,40000
98001,52095
98002,71433
98003,41202
98004,40000
98005,83525
98006,40000
98007,64403
98008,71543
98009,72309
98010,40000
98011,40000
98012,40000
98013,40000
98014,40000
98015,40762
98016,41784
98017,91096
98018,50503
98019,50345
98020,40000
98021,80865
98022,63264
98023,69404
98024,72499
98025,49203
98026,40000
98027,40000
98028,40000
98029,40000
98030,77717
98031,40000
98032,51049
98033,73792
98034,52868
98035,73947
98036,49988
98037,54074
98038,40000
98039,88669
98040,50057
98041,40000
98042,40000
98043,40000
98044,44848
98045,49850
98046,45409
98047,40000
98048,63510
98049,40000
98050,40000
98051,53770
98052,47290
98053,47465
98054,52842
98055,58069
98056,67633
98057,40000
98058,40215
98059,40000
98060,78298
98061,59326
98062,58383
98063,69407
98064,40000
98065,40000
98066,42002
98067,40000
98068,50781
98069,45767
98070,40000
98071,40000
98072,40000
98073,45270
98074,61529
98075,90388
98076,69046
98077,68032
98078,40000
98079,40000
98080,90976
98081,49985
98082,49961
98083,49414
98084,40000
98085,68589
98086,47818
98087,101052
98088,83120
98089,90092
98090,50789
98091,45101
98092,64828
98093,50675
98094,40000
98095,40000
98096,40000
98097,40000
98098,40000
98099,79588
98100,40000
98101,78154
98102,74662
98103,40000
98104,68718
98105,40539
98106,71183
98107,49345
98108,40000
98109,40000
98110,65441
98111,55510
98112,40000
98113,55476
98114,40000
98115,49378
98116,40000
98117,50930
98118,43070
98119,40000
98120,54276
98121,40000
98122,52713
98123,107767
98124,49132
98125,51565
98126,57655
98127,45156
98128,81633
98129,82719
98130,40000
98131,77355
98132,67838
98133,61970
98134,46724
98135,40000
98136,79758
98137,40000
98138,64664
98139,62904
98140,40000
98141,49655
98142,40000
98143,58295
98144,73590
98145,40000
98146,40000
98147,70855
98148,51159
98149,40000
98150,40000
98151,50024
98152,40000
98153,83270
98154,42256
98155,88950
98156,82614
98157,64277
98158,40000
98159,60925
98160,40000
98161,50088
98162,45375
98163,53938
98164,40000
98165,68949
98166,40647
98167,40000
98168,40000
98169,120032
98170,50025
98171,62749
98172,40000
98173,89009
98174,54834
98175,40000
98176,44074
98177,75699
98178,49708
98179,86466
98180,45320
98181,41020
98182,42702
98183,54821
98184,40000
98185,54017
98186,53847
98187,61986
98188,44054
98189,64407
98190,72858
98191,69657
98192,72305
98193,63896
98194,40000
98195,40000
98196,40000
98197,53194
98198,41645
98199,58988
98200,40994
98201,40000
98202,55791
98203,78157
98204,47167
98205,40000
98206,54519
98207,40000
98208,40000
98209,46520
98210,40000
98211,40000
98212,40000
98213,50279
98214,46080
98215,40000
98216,40000
98217,40000
98218,79528
98219,65112
98220,47475
98221,86190
98222,40000
98223,76782
98224,61034
98225,45570
98226,59983
98227,40577
98228,40000
98229,65407
98230,40000
98231,68312
98232,40000
98233,45438
98234,51442
98235,66249
98236,54968
98237,40000
98238,41776
98239,40000
98240,62338
98241,47974
98242,40000
98243,60243
98244,40000
98245,40000
98246,40000
98247,40000
98248,47761
98249,45937
98250,62060
98251,60456
98252,46533
98253,44356
98254,45906
98255,40000
98256,40000
98257,80526
98258,40000
98259,40000
98260,40000
98261,40000
98262,57946
98263,41240
98264,40000
98265,40000
98266,60888
98267,41887
98268,49094
98269,40000
98270,56835
98271,89677
98272,50738
98273,46799
98274,45870
98275,40000
98276,56881
98277,40000
98278,40000
98279,48769
98280,40000
98281,40000
98282,49561
98283,40000
98284,40000
98285,40000
98286,63211
98287,43785
98288,43445
98289,61379
98290,46175
98291,46416
98292,67227
98293,40000
98294,74069
98295,49275
98296,51068
98297,45625
98298,63484
98299,69407
98300,94315
98301,40000
98302,40000
98303,41514
98304,83533
98305,63537
98306,58503
98307,78658
98308,65842
98309,52717
98310,59552
98311,40000
98312,40000
98313,56310
98314,84827
98315,43898
98316,48504
98317,43524
98318,40000
98319,40000
98320,55686
98321,65136
98322,83521
98323,64682
98324,42661
98325,56216
98326,42894
98327,70134
98328,41694
98329,40000
98330,78493
98331,81187
98332,57631
98333,58705
98334,66847
98335,40000
98336,42986
98337,59194
98338,40000
98339,40000
98340,46424
98341,47266
98342,41413
98343,40000
98344,40000
98345,45545
98346,40000
98347,40000
98348,40000
98349,40000
98350,74590
98351,75641
98352,72571
98353,40000
98354,74856
98355,69251
98356,40000
98357,40000
98358,53905
98359,61373
98360,44605
98361,40206
98362,73808
98363,40000
98364,51284
98365,40000
98366,40000
98367,63535
98368,44859
98369,40000
98370,40000
98371,41832
98372,83345
98373,68384
98374,40000
98375,40000
98376,40000
98377,64051
98378,40000
98379,41676
98380,41277
98381,55336
98382,81148
98383,47034
98384,54806
98385,52038
98386,46524
98387,40000
98388,66011
98389,61588
98390,40000
98391,40000
98392,52384
98393,49685
98394,57807
98395,40000
98396,40000
98397,84522
98398,52642
98399,40000
98400,49382
98401,40000
98402,40000
98403,41127
98404,58263
98405,40000
98406,40000
98407,48465
98408,40000
98409,75080
98410,64356
98411,42920
98412,40000
98413,66713
98414,40000
98415,42064
98416,40000
98417,40000
98418,56547
98419,52546
98420,48246
98421,47843
98422,50711
98423,45090
98424,40000
98425,53244
98426,67437
98427,93927
98428,88239
98429,54365
98430,61482
98431,70893
98432,40000
98433,51609
98434,89135
98435,74018
98436,40000
98437,68576
98438,57946
98439,73926
98440,59547
98441,66098
98442,60099
98443,58087
98444,71642
98445,65189
98446,40000
98447,75800
98448,61236
98449,51384
98450,40000
98451,42452
98452,40000
98453,40000
98454,51973
98455,66957
98456,44839
98457,57936
98458,47360
98459,40000
98460,58488
98461,40000
98462,48452
98463,63358
98464,52187
98465,40000
98466,40000
98467,75967
98468,40000
98469,46894
98470,40000
98471,43608
98472,40000
98473,65041
98474,66682
98475,42037
98476,40000
98477,59051
98478,40000
98479,40000
98480,40000
98481,50192
98482,47835
98483,40000
98484,50551
98485,94046
98486,63503
98487,40000
98488,40000
98489,66932
98490,71154
98491,40000
98492,40000
98493,64519
98494,40000
98495,44909
98496,81247
98497,40000
98498,40000
98499,40000
98500,47977
98501,65585
98502,46156
98503,57704
98504,40000
98505,67148
98506,66018
98507,40000
98508,48797
98509,55540
98510,40000
98511,40000
98512,66993
98513,54203
98514,79331
98515,77292
98516,51618
98517,48670
98518,40671
98519,40000
98520,59931
98521,54651
98522,40000
98523,43100
98524,51480
98525,52186
98526,40000
98527,81270
98528,48261
98529,62858
98530,63873
98531,59798
98532,51806
98533,64179
98534,55096
98535,48718
98536,40000
98537,51937
98538,45337
98539,40000
98540,40000
98541,72668
98542,71657
98543,44820
98544,40000
98545,40000
98546,51562
98547,42966
98548,53678
98549,54864
98550,53845
98551,41781
98552,40000
98553,56150
98554,40000
98555,55285
98556,40000
98557,52557
98558,40000
98559,40554
98560,40000
98561,47594
98562,59908
98563,55995
98564,61547
98565,62273
98566,40320
98567,58712
98568,40742
98569,87668
98570,55224
98571,73426
98572,40000
98573,40000
98574,40000
98575,52739
98576,40000
98577,48011
98578,47877
98579,52477
98580,74972
98581,40000
98582,43977
98583,59240
98584,48242
98585,50042
98586,40000
98587,90211
98588,40000
98589,66638
98590,40000
98591,49231
98592,40000
98593,40000
98594,41566
98595,79874
98596,40000
98597,54537
98598,66165
98599,69372
98600,40000
98601,43139
98602,40000
98603,56440
98604,40000
98605,40000
98606,45726
98607,40000
98608,63549
98609,40000
98610,58520
98611,48339
98612,59003
98613,40000
98614,72345
98615,47409
98616,56628
98617,59919
98618,40000
98619,48411
98620,40000
98621,40000
98622,40329
98623,66966
98624,40000
98625,44964
98626,40000
98627,40000
98628,40000
98629,54083
98630,45245
98631,40000
98632,40000
98633,60853
98634,40000
98635,88769
98636,45412
98637,40000
98638,40000
98639,40000
98640,45988
98641,63498
98642,75757
98643,85600
98644,43706
98645,40000
98646,40000
98647,88286
98648,44437
98649,50495
98650,46048
98651,40000
98652,40000
98653,40000
98654,59997
98655,40000
98656,62143
98657,91097
98658,65839
98659,45546
98660,40000
98661,47259
98662,40000
98663,60861
98664,53177
98665,48264
98666,56814
98667,40000
98668,40000
98669,42852
98670,91059
98671,41233
98672,40000
98673,70102
98674,51228
98675,40000
98676,41978
98677,64707
98678,63689
98679,55346
98680,52009
98681,40000
98682,40000
98683,40000
98684,62985
98685,44052
98686,60716
98687,47706
98688,49987
98689,53410
98690,61034
98691,67965
98692,52092
98693,66778
98694,40000
98695,40000
98696,40000
98697,61359
98698,58595
98699,40000
98700,45347
98701,57475
98702,40000
98703,60126
98704,40000
98705,50194
98706,40000
98707,59058
98708,52610
98709,43851
98710,40000
98711,62096
98712,48353
98713,44936
98714,42499
98715,40000
98716,40000
98717,57315
98718,49333
98719,60184
98720,40000
98721,40000
98722,78551
98723,51061
98724,52354
98725,49026
98726,40146
98727,47404
98728,54458
98729,40000
98730,40000
98731,85505
98732,40000
98733,51688
98734,40000
98735,40000
98736,79698
98737,44932
98738,40000
98739,59650
98740,40000
98741,41863
98742,44690
98743,40000
98744,55223
98745,61252
98746,43087
98747,60255
98748,40620
98749,53803
98750,46673
98751,40000
98752,52126
98753,73479
98754,40000
98755,80414
98756,60803
98757,40000
98758,43170
98759,40000
98760,40000
98761,40000
98762,43603
98763,65165
98764,54293
98765,61420
98766,69215
98767,40000
98768,40000
98769,61939
98770,40000
98771,40000
98772,40000
98773,40000
98774,58583
98775,61179
98776,40000
98777,53282
98778,43612
98779,65703
98780,40000
98781,51738
98782,40000
98783,40000
98784,58890
98785,62010
98786,52984
98787,64434
98788,40000
98789,66867
98790,40000
98791,64459
98792,42931
98793,40000
98794,54653
98795,40000
98796,72249
98797,54694
98798,77057
98799,63594
98800,43942
98801,71579
98802,40000
98803,40000
98804,40000
98805,45058
98806,56915
98807,49505
98808,57451
98809,50157
98810,61246
98811,52895
98812,58737
98813,59764
98814,85186
98815,65105
98816,40000
98817,75375
98818,40000
98819,61616
98820,52353
98821,44077
98822,70516
98823,52979
98824,70771
98825,51267
98826,40000
98827,62379
98828,48362
98829,50211
98830,59560
98831,40000
98832,40000
98833,40000
98834,86361
98835,45093
98836,40000
98837,47634
98838,70627
98839,62606
98840,40000
98841,46403
98842,40000
98843,77308
98844,40000
98845,46355
98846,40000
98847,54138
98848,40000
98849,40000
98850,53047
98851,44512
98852,56812
98853,54003
98854,43094
98855,40000
98856,40000
98857,50707
98858,60314
98859,40000
98860,87535
98861,70308
98862,40000
98863,73237
98864,45739
98865,57604
98866,40000
98867,42398
98868,40000
98869,87390
98870,50619
98871,40000
98872,40000
98873,74278
98874,89673
98875,56513
98876,40000
98877,81525
98878,40000
98879,59818
98880,53656
98881,46897
98882,40000
98883,65581
98884,40000
98885,40000
98886,40000
98887,47156
98888,40000
98889,53429
98890,76114
98891,40000
98892,58879
98893,40000
98894,49303
98895,44460
98896,73848
98897,46806
98898,40000
98899,58664
98900,44966
98901,40000
98902,61800
98903,40000
98904,50482
98905,40471
98906,40000
98907,41840
98908,58662
98909,68404
98910,40000
98911,49555
98912,83482
98913,64924
98914,43124
98915,40000
98916,68725
98917,79266
98918,40358
98919,40000
98920,40000
98921,50473
98922,40000
98923,69840
98924,55874
98925,45541
98926,71238
98927,40000
98928,64723
98929,50712
98930,55915
98931,49398
98932,40000
98933,66571
98934,40000
98935,40000
98936,47043
98937,41117
98938,46973
98939,91486
98940,58278
98941,64602
98942,52797
98943,69491
98944,40000
98945,40000
98946,40000
98947,40000
98948,49345
98949,53587
98950,86017
98951,40000
98952,40000
98953,57811
98954,44910
98955,40000
98956,61136
98957,47257
98958,70618
98959,42050
98960,66349
98961,40000
98962,58636
98963,40000
98964,40000
98965,68546
98966,53922
98967,45882
98968,52479
98969,73500
98970,46178
98971,40000
98972,92132
98973,51554
98974,48182
98975,41526
98976,47355
98977,52810
98978,55614
98979,63449
98980,40000
98981,43368
98982,41899
98983,85290
98984,42340
98985,55184
98986,40000
98987,40000
98988,40000
98989,54415
98990,45764
98991,40000
98992,59547
98993,40000
98994,73729
98995,40000
98996,52930
98997,76220
98998,90460
98999,47660
99000,40000
99001,43649
99002,65683
99003,47712
99004,40000
99005,40000
99006,53249
99007,40000
99008,67812
99009,51502
99010,54359
99011,49056
99012,44728
99013,46808
99014,68063
99015,65849
99016,70571
99017,40000
99018,44423
99019,72591
99020,56371
99021,63737
99022,52234
99023,62460
99024,40000
99025,53178
99026,66271
99027,44010
99028,66434
99029,67556
99030,58087
99031,49257
99032,40000
99033,40000
99034,40000
99035,40000
99036,40000
99037,64842
99038,57656
99039,54139
99040,87212
99041,53291
99042,52070
99043,40000
99044,50091
99045,63999
99046,40000
99047,81696
99048,63321
99049,84172
99050,78899
99051,69841
99052,43296
99053,40000
99054,52686
99055,47397
99056,74882
99057,40000
99058,61529
99059,80191
99060,40000
99061,40000
99062,40000
99063,45929
99064,75908
99065,80201
99066,86765
99067,60122
99068,40000
99069,40000
99070,52166
99071,42294
99072,60118
99073,65924
99074,40000
99075,44351
99076,69942
99077,53853
99078,62296
99079,73087
99080,56733
99081,40000
99082,40000
99083,77783
99084,40000
99085,70111
99086,40584
99087,59557
99088,92516
99089,40000
99090,40000
99091,64195
99092,40000
99093,44608
99094,40000
99095,62578
99096,53318
99097,40000
99098,40000
99099,42652
99100,51825
99101,47929
99102,41759
99103,40000
99104,40000
99105,66091
99106,40000
99107,53442
99108,40000
99109,61146
99110,57240
99111,40000
99112,73204
99113,51671
99114,40000
99115,40000
99116,47315
99117,48335
99118,44096
99119,46225
99120,40000
99121,61339
99122,40000
99123,65448
99124,40768
99125,46959
99126,40000
99127,57968
99128,42492
99129,62768
99130,40000
99131,40000
99132,68900
99133,98868
99134,88733
99135,40000
99136,40000
99137,82357
99138,45820
99139,50967
99140,40112
99141,78006
99142,53353
99143,40000
99144,40000
99145,40000
99146,63833
99147,50952
99148,82388
99149,40000
99150,46637
99151,40000
99152,67974
99153,40000
99154,40000
99155,40000
99156,40000
99157,82583
99158,69726
99159,57691
99160,50436
99161,51933
99162,40000
99163,61528
99164,40000
99165,40000
99166,47872
99167,74348
99168,51459
99169,55301
99170,40000
99171,48063
99172,63663
99173,46859
99174,40000
99175,68262
99176,40000
99177,40000
99178,55093
99179,40000
99180,55882
99181,80169
99182,57476
99183,56718
99184,40000
99185,40551
99186,40000
99187,40000
99188,72279
99189,66279
99190,70800
99191,64325
99192,51046
99193,65326
99194,61445
99195,50992
99196,63947
99197,40000
99198,71129
99199,47596
99200,56292
99201,55130
99202,40000
99203,46631
99204,51757
99205,40000
99206,40000
99207,40000
99208,41107
99209,62758
99210,40000
99211,40000
99212,59958
99213,42306
99214,52830
99215,64242
99216,55456
99217,66612
99218,72692
99219,50770
99220,42749
99221,50104
99222,50650
99223,49528
99224,61135
99225,46052
99226,42023
99227,51362
99228,55243
99229,76084
99230,66494
99231,50698
99232,40161
99233,74067
99234,52490
99235,69868
99236,40000
99237,40000
99238,55991
99239,57678
99240,59497
99241,40000
99242,40000
99243,40000
99244,57729
99245,40000
99246,71858
99247,51368
99248,62681
99249,61188
99250,75754
99251,42479
99252,46058
99253,59645
99254,50662
99255,80621
99256,51737
99257,85741
99258,43701
99259,50246
99260,40000
99261,58810
99262,49687
99263,49257
99264,40000
99265,47973
99266,40000
99267,40000
99268,56680
99269,40000
99270,48474
99271,40000
99272,61261
99273,75113
99274,40000
99275,78207
99276,85243
99277,40000
99278,40000
99279,50327
99280,47515
99281,40000
99282,72184
99283,60807
99284,42317
99285,40000
99286,58024
99287,52622
99288,65707
99289,40000
99290,40000
99291,65888
99292,40000
99293,66272
99294,49981
99295,40000
99296,70447
99297,54074
99298,53800
99299,52523
99300,64910
99301,50085
99302,40000
99303,53565
99304,40000
99305,40000
99306,40000
99307,60796
99308,66280
99309,72416
99310,46906
99311,40000
99312,45121
99313,40000
99314,43746
99315,40000
99316,73019
99317,57175
99318,51623
99319,47941
99320,52133
99321,45646
99322,40000
99323,69478
99324,46128
99325,40000
99326,47137
99327,40000
99328,40000
99329,45368
99330,59200
99331,40000
99332,58896
99333,40000
99334,48295
99335,40000
99336,95446
99337,53721
99338,52872
99339,45142
99340,40000
99341,85769
99342,67231
99343,62745
99344,67254
99345,50867
99346,43133
99347,59986
99348,58031
99349,56621
99350,48349
99351,55034
99352,40000
99353,62789
99354,40000
99355,40000
99356,48920
99357,40000
99358,56255
99359,52419
99360,44565
99361,47733
99362,69067
99363,50229
99364,40000
99365,40000
99366,44778
99367,40000
99368,61418
99369,53308
99370,87071
99371,58546
99372,60134
99373,40000
99374,48380
99375,44138
99376,40000
99377,51127
99378,55913
99379,72949
99380,60997
99381,40000
99382,61569
99383,59622
99384,40000
99385,44628
99386,40000
99387,40000
99388,71124
99389,40000
99390,52747
99391,65269
99392,53097
99393,46182
99394,59429
99395,83759
99396,50537
99397,66989
99398,46361
99399,55815
99400,66797
99401,40000
99402,40000
99403,40000
99404,73583
99405,45093
99406,47354
99407,72237
99408,51254
99409,40000
99410,63174
99411,51869
99412,40000
99413,56304
99414,77131
99415,40000
99416,42769
99417,56707
99418,40381
99419,48473
99420,53368
99421,71305
99422,67111
99423,47937
99424,45161
99425,46903
99426,40000
99427,40000
99428,54089
99429,41413
99430,40000
99431,87304
99432,53542
99433,67269
99434,40000
99435,40000
99436,40000
99437,40000
99438,75241
99439,75068
99440,62684
99441,48567
99442,65643
99443,57383
99444,45628
99445,63674
99446,55352
99447,48335
99448,42110
99449,40000
99450,45218
99451,60516
99452,56305
99453,40000
99454,66078
99455,44497
99456,53815
99457,62015
99458,43374
99459,56386
99460,46704
99461,70935
99462,46136
99463,56907
99464,40000
99465,40000
99466,40000
99467,48111
99468,73099
99469,40000
99470,56619
99471,40000
99472,50304
99473,63089
99474,63203
99475,42488
99476,40000
99477,50647
99478,79863
99479,40000
99480,77295
99481,81880
99482,40000
99483,40000
99484,76761
99485,49517
99486,40000
99487,70778
99488,71380
99489,52430
99490,40000
99491,40000
99492,54784
99493,50532
99494,41883
99495,78822
99496,40000
99497,40000
99498,80427
99499,77064
99500,53913
99501,58710
99502,57845
99503,56516
99504,58974
99505,40000
99506,56377
99507,40000
99508,62760
99509,59969
99510,40000
99511,40000
99512,56029
99513,87113
99514,40000
99515,40000
99516,45802
99517,50476
99518,66715
99519,40000
99520,47258
99521,69714
99522,40000
99523,40000
99524,49155
99525,40000
99526,91187
99527,40000
99528,40000
99529,48842
99530,68366
99531,40000
99532,88964
99533,67494
99534,66904
99535,42578
99536,59228
99537,40000
99538,40000
99539,51650
99540,70717
99541,40000
99542,40000
99543,49566
99544,40000
99545,40000
99546,88906
99547,61461
99548,85419
99549,94377
99550,42382
99551,57350
99552,47147
99553,48071
99554,63228
99555,75067
99556,40000
99557,40000
99558,62678
99559,65187
99560,40000
99561,52185
99562,45394
99563,79757
99564,56125
99565,58733
99566,40000
99567,69068
99568,40000
99569,40000
99570,40000
99571,40000
99572,40000
99573,66119
99574,40000
99575,40000
99576,75576
99577,71633
99578,66518
99579,60933
99580,62199
99581,62571
99582,40000
99583,47873
99584,40000
99585,49416
99586,70110
99587,65723
99588,80684
99589,48678
99590,86023
99591,52786
99592,56695
99593,40000
99594,51770
99595,40000
99596,78543
99597,40000
99598,73295
99599,54153
99600,53614
99601,62639
99602,59456
99603,82625
99604,43619
99605,73462
99606,70984
99607,80502
99608,42571
99609,40000
99610,40000
99611,40000
99612,40000
99613,93720
99614,46086
99615,40000
99616,75400
99617,59849
99618,40000
99619,69526
99620,40000
99621,40000
99622,44203
99623,40000
99624,40000
99625,69454
99626,76519
99627,43109
99628,40188
99629,81071
99630,48547
99631,48439
99632,44303
99633,40000
99634,81688
99635,50493
99636,53436
99637,74650
99638,40000
99639,47074
99640,62266
99641,40000
99642,42435
99643,58318
99644,74970
99645,79455
99646,40000
99647,79840
99648,40000
99649,40000
99650,46766
99651,79084
99652,40000
99653,43487
99654,58667
99655,68796
99656,55892
99657,40000
99658,41905
99659,55951
99660,40000
99661,40000
99662,64277
99663,56813
99664,47363
99665,75275
99666,90249
99667,46011
99668,50869
99669,40305
99670,65386
99671,60229
99672,55540
99673,40858
99674,80849
99675,53598
99676,40000
99677,40000
99678,51690
99679,40000
99680,67527
99681,68690
99682,41357
99683,40000
99684,47539
99685,48869
99686,59260
99687,46524
99688,61170
99689,60954
99690,40000
99691,66559
99692,40000
99693,61263
99694,50339
99695,40000
99696,51656
99697,50541
99698,60459
99699,57198
99700,40000
99701,68798
99702,40000
99703,71946
99704,83555
99705,47335
99706,84359
99707,67300
99708,81620
99709,63823
99710,59160
99711,40000
99712,40612
99713,40000
99714,75333
99715,40241
99716,55990
99717,40000
99718,65299
99719,40000
99720,40000
99721,40000
99722,40000
99723,51255
99724,53824
99725,65319
99726,65064
99727,49585
99728,40606
99729,64728
99730,40000
99731,40000
99732,63630
99733,40061
99734,40000
99735,65350
99736,40000
99737,62241
99738,89465
99739,40424
99740,80439
99741,40000
99742,62379
99743,40000
99744,48364
99745,40034
99746,61901
99747,66509
99748,40000
99749,48780
99750,68033
99751,59834
99752,51995
99753,40000
99754,84265
99755,73088
99756,58760
99757,44668
99758,81857
99759,57841
99760,40000
99761,81184
99762,40000
99763,40434
99764,40000
99765,89762
99766,63250
99767,78949
99768,46669
99769,67904
99770,40000
99771,40000
99772,48438
99773,48444
99774,59132
99775,84162
99776,69336
99777,44189
99778,75034
99779,45628
99780,43783
99781,40000
99782,47875
99783,72931
99784,63812
99785,46925
99786,40000
99787,55912
99788,40000
99789,40000
99790,40000
99791,87753
99792,109356
99793,79290
99794,40000
99795,79142
99796,71800
99797,97234
99798,40000
99799,45639
99800,40000
99801,48627
99802,54891
99803,55068
99804,58433
99805,58084
99806,41577
99807,53614
99808,40000
99809,53319
99810,74012
99811,40000
99812,40000
99813,40000
99814,47968
99815,43189
99816,42071
99817,40000
99818,40000
99819,62806
99820,70426
99821,59823
99822,40000
99823,40000
99824,40000
99825,63678
99826,40000
99827,40000
99828,40000
99829,81669
99830,40000
99831,58546
99832,99722
99833,40000
99834,40000
99835,41848
99836,71093
99837,40000
99838,43431
99839,40000
99840,43786
99841,40000
99842,89240
99843,43703
99844,45397
99845,40000
99846,93845
99847,63676
99848,59151
99849,50302
99850,40000
99851,57018
99852,40000
99853,40000
99854,50501
99855,84320
99856,54243
99857,44922
99858,40000
99859,85899
99860,49331
99861,40000
99862,40000
99863,40000
99864,58389
99865,65401
99866,40000
99867,69203
99868,40000
99869,58863
99870,70053
99871,40000
99872,57015
99873,40000
99874,55576
99875,56581
99876,40000
99877,47951
99878,62178
99879,61722
99880,50558
99881,51156
99882,48229
99883,62474
99884,53285
99885,43247
99886,40000
99887,40000
99888,40000
99889,58898
99890,40930
99891,90118
99892,40000
99893,40000
99894,56429
99895,44629
99896,54760
99897,87785
99898,52531
99899,41258
99900,89455
99901,49773
99902,40000
99903,40000
99904,57391
99905,51903
99906,60011
99907,40000
99908,47169
99909,72338
99910,61429
99911,61658
99912,40000
99913,42581
99914,40000
99915,40000
99916,40000
99917,85429
99918,40000
99919,40000
99920,53582
99921,56384
99922,40000
99923,64711
99924,73406
99925,40000
99926,55946
99927,40000
99928,52562
99929,84623
99930,53339
99931,88500
99932,54328
99933,60887
99934,45430
99935,40000
99936,58301
99937,40752
99938,43649
99939,65602
99940,45136
99941,40000
99942,52560
99943,61945
99944,40000
99945,40000
99946,51156
99947,40000
99948,50052
99949,45353
99950,88395
99951,45438
99952,40000
99953,72632
99954,40000
99955,52048
99956,40000
99957,40000
99958,59924
99959,50167
99960,57285
99961,40000
99962,87895
99963,40000
99964,40000
99965,57895
99966,70517
99967,40000
99968,58175
99969,57838
99970,44687
99971,66005
99972,79948
99973,40000
99974,78334
99975,57062
99976,52699
99977,54863
99978,50912
99979,73328
99980,40000
99981,48230
99982,40000
99983,74137
99984,67846
99985,40000
99986,41730
99987,70128
99988,69595
99989,42342
99990,47472
99991,71742
99992,58860
99993,40000
99994,48339
99995,46528
99996,40000
99997,76353
99998,42258
99999,65791
100000,41408
100001,40000
100002,40000
100003,40000
100004,79525
100005,84889
100006,42609
100007,82086
100008,40000
100009,54765
100010,54368
100011,65681
100012,40000
100013,81806
100014,40000
100015,40000
100016,72888
100017,45370
100018,57030
100019,68143
100020,40449
100021,40000
100022,58805
100023,43162
100024,70235
100025,40000
100026,66602
100027,40000
100028,50218
100029,57282
100030,55611
100031,63480
100032,40000
100033,42549
100034,90512
100035,56338
100036,40000
100037,46222
100038,48164
100039,43216
100040,64329
100041,42299
100042,84331
100043,40000
100044,42867
100045,77996
100046,40000
100047,63750
100048,40415
100049,65407
100050,44421
100051,40000
100052,40000
100053,52824
100054,45289
100055,40000
100056,40000
100057,53853
100058,47213
100059,84456
100060,51467
100061,40000
100062,61170
100063,64546
100064,40000
100065,40000
100066,45543
100067,52877
100068,53618
100069,40000
100070,40000
100071,57840
100072,40248
100073,57376
100074,40000
100075,58319
100076,40000
100077,53593
100078,40000
100079,40000
100080,40000
100081,77441
100082,40000
100083,40000
100084,67442
100085,42872
100086,68607
100087,58386
100088,68338
100089,87428
100090,54276
100091,55006
100092,44308
100093,53454
100094,92990
100095,55448
100096,40000
100097,82658
100098,40000
100099,40000
100100,56088
100101,57364
100102,40000
100103,40000
100104,94077
100105,42972
100106,49033
100107,42149
100108,78375
100109,55154
100110,50215
100111,67862
100112,76575
100113,40000
100114,40000
100115,70651
100116,63076
100117,40000
100118,51892
100119,40000
100120,40000
100121,90780
100122,40000
100123,61791
100124,45358
100125,40000
100126,40000
100127,75616
100128,82879
100129,40000
100130,59627
100131,41644
100132,40000
100133,42470
100134,83994
100135,40000
100136,40000
100137,40000
100138,43804
100139,40000
100140,44680
100141,71944
100142,74107
100143,40000
100144,92301
100145,42035
100146,59959
100147,59112
100148,84362
100149,40000
100150,56092
100151,41704
100152,40000
100153,52538
100154,40000
100155,90515
100156,40000
100157,69197
100158,40000
100159,40000
100160,50187
100161,43648
100162,40000
100163,63233
100164,59267
100165,54153
100166,70623
100167,49372
100168,48735
100169,46710
100170,70152
100171,40000
100172,59207
100173,48124
100174,40000
100175,60426
100176,56341
100177,40000
100178,91469
100179,73848
100180,63640
100181,40000
100182,66648
100183,40000
100184,77120
100185,49242
100186,49683
100187,81592
100188,40000
100189,40000
100190,40000
100191,40000
100192,40000
100193,40867
100194,40000
100195,40000
100196,40000
100197,49307
100198,40000
100199,51473
100200,40000
100201,40000
100202,40000
100203,52439
100204,77376
100205,40000
100206,75261
100207,52584
100208,69346
100209,61151
100210,65874
100211,49008
100212,84980
100213,40000
100214,40000
100215,40000
100216,40000
100217,56673
100218,60252
100219,40000
100220,58772
100221,53210
100222,71881
100223,40000
100224,40000
100225,69781
100226,40000
100227,55740
100228,64343
100229,40000
100230,75862
100231,40000
100232,45619
100233,40000
100234,62806
100235,68615
100236,40000
100237,40075
100238,79531
100239,60410
100240,44817
100241,61329
100242,57384
100243,40000
100244,65464
100245,46028
100246,65433
100247,40000
100248,64842
100249,56065
100250,40000
100251,65412
100252,66304
100253,82261
100254,65424
100255,40000
100256,40000
100257,50891
100258,61332
100259,40000
100260,47422
100261,50159
100262,56768
100263,88882
100264,40000
100265,71908
100266,40000
100267,40000
100268,40000
100269,68498
100270,48025
100271,40000
100272,58325
100273,40000
100274,67036
100275,48563
100276,40000
100277,42826
100278,46874
100279,71734
100280,40000
100281,66012
100282,74709
100283,73934
100284,66839
100285,40000
100286,57562
100287,73085
100288,55197
100289,53975
100290,40000
100291,40000
100292,47883
100293,41163
100294,40000
100295,67515
100296,40431
100297,77078
100298,45286
100299,43943
100300,40000
100301,56064
100302,79735
100303,40000
100304,72107
100305,68511
100306,42135
100307,42490
100308,55645
100309,41101
100310,45326
100311,56596
100312,40000
100313,40000
100314,41817
100315,45359
100316,70626
100317,73886
100318,40000
100319,55250
100320,40000
100321,40000
100322,40000
100323,65813
100324,40000
100325,40000
100326,40000
100327,49918
100328,40000
100329,40000
100330,72879
100331,40000
100332,40000
100333,54918
100334,40000
100335,40000
100336,40000
100337,41087
100338,54432
100339,41965
100340,71171
100341,76656
100342,58274
100343,77395
100344,57961
100345,40000
100346,40000
100347,69423
100348,54655
100349,40000
100350,40000
100351,46653
100352,42705
100353,46822
100354,51341
100355,40207
100356,44422
100357,53232
100358,40000
100359,40000
100360,42781
100361,43414
100362,40000
100363,59501
100364,40000
100365,52096
100366,40000
100367,40000
100368,40000
100369,57443
100370,51613
100371,43530
100372,40000
100373,56801
100374,40000
100375,41490
100376,64264
100377,43072
100378,76878
100379,40000
100380,58775
100381,43654
100382,53751
100383,70373
100384,42995
100385,40000
100386,40000
100387,40000
100388,40000
100389,61727
100390,61690
100391,72097
100392,84650
100393,90990
100394,87793
100395,54167
100396,42386
100397,53543
100398,40000
100399,48717
100400,60414
100401,58038
100402,40000
100403,40000
100404,73791
100405,40000
100406,67911
100407,58674
100408,44307
100409,40000
100410,48788
100411,62652
100412,62526
100413,70562
100414,40000
100415,40000
100416,51393
100417,61148
100418,55390
100419,64722
100420,40000
100421,76269
100422,40000
100423,40000
100424,51335
100425,45543
100426,40000
100427,56603
100428,60997
100429,59160
100430,40000
100431,48202
100432,40000
100433,40000
100434,40000
100435,97334
100436,83157
100437,43171
100438,41488
100439,48600
100440,40000
100441,75159
100442,50897
100443,57931
100444,74848
100445,58510
100446,40000
100447,57966
100448,64425
100449,47776
100450,61117
100451,59710
100452,58300
100453,67122
100454,68257
100455,80655
100456,52965
100457,42151
100458,69451
100459,49799
100460,58733
100461,40000
100462,55798
100463,76988
100464,52918
100465,40000
100466,57965
100467,53762
100468,42509
100469,40000
100470,40000
100471,40000
100472,66128
100473,40000
100474,47167
100475,51218
100476,76858
100477,40000
100478,40000
100479,40000
100480,40000
100481,52242
100482,54334
100483,46608
100484,41924
100485,81687
100486,83241
100487,87201
100488,88627
100489,40000
100490,40000
100491,44571
100492,84588
100493,40000
100494,40000
100495,55210
100496,40321
100497,40000
100498,47869
100499,40000
100500,61217
100501,40000
100502,44669
100503,40000
100504,55025
100505,41850
100506,40000
100507,48016
100508,40000
100509,41053
100510,40000
100511,82564
100512,43425
100513,90416
100514,52080
100515,40000
100516,40000
100517,53310
100518,53131
100519,49717
100520,46866
100521,84015
100522,40000
100523,40000
100524,52311
100525,58288
100526,47342
100527,40000
100528,40000
100529,90881
100530,46334
100531,44836
100532,45397
100533,40000
100534,95161
100535,76538
100536,71299
100537,44465
100538,48804
100539,40000
100540,40000
100541,49355
100542,60486
100543,40000
100544,40000
100545,69250
100546,66726
100547,69481
100548,40000
100549,40000
100550,41952
100551,40000
100552,40000
100553,61406
100554,74142
100555,70189
100556,40000
100557,58963
100558,80614
100559,43290
100560,40000
100561,44887
100562,40000
100563,54948
100564,88248
100565,53492
100566,40000
100567,40000
100568,58380
100569,51999
100570,71375
100571,67543
100572,56920
100573,44150
100574,83065
100575,40000
100576,65164
100577,40000
100578,40000
100579,68699
100580,42672
100581,40000
100582,53147
100583,40000
100584,72330
100585,49762
100586,89873
100587,86029
100588,40000
100589,41932
100590,92374
100591,76978
100592,40000
100593,40000
100594,40000
100595,52532
100596,45333
100597,88455
100598,40000
100599,40000
100600,57370
100601,87223
100602,62049
100603,40000
100604,68778
100605,40000
100606,40000
100607,40000
100608,40000
100609,68982
100610,51021
100611,49823
100612,53632
100613,47781
100614,40000
100615,40000
100616,40000
100617,40000
100618,55566
100619,40000
100620,44703
100621,40000
100622,60428
100623,59605
100624,48491
100625,68918
100626,59575
100627,51208
100628,83295
100629,40000
100630,40000
100631,47116
100632,40000
100633,66325
100634,43597
100635,61206
100636,50626
100637,40000
100638,58835
100639,40000
100640,53311
100641,40000
100642,53012
100643,40000
100644,84548
100645,40000
100646,40000
100647,68811
100648,40000
100649,43311
100650,40000
100651,55323
100652,71781
100653,40000
100654,40825
100655,44447
100656,58825
100657,80741
100658,73376
100659,45692
100660,40000
100661,75629
100662,56147
100663,40000
100664,40000
100665,48618
100666,42360
100667,53134
100668,55042
100669,60432
100670,40000
100671,40590
100672,40000
100673,66753
100674,50555
100675,48280
100676,55975
100677,72398
100678,40000
100679,44887
100680,65045
100681,40000
100682,49296
100683,40265
100684,53451
100685,40000
100686,75314
100687,71891
100688,52156
100689,65675
100690,52792
100691,61089
100692,67747
100693,86548
100694,59846
100695,54962
100696,54343
100697,40000
100698,45457
100699,40000
100700,77229
100701,69595
100702,40000
100703,40000
100704,85710
100705,40000
100706,60073
100707,58801
100708,46374
100709,40000
100710,40000
100711,74860
100712,61547
100713,78864
100714,46089
100715,60607
100716,40000
100717,40000
100718,71056
100719,53180
100720,45154
100721,62649
100722,47743
100723,40000
100724,42155
100725,87150
100726,58973
100727,51053
100728,40000
100729,63712
100730,54730
100731,40000
100732,56368
100733,40000
100734,52032
100735,47345
100736,40000
100737,79080
100738,59819
100739,76369
100740,45132
100741,58960
100742,45088
100743,58174
100744,40000
100745,75657
100746,40000
100747,40000
100748,69326
100749,40000
100750,40000
100751,40000
100752,40000
100753,72760
100754,60293
100755,85103
100756,47330
100757,54426
100758,40000
100759,49073
100760,40000
100761,49385
100762,54538
100763,60084
100764,40000
100765,75668
100766,63698
100767,40000
100768,40000
100769,40000
100770,88933
100771,82520
100772,50802
100773,68177
100774,72654
100775,50337
100776,40000
100777,40000
100778,40000
100779,47094
100780,45818
100781,64445
100782,48923
100783,40000
100784,46803
100785,40000
100786,40000
100787,60396
100788,48771
100789,40000
100790,44662
100791,47473
100792,58907
100793,40000
100794,89810
100795,43749
100796,40000
100797,78086
100798,72260
100799,40000
100800,95246
100801,60633
100802,50972
100803,50253
100804,59733
100805,44637
100806,59937
100807,57406
100808,68177
100809,40000
100810,77123
100811,40000
100812,40000
100813,46357
100814,48705
100815,57269
100816,52348
100817,42054
100818,40000
100819,40000
100820,40000
100821,42260
100822,40000
100823,94082
100824,40000
100825,52682
100826,57211
100827,40452
100828,46527
100829,51967
100830,45258
100831,40000
100832,40000
100833,40000
100834,54980
100835,40000
100836,40000
100837,40000
100838,40766
100839,40000
100840,40000
100841,55250
100842,40000
100843,49760
100844,48427
100845,70698
100846,41703
100847,49447
100848,62108
100849,49592
100850,46040
100851,64626
100852,40800
100853,65520
100854,40000
100855,40000
100856,56999
100857,40000
100858,49856
100859,42286
100860,42750
100861,50088
100862,55786
100863,40000
100864,40000
100865,84451
100866,40000
100867,51957
100868,67028
100869,40456
100870,40000
100871,43654
100872,51963
100873,40000
100874,48654
100875,47629
100876,51397
100877,47459
100878,85538
100879,72487
100880,40000
100881,46520
100882,46807
100883,77162
100884,44880
100885,40000
100886,40000
100887,40000
100888,40000
100889,40000
100890,68294
100891,77784
100892,69144
100893,65622
100894,85901
100895,40000
100896,74890
100897,47069
100898,40000
100899,74573
100900,40000
100901,51108
100902,41804
100903,40000
100904,55452
100905,60686
100906,40000
100907,40000
100908,40000
100909,56078
100910,41100
100911,40000
100912,54590
100913,40000
100914,42899
100915,40607
100916,58123
100917,40000
100918,60787
100919,45072
100920,40000
100921,43660
100922,62724
100923,48463
100924,44259
100925,40000
100926,40000
100927,42027
100928,40000
100929,40000
100930,50720
100931,40000
100932,58579
100933,74993
100934,41164
100935,56099
100936,44790
100937,45413
100938,40000
100939,65104
100940,65577
100941,61495
100942,58314
100943,45000
100944,48064
100945,72588
100946,75708
100947,59599
100948,40000
100949,40000
100950,77787
100951,46411
100952,59254
100953,68515
100954,76902
100955,50531
100956,80872
100957,68028
100958,43984
100959,40000
100960,49070
100961,40000
100962,45425
100963,51982
100964,45421
100965,85601
100966,55898
100967,40000
100968,40000
100969,63918
100970,70990
100971,40000
100972,62066
100973,41807
100974,40000
100975,40000
100976,51756
100977,63842
100978,52597
100979,64256
100980,52316
100981,53881
100982,40000
100983,81015
100984,40000
100985,40000
100986,40353
100987,40000
100988,40000
100989,95913
100990,40000
100991,40000
100992,58733
100993,63673
100994,40000
100995,40000
100996,40000
100997,40000
100998,82366
100999,84524
101000,51328
101001,40000
101002,49150
101003,58383
101004,65481
101005,40000
101006,40000
101007,58261
101008,67875
101009,47869
101010,45651
101011,79928
101012,40516
101013,68550
101014,66678
101015,41560
101016,40000
101017,40000
101018,61471
101019,51276
101020,63742
101021,55318
101022,48444
101023,49307
101024,68036
101025,52328
101026,40000
101027,42686
101028,44860
101029,59624
101030,47359
101031,85540
101032,55281
101033,64916
101034,42628
101035,56491
101036,40000
101037,40000
101038,45052
101039,48353
101040,40000
101041,67432
101042,43622
101043,42351
101044,40000
101045,66444
101046,40000
101047,40000
101048,40910
101049,56595
101050,40000
101051,40000
101052,40000
101053,41053
101054,41437
101055,50043
101056,51962
101057,48652
101058,40000
101059,63315
101060,47468
101061,82779
101062,40000
101063,56046
101064,40000
101065,60998
101066,64574
101067,54297
101068,40000
101069,45794
101070,54108
101071,75307
101072,49008
101073,61079
101074,47795
101075,49287
101076,50363
101077,40000
101078,42440
101079,40000
101080,75717
101081,40000
101082,46509
101083,64291
101084,40000
101085,56549
101086,65639
101087,62763
101088,45962
101089,40000
101090,40000
101091,53521
101092,40000
101093,40000
101094,64295
101095,40000
101096,40000
101097,52480
101098,54008
101099,64889
101100,40000
101101,78757
101102,56317
101103,40000
101104,45603
101105,40000
101106,47458
101107,40000
101108,51175
101109,40000
101110,49189
101111,40000
101112,40000
101113,45511
101114,78806
101115,63032
101116,40138
101117,60610
101118,40000
101119,40000
101120,40000
101121,40000
101122,43359
101123,71036
101124,72320
101125,43376
101126,70071
101127,40000
101128,41763
101129,52429
101130,63027
101131,56761
101132,49215
101133,65145
101134,40000
101135,48710
101136,58332
101137,47514
101138,40000
101139,51896
101140,76054
101141,52146
101142,40000
101143,40000
101144,47500
101145,40189
101146,40000
101147,72338
101148,40000
101149,40000
101150,68870
101151,59870
101152,63027
101153,46653
101154,40000
101155,44181
101156,41423
101157,43968
101158,86680
101159,78640
101160,52453
101161,43502
101162,45293
101163,52127
101164,56171
101165,40000
101166,53957
101167,52103
101168,40006
101169,42722
101170,50710
101171,46501
101172,101642
101173,47233
101174,40000
101175,52660
101176,47147
101177,85501
101178,40529
101179,45743
101180,75117
101181,42425
101182,40000
101183,51907
101184,40000
101185,65790
101186,50463
101187,59660
101188,54986
101189,40000
101190,43700
101191,46502
101192,49897
101193,58631
101194,42531
101195,40000
101196,47207
101197,93630
101198,53518
101199,68274
101200,54582
101201,40000
101202,40000
101203,40000
101204,40000
101205,40000
101206,55057
101207,40000
101208,40000
101209,50849
101210,40000
101211,51677
101212,40000
101213,40000
101214,55115
101215,69517
101216,40000
101217,52607
101218,56978
101219,65112
101220,48951
101221,61546
101222,56272
101223,40000
101224,40000
101225,72383
101226,68095
101227,69524
101228,81292
101229,61508
101230,85764
101231,65720
101232,40000
101233,77518
101234,77739
101235,45915
101236,79961
101237,67565
101238,44995
101239,47859
101240,84304
101241,48969
101242,83625
101243,41902
101244,40000
101245,40000
101246,64563
101247,40000
101248,40000
101249,71732
101250,67730
101251,51010
101252,41874
101253,51833
101254,52561
101255,40000
101256,40000
101257,76249
101258,51443
101259,41047
101260,42379
101261,43388
101262,45090
101263,54677
101264,96155
101265,76518
101266,47390
101267,40000
101268,73917
101269,109025
101270,40000
101271,77100
101272,53907
101273,66927
101274,42645
101275,51371
101276,62370
101277,40000
101278,52784
101279,71283
101280,51658
101281,43976
101282,69073
101283,60722
101284,99611
101285,40000
101286,40000
101287,41275
101288,40000
101289,46853
101290,78760
101291,40000
101292,57413
101293,40000
101294,47843
101295,66643
101296,56059
101297,40349
101298,89101
101299,107354
101300,61001
101301,70718
101302,40000
101303,47095
101304,46454
101305,57165
101306,40000
101307,76868
101308,49682
101309,64871
101310,44354
101311,40000
101312,40000
101313,67155
101314,40000
101315,40000
101316,79798
101317,50319
101318,40000
101319,40000
101320,47836
101321,41130
101322,40000
101323,52703
101324,88784
101325,53865
101326,76272
101327,79265
101328,40000
101329,40000
101330,60559
101331,51344
101332,40000
101333,62707
101334,53728
101335,75629
101336,40000
101337,58676
101338,41089
101339,77719
101340,40000
101341,40000
101342,73778
101343,46780
101344,40888
101345,40000
101346,61822
101347,40000
101348,55520
101349,40000
101350,42027
101351,50098
101352,52429
101353,54121
101354,47914
101355,40000
101356,56833
101357,40000
101358,49463
101359,60571
101360,63275
101361,47058
101362,52009
101363,42768
101364,53032
101365,80809
101366,40000
101367,47300
101368,66906
101369,40000
101370,50248
101371,73508
101372,44398
101373,50706
101374,58062
101375,40000
101376,40000
101377,51803
101378,52582
101379,54260
101380,65130
101381,70667
101382,53638
101383,55246
101384,40000
101385,53991
101386,40000
101387,47168
101388,62059
101389,40000
101390,40000
101391,40000
101392,48707
101393,57668
101394,55071
101395,40000
101396,53873
101397,55162
101398,93139
101399,40000
101400,64184
101401,40000
101402,52463
101403,66334
101404,62517
101405,40000
101406,40000
101407,43630
101408,40000
101409,40000
101410,73551
101411,67202
101412,59919
101413,72776
101414,50029
101415,57575
101416,59349
101417,69941
101418,45199
101419,40000
101420,48479
101421,86544
101422,43978
101423,44088
101424,46310
101425,54698
101426,85087
101427,40000
101428,59123
101429,40000
101430,40000
101431,68749
101432,43331
101433,52160
101434,63353
101435,69416
101436,55456
101437,40000
101438,40000
101439,58117
101440,64583
101441,51572
101442,40043
101443,54978
101444,46749
101445,40000
101446,40000
101447,42386
101448,40000
101449,40000
101450,41181
101451,53569
101452,67093
101453,86853
101454,68604
101455,54808
101456,77646
101457,40000
101458,74772
101459,52881
101460,65869
101461,45488
101462,72622
101463,40000
101464,56341
101465,40000
101466,62394
101467,63818
101468,40000
101469,44272
101470,40000
101471,40000
101472,61758
101473,44279
101474,40000
101475,40000
101476,40000
101477,40000
101478,61637
101479,40000
101480,40000
101481,55672
101482,82707
101483,88928
101484,61282
101485,40000
101486,69469
101487,60348
101488,76068
101489,49088
101490,43463
101491,40000
101492,50743
101493,51769
101494,40000
101495,40000
101496,54211
101497,95806
101498,52650
101499,58859
101500,45294
101501,59050
101502,74849
101503,40000
101504,49272
101505,74018
101506,40408
101507,67526
101508,45724
101509,53217
101510,40000
101511,40000
101512,53249
101513,74135
101514,44874
101515,40000
101516,59733
101517,40000
101518,47664
101519,61833
101520,61759
101521,47326
101522,50785
101523,56781
101524,40000
101525,61539
101526,77072
101527,40000
101528,40000
101529,44255
101530,49869
101531,55468
101532,40000
101533,40000
101534,40000
101535,40000
101536,75570
101537,43887
101538,66595
101539,91818
101540,48277
101541,58484
101542,67280
101543,57038
101544,59483
101545,40000
101546,60212
101547,41033
101548,54346
101549,53570
101550,51090
101551,56157
101552,40000
101553,40000
101554,52980
101555,82848
101556,40000
101557,40000
101558,46986
101559,53702
101560,52203
101561,52973
101562,63759
101563,45319
101564,67436
101565,68846
101566,54763
101567,51762
101568,88654
101569,40000
101570,40000
101571,40000
101572,54501
101573,52381
101574,40000
101575,40000
101576,40000
101577,40000
101578,53218
101579,40000
101580,40000
101581,40000
101582,42315
101583,48025
101584,85314
101585,40000
101586,48536
101587,67686
101588,53259
101589,40000
101590,53564
101591,49164
101592,90489
101593,61528
101594,53359
101595,76738
101596,72390
101597,40000
101598,80460
101599,54827
101600,40000
101601,70606
101602,51179
101603,59200
101604,55149
101605,40000
101606,45423
101607,40000
101608,71012
101609,40000
101610,40000
101611,40000
101612,100313
101613,41528
101614,40000
101615,40000
101616,40000
101617,61499
101618,55901
101619,57416
101620,40000
101621,72723
101622,53092
101623,44723
101624,40000
101625,64940
101626,40000
101627,113219
101628,75733
101629,84070
101630,40000
101631,117024
101632,62946
101633,68729
101634,40000
101635,53162
101636,40000
101637,46260
101638,51982
101639,70755
101640,40000
101641,59870
101642,48721
101643,50821
101644,40000
101645,40000
101646,40000
101647,69247
101648,40000
101649,54583
101650,55792
101651,40000
101652,40000
101653,40000
101654,55653
101655,79278
101656,70589
101657,40000
101658,45960
101659,40000
101660,44561
101661,40000
101662,42456
101663,49924
101664,40000
101665,41251
101666,40000
101667,59583
101668,67054
101669,44718
101670,40452
101671,59699
101672,40000
101673,59885
101674,66303
101675,40000
101676,66930
101677,61881
101678,59837
101679,48019
101680,53283
101681,40000
101682,40000
101683,50057
101684,62348
101685,40000
101686,69502
101687,59404
101688,40000
101689,50194
101690,75873
101691,54270
101692,40000
101693,40000
101694,40000
101695,40000
101696,59905
101697,40000
101698,62335
101699,54852
101700,68739
101701,70670
101702,40000
101703,40000
101704,40000
101705,82174
101706,51956
101707,40000
101708,40000
101709,63416
101710,40000
101711,40000
101712,40000
101713,53543
101714,63222
101715,55604
101716,40000
101717,54384
101718,40000
101719,51059
101720,57671
101721,40000
101722,41049
101723,80804
101724,70300
101725,40000
101726,40000
101727,60048
101728,44322
101729,72945
101730,52938
101731,50842
101732,40000
101733,49841
101734,71273
101735,77226
101736,75864
101737,40518
101738,40000
101739,70756
101740,43944
101741,53122
101742,65726
101743,57008
101744,60218
101745,40000
101746,41700
101747,40000
101748,43191
101749,71840
101750,40000
101751,58606
101752,44523
101753,68412
101754,45772
101755,54996
101756,70712
101757,40000
101758,55780
101759,58608
101760,40064
101761,40000
101762,44506
101763,54101
101764,50531
101765,50383
101766,40000
101767,79675
101768,58966
101769,40000
101770,46687
101771,40000
101772,40000
101773,40000
101774,41509
101775,65939
101776,40000
101777,79644
101778,40000
101779,63047
101780,40000
101781,52759
101782,40000
101783,47537
101784,40000
101785,46628
101786,40000
101787,48195
101788,40000
101789,44588
101790,62015
101791,54784
101792,57435
101793,44503
101794,40000
101795,40000
101796,75646
101797,46862
101798,40000
101799,51595
101800,40000
101801,40000
101802,71632
101803,69127
101804,63064
101805,59820
101806,67212
101807,40000
101808,42707
101809,54596
101810,65224
101811,72430
101812,40000
101813,40000
101814,45358
101815,40000
101816,41726
101817,40000
101818,40000
101819,65475
101820,40000
101821,82299
101822,50075
101823,41012
101824,62885
101825,58928
101826,44412
101827,40000
101828,49117
101829,41065
101830,62341
101831,40000
101832,86415
101833,63069
101834,42085
101835,59640
101836,48123
101837,51438
101838,45463
101839,67415
101840,40000
101841,73479
101842,40000
101843,61167
101844,51414
101845,40000
101846,74390
101847,42768
101848,77758
101849,78753
101850,51218
101851,40000
101852,46686
101853,40000
101854,51298
101855,59799
101856,76049
101857,40000
101858,40000
101859,40000
101860,64598
101861,41798
101862,49679
101863,40000
101864,40000
101865,50453
101866,40000
101867,40139
101868,44303
101869,84820
101870,54073
101871,40000
101872,40000
101873,41605
101874,40000
101875,74310
101876,76126
101877,59133
101878,69019
101879,40000
101880,88431
101881,45837
101882,40000
101883,40000
101884,40000
101885,50218
101886,40000
101887,40000
101888,40000
101889,53864
101890,78083
101891,41708
101892,55256
101893,64172
101894,43523
101895,49631
101896,43895
101897,63310
101898,56898
101899,40000
101900,40000
101901,59443
101902,58037
101903,62040
101904,40000
101905,40000
101906,82901
101907,86139
101908,40000
101909,40000
101910,64820
101911,55386
101912,40000
101913,75692
101914,99878
101915,53504
101916,59569
101917,40000
101918,43530
101919,61916
101920,63757
101921,40000
101922,40531
101923,41129
101924,71409
101925,58591
101926,40000
101927,40000
101928,41357
101929,47914
101930,73227
101931,57947
101932,46203
101933,69303
101934,54038
101935,48121
101936,40000
101937,65349
101938,65938
101939,65057
101940,71986
101941,88036
101942,40000
101943,40211
101944,69244
101945,40000
101946,47856
101947,58940
101948,49788
101949,49621
101950,40000
101951,70082
101952,56392
101953,52442
101954,62590
101955,40000
101956,60847
101957,85524
101958,40000
101959,40000
101960,41404
101961,40000
101962,40000
101963,40000
101964,60288
101965,46015
101966,62143
101967,50169
101968,57272
101969,40000
101970,46629
101971,40000
101972,53552
101973,65051
101974,42979
101975,40000
101976,44099
101977,62481
101978,60587
101979,48630
101980,40000
101981,61678
101982,55443
101983,52148
101984,40963
101985,51886
101986,40000
101987,40000
101988,40000
101989,52805
101990,80702
101991,40000
101992,62040
101993,55620
101994,59006
101995,57642
101996,40000
101997,40000
101998,48130
101999,63083
102000,56761
102001,40000
102002,40000
102003,59377
102004,40000
102005,45814
102006,44088
102007,89750
102008,40595
102009,47204
102010,60476
102011,52456
102012,40000
102013,52403
102014,40000
102015,42139
102016,45562
102017,40000
102018,40000
102019,87038
102020,45940
102021,41663
102022,40000
102023,49133
102024,58497
102025,56017
102026,49268
102027,40000
102028,63152
102029,49109
102030,40000
102031,74827
102032,84183
102033,40000
102034,52160
102035,50810
102036,40000
102037,57202
102038,78387
102039,54733
102040,40000
102041,54725
102042,43151
102043,46169
102044,40000
102045,46765
102046,89338
102047,40000
102048,51385
102049,41702
102050,62916
102051,72004
102052,40281
102053,40000
102054,40000
102055,67650
102056,40000
102057,73184
102058,40000
102059,40000
102060,40000
102061,75529
102062,58715
102063,45882
102064,40000
102065,89897
102066,40000
102067,52708
102068,67377
102069,40000
102070,40000
102071,40000
102072,40000
102073,44653
102074,40000
102075,40000
102076,40727
102077,47017
102078,103241
102079,40000
102080,40000
102081,57925
102082,40000
102083,40000
102084,40000
102085,40712
102086,40000
102087,40000
102088,53146
102089,40000
102090,40000
102091,69479
102092,45748
102093,63684
102094,50257
102095,40000
102096,46934
102097,54417
102098,41191
102099,40000
102100,87816
102101,40000
102102,41001
102103,42631
102104,48731
102105,45137
102106,58382
102107,40000
102108,46322
102109,40000
102110,58708
102111,79383
102112,81556
102113,52321
102114,68515
102115,101547
102116,70288
102117,58776
102118,56008
102119,44501
102120,50352
102121,40000
102122,66965
102123,40000
102124,47829
102125,86318
102126,40000
102127,56996
102128,40000
102129,40000
102130,40000
102131,40653
102132,73442
102133,64316
102134,64827
102135,41806
102136,40000
102137,44696
102138,40000
102139,57446
102140,64849
102141,40000
102142,40000
102143,63935
102144,40000
102145,57676
102146,70559
102147,52372
102148,76413
102149,46866
102150,47363
102151,79119
102152,55987
102153,76845
102154,40000
102155,64232
102156,59697
102157,40000
102158,65876
102159,60990
102160,61791
102161,73888
102162,40000
102163,44443
102164,40000
102165,43081
102166,67373
102167,40000
102168,69840
102169,67847
102170,82603
102171,40000
102172,40000
102173,64597
102174,48901
102175,40000
102176,40000
102177,40000
102178,40000
102179,40000
102180,51592
102181,63735
102182,50187
102183,40000
102184,71063
102185,63776
102186,65690
102187,51190
102188,60172
102189,40000
102190,40000
102191,57701
102192,55354
102193,61290
102194,46616
102195,68774
102196,58132
102197,69620
102198,40000
102199,40000
102200,40026
102201,60504
102202,57935
102203,59057
102204,40000
102205,40000
102206,86240
102207,64267
102208,40000
102209,40000
102210,40000
102211,41218
102212,40000
102213,48303
102214,57716
102215,40000
102216,54257
102217,40000
102218,40000
102219,40000
102220,40000
102221,42023
102222,50027
102223,55426
102224,72375
102225,65031
102226,72720
102227,42170
102228,59418
102229,79024
102230,67758
102231,40000
102232,44706
102233,58620
102234,56223
102235,44247
102236,67667
102237,40000
102238,54054
102239,46805
102240,63672
102241,40000
102242,40000
102243,69162
102244,42088
102245,40000
102246,40000
102247,41403
102248,84607
102249,41868
102250,40000
102251,44048
102252,40000
102253,98307
102254,40000
102255,69469
102256,80807
102257,41309
102258,73095
102259,63870
102260,69171
102261,40000
102262,40000
102263,40000
102264,47056
102265,43684
102266,56066
102267,40000
102268,40000
102269,59456
102270,47269
102271,64374
102272,57964
102273,66065
102274,59467
102275,40000
102276,54325
102277,40000
102278,51435
102279,40000
102280,40000
102281,40860
102282,46780
102283,58990
102284,51127
102285,45272
102286,46380
102287,69661
102288,43984
102289,67967
102290,52333
102291,40000
102292,61172
102293,40000
102294,105993
102295,40000
102296,45540
102297,75640
102298,40000
102299,40000
102300,57235
102301,40000
102302,40000
102303,40000
102304,50181
102305,40000
102306,83043
102307,52920
102308,56673
102309,40000
102310,51812
102311,40000
102312,79324
102313,54763
102314,40000
102315,40000
102316,40000
102317,75627
102318,46071
102319,55039
102320,40000
102321,53556
102322,40000
102323,53279
102324,48582
102325,43468
102326,46095
102327,63670
102328,51627
102329,64576
102330,40000
102331,56051
102332,41684
102333,44130
102334,67798
102335,51843
102336,40000
102337,47738
102338,54546
102339,65161
102340,69014
102341,49451
102342,40000
102343,51645
102344,56032
102345,41312
102346,89541
102347,44921
102348,40000
102349,50365
102350,40000
102351,60967
102352,56133
102353,41282
102354,40000
102355,59169
102356,45781
102357,66438
102358,53600
102359,40000
102360,40000
102361,43354
102362,48754
102363,74900
102364,73954
102365,56846
102366,40000
102367,67576
102368,65067
102369,40000
102370,51646
102371,56227
102372,98186
102373,52329
102374,49635
102375,48213
102376,40000
102377,53599
102378,41012
102379,41425
102380,65693
102381,76527
102382,80199
102383,49770
102384,40000
102385,73828
102386,40459
102387,40000
102388,65265
102389,51818
102390,40000
102391,40000
102392,40000
102393,43904
102394,40000
102395,40000
102396,51238
102397,65089
102398,54825
102399,45225
102400,40000
102401,40962
102402,40000
102403,40000
102404,40000
102405,42998
102406,55844
102407,40000
102408,40000
102409,65298
102410,82433
102411,40000
102412,40283
102413,42707
102414,54070
102415,40057
102416,54526
102417,53536
102418,40000
102419,64086
102420,66661
102421,58225
102422,40097
102423,48201
102424,55063
102425,40000
102426,51368
102427,40000
102428,40000
102429,61144
102430,69306
102431,47944
102432,52428
102433,92909
102434,49087
102435,88613
102436,40000
102437,47266
102438,52958
102439,40000
102440,76306
102441,42238
102442,56834
102443,64047
102444,54970
102445,40000
102446,40476
102447,50162
102448,42142
102449,54664
102450,66353
102451,40000
102452,64814
102453,59013
102454,47806
102455,61639
102456,46042
102457,56982
102458,64134
102459,40000
102460,80606
102461,40430
102462,40000
102463,60279
102464,42620
102465,40000
102466,40000
102467,47503
102468,40000
102469,40000
102470,71844
102471,61574
102472,40000
102473,43765
102474,40000
102475,40000
102476,50998
102477,68704
102478,58698
102479,61615
102480,49067
102481,46143
102482,52706
102483,40000
102484,40000
102485,68140
102486,40000
102487,82302
102488,66134
102489,58340
102490,60856
102491,54658
102492,40000
102493,40000
102494,59643
102495,40000
102496,40000
102497,47581
102498,55491
102499,40000
102500,40000
102501,40000
102502,40000
102503,59241
102504,40000
102505,43998
102506,45352
102507,59496
102508,40000
102509,40000
102510,67589
102511,40000
102512,49481
102513,71598
102514,63125
102515,40000
102516,64086
102517,41938
102518,40000
102519,54889
102520,40000
102521,56533
102522,51915
102523,40000
102524,79043
102525,42436
102526,40000
102527,42462
102528,58540
102529,40000
102530,40000
102531,40000
102532,43073
102533,78849
102534,59616
102535,50647
102536,40000
102537,40000
102538,43406
102539,60627
102540,69593
102541,48726
102542,40000
102543,49076
102544,48738
102545,70774
102546,40000
102547,46672
102548,40000
102549,40000
102550,67806
102551,40000
102552,40000
102553,40000
102554,59886
102555,62224
102556,52767
102557,90056
102558,40000
102559,54019
102560,40000
102561,40000
102562,83448
102563,40000
102564,62484
102565,40000
102566,46344
102567,40000
102568,40000
102569,40000
102570,41501
102571,73342
102572,48309
102573,40000
102574,51891
102575,43083
102576,40000
102577,40000
102578,40000
102579,40000
102580,50988
102581,61576
102582,51490
102583,66614
102584,69681
102585,61159
102586,67338
102587,64536
102588,77165
102589,74472
102590,60969
102591,64795
102592,61434
102593,74465
102594,40000
102595,81989
102596,77486
102597,50203
102598,68288
102599,81106
102600,67231
102601,70084
102602,44981
102603,90245
102604,40000
102605,41350
102606,40000
102607,41410
102608,40000
102609,43987
102610,40000
102611,40000
102612,41072
102613,40000
102614,40000
102615,40000
102616,40000
102617,52545
102618,47169
102619,52531
102620,45060
102621,40000
102622,61622
102623,58627
102624,81721
102625,50252
102626,63525
102627,52225
102628,40000
102629,81604
102630,65013
102631,43941
102632,40000
102633,40000
102634,44853
102635,45318
102636,53451
102637,97856
102638,60000
102639,44127
102640,45838
102641,79050
102642,57826
102643,95528
102644,40000
102645,62756
102646,40000
102647,40054
102648,73870
102649,59691
102650,40000
102651,73098
102652,69368
102653,49302
102654,50339
102655,40000
102656,48929
102657,85753
102658,115993
102659,79563
102660,43220
102661,60581
102662,111007
102663,85019
102664,40000
102665,44874
102666,81981
102667,48969
102668,40000
102669,75673
102670,48223
102671,58852
102672,65472
102673,71501
102674,40000
102675,45083
102676,40000
102677,40000
102678,58662
102679,67969
102680,40000
102681,46246
102682,71707
102683,48404
102684,40000
102685,40000
102686,40000
102687,40000
102688,40000
102689,45563
102690,40594
102691,82779
102692,66030
102693,40000
102694,52513
102695,60033
102696,49289
102697,52658
102698,40000
102699,40000
102700,40000
102701,62319
102702,40000
102703,60308
102704,64223
102705,40000
102706,45149
102707,64871
102708,54392
102709,40000
102710,40000
102711,40000
102712,69660
102713,41105
102714,40000
102715,58875
102716,48504
102717,79917
102718,43081
102719,40000
102720,72680
102721,47704
102722,50932
102723,76124
102724,59786
102725,40000
102726,45136
102727,62886
102728,59476
102729,80510
102730,40000
102731,51710
102732,57783
102733,66824
102734,60332
102735,40000
102736,59786
102737,56956
102738,40000
102739,40000
102740,40000
102741,54333
102742,51549
102743,57384
102744,51978
102745,48733
102746,40000
102747,53368
102748,40000
102749,53587
102750,73581
102751,54015
102752,40000
102753,40000
102754,48479
102755,64822
102756,40000
102757,62091
102758,40000
102759,63900
102760,77917
102761,66451
102762,40000
102763,58169
102764,75557
102765,65088
102766,40000
102767,40000
102768,40000
102769,40000
102770,40000
102771,56944
102772,44784
102773,99771
102774,40000
102775,40000
102776,48655
102777,41798
102778,49949
102779,60931
102780,60726
102781,40000
102782,42014
102783,79586
102784,77999
102785,57342
102786,40000
102787,40000
102788,70248
102789,62852
102790,54265
102791,49682
102792,98003
102793,40000
102794,45633
102795,50236
102796,59036
102797,40000
102798,40000
102799,48410
102800,40000
102801,40000
102802,76174
102803,46315
102804,65584
102805,45572
102806,94156
102807,45206
102808,48528
102809,67056
102810,69623
102811,53589
102812,61746
102813,40000
102814,63992
102815,60284
102816,42910
102817,41195
102818,41736
102819,85901
102820,63965
102821,64828
102822,40000
102823,51282
102824,98042
102825,40000
102826,53703
102827,40000
102828,40000
102829,40000
102830,47947
102831,46516
102832,40000
102833,45490
102834,72472
102835,89773
102836,42606
102837,63540
102838,100263
102839,93658
102840,41997
102841,61569
102842,55747
102843,40000
102844,40000
102845,40000
102846,40000
102847,40000
102848,51108
102849,40000
102850,66718
102851,40000
102852,53370
102853,50912
102854,57833
102855,40000
102856,40000
102857,60978
102858,42771
102859,40000
102860,67126
102861,44739
102862,40000
102863,50295
102864,40000
102865,40000
102866,56921
102867,40000
102868,72918
102869,54682
102870,48805
102871,64937
102872,59487
102873,40000
102874,56620
102875,40000
102876,75716
102877,71310
102878,43639
102879,42389
102880,67525
102881,40000
102882,47557
102883,47491
102884,90450
102885,40000
102886,53985
102887,60974
102888,40448
102889,40000
102890,64263
102891,45276
102892,77467
102893,40000
102894,40000
102895,40000
102896,40000
102897,57329
102898,43240
102899,40000
102900,40000
102901,64409
102902,40000
102903,45600
102904,64019
102905,79621
102906,68399
102907,41932
102908,58577
102909,40000
102910,77998
102911,40000
102912,40000
102913,40000
102914,76997
102915,66301
102916,69549
102917,58903
102918,40000
102919,55916
102920,49665
102921,40000
102922,53178
102923,40000
102924,40000
102925,40000
102926,57251
102927,47404
102928,55667
102929,50356
102930,40000
102931,97099
102932,49479
102933,40000
102934,40000
102935,50214
102936,47009
102937,60092
102938,40000
102939,40000
102940,52195
102941,47614
102942,69181
102943,40000
102944,48531
102945,44172
102946,64803
102947,40000
102948,40000
102949,58829
102950,40000
102951,40145
102952,40000
102953,53852
102954,54028
102955,65067
102956,40000
102957,40000
102958,68077
102959,40000
102960,40000
102961,40000
102962,113013
102963,40000
102964,40000
102965,74168
102966,43282
102967,40000
102968,53474
102969,86270
102970,40000
102971,60134
102972,40000
102973,40000
102974,60024
102975,51288
102976,40000
102977,77438
102978,87861
102979,40000
102980,40000
102981,58433
102982,40000
102983,40000
102984,53348
102985,40000
102986,41010
102987,52141
102988,40000
102989,51041
102990,41846
102991,40000
102992,78257
102993,51044
102994,40000
102995,40000
102996,60588
102997,56612
102998,40000
102999,58611
103000,46512
103001,40070
103002,48661
103003,40000
103004,52558
103005,69015
103006,40000
103007,45076
103008,69409
103009,40000
103010,40000
103011,91628
103012,49942
103013,80746
103014,52918
103015,90342
103016,40000
103017,40000
103018,75841
103019,59255
103020,40000
103021,67281
103022,93932
103023,46427
103024,40000
103025,57294
103026,75597
103027,40000
103028,50009
103029,57835
103030,46883
103031,52542
103032,47603
103033,49519
103034,48480
103035,67622
103036,71206
103037,60127
103038,47024
103039,83806
103040,40000
103041,40000
103042,70417
103043,54566
103044,40000
103045,79943
103046,40000
103047,60330
103048,80917
103049,62206
103050,76426
103051,40000
103052,60344
103053,51866
103054,85051
103055,40000
103056,59526
103057,40000
103058,56772
103059,49110
103060,60687
103061,40000
103062,40000
103063,47455
103064,79364
103065,51310
103066,47698
103067,67471
103068,40000
103069,50086
103070,93683
103071,40000
103072,54381
103073,55646
103074,40000
103075,49198
103076,78228
103077,61875
103078,48146
103079,57347
103080,64550
103081,50384
103082,40000
103083,45426
103084,40000
103085,73892
103086,40000
103087,64980
103088,73413
103089,81246
103090,40000
103091,40000
103092,63906
103093,56218
103094,40000
103095,70792
103096,40000
103097,63219
103098,84183
103099,43718
103100,54130
103101,62675
103102,40000
103103,46360
103104,46365
103105,68766
103106,70904
103107,40000
103108,53660
103109,40000
103110,40000
103111,41901
103112,47729
103113,40000
103114,40000
103115,40000
103116,40000
103117,45992
103118,40571
103119,49281
103120,40000
103121,40000
103122,58743
103123,40000
103124,78825
103125,66573
103126,40000
103127,46201
103128,40000
103129,40000
103130,57225
103131,40618
103132,40000
103133,67758
103134,40000
103135,40000
103136,41693
103137,40000
103138,40000
103139,56057
103140,40000
103141,59335
103142,40000
103143,41529
103144,44483
103145,61299
103146,40000
103147,87125
103148,40000
103149,66298
103150,40000
103151,61410
103152,52874
103153,52920
103154,84170
103155,40000
103156,71706
103157,48189
103158,61008
103159,40000
103160,57135
103161,40000
103162,40000
103163,54764
103164,66173
103165,54118
103166,40000
103167,52332
103168,59496
103169,40000
103170,60295
103171,55015
103172,40000
103173,40000
103174,40000
103175,55692
103176,88569
103177,48434
103178,60955
103179,76589
103180,40000
103181,40000
103182,40000
103183,70510
103184,40000
103185,71856
103186,54996
103187,46239
103188,40000
103189,74902
103190,40000
103191,41683
103192,48878
103193,40888
103194,40000
103195,46273
103196,40000
103197,47755
103198,65725
103199,54411
103200,72322
103201,63780
103202,40000
103203,40000
103204,52355
103205,44250
103206,40000
103207,40000
103208,63048
103209,46143
103210,40000
103211,40000
103212,43536
103213,69470
103214,48039
103215,87056
103216,48887
103217,40000
103218,48054
103219,69296
103220,67709
103221,40000
103222,48277
103223,49621
103224,40000
103225,62991
103226,40000
103227,40000
103228,40000
103229,64440
103230,40000
103231,40000
103232,40000
103233,40000
103234,91181
103235,65899
103236,79294
103237,40000
103238,40000
103239,40000
103240,66849
103241,59501
103242,54654
103243,53384
103244,40000
103245,40000
103246,45135
103247,67083
103248,40000
103249,40000
103250,57569
103251,61449
103252,40000
103253,61338
103254,81437
103255,65925
103256,40000
103257,48522
103258,40000
103259,40000
103260,53916
103261,71290
103262,51557
103263,51157
103264,40000
103265,40000
103266,59089
103267,46731
103268,40000
103269,60129
103270,53744
103271,40000
103272,40000
103273,78409
103274,40000
103275,54843
103276,88765
103277,40000
103278,48083
103279,57429
103280,42900
103281,40000
103282,40000
103283,51877
103284,40000
103285,40000
103286,40000
103287,47830
103288,40000
103289,89908
103290,51577
103291,40000
103292,40000
103293,40000
103294,40000
103295,70026
103296,40000
103297,78906
103298,53130
103299,40000
103300,54753
103301,40000
103302,40552
103303,40000
103304,56053
103305,68252
103306,40000
103307,40000
103308,55970
103309,54555
103310,66244
103311,46452
103312,43591
103313,48931
103314,40000
103315,61593
103316,45189
103317,52067
103318,69614
103319,56324
103320,55467
103321,51499
103322,74785
103323,55426
103324,56899
103325,47890
103326,40000
103327,45262
103328,40000
103329,66747
103330,43364
103331,40000
103332,81180
103333,70197
103334,78584
103335,62853
103336,46158
103337,53196
103338,40000
103339,40000
103340,63339
103341,60128
103342,40000
103343,43811
103344,68040
103345,42022
103346,62147
103347,72074
103348,63921
103349,44988
103350,40000
103351,56479
103352,77606
103353,47076
103354,58633
103355,40000
103356,40000
103357,42755
103358,62439
103359,40000
103360,40000
103361,40000
103362,67172
103363,65408
103364,45395
103365,51863
103366,60314
103367,48288
103368,52996
103369,87791
103370,51224
103371,78990
103372,40000
103373,40000
103374,77407
103375,76982
103376,46204
103377,40000
103378,84073
103379,82241
103380,40000
103381,44939
103382,40000
103383,83033
103384,40000
103385,40000
103386,40359
103387,51988
103388,60237
103389,53791
103390,40000
103391,45318
103392,44207
103393,40364
103394,47442
103395,40000
103396,51727
103397,59346
103398,77932
103399,42855
103400,90780
103401,52733
103402,40000
103403,40000
103404,56870
103405,54667
103406,79045
103407,40000
103408,40000
103409,61403
103410,40000
103411,54873
103412,40000
103413,40000
103414,83931
103415,60614
103416,54687
103417,40000
103418,40000
103419,46475
103420,57768
103421,56048
103422,42519
103423,41916
103424,40000
103425,40000
103426,68664
103427,49747
103428,60484
103429,51130
103430,40000
103431,40000
103432,40000
103433,40000
103434,40000
103435,46549
103436,59715
103437,55220
103438,60538
103439,63326
103440,53830
103441,54407
103442,40000
103443,81630
103444,55701
103445,52785
103446,72314
103447,40063
103448,59355
103449,40000
103450,57448
103451,40000
103452,61335
103453,43505
103454,77978
103455,40000
103456,51345
103457,58409
103458,40000
103459,45678
103460,55681
103461,40000
103462,73607
103463,40000
103464,53725
103465,40000
103466,59689
103467,69893
103468,50669
103469,40000
103470,69253
103471,40000
103472,48278
103473,65669
103474,74755
103475,40000
103476,55010
103477,73525
103478,56123
103479,40000
103480,51511
103481,58528
103482,40000
103483,62712
103484,57461
103485,63969
103486,45652
103487,40000
103488,40000
103489,40000
103490,40000
103491,48199
103492,70206
103493,63789
103494,64120
103495,50382
103496,47821
103497,40000
103498,54611
103499,40000
103500,58297
103501,79430
103502,40000
103503,40000
103504,60597
103505,76990
103506,60478
103507,40000
103508,48145
103509,42495
103510,52151
103511,80096
103512,40000
103513,40000
103514,72844
103515,53951
103516,55852
103517,73930
103518,52203
103519,50782
103520,54047
103521,48190
103522,63106
103523,45367
103524,40000
103525,73237
103526,40000
103527,55938
103528,67685
103529,47841
103530,49364
103531,48375
103532,40000
103533,40000
103534,101027
103535,57557
103536,77767
103537,79395
103538,45573
103539,57511
103540,40000
103541,40000
103542,40000
103543,66934
103544,49630
103545,80974
103546,76865
103547,69275
103548,40000
103549,71017
103550,80602
103551,55345
103552,78015
103553,47164
103554,50566
103555,71362
103556,63192
103557,51916
103558,68004
103559,49096
103560,40000
103561,92880
103562,48109
103563,40001
103564,59091
103565,52148
103566,41852
103567,62521
103568,40000
103569,40000
103570,40000
103571,87370
103572,50584
103573,63857
103574,57935
103575,60804
103576,40000
103577,40000
103578,65509
103579,40000
103580,40000
103581,40000
103582,50090
103583,50256
103584,40000
103585,58728
103586,42217
103587,40000
103588,69407
103589,80369
103590,65275
103591,69105
103592,49428
103593,40000
103594,41500
103595,68103
103596,40000
103597,83615
103598,40000
103599,72138
103600,40000
103601,68683
103602,40000
103603,40000
103604,42184
103605,51576
103606,48382
103607,69271
103608,78600
103609,87415
103610,40000
103611,40000
103612,40000
103613,57880
103614,57395
103615,57205
103616,50800
103617,66624
103618,51225
103619,40000
103620,64939
103621,45719
103622,59601
103623,58071
103624,52538
103625,50104
103626,60914
103627,56053
103628,66935
103629,43450
103630,69223
103631,59513
103632,64996
103633,40000
103634,40000
103635,40000
103636,40000
103637,70335
103638,40000
103639,44698
103640,40000
103641,56711
103642,69220
103643,85087
103644,65011
103645,49810
103646,71719
103647,52967
103648,47857
103649,41671
103650,40000
103651,47225
103652,75622
103653,44356
103654,40000
103655,40000
103656,69207
103657,40000
103658,40243
103659,62404
103660,64503
103661,40000
103662,73343
103663,40000
103664,71497
103665,63183
103666,40000
103667,40000
103668,40000
103669,51293
103670,66848
103671,40000
103672,40000
103673,40000
103674,60834
103675,40000
103676,62128
103677,40000
103678,40791
103679,82221
103680,54319
103681,40000
103682,46159
103683,72081
103684,40634
103685,49153
103686,81994
103687,62826
103688,63017
103689,79809
103690,47536
103691,40000
103692,50492
103693,77789
103694,50124
103695,40000
103696,47138
103697,49496
103698,40000
103699,40000
103700,40000
103701,40000
103702,62779
103703,46355
103704,99208
103705,49013
103706,40000
103707,40000
103708,40000
103709,40000
103710,40000
103711,40000
103712,78168
103713,40000
103714,51177
103715,40000
103716,53712
103717,40000
103718,48041
103719,71260
103720,63612
103721,47886
103722,40000
103723,40000
103724,45637
103725,90261
103726,72500
103727,40000
103728,41799
103729,59061
103730,66732
103731,40000
103732,54085
103733,58383
103734,53482
103735,40000
103736,47025
103737,57313
103738,46572
103739,40000
103740,55167
103741,40000
103742,45922
103743,53234
103744,68728
103745,77508
103746,46916
103747,57739
103748,40000
103749,40000
103750,59969
103751,49984
103752,40000
103753,40000
103754,43578
103755,40000
103756,40000
103757,50856
103758,44673
103759,47687
103760,78548
103761,40000
103762,40000
103763,66193
103764,73862
103765,45077
103766,60020
103767,53404
103768,40076
103769,70332
103770,40500
103771,54846
103772,40000
103773,40000
103774,40000
103775,73958
103776,75817
103777,57777
103778,50860
103779,52127
103780,75697
103781,70186
103782,85804
103783,45642
103784,40000
103785,57384
103786,60815
103787,75987
103788,55697
103789,56616
103790,60015
103791,58542
103792,45070
103793,70625
103794,53808
103795,57876
103796,40000
103797,51191
103798,40000
103799,82834
103800,41825
103801,49534
103802,52720
103803,68695
103804,97600
103805,57586
103806,47685
103807,74079
103808,54148
103809,50223
103810,43643
103811,40000
103812,40000
103813,41655
103814,58452
103815,78442
103816,77949
103817,46017
103818,40000
103819,61041
103820,60292
103821,47056
103822,44924
103823,92837
103824,46903
103825,69756
103826,49777
103827,64702
103828,90003
103829,40000
103830,42488
103831,40000
103832,40000
103833,52703
103834,40000
103835,53360
103836,60712
103837,55047
103838,76713
103839,48349
103840,83974
103841,68460
103842,40000
103843,68018
103844,44457
103845,44388
103846,40000
103847,54428
103848,65757
103849,58511
103850,48712
103851,40000
103852,44206
103853,62886
103854,40000
103855,46663
103856,61082
103857,83536
103858,64256
103859,52282
103860,52114
103861,70642
103862,40000
103863,63829
103864,45309
103865,40000
103866,40000
103867,58088
103868,64124
103869,40000
103870,58054
103871,40000
103872,47407
103873,85495
103874,40000
103875,40000
103876,40000
103877,40000
103878,40000
103879,40094
103880,40000
103881,81099
103882,79648
103883,58036
103884,40000
103885,89317
103886,53918
103887,68958
103888,43786
103889,77616
103890,52021
103891,65317
103892,45599
103893,40000
103894,66262
103895,55481
103896,54330
103897,68733
103898,89803
103899,52759
103900,40144
103901,48961
103902,40000
103903,40000
103904,42165
103905,55945
103906,72717
103907,60119
103908,57974
103909,40000
103910,42787
103911,47598
103912,63987
103913,50892
103914,56581
103915,58479
103916,82531
103917,80838
103918,42579
103919,85241
103920,48737
103921,57929
103922,40000
103923,55201
103924,82883
103925,76515
103926,83559
103927,40000
103928,58193
103929,40000
103930,40000
103931,40000
103932,80137
103933,40000
103934,55141
103935,66244
103936,45650
103937,40772
103938,40000
103939,74770
103940,49367
103941,41941
103942,59863
103943,40000
103944,49668
103945,40000
103946,40000
103947,59044
103948,66252
103949,65680
103950,40000
103951,40000
103952,52861
103953,40000
103954,50541
103955,51850
103956,85050
103957,81483
103958,73480
103959,68704
103960,40000
103961,40000
103962,40000
103963,40000
103964,40000
103965,85514
103966,41833
103967,61835
103968,75729
103969,40000
103970,40000
103971,40000
103972,40000
103973,76568
103974,40000
103975,44390
103976,40000
103977,59905
103978,44177
103979,50893
103980,40000
103981,40000
103982,41167
103983,44426
103984,40000
103985,40000
103986,78501
103987,69354
103988,76665
103989,44090
103990,93599
103991,82237
103992,40000
103993,51863
103994,40000
103995,53947
103996,40000
103997,47269
103998,61398
103999,40000
104000,45261
104001,40000
104002,74271
104003,47913
104004,40000
104005,40000
104006,40000
104007,49888
104008,45970
104009,40000
104010,57621
104011,68704
104012,47527
104013,40000
104014,48888
104015,61689
104016,45041
104017,55056
104018,50289
104019,74477
104020,63080
104021,40000
104022,44414
104023,40000
104024,40000
104025,47139
104026,53178
104027,75510
104028,40000
104029,78220
104030,40000
104031,40000
104032,74761
104033,40000
104034,84907
104035,77134
104036,45549
104037,52667
104038,49409
104039,42003
104040,62478
104041,40000
104042,59990
104043,46283
104044,64723
104045,67073
104046,40000
104047,40000
104048,62326
104049,44000
104050,60318
104051,42915
104052,72960
104053,60118
104054,51886
104055,40000
104056,42211
104057,47697
104058,40000
104059,48408
104060,40000
104061,49884
104062,48143
104063,40000
104064,55942
104065,68722
104066,40000
104067,40000
104068,40000
104069,40000
104070,51661
104071,95819
104072,63378
104073,79549
104074,40000
104075,62558
104076,63776
104077,61846
104078,67232
104079,40000
104080,92360
104081,54841
104082,74307
104083,61048
104084,73493
104085,48810
104086,40000
104087,40000
104088,54442
104089,61506
104090,40000
104091,88769
104092,48196
104093,50592
104094,49509
104095,55636
104096,40000
104097,75825
104098,40000
104099,59258
104100,58205
104101,40000
104102,46907
104103,58970
104104,40000
104105,61810
104106,54079
104107,54467
104108,56646
104109,109056
104110,100525
104111,42749
104112,82456
104113,55784
104114,40592
104115,74559
104116,42864
104117,40000
104118,65866
104119,40000
104120,40000
104121,52552
104122,40000
104123,40000
104124,43137
104125,73304
104126,40000
104127,49793
104128,48255
104129,40000
104130,40000
104131,40000
104132,40000
104133,92751
104134,40000
104135,80914
104136,40000
104137,58385
104138,40000
104139,40000
104140,46765
104141,45527
104142,40000
104143,40000
104144,40000
104145,40000
104146,77375
104147,85216
104148,40000
104149,44008
104150,41109
104151,40000
104152,62003
104153,40000
104154,59276
104155,77925
104156,64059
104157,54033
104158,44781
104159,85051
104160,57764
104161,62598
104162,40000
104163,49990
104164,51750
104165,44572
104166,40000
104167,40000
104168,54185
104169,40000
104170,50492
104171,40000
104172,41988
104173,40288
104174,40000
104175,72614
104176,40000
104177,40000
104178,65126
104179,40000
104180,40000
104181,40000
104182,49380
104183,47865
104184,40000
104185,59030
104186,40000
104187,40000
104188,41707
104189,47311
104190,59437
104191,51436
104192,40000
104193,58655
104194,49896
104195,63072
104196,40000
104197,50511
104198,40000
104199,61331
104200,41845
104201,48774
104202,40000
104203,72926
104204,56345
104205,42526
104206,56845
104207,103360
104208,85866
104209,40000
104210,40000
104211,75010
104212,54803
104213,57631
104214,40000
104215,76048
104216,41982
104217,40000
104218,58187
104219,64708
104220,51629
104221,48877
104222,40000
104223,71987
104224,52484
104225,57748
104226,40000
104227,53488
104228,53779
104229,47659
104230,40000
104231,70936
104232,40000
104233,43781
104234,44071
104235,45662
104236,51620
104237,91484
104238,90560
104239,40000
104240,40000
104241,57717
104242,56570
104243,86041
104244,40000
104245,55919
104246,40000
104247,64725
104248,40000
104249,52837
104250,75992
104251,62102
104252,40000
104253,40000
104254,50220
104255,40000
104256,44844
104257,40486
104258,79783
104259,40000
104260,65244
104261,50022
104262,42576
104263,40000
104264,40000
104265,40000
104266,42290
104267,55836
104268,40580
104269,40000
104270,46818
104271,40000
104272,77807
104273,61887
104274,48768
104275,40000
104276,55869
104277,40000
104278,40000
104279,42087
104280,40000
104281,40000
104282,40000
104283,46024
104284,51998
104285,70287
104286,70020
104287,42227
104288,40361
104289,40000
104290,43289
104291,40000
104292,45697
104293,44810
104294,46683
104295,41947
104296,56904
104297,40000
104298,84092
104299,63073
104300,48676
104301,43109
104302,40000
104303,61503
104304,52699
104305,65387
104306,70854
104307,71572
104308,40000
104309,47980
104310,96496
104311,71986
104312,74364
104313,40000
104314,44750
104315,40000
104316,43226
104317,46658
104318,45176
104319,65147
104320,40000
104321,40000
104322,41661
104323,70394
104324,59351
104325,70495
104326,52612
104327,60798
104328,57862
104329,40000
104330,55188
104331,51645
104332,84028
104333,75192
104334,46605
104335,65374
104336,41393
104337,40000
104338,66602
104339,44506
104340,80931
104341,46439
104342,57227
104343,47383
104344,69361
104345,40000
104346,48607
104347,56513
104348,56572
104349,71539
104350,40000
104351,45585
104352,59241
104353,80133
104354,54451
104355,40000
104356,49966
104357,40000
104358,40000
104359,51217
104360,40000
104361,40000
104362,40000
104363,66971
104364,95635
104365,40000
104366,40000
104367,63339
104368,49882
104369,74877
104370,61023
104371,54147
104372,66957
104373,40000
104374,91391
104375,60494
104376,40000
104377,47361
104378,57900
104379,43245
104380,40000
104381,70641
104382,79004
104383,70016
104384,40000
104385,40000
104386,40000
104387,55229
104388,49275
104389,40000
104390,40000
104391,40000
104392,80645
104393,60059
104394,80990
104395,41356
104396,43550
104397,57369
104398,53797
104399,40000
104400,50165
104401,62599
104402,74547
104403,49896
104404,73443
104405,83781
104406,40276
104407,50799
104408,73295
104409,45830
104410,40000
104411,40000
104412,55722
104413,41082
104414,81187
104415,69894
104416,40000
104417,40000
104418,40000
104419,52906
104420,51650
104421,76772
104422,84722
104423,83899
104424,65692
104425,54529
104426,49156
104427,87992
104428,52926
104429,57535
104430,62219
104431,45628
104432,62375
104433,94833
104434,62301
104435,41518
104436,53251
104437,69666
104438,40000
104439,63285
104440,40000
104441,44055
104442,42683
104443,40000
104444,61274
104445,54869
104446,50197
104447,40000
104448,41031
104449,75496
104450,66673
104451,54933
104452,40000
104453,40000
104454,41539
104455,67566
104456,40000
104457,50526
104458,63404
104459,40000
104460,56178
104461,59698
104462,51689
104463,70426
104464,40000
104465,68495
104466,46757
104467,40000
104468,70761
104469,83557
104470,40000
104471,44228
104472,40000
104473,41821
104474,67497
104475,59047
104476,50912
104477,40000
104478,46511
104479,60935
104480,87795
104481,47432
104482,41679
104483,55795
104484,77562
104485,50286
104486,40217
104487,42575
104488,42046
104489,59227
104490,48636
104491,40000
104492,40000
104493,47462
104494,51864
104495,60304
104496,43679
104497,48915
104498,40000
104499,65485
104500,40000
104501,54710
104502,56210
104503,40000
104504,44682
104505,40000
104506,66564
104507,61039
104508,58000
104509,69135
104510,74238
104511,83425
104512,64816
104513,65678
104514,40000
104515,81676
104516,40773
104517,66270
104518,40000
104519,52662
104520,76708
104521,51938
104522,75536
104523,62637
104524,40000
104525,41106
104526,40000
104527,40000
104528,54664
104529,54637
104530,67518
104531,40000
104532,46732
104533,51070
104534,40000
104535,52641
104536,74153
104537,43916
104538,103435
104539,69304
104540,55422
104541,40000
104542,73985
104543,47748
104544,72022
104545,41941
104546,40017
104547,40000
104548,40000
104549,53559
104550,40000
104551,64188
104552,76899
104553,40000
104554,40000
104555,46362
104556,74906
104557,75651
104558,40292
104559,40000
104560,50736
104561,40000
104562,50611
104563,57539
104564,61642
104565,45698
104566,41978
104567,40000
104568,40000
104569,40000
104570,40000
104571,40000
104572,74133
104573,90165
104574,73533
104575,55022
104576,64715
104577,40000
104578,49455
104579,40147
104580,60137
104581,66830
104582,61790
104583,103923
104584,63351
104585,83327
104586,40000
104587,41600
104588,53531
104589,78756
104590,65323
104591,59568
104592,69015
104593,40000
104594,55997
104595,43419
104596,63935
104597,40000
104598,40000
104599,65888
104600,68888
104601,40000
104602,40000
104603,51662
104604,50811
104605,40000
104606,52339
104607,62188
104608,67721
104609,48064
104610,61345
104611,51566
104612,48600
104613,40000
104614,61360
104615,40000
104616,55735
104617,46346
104618,70325
104619,43641
104620,59742
104621,40000
104622,63810
104623,40000
104624,60923
104625,40000
104626,40000
104627,87098
104628,40000
104629,40000
104630,42422
104631,40000
104632,49931
104633,55761
104634,40000
104635,40000
104636,47051
104637,59793
104638,77044
104639,40000
104640,41338
104641,40000
104642,42979
104643,64474
104644,49794
104645,52618
104646,61573
104647,62788
104648,88195
104649,40000
104650,40603
104651,54612
104652,49666
104653,53752
104654,40000
104655,43425
104656,57530
104657,72068
104658,52965
104659,42428
104660,46522
104661,40000
104662,40000
104663,40000
104664,52489
104665,40000
104666,79094
104667,40000
104668,43145
104669,40000
104670,40000
104671,74077
104672,40000
104673,81932
104674,44232
104675,53390
104676,46640
104677,40000
104678,69684
104679,46416
104680,40754
104681,40000
104682,60251
104683,60756
104684,45712
104685,45899
104686,57801
104687,40000
104688,81609
104689,40000
104690,52025
104691,81678
104692,52982
104693,112334
104694,55865
104695,61013
104696,40000
104697,40000
104698,48896
104699,40000
104700,42016
104701,41979
104702,55887
104703,40000
104704,44253
104705,62379
104706,52257
104707,71762
104708,63228
104709,40000
104710,88948
104711,54612
104712,73843
104713,53124
104714,40000
104715,77362
104716,40000
104717,60687
104718,44493
104719,58945
104720,41918
104721,40000
104722,52894
104723,40000
104724,54193
104725,75369
104726,46532
104727,69354
104728,46556
104729,40000
104730,75494
104731,40000
104732,82058
104733,86283
104734,40000
104735,67718
104736,43181
104737,80615
104738,79193
104739,48454
104740,74510
104741,69899
104742,40000
104743,40000
104744,40000
104745,40000
104746,40000
104747,53046
104748,40000
104749,46283
104750,73903
104751,81827
104752,69228
104753,40000
104754,51824
104755,48669
104756,41716
104757,40000
104758,40000
104759,68787
104760,40000
104761,67202
104762,103369
104763,49283
104764,40000
104765,65293
104766,71963
104767,44001
104768,63427
104769,40000
104770,64594
104771,40000
104772,63539
104773,40000
104774,40000
104775,51902
104776,60474
104777,53529
104778,48018
104779,71875
104780,42428
104781,40000
104782,40238
104783,46818
104784,80022
104785,40000
104786,40965
104787,47026
104788,40000
104789,78154
104790,44195
104791,77086
104792,40000
104793,40000
104794,40000
104795,55136
104796,40000
104797,42842
104798,40000
104799,56222
104800,67691
104801,44627
104802,83235
104803,87503
104804,80062
104805,40000
104806,46494
104807,51208
104808,56258
104809,55414
104810,41176
104811,40000
104812,75881
104813,46411
104814,44702
104815,72840
104816,40000
104817,77214
104818,40000
104819,78003
104820,46584
104821,53215
104822,61618
104823,40000
104824,50040
104825,53797
104826,48511
104827,56683
104828,60371
104829,44573
104830,46536
104831,40000
104832,53270
104833,46843
104834,40000
104835,55848
104836,68074
104837,59126
104838,40000
104839,74818
104840,56154
104841,40000
104842,42041
104843,51534
104844,43748
104845,54489
104846,82156
104847,40000
104848,62798
104849,74270
104850,60640
104851,43872
104852,52882
104853,49572
104854,40000
104855,40000
104856,49647
104857,40000
104858,85538
104859,46798
104860,70859
104861,40000
104862,47067
104863,70610
104864,46890
104865,40646
104866,83471
104867,69380
104868,48758
104869,40000
104870,94450
104871,40000
104872,40000
104873,51515
104874,66642
104875,72081
104876,61599
104877,40000
104878,42183
104879,45595
104880,40000
104881,40000
104882,48579
104883,97284
104884,40000
104885,50438
104886,40000
104887,52395
104888,40000
104889,40000
104890,62713
104891,44665
104892,40286
104893,40000
104894,54118
104895,47922
104896,40000
104897,81224
104898,47951
104899,45030
104900,62176
104901,40000
104902,43753
104903,63158
104904,50147
104905,68066
104906,48130
104907,40000
104908,84266
104909,48587
104910,40000
104911,40000
104912,45760
104913,51253
104914,40000
104915,49860
104916,64326
104917,82928
104918,50932
104919,40000
104920,40000
104921,47602
104922,44747
104923,52056
104924,54007
104925,41838
104926,73050
104927,40000
104928,40000
104929,40562
104930,40000
104931,98125
104932,47459
104933,40000
104934,91749
104935,56901
104936,40000
104937,40000
104938,47601
104939,56152
104940,50368
104941,43708
104942,40000
104943,40000
104944,68365
104945,52910
104946,40000
104947,40000
104948,40000
104949,40341
104950,40000
104951,40000
104952,40000
104953,51752
104954,40000
104955,98003
104956,40000
104957,55928
104958,40444
104959,61049
104960,59181
104961,40000
104962,81539
104963,65827
104964,40000
104965,40000
104966,40624
104967,89156
104968,50277
104969,42139
104970,68776
104971,53206
104972,60407
104973,58678
104974,53407
104975,40000
104976,42397
104977,52210
104978,90160
104979,40000
104980,40000
104981,57407
104982,94507
104983,40000
104984,58779
104985,52878
104986,43307
104987,61692
104988,71970
104989,46456
104990,40000
104991,40000
104992,88987
104993,43732
104994,48082
104995,40000
104996,60566
104997,40000
104998,40000
104999,89473
105000,66717
105001,40000
105002,61818
105003,40000
105004,66878
105005,40000
105006,74037
105007,45379
105008,42984
105009,46853
105010,40934
105011,50396
105012,40675
105013,40000
105014,40000
105015,71330
105016,40000
105017,64131
105018,40000
105019,64583
105020,92903
105021,72571
105022,69824
105023,40000
105024,40000
105025,78935
105026,88776
105027,40000
105028,41678
105029,54072
105030,48983
105031,40000
105032,88124
105033,58325
105034,40000
105035,52541
105036,40000
105037,48183
105038,86320
105039,42724
105040,58016
105041,63701
105042,42196
105043,40000
105044,79737
105045,40000
105046,59036
105047,47160
105048,40000
105049,40000
105050,40000
105051,82175
105052,40000
105053,40000
105054,73562
105055,41600
105056,56068
105057,41784
105058,76631
105059,55303
105060,58083
105061,40000
105062,50248
105063,40000
105064,62480
105065,68379
105066,56499
105067,50802
105068,47450
105069,40000
105070,60853
105071,41988
105072,40377
105073,86724
105074,46819
105075,59902
105076,40000
105077,40000
105078,40000
105079,76063
105080,40000
105081,50813
105082,60098
105083,99230
105084,40000
105085,40000
105086,50406
105087,51030
105088,47197
105089,49723
105090,47969
105091,40000
105092,40000
105093,55151
105094,69653
105095,45472
105096,82652
105097,58140
105098,40000
105099,40000
105100,40000
105101,40000
105102,59264
105103,48862
105104,61115
105105,86600
105106,52285
105107,40000
105108,40000
105109,40000
105110,40000
105111,92925
105112,52495
105113,42204
105114,56215
105115,53575
105116,40000
105117,40000
105118,55021
105119,64858
105120,40000
105121,53467
105122,73833
105123,40000
105124,44790
105125,40000
105126,53988
105127,63776
105128,56126
105129,40000
105130,40000
105131,83618
105132,42110
105133,53130
105134,51480
105135,48552
105136,61421
105137,43151
105138,100677
105139,40000
105140,64516
105141,41489
105142,40000
105143,60706
105144,48090
105145,46723
105146,45494
105147,40000
105148,40000
105149,52907
105150,82764
105151,57194
105152,47925
105153,53865
105154,68754
105155,40000
105156,46593
105157,40000
105158,66682
105159,40000
105160,65342
105161,40000
105162,46346
105163,40000
105164,79066
105165,40000
105166,40000
105167,68908
105168,40000
105169,40000
105170,56817
105171,70796
105172,40000
105173,70258
105174,40000
105175,46867
105176,40000
105177,40000
105178,80214
105179,43974
105180,48314
105181,40000
105182,59271
105183,40000
105184,67146
105185,55245
105186,64093
105187,53372
105188,72498
105189,45363
105190,61011
105191,62196
105192,44681
105193,40000
105194,40000
105195,48912
105196,59801
105197,50064
105198,49357
105199,54194
105200,66283
105201,54182
105202,48818
105203,67372
105204,52936
105205,40000
105206,40000
105207,55327
105208,53701
105209,55937
105210,44864
105211,40000
105212,80484
105213,41009
105214,61988
105215,40000
105216,85201
105217,47281
105218,40000
105219,40000
105220,40000
105221,44801
105222,49060
105223,48708
105224,40000
105225,68045
105226,55174
105227,68048
105228,47866
105229,57177
105230,93204
105231,40000
105232,46746
105233,40000
105234,40000
105235,46206
105236,52607
105237,90733
105238,46940
105239,68174
105240,40000
105241,52992
105242,44514
105243,40000
105244,40683
105245,66971
105246,79376
105247,40000
105248,56751
105249,63461
105250,40000
105251,40000
105252,55776
105253,40000
105254,40000
105255,40000
105256,89384
105257,42799
105258,43220
105259,66711
105260,64649
105261,40000
105262,40000
105263,86667
105264,56850
105265,40000
105266,70507
105267,40000
105268,40000
105269,46869
105270,42516
105271,90469
105272,49142
105273,40000
105274,50774
105275,40000
105276,53155
105277,67910
105278,40000
105279,42395
105280,42775
105281,48669
105282,64230
105283,61068
105284,57418
105285,63794
105286,55950
105287,40000
105288,40000
105289,66750
105290,40000
105291,40000
105292,40000
105293,52749
105294,76989
105295,40000
105296,78182
105297,40000
105298,56671
105299,40000
105300,65394
105301,57672
105302,40000
105303,40000
105304,42004
105305,40000
105306,40000
105307,54299
105308,51783
105309,40000
105310,40000
105311,62523
105312,71891
105313,66797
105314,40000
105315,40000
105316,40000
105317,40000
105318,68436
105319,40000
105320,77612
105321,40000
105322,40000
105323,40000
105324,40000
105325,65415
105326,40000
105327,52083
105328,40000
105329,40954
105330,71876
105331,43346
105332,47812
105333,40000
105334,44570
105335,60168
105336,40000
105337,80751
105338,40000
105339,44175
105340,47484
105341,58405
105342,61529
105343,40000
105344,51331
105345,51213
105346,40000
105347,40000
105348,40000
105349,40000
105350,40000
105351,40000
105352,44151
105353,57494
105354,40000
105355,53320
105356,43737
105357,40000
105358,43997
105359,40000
105360,62462
105361,60669
105362,49961
105363,40000
105364,40000
105365,40000
105366,49891
105367,52328
105368,40000
105369,57738
105370,52938
105371,40000
105372,59231
105373,40000
105374,57469
105375,44386
105376,46319
105377,58670
105378,71770
105379,65176
105380,40000
105381,42732
105382,76792
105383,40000
105384,44856
105385,41439
105386,47096
105387,54365
105388,40748
105389,45037
105390,60390
105391,40000
105392,40000
105393,47415
105394,44362
105395,48293
105396,65691
105397,71185
105398,95762
105399,40000
105400,40000
105401,40000
105402,46167
105403,43463
105404,74095
105405,40000
105406,40000
105407,40000
105408,68754
105409,40000
105410,40000
105411,57159
105412,104110
105413,56751
105414,58766
105415,47217
105416,42667
105417,65530
105418,53535
105419,40000
105420,78202
105421,40000
105422,44323
105423,73628
105424,40000
105425,56218
105426,43803
105427,82967
105428,47524
105429,44547
105430,40000
105431,105598
105432,55985
105433,40000
105434,47631
105435,49205
105436,56984
105437,103639
105438,46960
105439,44001
105440,42547
105441,77975
105442,63697
105443,40000
105444,47414
105445,54125
105446,40000
105447,55592
105448,57304
105449,40000
105450,47737
105451,95811
105452,63027
105453,40000
105454,44046
105455,40000
105456,49253
105457,73692
105458,40000
105459,40000
105460,77885
105461,40000
105462,63353
105463,45704
105464,63299
105465,40000
105466,40000
105467,40000
105468,53927
105469,44820
105470,46688
105471,40000
105472,54944
105473,56930
105474,71709
105475,60074
105476,40000
105477,40000
105478,70568
105479,40000
105480,40000
105481,40000
105482,56125
105483,67002
105484,98713
105485,40000
105486,40000
105487,62047
105488,65916
105489,78258
105490,51948
105491,62311
105492,59844
105493,46440
105494,61055
105495,63216
105496,40000
105497,47843
105498,40000
105499,61089
105500,55354
105501,96378
105502,43801
105503,59463
105504,43782
105505,40000
105506,97905
105507,51703
105508,56783
105509,41325
105510,84447
105511,40000
105512,40000
105513,56536
105514,69792
105515,48243
105516,65171
105517,40859
105518,76785
105519,40495
105520,71995
105521,57333
105522,79641
105523,40000
105524,76680
105525,52101
105526,64167
105527,40000
105528,40000
105529,40000
105530,49923
105531,48996
105532,47690
105533,40000
105534,67631
105535,40000
105536,40000
105537,40000
105538,69064
105539,77846
105540,64754
105541,40000
105542,65851
105543,60981
105544,40000
105545,40000
105546,40000
105547,58845
105548,67340
105549,40000
105550,48765
105551,79501
105552,74375
105553,90668
105554,67615
105555,40000
105556,59456
105557,62753
105558,40000
105559,50532
105560,40000
105561,40000
105562,40000
105563,40000
105564,40000
105565,40000
105566,49213
105567,49966
105568,40000
105569,73981
105570,52307
105571,57880
105572,74472
105573,83292
105574,40000
105575,48171
105576,78865
105577,40000
105578,48560
105579,40000
105580,40000
105581,40000
105582,40000
105583,57176
105584,53205
105585,40000
105586,53407
105587,40000
105588,40000
105589,41784
105590,78488
105591,40000
105592,55753
105593,40000
105594,44081
105595,69111
105596,61277
105597,43841
105598,56341
105599,53918
105600,55459
105601,40000
105602,40000
105603,101872
105604,40000
105605,40000
105606,40000
105607,40000
105608,40000
105609,83099
105610,45337
105611,40000
105612,54672
105613,56099
105614,48388
105615,40000
105616,47008
105617,73058
105618,40000
105619,58964
105620,68353
105621,40440
105622,42826
105623,52001
105624,51073
105625,40000
105626,40000
105627,96574
105628,50032
105629,66234
105630,40000
105631,47946
105632,41099
105633,40000
105634,50519
105635,40000
105636,40000
105637,40000
105638,64140
105639,41033
105640,40000
105641,64170
105642,51694
105643,51190
105644,64320
105645,44342
105646,55140
105647,53224
105648,68970
105649,40000
105650,42562
105651,72878
105652,44091
105653,40000
105654,44756
105655,50457
105656,61573
105657,40000
105658,57571
105659,86284
105660,43290
105661,60105
105662,45070
105663,62290
105664,43110
105665,68953
105666,63537
105667,40000
105668,40000
105669,52343
105670,40000
105671,40000
105672,80538
105673,88747
105674,54441
105675,40000
105676,42122
105677,40000
105678,40000
105679,45322
105680,40000
105681,57728
105682,71347
105683,90213
105684,40000
105685,80568
105686,48303
105687,40000
105688,71687
105689,45681
105690,48950
105691,53733
105692,40000
105693,48878
105694,45646
105695,65513
105696,51396
105697,40000
105698,40000
105699,40000
105700,54658
105701,40000
105702,40000
105703,41053
105704,40000
105705,40000
105706,49156
105707,40000
105708,40000
105709,40000
105710,77913
105711,40000
105712,46343
105713,55329
105714,63771
105715,78305
105716,52731
105717,54382
105718,54517
105719,43012
105720,42320
105721,57282
105722,71753
105723,40000
105724,40000
105725,58197
105726,43572
105727,83675
105728,47427
105729,46798
105730,40000
105731,48369
105732,52255
105733,56895
105734,52835
105735,40000
105736,40000
105737,40000
105738,47442
105739,41695
105740,52465
105741,71584
105742,40000
105743,54897
105744,57037
105745,91101
105746,41223
105747,40000
105748,40000
105749,55140
105750,71345
105751,40000
105752,48586
105753,40000
105754,67745
105755,40000
105756,40000
105757,40000
105758,69018
105759,40000
105760,40000
105761,45240
105762,40000
105763,43492
105764,40000
105765,71251
105766,40239
105767,59532
105768,68425
105769,52376
105770,59892
105771,41679
105772,40000
105773,68698
105774,50518
105775,70689
105776,40000
105777,40000
105778,72865
105779,44536
105780,66426
105781,43821
105782,51713
105783,40000
105784,56739
105785,40000
105786,40000
105787,61701
105788,40000
105789,59645
105790,46041
105791,52748
105792,53242
105793,47301
105794,40000
105795,47831
105796,72134
105797,45408
105798,64716
105799,61281
105800,85698
105801,40000
105802,74130
105803,57027
105804,40000
105805,44582
105806,65709
105807,40000
105808,40000
105809,40000
105810,49644
105811,41389
105812,40000
105813,60918
105814,40000
105815,51643
105816,47176
105817,41926
105818,58227
105819,59846
105820,40000
105821,58652
105822,40000
105823,40000
105824,43074
105825,47975
105826,52251
105827,59937
105828,69767
105829,40000
105830,40000
105831,64590
105832,56368
105833,41838
105834,48069
105835,43299
105836,44911
105837,45090
105838,40000
105839,53442
105840,40000
105841,75590
105842,40000
105843,52055
105844,66970
105845,40000
105846,43975
105847,67406
105848,75925
105849,45146
105850,40000
105851,64325
105852,61179
105853,63981
105854,81043
105855,40000
105856,97767
105857,79548
105858,43086
105859,50333
105860,40000
105861,51274
105862,40000
105863,46934
105864,53829
105865,77144
105866,61282
105867,46024
105868,65128
105869,54114
105870,83589
105871,41723
105872,86773
105873,74530
105874,58159
105875,40000
105876,40000
105877,40000
105878,40000
105879,77958
105880,42071
105881,50470
105882,59132
105883,54198
105884,54610
105885,40299
105886,79210
105887,56713
105888,88076
105889,56143
105890,61548
105891,62256
105892,40000
105893,45428
105894,42792
105895,41181
105896,40000
105897,55698
105898,42996
105899,41019
105900,52364
105901,40000
105902,59722
105903,54467
105904,44921
105905,44623
105906,67817
105907,40000
105908,40940
105909,69387
105910,42079
105911,44021
105912,40000
105913,67220
105914,40000
105915,47819
105916,42438
105917,58627
105918,54615
105919,52853
105920,70575
105921,53323
105922,40000
105923,60371
105924,51500
105925,42166
105926,56038
105927,44066
105928,40000
105929,40000
105930,40000
105931,44814
105932,40000
105933,57224
105934,43607
105935,49967
105936,53234
105937,40000
105938,79175
105939,60872
105940,71147
105941,52536
105942,40000
105943,40000
105944,41264
105945,60110
105946,40444
105947,55442
105948,40000
105949,46120
105950,58595
105951,40000
105952,53799
105953,40000
105954,56669
105955,76193
105956,73316
105957,40000
105958,47803
105959,45301
105960,76278
105961,40635
105962,47832
105963,40262
105964,62631
105965,60694
105966,43851
105967,50561
105968,64164
105969,40000
105970,40000
105971,66813
105972,49541
105973,63972
105974,40000
105975,42258
105976,40000
105977,88835
105978,46608
105979,80674
105980,40000
105981,67011
105982,46326
105983,40000
105984,66553
105985,43047
105986,61742
105987,40000
105988,40000
105989,50837
105990,64412
105991,40000
105992,40000
105993,40000
105994,40000
105995,51033
105996,44658
105997,83445
105998,40508
105999,40173
106000,40000
106001,45226
106002,72706
106003,70147
106004,56279
106005,57891
106006,82722
106007,68938
106008,56050
106009,64684
106010,106572
106011,73579
106012,67799
106013,40000
106014,40000
106015,56868
106016,40676
106017,62684
106018,49107
106019,51905
106020,51505
106021,41990
106022,52843
106023,60402
106024,65895
106025,44196
106026,66963
106027,68807
106028,66344
106029,69197
106030,54434
106031,51827
106032,40000
106033,43338
106034,82500
106035,45319
106036,61748
106037,40000
106038,40000
106039,40000
106040,48790
106041,40000
106042,40000
106043,54470
106044,40000
106045,40000
106046,64328
106047,47504
106048,76731
106049,82610
106050,52282
106051,40000
106052,43918
106053,62020
106054,56151
106055,52828
106056,58733
106057,45663
106058,73421
106059,63965
106060,70926
106061,40000
106062,40000
106063,88281
106064,62513
106065,57821
106066,40000
106067,48123
106068,54809
106069,64215
106070,40000
106071,41854
106072,40000
106073,42037
106074,80847
106075,40000
106076,49491
106077,91526
106078,40000
106079,43242
106080,40000
106081,44856
106082,40000
106083,73602
106084,40000
106085,40000
106086,40000
106087,71317
106088,40724
106089,91146
106090,40000
106091,50394
106092,57968
106093,71875
106094,54754
106095,42341
106096,40000
106097,40000
106098,40000
106099,62726
106100,40000
106101,64437
106102,49795
106103,70790
106104,40000
106105,47130
106106,40000
106107,61234
106108,40000
106109,57666
106110,40000
106111,41302
106112,40000
106113,40000
106114,40000
106115,48466
106116,56764
106117,49883
106118,67694
106119,47141
106120,79496
106121,40000
106122,40000
106123,63929
106124,40000
106125,59616
106126,40000
106127,57778
106128,52707
106129,40000
106130,59348
106131,40000
106132,45501
106133,62184
106134,40000
106135,47400
106136,45076
106137,45403
106138,72003
106139,54305
106140,40000
106141,55829
106142,62942
106143,65019
106144,78895
106145,41245
106146,55993
106147,46110
106148,40000
106149,45798
106150,90715
106151,52710
106152,40000
106153,73598
106154,47987
106155,54932
106156,40000
106157,68297
106158,71159
106159,72832
106160,61992
106161,40000
106162,53790
106163,40462
106164,40000
106165,76311
106166,43575
106167,59567
106168,48170
106169,52344
106170,41552
106171,58725
106172,67492
106173,41105
106174,45575
106175,67458
106176,58562
106177,40000
106178,62307
106179,40000
106180,80651
106181,40000
106182,51687
106183,40000
106184,49292
106185,40000
106186,102905
106187,72190
106188,45076
106189,67157
106190,68272
106191,52154
106192,40000
106193,70663
106194,40000
106195,40000
106196,44780
106197,47431
106198,58620
106199,40000
106200,43116
106201,119925
106202,44424
106203,40000
106204,40000
106205,40000
106206,40000
106207,48818
106208,62686
106209,40000
106210,55030
106211,56516
106212,51759
106213,45476
106214,45338
106215,57286
106216,45031
106217,60732
106218,40000
106219,49808
106220,40000
106221,66622
106222,76443
106223,40626
106224,51349
106225,52410
106226,51812
106227,42819
106228,40000
106229,55923
106230,74804
106231,64963
106232,50562
106233,40000
106234,63383
106235,48546
106236,40000
106237,40000
106238,40000
106239,44623
106240,46408
106241,66051
106242,40000
106243,74209
106244,40697
106245,40000
106246,63525
106247,70355
106248,42794
106249,40000
106250,67011
106251,41714
106252,53268
106253,40000
106254,78781
106255,71684
106256,40000
106257,44252
106258,48589
106259,71375
106260,40000
106261,45806
106262,40000
106263,50816
106264,42737
106265,40000
106266,40000
106267,68491
106268,84117
106269,50247
106270,53261
106271,49469
106272,45193
106273,43388
106274,58401
106275,70537
106276,40000
106277,65927
106278,83509
106279,40321
106280,75526
106281,62670
106282,52301
106283,40000
106284,54615
106285,40000
106286,55352
106287,70261
106288,40000
106289,71107
106290,40000
106291,46422
106292,47215
106293,66303
106294,83323
106295,55377
106296,41317
106297,40000
106298,78797
106299,83032
106300,76060
106301,50441
106302,40000
106303,49951
106304,76173
106305,43309
106306,59619
106307,40000
106308,40000
106309,40000
106310,40000
106311,40000
106312,48847
106313,42710
106314,40000
106315,58508
106316,40000
106317,40831
106318,50652
106319,70493
106320,61408
106321,78644
106322,46316
106323,40000
106324,40000
106325,55640
106326,40000
106327,62039
106328,41013
106329,40000
106330,40000
106331,40000
106332,40702
106333,59733
106334,40000
106335,40000
106336,40000
106337,63905
106338,70982
106339,62284
106340,53526
106341,66701
106342,53263
106343,40000
106344,69343
106345,49731
106346,40000
106347,59932
106348,42839
106349,65541
106350,42898
106351,40000
106352,40589
106353,40345
106354,66084
106355,63655
106356,105677
106357,40000
106358,76200
106359,51593
106360,40000
106361,47042
106362,61095
106363,40000
106364,40000
106365,47620
106366,40000
106367,40000
106368,53323
106369,48422
106370,40000
106371,77692
106372,57674
106373,40000
106374,40000
106375,40000
106376,40000
106377,52515
106378,67536
106379,40000
106380,47307
106381,57363
106382,41782
106383,80175
106384,56545
106385,58882
106386,41732
106387,72274
106388,107550
106389,40000
106390,40000
106391,68240
106392,51168
106393,67310
106394,67276
106395,58571
106396,40000
106397,40000
106398,60301
106399,45022
106400,57658
106401,40000
106402,40000
106403,84119
106404,50271
106405,40000
106406,40000
106407,40000
106408,53336
106409,40000
106410,40000
106411,40000
106412,40000
106413,40000
106414,40000
106415,41003
106416,42081
106417,40000
106418,57836
106419,40000
106420,65868
106421,40000
106422,57879
106423,40000
106424,87068
106425,47711
106426,40000
106427,40000
106428,59164
106429,49426
106430,40000
106431,62772
106432,59600
106433,79961
106434,57181
106435,62696
106436,57793
106437,56238
106438,40000
106439,43633
106440,46186
106441,68396
106442,61615
106443,59223
106444,59913
106445,70298
106446,40000
106447,49865
106448,42326
106449,43291
106450,42367
106451,67407
106452,60523
106453,53053
106454,64487
106455,40000
106456,40000
106457,46491
106458,62887
106459,71772
106460,73074
106461,48793
106462,47904
106463,41222
106464,78196
106465,40000
106466,47606
106467,40000
106468,46256
106469,53414
106470,40000
106471,61855
106472,69292
106473,61614
106474,47610
106475,48360
106476,70351
106477,40000
106478,45069
106479,40000
106480,59258
106481,40000
106482,77323
106483,48272
106484,86775
106485,73638
106486,40000
106487,61975
106488,46748
106489,49206
106490,83685
106491,46675
106492,48965
106493,40000
106494,71350
106495,47408
106496,40000
106497,45972
106498,40000
106499,68960
106500,54648
106501,40000
106502,40000
106503,40000
106504,40000
106505,40000
106506,63677
106507,72738
106508,40000
106509,70057
106510,46297
106511,40000
106512,47230
106513,68909
106514,52638
106515,40000
106516,51453
106517,40000
106518,81924
106519,40000
106520,59681
106521,47577
106522,40555
106523,40000
106524,40000
106525,65074
106526,55035
106527,40000
106528,78718
106529,40000
106530,40000
106531,51029
106532,47147
106533,40000
106534,40000
106535,40000
106536,40000
106537,40000
106538,40000
106539,53152
106540,40000
106541,62253
106542,40000
106543,40000
106544,40000
106545,61006
106546,40000
106547,62082
106548,40000
106549,60352
106550,62155
106551,73167
106552,49915
106553,40000
106554,43210
106555,72049
106556,65460
106557,54033
106558,41656
106559,73388
106560,40000
106561,40000
106562,77606
106563,40000
106564,40000
106565,40000
106566,51804
106567,40000
106568,40000
106569,40000
106570,40000
106571,49226
106572,62935
106573,57164
106574,51139
106575,68627
106576,70006
106577,74295
106578,40000
106579,40000
106580,85028
106581,40000
106582,43391
106583,40000
106584,40000
106585,40000
106586,63552
106587,40000
106588,41806
106589,72652
106590,71239
106591,41831
106592,40000
106593,40000
106594,42844
106595,40000
106596,89504
106597,40000
106598,52301
106599,40000
106600,40000
106601,40000
106602,40000
106603,46551
106604,40000
106605,40000
106606,40000
106607,57159
106608,58158
106609,72849
106610,40000
106611,40000
106612,51704
106613,40000
106614,50727
106615,40000
106616,40000
106617,40000
106618,40000
106619,40000
106620,40000
106621,40234
106622,40000
106623,40000
106624,53032
106625,40000
106626,51744
106627,56219
106628,40000
106629,46301
106630,101633
106631,53822
106632,62708
106633,40000
106634,77974
106635,64443
106636,40000
106637,40000
106638,63873
106639,70031
106640,58519
106641,40000
106642,70846
106643,40000
106644,103171
106645,59196
106646,40000
106647,58987
106648,55524
106649,40000
106650,50297
106651,87679
106652,74217
106653,40000
106654,67710
106655,40000
106656,40000
106657,67933
106658,74508
106659,59685
106660,40000
106661,60061
106662,40000
106663,46499
106664,70639
106665,40000
106666,78877
106667,50340
106668,57557
106669,59503
106670,53246
106671,47893
106672,41015
106673,96834
106674,59776
106675,60157
106676,43800
106677,41345
106678,42908
106679,40500
106680,63845
106681,40000
106682,61496
106683,44792
106684,70215
106685,46309
106686,68661
106687,40000
106688,40000
106689,48633
106690,40963
106691,40000
106692,40000
106693,40000
106694,46303
106695,52364
106696,50599
106697,46041
106698,64759
106699,45686
106700,40000
106701,40000
106702,60704
106703,40000
106704,50581
106705,71663
106706,46262
106707,69081
106708,40867
106709,44637
106710,60537
106711,64753
106712,84885
106713,83769
106714,68992
106715,40000
106716,53868
106717,58835
106718,40000
106719,76724
106720,57965
106721,53043
106722,54610
106723,45252
106724,69938
106725,79225
106726,71989
106727,67947
106728,48709
106729,40000
106730,41257
106731,54930
106732,40000
106733,67821
106734,72431
106735,40000
106736,41285
106737,56136
106738,77209
106739,53738
106740,62005
106741,79081
106742,59998
106743,40000
106744,41052
106745,40000
106746,63607
106747,51820
106748,41129
106749,50395
106750,40000
106751,94725
106752,62469
106753,56792
106754,40000
106755,52413
106756,71811
106757,40000
106758,51395
106759,45207
106760,44607
106761,80251
106762,89034
106763,61774
106764,41988
106765,85567
106766,73120
106767,71032
106768,40000
106769,51528
106770,76622
106771,57042
106772,70551
106773,45174
106774,44363
106775,45570
106776,53498
106777,60627
106778,58937
106779,61427
106780,40000
106781,56773
106782,40000
106783,47813
106784,40000
106785,40000
106786,43095
106787,58678
106788,40000
106789,40000
106790,40000
106791,67181
106792,40681
106793,45071
106794,61960
106795,40858
106796,44337
106797,58863
106798,59998
106799,44911
106800,45005
106801,40000
106802,58211
106803,48698
106804,57458
106805,84260
106806,61905
106807,53353
106808,52082
106809,60792
106810,85057
106811,78580
106812,69887
106813,60038
106814,40000
106815,40000
106816,40000
106817,84953
106818,50501
106819,50336
106820,40000
106821,54854
106822,40000
106823,44396
106824,53706
106825,43981
106826,82436
106827,60453
106828,59127
106829,46484
106830,66732
106831,98742
106832,58302
106833,40000
106834,62543
106835,87750
106836,49410
106837,72614
106838,60711
106839,69784
106840,40000
106841,57117
106842,40000
106843,64995
106844,70218
106845,43858
106846,60305
106847,40000
106848,40000
106849,40000
106850,40000
106851,48238
106852,54303
106853,60908
106854,60926
106855,40000
106856,69851
106857,85335
106858,44300
106859,59321
106860,59793
106861,40000
106862,40000
106863,61646
106864,94054
106865,40000
106866,51325
106867,40000
106868,70730
106869,43859
106870,75301
106871,40000
106872,57817
106873,61563
106874,79171
106875,40668
106876,87356
106877,56319
106878,81102
106879,54048
106880,75901
106881,43132
106882,40000
106883,66968
106884,40000
106885,70041
106886,40000
106887,53860
106888,58013
106889,42344
106890,75191
106891,40000
106892,40000
106893,70076
106894,59058
106895,106036
106896,40000
106897,86978
106898,53837
106899,47093
106900,40000
106901,60600
106902,62833
106903,47015
106904,40000
106905,57546
106906,70820
106907,41261
106908,58053
106909,40000
106910,43058
106911,43981
106912,40000
106913,47840
106914,40000
106915,40000
106916,42468
106917,86389
106918,63784
106919,40000
106920,62364
106921,57099
106922,45509
106923,40464
106924,42532
106925,40000
106926,51677
106927,40000
106928,50376
106929,42968
106930,43803
106931,40000
106932,40000
106933,89360
106934,40000
106935,78007
106936,67942
106937,53007
106938,42968
106939,87482
106940,73505
106941,80766
106942,50073
106943,46746
106944,61148
106945,40520
106946,100204
106947,49407
106948,40000
106949,40000
106950,48207
106951,40000
106952,75817
106953,51195
106954,40000
106955,49595
106956,40000
106957,50525
106958,62767
106959,91966
106960,45102
106961,40000
106962,60219
106963,40000
106964,57698
106965,47272
106966,57862
106967,40000
106968,40000
106969,51380
106970,51754
106971,86162
106972,40000
106973,40000
106974,67320
106975,83334
106976,70662
106977,49949
106978,78467
106979,40000
106980,77469
106981,40000
106982,40000
106983,40000
106984,40000
106985,40000
106986,53281
106987,40000
106988,56543
106989,61381
106990,100284
106991,40000
106992,96871
106993,45334
106994,54805
106995,53905
106996,40000
106997,40000
106998,78151
106999,69075
107000,58611
107001,50177
107002,40000
107003,86443
107004,84649
107005,40000
107006,40000
107007,69062
107008,80241
107009,57437
107010,61469
107011,84601
107012,56263
107013,68415
107014,48129
107015,40000
107016,76727
107017,46157
107018,40000
107019,81407
107020,73433
107021,51623
107022,62623
107023,52099
107024,40000
107025,44790
107026,42174
107027,58504
107028,71794
107029,53825
107030,40000
107031,62665
107032,84400
107033,40000
107034,42286
107035,43657
107036,56804
107037,43920
107038,40000
107039,72548
107040,40000
107041,73921
107042,40000
107043,40000
107044,40000
107045,67918
107046,40000
107047,60261
107048,40000
107049,55879
107050,40000
107051,78085
107052,53339
107053,40000
107054,58509
107055,48112
107056,92568
107057,40000
107058,50696
107059,78097
107060,40000
107061,54365
107062,43874
107063,40000
107064,40000
107065,40000
107066,40000
107067,40000
107068,47929
107069,40404
107070,58608
107071,74890
107072,49598
107073,40000
107074,40000
107075,47936
107076,73189
107077,40000
107078,71308
107079,75351
107080,53326
107081,40000
107082,50894
107083,47373
107084,40000
107085,68615
107086,45844
107087,48303
107088,55022
107089,43003
107090,43398
107091,61700
107092,43998
107093,81173
107094,50128
107095,40000
107096,71281
107097,79614
107098,100892
107099,59818
107100,66951
107101,40232
107102,40000
107103,57771
107104,54425
107105,72215
107106,40000
107107,83924
107108,55628
107109,46419
107110,54147
107111,68022
107112,53112
107113,65971
107114,62610
107115,41739
107116,65017
107117,40000
107118,40000
107119,40000
107120,47185
107121,74990
107122,64148
107123,74284
107124,40000
107125,40000
107126,77575
107127,47841
107128,40000
107129,41980
107130,68484
107131,45823
107132,42203
107133,40000
107134,40000
107135,40000
107136,58263
107137,40000
107138,65193
107139,66475
107140,108994
107141,50286
107142,41833
107143,40000
107144,40000
107145,40000
107146,54282
107147,74309
107148,40000
107149,40000
107150,64524
107151,40823
107152,40000
107153,53084
107154,66961
107155,40000
107156,55452
107157,40000
107158,45016
107159,50707
107160,48722
107161,81085
107162,60459
107163,96993
107164,55492
107165,49152
107166,40000
107167,40000
107168,40000
107169,54061
107170,60870
107171,63842
107172,41976
107173,66709
107174,40000
107175,46705
107176,52675
107177,40135
107178,50811
107179,47508
107180,40000
107181,49061
107182,41965
107183,53688
107184,40000
107185,59441
107186,47483
107187,66175
107188,41941
107189,40000
107190,50796
107191,40419
107192,40000
107193,52391
107194,46091
107195,48832
107196,48681
107197,52275
107198,75396
107199,79763
107200,54495
107201,64696
107202,45642
107203,68151
107204,73535
107205,56416
107206,40000
107207,76806
107208,52684
107209,40000
107210,54408
107211,40000
107212,40000
107213,44940
107214,40000
107215,44942
107216,40000
107217,40000
107218,52758
107219,45881
107220,40000
107221,51010
107222,52544
107223,56257
107224,77936
107225,53143
107226,43725
107227,40000
107228,62986
107229,49582
107230,44199
107231,87759
107232,42131
107233,52826
107234,57066
107235,76249
107236,59715
107237,55666
107238,40000
107239,40000
107240,82283
107241,59193
107242,40000
107243,40000
107244,93224
107245,68492
107246,40000
107247,49542
107248,49628
107249,40000
107250,41072
107251,40000
107252,64975
107253,40000
107254,40000
107255,40000
107256,53404
107257,84999
107258,87036
107259,55112
107260,101939
107261,79080
107262,40000
107263,42146
107264,40000
107265,79838
107266,61060
107267,66079
107268,54228
107269,59758
107270,40000
107271,40000
107272,40000
107273,40000
107274,65559
107275,44177
107276,40000
107277,40000
107278,54010
107279,48433
107280,92017
107281,66086
107282,51534
107283,45530
107284,40000
107285,40981
107286,40000
107287,48709
107288,64782
107289,40000
107290,48949
107291,49574
107292,64509
107293,91575
107294,40000
107295,58835
107296,55069
107297,58581
107298,48118
107299,40000
107300,40000
107301,59066
107302,40000
107303,51680
107304,66684
107305,48034
107306,61483
107307,48442
107308,52390
107309,61140
107310,64999
107311,49414
107312,40000
107313,50940
107314,40000
107315,58116
107316,40000
107317,60867
107318,88215
107319,40000
107320,40000
107321,40000
107322,40000
107323,40000
107324,44424
107325,72170
107326,40000
107327,46585
107328,48549
107329,58795
107330,72573
107331,40000
107332,74461
107333,67210
107334,60147
107335,48283
107336,73071
107337,73670
107338,40000
107339,40000
107340,40000
107341,43265
107342,45188
107343,88837
107344,77067
107345,53259
107346,40000
107347,40259
107348,40000
107349,40000
107350,74720
107351,60453
107352,40000
107353,40000
107354,66557
107355,40000
107356,40000
107357,55485
107358,40000
107359,69866
107360,77537
107361,40000
107362,60579
107363,40000
107364,52738
107365,76063
107366,46152
107367,44820
107368,40000
107369,50364
107370,40000
107371,40000
107372,58161
107373,59864
107374,51003
107375,54736
107376,48109
107377,66729
107378,40000
107379,40000
107380,43817
107381,46517
107382,50853
107383,73971
107384,40000
107385,40567
107386,40000
107387,72267
107388,43710
107389,59242
107390,45466
107391,75536
107392,40000
107393,77881
107394,45925
107395,52891
107396,40000
107397,40000
107398,40374
107399,77395
107400,40000
107401,53849
107402,42033
107403,40747
107404,65656
107405,59846
107406,61878
107407,40000
107408,40000
107409,78984
107410,59319
107411,59930
107412,41106
107413,40000
107414,40000
107415,40000
107416,75241
107417,41262
107418,66757
107419,43728
107420,40000
107421,65869
107422,40000
107423,40000
107424,60149
107425,60401
107426,58619
107427,55185
107428,50971
107429,40000
107430,115227
107431,40000
107432,53483
107433,49026
107434,58757
107435,40000
107436,40000
107437,41741
107438,56106
107439,52678
107440,55065
107441,66664
107442,84424
107443,60050
107444,41281
107445,47227
107446,40000
107447,81179
107448,40000
107449,59635
107450,49562
107451,49636
107452,40771
107453,62330
107454,40000
107455,100201
107456,40000
107457,105671
107458,40000
107459,62234
107460,52213
107461,41804
107462,41534
107463,40000
107464,40000
107465,40000
107466,40000
107467,88503
107468,46298
107469,40000
107470,40000
107471,52071
107472,44877
107473,44402
107474,90921
107475,40000
107476,40000
107477,81279
107478,70122
107479,71470
107480,77341
107481,53714
107482,48557
107483,46641
107484,73921
107485,57703
107486,40000
107487,40000
107488,40000
107489,43503
107490,80342
107491,49177
107492,40000
107493,94812
107494,57805
107495,61084
107496,59420
107497,79744
107498,40000
107499,40000
107500,76558
107501,49786
107502,71020
107503,42324
107504,40000
107505,62259
107506,61252
107507,61150
107508,91591
107509,50669
107510,55099
107511,41891
107512,59226
107513,50732
107514,74256
107515,53973
107516,45955
107517,69243
107518,42426
107519,72767
107520,40000
107521,46395
107522,40000
107523,62181
107524,40000
107525,40353
107526,66495
107527,73618
107528,40000
107529,40000
107530,40000
107531,69532
107532,49161
107533,94838
107534,67102
107535,40000
107536,43918
107537,69587
107538,40000
107539,59393
107540,56139
107541,70197
107542,53814
107543,40000
107544,43896
107545,41944
107546,40000
107547,54551
107548,40000
107549,57031
107550,48975
107551,40000
107552,71035
107553,40000
107554,77044
107555,40000
107556,40000
107557,43221
107558,40000
107559,40000
107560,44392
107561,48887
107562,46002
107563,40000
107564,46467
107565,42876
107566,40000
107567,58720
107568,40000
107569,54032
107570,40000
107571,40000
107572,55374
107573,45589
107574,40000
107575,83560
107576,40000
107577,56673
107578,46711
107579,42590
107580,77234
107581,46214
107582,40000
107583,40000
107584,93297
107585,62065
107586,40000
107587,54119
107588,40000
107589,67526
107590,46621
107591,89763
107592,80040
107593,61143
107594,45126
107595,89241
107596,53511
107597,51414
107598,71830
107599,40000
107600,52759
107601,46947
107602,40000
107603,40017
107604,45026
107605,60008
107606,40000
107607,47771
107608,57860
107609,71032
107610,49896
107611,51289
107612,40000
107613,40000
107614,72170
107615,54330
107616,40000
107617,74122
107618,40000
107619,59033
107620,43390
107621,40000
107622,44730
107623,40634
107624,43229
107625,40000
107626,68549
107627,40000
107628,40000
107629,47923
107630,40000
107631,59242
107632,94820
107633,45677
107634,75860
107635,40000
107636,44148
107637,64623
107638,41745
107639,43994
107640,60786
107641,40000
107642,67118
107643,48040
107644,40000
107645,50737
107646,40000
107647,74806
107648,40000
107649,59240
107650,49192
107651,70208
107652,40000
107653,40000
107654,54222
107655,40000
107656,40000
107657,40000
107658,40000
107659,40000
107660,40000
107661,52326
107662,93063
107663,73759
107664,60161
107665,40000
107666,52010
107667,48865
107668,55105
107669,40000
107670,40000
107671,89722
107672,40000
107673,61257
107674,75985
107675,69978
107676,40000
107677,63604
107678,40439
107679,40000
107680,61200
107681,55840
107682,40000
107683,44590
107684,86795
107685,44799
107686,61505
107687,40000
107688,74918
107689,40000
107690,40000
107691,40000
107692,41050
107693,74358
107694,52716
107695,63683
107696,41737
107697,53423
107698,40000
107699,68707
107700,83469
107701,86776
107702,40000
107703,50441
107704,41458
107705,40000
107706,40000
107707,40000
107708,61961
107709,40000
107710,100158
107711,55144
107712,53298
107713,56634
107714,40000
107715,49289
107716,62371
107717,40000
107718,40000
107719,46122
107720,40000
107721,56838
107722,52467
107723,52189
107724,40000
107725,43827
107726,58851
107727,59919
107728,40000
107729,54977
107730,59588
107731,41654
107732,44224
107733,51859
107734,40000
107735,51901
107736,55677
107737,70367
107738,88058
107739,40000
107740,58118
107741,53246
107742,49365
107743,49531
107744,41042
107745,56390
107746,65413
107747,61781
107748,40000
107749,74557
107750,92980
107751,46565
107752,40000
107753,65114
107754,40000
107755,58250
107756,49789
107757,52700
107758,47041
107759,52504
107760,40000
107761,73085
107762,78497
107763,41509
107764,40000
107765,64301
107766,40000
107767,40000
107768,48564
107769,52300
107770,46965
107771,87034
107772,40000
107773,40000
107774,40000
107775,44154
107776,61301
107777,54355
107778,40000
107779,76744
107780,45786
107781,40000
107782,40000
107783,71092
107784,40000
107785,40726
107786,40000
107787,40000
107788,46243
107789,55299
107790,68342
107791,40000
107792,80432
107793,62043
107794,63374
107795,46584
107796,41284
107797,43210
107798,53130
107799,41815
107800,66719
107801,55045
107802,56871
107803,40000
107804,44274
107805,47312
107806,40000
107807,90121
107808,44312
107809,47582
107810,55564
107811,40000
107812,42089
107813,40000
107814,45761
107815,71302
107816,42366
107817,40000
107818,41783
107819,64014
107820,40000
107821,56766
107822,81854
107823,63309
107824,45537
107825,40000
107826,52688
107827,59110
107828,78757
107829,40000
107830,81304
107831,59601
107832,40000
107833,40000
107834,40000
107835,40000
107836,54400
107837,40000
107838,64384
107839,40000
107840,74188
107841,50548
107842,43847
107843,68128
107844,40000
107845,44513
107846,80470
107847,79333
107848,45835
107849,40000
107850,40000
107851,40000
107852,40000
107853,58779
107854,47812
107855,40687
107856,42401
107857,74204
107858,41217
107859,40000
107860,40468
107861,59529
107862,63732
107863,65930
107864,40000
107865,40000
107866,75013
107867,54110
107868,58606
107869,40000
107870,59707
107871,49163
107872,57563
107873,75582
107874,40000
107875,56322
107876,43687
107877,49327
107878,40000
107879,68424
107880,60173
107881,40000
107882,40000
107883,73363
107884,54398
107885,78755
107886,48519
107887,70681
107888,40000
107889,40000
107890,65888
107891,40000
107892,40000
107893,40000
107894,45099
107895,40000
107896,40000
107897,82719
107898,51442
107899,61968
107900,54305
107901,65097
107902,40000
107903,40000
107904,45766
107905,40000
107906,75680
107907,40000
107908,55611
107909,41245
107910,44273
107911,76119
107912,73517
107913,51125
107914,40000
107915,40000
107916,62714
107917,52161
107918,82096
107919,61506
107920,40000
107921,48646
107922,40000
107923,59212
107924,55206
107925,40000
107926,40000
107927,44219
107928,40000
107929,40779
107930,67152
107931,40000
107932,45769
107933,68326
107934,40000
107935,40000
107936,79122
107937,44197
107938,43531
107939,40000
107940,68637
107941,72511
107942,40000
107943,80536
107944,57595
107945,68003
107946,40000
107947,60260
107948,40000
107949,55083
107950,40000
107951,52299
107952,44370
107953,40000
107954,43691
107955,40000
107956,55768
107957,40000
107958,42885
107959,53499
107960,115785
107961,40000
107962,50106
107963,41876
107964,40000
107965,66742
107966,42888
107967,55966
107968,41856
107969,53054
107970,52909
107971,60130
107972,44972
107973,44187
107974,54421
107975,75431
107976,77527
107977,40000
107978,40000
107979,40000
107980,48249
107981,66304
107982,80070
107983,46513
107984,40000
107985,66727
107986,40000
107987,54569
107988,74021
107989,48154
107990,57973
107991,53418
107992,60255
107993,59288
107994,83558
107995,89969
107996,77034
107997,68517
107998,40678
107999,62601
108000,40000
108001,45883
108002,57149
108003,40000
108004,40000
108005,42048
108006,73269
108007,51906
108008,90383
108009,76690
108010,88454
108011,50175
108012,40000
108013,40000
108014,40000
108015,40000
108016,49882
108017,40000
108018,55142
108019,49942
108020,57973
108021,40000
108022,46706
108023,95998
108024,79396
108025,40000
108026,40000
108027,40000
108028,40000
108029,53332
108030,40000
108031,63751
108032,74194
108033,40000
108034,40000
108035,40000
108036,40000
108037,58670
108038,62481
108039,40000
108040,57665
108041,71098
108042,78644
108043,57403
108044,60234
108045,88217
108046,40000
108047,45723
108048,70099
108049,43591
108050,40421
108051,44041
108052,40000
108053,76316
108054,40000
108055,47935
108056,53123
108057,49155
108058,54860
108059,40000
108060,60670
108061,40000
108062,40110
108063,40000
108064,44249
108065,40000
108066,40000
108067,40000
108068,44412
108069,76381
108070,58695
108071,45294
108072,40000
108073,40000
108074,40000
108075,68709
108076,40000
108077,48887
108078,48361
108079,54992
108080,66580
108081,40000
108082,40000
108083,69817
108084,45192
108085,51861
108086,56640
108087,47436
108088,40000
108089,54847
108090,42459
108091,56381
108092,44220
108093,68461
108094,50137
108095,40376
108096,40000
108097,72753
108098,52899
108099,40000
108100,51621
108101,54521
108102,73095
108103,58996
108104,40000
108105,48449
108106,40000
108107,48528
108108,49369
108109,49024
108110,40000
108111,42372
108112,40000
108113,49845
108114,46169
108115,49683
108116,62965
108117,54175
108118,47379
108119,67495
108120,40000
108121,40000
108122,75832
108123,40000
108124,56273
108125,69258
108126,68011
108127,40000
108128,56545
108129,45609
108130,40000
108131,69459
108132,78733
108133,40000
108134,44796
108135,69256
108136,43687
108137,40000
108138,67590
108139,56869
108140,95013
108141,59866
108142,44331
108143,78889
108144,93385
108145,66755
108146,40000
108147,40000
108148,43395
108149,55107
108150,40000
108151,65347
108152,40000
108153,57477
108154,78290
108155,52318
108156,47785
108157,44811
108158,40554
108159,40000
108160,40000
108161,58558
108162,40000
108163,40000
108164,44596
108165,68091
108166,47986
108167,68501
108168,61416
108169,40000
108170,60169
108171,56036
108172,47265
108173,50050
108174,40000
108175,57966
108176,40000
108177,60613
108178,51488
108179,54941
108180,53039
108181,54917
108182,40000
108183,72776
108184,55766
108185,58957
108186,40000
108187,41677
108188,40000
108189,54244
108190,59572
108191,40000
108192,40000
108193,54776
108194,78655
108195,58488
108196,40000
108197,51793
108198,42904
108199,63495
108200,51164
108201,57615
108202,51805
108203,50128
108204,47345
108205,45579
108206,44791
108207,47636
108208,56996
108209,64069
108210,40000
108211,65394
108212,75248
108213,54302
108214,61163
108215,61898
108216,51220
108217,49154
108218,40000
108219,65206
108220,54816
108221,43551
108222,40000
108223,55782
108224,50236
108225,87491
108226,50947
108227,59454
108228,79196
108229,41911
108230,44274
108231,40000
108232,43926
108233,79679
108234,40000
108235,40000
108236,44537
108237,40000
108238,81054
108239,46029
108240,40000
108241,53921
108242,73888
108243,72133
108244,47637
108245,59780
108246,58573
108247,65433
108248,80725
108249,65802
108250,51069
108251,53380
108252,40000
108253,68202
108254,54815
108255,40935
108256,45648
108257,73242
108258,72940
108259,40578
108260,40000
108261,55420
108262,44889
108263,40000
108264,53701
108265,41580
108266,40000
108267,70068
108268,51721
108269,94559
108270,40000
108271,67351
108272,40000
108273,106568
108274,40000
108275,72063
108276,71091
108277,48876
108278,53136
108279,40000
108280,40000
108281,50199
108282,59020
108283,53394
108284,61168
108285,42133
108286,52953
108287,63866
108288,62991
108289,52437
108290,43782
108291,84279
108292,40000
108293,40512
108294,40000
108295,69256
108296,42446
108297,40000
108298,40000
108299,50192
108300,47077
108301,40000
108302,48748
108303,50387
108304,83119
108305,53735
108306,65991
108307,94766
108308,40000
108309,40000
108310,55824
108311,59805
108312,58203
108313,105608
108314,55094
108315,96504
108316,40000
108317,52907
108318,61767
108319,40000
108320,66621
108321,48194
108322,46180
108323,69704
108324,40000
108325,47639
108326,91860
108327,40000
108328,40000
108329,76559
108330,75022
108331,45527
108332,68229
108333,64612
108334,61855
108335,43918
108336,40000
108337,68820
108338,53224
108339,40000
108340,40000
108341,84163
108342,53078
108343,46008
108344,60998
108345,64110
108346,73443
108347,77392
108348,47323
108349,40000
108350,50601
108351,56569
108352,51366
108353,56274
108354,72976
108355,45102
108356,97218
108357,44820
108358,40000
108359,40000
108360,40000
108361,59413
108362,52697
108363,59999
108364,59004
108365,43617
108366,40000
108367,75391
108368,58660
108369,53451
108370,40000
108371,40000
108372,73272
108373,45835
108374,40000
108375,41508
108376,40000
108377,54703
108378,40000
108379,49854
108380,105137
108381,40000
108382,42279
108383,40000
108384,51592
108385,50850
108386,40000
108387,40000
108388,46112
108389,50941
108390,95505
108391,60136
108392,49676
108393,61339
108394,40000
108395,83182
108396,60915
108397,40075
108398,52320
108399,40000
108400,55859
108401,40000
108402,40145
108403,45513
108404,40000
108405,62275
108406,72133
108407,40000
108408,41332
108409,40000
108410,40000
108411,40000
108412,52912
108413,41779
108414,40000
108415,51166
108416,91887
108417,66605
108418,93610
108419,51568
108420,71215
108421,45097
108422,49645
108423,46310
108424,43018
108425,57791
108426,77894
108427,75431
108428,40000
108429,44352
108430,40000
108431,40000
108432,40702
108433,40177
108434,53347
108435,40000
108436,63514
108437,68726
108438,68694
108439,61632
108440,60258
108441,58965
108442,40000
108443,51927
108444,64243
108445,87404
108446,50756
108447,54408
108448,60466
108449,57698
108450,52476
108451,67241
108452,40000
108453,40000
108454,72926
108455,44015
108456,40000
108457,40000
108458,40000
108459,60316
108460,69854
108461,55988
108462,40000
108463,88041
108464,40000
108465,61347
108466,46484
108467,64438
108468,47850
108469,58489
108470,54932
108471,62663
108472,40000
108473,40000
108474,40000
108475,40000
108476,72814
108477,40000
108478,69628
108479,61887
108480,42248
108481,40000
108482,40000
108483,53007
108484,41029
108485,54113
108486,43163
108487,57815
108488,69769
108489,40000
108490,41187
108491,40000
108492,40000
108493,84708
108494,40000
108495,40000
108496,82776
108497,46846
108498,40000
108499,40000
108500,56292
108501,40000
108502,41843
108503,65149
108504,63347
108505,56139
108506,92532
108507,40000
108508,40000
108509,47224
108510,40514
108511,44527
108512,40000
108513,40647
108514,40000
108515,52266
108516,64466
108517,64393
108518,63661
108519,40000
108520,49831
108521,52471
108522,40000
108523,64745
108524,40000
108525,62391
108526,41638
108527,40000
108528,96502
108529,67354
108530,57653
108531,40129
108532,79002
108533,59554
108534,61454
108535,51650
108536,59777
108537,66063
108538,70509
108539,40000
108540,40000
108541,40009
108542,40000
108543,44341
108544,59547
108545,40000
108546,43577
108547,40000
108548,48304
108549,71815
108550,40000
108551,46713
108552,52011
108553,66208
108554,62141
108555,40891
108556,48354
108557,41411
108558,40787
108559,50258
108560,40000
108561,40000
108562,69088
108563,47431
108564,80708
108565,55590
108566,66354
108567,47694
108568,51868
108569,81538
108570,46059
108571,51845
108572,40000
108573,47756
108574,57337
108575,51279
108576,40000
108577,40798
108578,40000
108579,40165
108580,68615
108581,45832
108582,49336
108583,40000
108584,40000
108585,47268
108586,40000
108587,40000
108588,40000
108589,40000
108590,44915
108591,57209
108592,56135
108593,98615
108594,56022
108595,40000
108596,60338
108597,40000
108598,40000
108599,63434
108600,40000
108601,76304
108602,41753
108603,41764
108604,59480
108605,41494
108606,77844
108607,58983
108608,48332
108609,73424
108610,61081
108611,51044
108612,40000
108613,48734
108614,42921
108615,71180
108616,60258
108617,43184
108618,40000
108619,51126
108620,40000
108621,52938
108622,49951
108623,49232
108624,47672
108625,40000
108626,57274
108627,56920
108628,59365
108629,79546
108630,65579
108631,48316
108632,46837
108633,55592
108634,40000
108635,40000
108636,43595
108637,71452
108638,47334
108639,84128
108640,61460
108641,41036
108642,40000
108643,41220
108644,45438
108645,46762
108646,40000
108647,42248
108648,61959
108649,40000
108650,51567
108651,71019
108652,57994
108653,55913
108654,42515
108655,40000
108656,55062
108657,49399
108658,60067
108659,71687
108660,40000
108661,51582
108662,57904
108663,64737
108664,40000
108665,55778
108666,40000
108667,65713
108668,40000
108669,40000
108670,40000
108671,62953
108672,40000
108673,78042
108674,65881
108675,75401
108676,40000
108677,61840
108678,46821
108679,40600
108680,59023
108681,59114
108682,68727
108683,40000
108684,40000
108685,40000
108686,40094
108687,40000
108688,49892
108689,51626
108690,66384
108691,55729
108692,40000
108693,40000
108694,70897
108695,40000
108696,75772
108697,40000
108698,68510
108699,81723
108700,41407
108701,40000
108702,53872
108703,40000
108704,40000
108705,40000
108706,44015
108707,53252
108708,40000
108709,52697
108710,77984
108711,71845
108712,49653
108713,40000
108714,60807
108715,89941
108716,56037
108717,59855
108718,40000
108719,40000
108720,44923
108721,40000
108722,76253
108723,40000
108724,40000
108725,41702
108726,40000
108727,49247
108728,40000
108729,82598
108730,44825
108731,80458
108732,69475
108733,40000
108734,102981
108735,41899
108736,46868
108737,64685
108738,40000
108739,40000
108740,88151
108741,43395
108742,49031
108743,40000
108744,56428
108745,40000
108746,99130
108747,59475
108748,49275
108749,52541
108750,40000
108751,43246
108752,49165
108753,40000
108754,40000
108755,59066
108756,40000
108757,55822
108758,69000
108759,56296
108760,40000
108761,40000
108762,40583
108763,78160
108764,65365
108765,55869
108766,40000
108767,43677
108768,40000
108769,48603
108770,46874
108771,40000
108772,60864
108773,43341
108774,51328
108775,40000
108776,45462
108777,73249
108778,63571
108779,51524
108780,76637
108781,40000
108782,53793
108783,40132
108784,46905
108785,69908
108786,57087
108787,65042
108788,58175
108789,72040
108790,50657
108791,82947
108792,52340
108793,57213
108794,40000
108795,45100
108796,68155
108797,82140
108798,79837
108799,40000
108800,40000
108801,56382
108802,46404
108803,54051
108804,50728
108805,50431
108806,50164
108807,40000
108808,54936
108809,40000
108810,71682
108811,40000
108812,45867
108813,51485
108814,40000
108815,40000
108816,48605
108817,43116
108818,56405
108819,41409
108820,55646
108821,40000
108822,55122
108823,57527
108824,40388
108825,65012
108826,73633
108827,74457
108828,53688
108829,40000
108830,42747
108831,40000
108832,40000
108833,55838
108834,52033
108835,40000
108836,40000
108837,53202
108838,87452
108839,40000
108840,45040
108841,40000
108842,94385
108843,43973
108844,40279
108845,40000
108846,40000
108847,44231
108848,40573
108849,54690
108850,40000
108851,45724
108852,55465
108853,40000
108854,51552
108855,94607
108856,40000
108857,40000
108858,40000
108859,58644
108860,68104
108861,54899
108862,61971
108863,64353
108864,83171
108865,73509
108866,44961
108867,40000
108868,60692
108869,59559
108870,74503
108871,61250
108872,40000
108873,40000
108874,53610
108875,70043
108876,82534
108877,42632
108878,40000
108879,50921
108880,64373
108881,40000
108882,40000
108883,53236
108884,83699
108885,57407
108886,53666
108887,40000
108888,66018
108889,54571
108890,54495
108891,86860
108892,40000
108893,40322
108894,86512
108895,98305
108896,40000
108897,50799
108898,40000
108899,40000
108900,40000
108901,85693
108902,87390
108903,46587
108904,57080
108905,48289
108906,55182
108907,78628
108908,56048
108909,40000
108910,42772
108911,40000
108912,67200
108913,65665
108914,73137
108915,40000
108916,64273
108917,40000
108918,49784
108919,57333
108920,49299
108921,40000
108922,40000
108923,51934
108924,77478
108925,76967
108926,102661
108927,77952
108928,43170
108929,76057
108930,62538
108931,48838
108932,40071
108933,40000
108934,40000
108935,40000
108936,57456
108937,40000
108938,57257
108939,69319
108940,40000
108941,47036
108942,40000
108943,40000
108944,61256
108945,40000
108946,56395
108947,40000
108948,80244
108949,40000
108950,40000
108951,53194
108952,40000
108953,40000
108954,42648
108955,40000
108956,53202
108957,47578
108958,41606
108959,69712
108960,41827
108961,40000
108962,55542
108963,53946
108964,40000
108965,40000
108966,57347
108967,40000
108968,49531
108969,40000
108970,40000
108971,41544
108972,59008
108973,60423
108974,48154
108975,46794
108976,60932
108977,40000
108978,40000
108979,41484
108980,60149
108981,40000
108982,40000
108983,46320
108984,40000
108985,59458
108986,62356
108987,63590
108988,60335
108989,42532
108990,42627
108991,40000
108992,40000
108993,63698
108994,40222
108995,40912
108996,40000
108997,49656
108998,64341
108999,57037
109000,41367
109001,46656
109002,78368
109003,40000
109004,62555
109005,45843
109006,45079
109007,72888
109008,42332
109009,66321
109010,40000
109011,58020
109012,44681
109013,74954
109014,57786
109015,40000
109016,74744
109017,40000
109018,40000
109019,42363
109020,77305
109021,40000
109022,68358
109023,41158
109024,42827
109025,40000
109026,40000
109027,40856
109028,40000
109029,55511
109030,40000
109031,51225
109032,43289
109033,40000
109034,46526
109035,40000
109036,49008
109037,40000
109038,43130
109039,72193
109040,40000
109041,43815
109042,61646
109043,47030
109044,40000
109045,40000
109046,47711
109047,53385
109048,40000
109049,40000
109050,50977
109051,40000
109052,65126
109053,40000
109054,40000
109055,65117
109056,46122
109057,67231
109058,40000
109059,86965
109060,82255
109061,49295
109062,45396
109063,40000
109064,40000
109065,40000
109066,44471
109067,44983
109068,45887
109069,70917
109070,49847
109071,47585
109072,68135
109073,47089
109074,58828
109075,40000
109076,43536
109077,40614
109078,40000
109079,71054
109080,43213
109081,62497
109082,62248
109083,81320
109084,100750
109085,40399
109086,40000
109087,40000
109088,41759
109089,52890
109090,57456
109091,40000
109092,52225
109093,40000
109094,57539
109095,44426
109096,60891
109097,52008
109098,40000
109099,40000
109100,46910
109101,85039
109102,84726
109103,40000
109104,40000
109105,42016
109106,42128
109107,48344
109108,40000
109109,40000
109110,49019
109111,49338
109112,40000
109113,40000
109114,50256
109115,40000
109116,58594
109117,70502
109118,66417
109119,68010
109120,40000
109121,43137
109122,61602
109123,62997
109124,53973
109125,72554
109126,68637
109127,64506
109128,40000
109129,85273
109130,42628
109131,40000
109132,52789
109133,42861
109134,65000
109135,46545
109136,40000
109137,40000
109138,62655
109139,40000
109140,59552
109141,70671
109142,49322
109143,54448
109144,57503
109145,45477
109146,55877
109147,44103
109148,40000
109149,59943
109150,58114
109151,40000
109152,51936
109153,40000
109154,53616
109155,70310
109156,40000
109157,44564
109158,40000
109159,50681
109160,42004
109161,63556
109162,40000
109163,54775
109164,40000
109165,40000
109166,46128
109167,40000
109168,40789
109169,41201
109170,54100
109171,40000
109172,55866
109173,53249
109174,40000
109175,40000
109176,50864
109177,40000
109178,40000
109179,73178
109180,57019
109181,64365
109182,62264
109183,62537
109184,58234
109185,40000
109186,71079
109187,87648
109188,40000
109189,73531
109190,40000
109191,62682
109192,61248
109193,66788
109194,42813
109195,50309
109196,50292
109197,68457
109198,56581
109199,40000
109200,40000
109201,46285
109202,74295
109203,40000
109204,40000
109205,40000
109206,53548
109207,52325
109208,40000
109209,57825
109210,54598
109211,40000
109212,45830
109213,40000
109214,40000
109215,107944
109216,102154
109217,41288
109218,66523
109219,63266
109220,46141
109221,54738
109222,66494
109223,40000
109224,89556
109225,41174
109226,40000
109227,40000
109228,58848
109229,40000
109230,40000
109231,40000
109232,40000
109233,40306
109234,76049
109235,68218
109236,45757
109237,49891
109238,40000
109239,56550
109240,62214
109241,41540
109242,50327
109243,40000
109244,40000
109245,40000
109246,64969
109247,40000
109248,51469
109249,48672
109250,60492
109251,40000
109252,40000
109253,48787
109254,46695
109255,80973
109256,58545
109257,61002
109258,44326
109259,59691
109260,69214
109261,43490
109262,40000
109263,48514
109264,40000
109265,61210
109266,40000
109267,44179
109268,61059
109269,45803
109270,46267
109271,40000
109272,72457
109273,66153
109274,52343
109275,40000
109276,50134
109277,43264
109278,57911
109279,40000
109280,46513
109281,51008
109282,77694
109283,40000
109284,40000
109285,40000
109286,40000
109287,40000
109288,55681
109289,40000
109290,40000
109291,62026
109292,40000
109293,59135
109294,67916
109295,55931
109296,40000
109297,42539
109298,40128
109299,46192
109300,73539
109301,51730
109302,52688
109303,40000
109304,45864
109305,54588
109306,61192
109307,70222
109308,40000
109309,72001
109310,47694
109311,65042
109312,60990
109313,40000
109314,49902
109315,53299
109316,58304
109317,55190
109318,83039
109319,40000
109320,75549
109321,88028
109322,40000
109323,40000
109324,57855
109325,55966
109326,50472
109327,43592
109328,40000
109329,47074
109330,40000
109331,65187
109332,40000
109333,62369
109334,123668
109335,40000
109336,80148
109337,75281
109338,50870
109339,50458
109340,47577
109341,41319
109342,40000
109343,65462
109344,48900
109345,40000
109346,43216
109347,66780
109348,67231
109349,40000
109350,81329
109351,40000
109352,40000
109353,40000
109354,40000
109355,40000
109356,40000
109357,40000
109358,44266
109359,46409
109360,91596
109361,40000
109362,40000
109363,45489
109364,40000
109365,40000
109366,45082
109367,67881
109368,47362
109369,66914
109370,40924
109371,40000
109372,58460
109373,40000
109374,40000
109375,67692
109376,81173
109377,63056
109378,57291
109379,81401
109380,91119
109381,40122
109382,40000
109383,40000
109384,49933
109385,71205
109386,51963
109387,61993
109388,40000
109389,82117
109390,76564
109391,59301
109392,40000
109393,48912
109394,40000
109395,49640
109396,40000
109397,46787
109398,49608
109399,40000
109400,40000
109401,58877
109402,56539
109403,40000
109404,81306
109405,67089
109406,76064
109407,40000
109408,49035
109409,61414
109410,40000
109411,40000
109412,69300
109413,40000
109414,40000
109415,56027
109416,40000
109417,40000
109418,67642
109419,51833
109420,40000
109421,62158
109422,46398
109423,69873
109424,75725
109425,85391
109426,49584
109427,40000
109428,71476
109429,40194
109430,47148
109431,49593
109432,40000
109433,42518
109434,87679
109435,47248
109436,65589
109437,71499
109438,52728
109439,46373
109440,43004
109441,80224
109442,57943
109443,47919
109444,50644
109445,62042
109446,41298
109447,62641
109448,57727
109449,80706
109450,44926
109451,40000
109452,42427
109453,59962
109454,40000
109455,70455
109456,49454
109457,82632
109458,50648
109459,72730
109460,57344
109461,47993
109462,93213
109463,50931
109464,50071
109465,49234
109466,53338
109467,40000
109468,48986
109469,55072
109470,76886
109471,56435
109472,63164
109473,67210
109474,66326
109475,40000
109476,67442
109477,40862
109478,40000
109479,42851
109480,40000
109481,40000
109482,53937
109483,58846
109484,70935
109485,46406
109486,59682
109487,51484
109488,44893
109489,66142
109490,84259
109491,55551
109492,40000
109493,57201
109494,64590
109495,45057
109496,61761
109497,42118
109498,71100
109499,78622
109500,53021
109501,40000
109502,84630
109503,40000
109504,40000
109505,56277
109506,40000
109507,40000
109508,40000
109509,50144
109510,62222
109511,40078
109512,48742
109513,70813
109514,72532
109515,40000
109516,62082
109517,89350
109518,64685
109519,60178
109520,40000
109521,40000
109522,60844
109523,40348
109524,63277
109525,51693
109526,40000
109527,40000
109528,70277
109529,45622
109530,46942
109531,40000
109532,51514
109533,87023
109534,66079
109535,50645
109536,62472
109537,45156
109538,49212
109539,40000
109540,58865
109541,62787
109542,40531
109543,66155
109544,60104
109545,61446
109546,40000
109547,40000
109548,61152
109549,40373
109550,48719
109551,70011
109552,49886
109553,69019
109554,54637
109555,49505
109556,40000
109557,50860
109558,55739
109559,40489
109560,91629
109561,40000
109562,54521
109563,54982
109564,61519
109565,51822
109566,40000
109567,40000
109568,47558
109569,53470
109570,40000
109571,61837
109572,60032
109573,62976
109574,40648
109575,44051
109576,55513
109577,44318
109578,55015
109579,40000
109580,54526
109581,40000
109582,67150
109583,67309
109584,40000
109585,61642
109586,40000
109587,61686
109588,40000
109589,50158
109590,47044
109591,40000
109592,40000
109593,78524
109594,67627
109595,40000
109596,58412
109597,52567
109598,59483
109599,40000
109600,78057
109601,40000
109602,54224
109603,40000
109604,53375
109605,71759
109606,86590
109607,40000
109608,40000
109609,40000
109610,40000
109611,97721
109612,49925
109613,69834
109614,61607
109615,41687
109616,40416
109617,64176
109618,69576
109619,67400
109620,68293
109621,40000
109622,40000
109623,60639
109624,40000
109625,42196
109626,40000
109627,68039
109628,40000
109629,56214
109630,48319
109631,60742
109632,41922
109633,40980
109634,40000
109635,40000
109636,50801
109637,40000
109638,44163
109639,64481
109640,40000
109641,75811
109642,40000
109643,55418
109644,40000
109645,50326
109646,40000
109647,73756
109648,42987
109649,52656
109650,47047
109651,61614
109652,60319
109653,40000
109654,54689
109655,48580
109656,40000
109657,40000
109658,40000
109659,63164
109660,44724
109661,44242
109662,55822
109663,40000
109664,40000
109665,61315
109666,54950
109667,40485
109668,40000
109669,40000
109670,40000
109671,78626
109672,43009
109673,62912
109674,62262
109675,40000
109676,40000
109677,40000
109678,40000
109679,40000
109680,46285
109681,40000
109682,40000
109683,40000
109684,40000
109685,65612
109686,43492
109687,40000
109688,49500
109689,62067
109690,48414
109691,45540
109692,40000
109693,45423
109694,40000
109695,40000
109696,73870
109697,65745
109698,60675
109699,68285
109700,51415
109701,40000
109702,50882
109703,46705
109704,44780
109705,47310
109706,40000
109707,56924
109708,40000
109709,40000
109710,48036
109711,63663
109712,49279
109713,86242
109714,40000
109715,69414
109716,40000
109717,40000
109718,40000
109719,60629
109720,49616
109721,40000
109722,40000
109723,40000
109724,54190
109725,42481
109726,62369
109727,60586
109728,53111
109729,52488
109730,40000
109731,44596
109732,40000
109733,40000
109734,74932
109735,40000
109736,40000
109737,42349
109738,40000
109739,40000
109740,62950
109741,40000
109742,40000
109743,40000
109744,69117
109745,42395
109746,45159
109747,61675
109748,47780
109749,61481
109750,45787
109751,40000
109752,40000
109753,54027
109754,59660
109755,40000
109756,40000
109757,40000
109758,40000
109759,40000
109760,48007
109761,65548
109762,40000
109763,42391
109764,40000
109765,63008
109766,42426
109767,64244
109768,67025
109769,40450
109770,40000
109771,72371
109772,40000
109773,62895
109774,74074
109775,40000
109776,55373
109777,40000
109778,40000
109779,42120
109780,54836
109781,69000
109782,68776
109783,40000
109784,46666
109785,42159
109786,46634
109787,43871
109788,80169
109789,61083
109790,51766
109791,64413
109792,52513
109793,40000
109794,40000
109795,73482
109796,56007
109797,85234
109798,64397
109799,40368
109800,53970
109801,54073
109802,51247
109803,40000
109804,48244
109805,52749
109806,56625
109807,40000
109808,40000
109809,41558
109810,40000
109811,40000
109812,40000
109813,56848
109814,40000
109815,44927
109816,47353
109817,40000
109818,54184
109819,49991
109820,40000
109821,72823
109822,40000
109823,44477
109824,94388
109825,65458
109826,40000
109827,40000
109828,58171
109829,40000
109830,40000
109831,58913
109832,44020
109833,65236
109834,41526
109835,82987
109836,44167
109837,40000
109838,40000
109839,40000
109840,54218
109841,75949
109842,40000
109843,47740
109844,74014
109845,78062
109846,50669
109847,73914
109848,40000
109849,45177
109850,57425
109851,49527
109852,77482
109853,60409
109854,49547
109855,56949
109856,44522
109857,89971
109858,40000
109859,40000
109860,40000
109861,55093
109862,40000
109863,88723
109864,75792
109865,40000
109866,47863
109867,40000
109868,69821
109869,55634
109870,40000
109871,42961
109872,40000
109873,51922
109874,40000
109875,40000
109876,40000
109877,60067
109878,57669
109879,40000
109880,40000
109881,55304
109882,59278
109883,40000
109884,47175
109885,40000
109886,55367
109887,68065
109888,40000
109889,53087
109890,40000
109891,40000
109892,44076
109893,48240
109894,40000
109895,88439
109896,40000
109897,40000
109898,40000
109899,49550
109900,48329
109901,40000
109902,64201
109903,76816
109904,47631
109905,40000
109906,53756
109907,67705
109908,78264
109909,40000
109910,40000
109911,40000
109912,42901
109913,55832
109914,51943
109915,40025
109916,40000
109917,76852
109918,40000
109919,49041
109920,71323
109921,40000
109922,86430
109923,49165
109924,53540
109925,74648
109926,40000
109927,51130
109928,65208
109929,95744
109930,40000
109931,40000
109932,68079
109933,46003
109934,40000
109935,40000
109936,40000
109937,40000
109938,51333
109939,78834
109940,52593
109941,40336
109942,72637
109943,42020
109944,40000
109945,40000
109946,53143
109947,41681
109948,40000
109949,52796
109950,50563
109951,40000
109952,45968
109953,56632
109954,40000
109955,48135
109956,49691
109957,79471
109958,81497
109959,58637
109960,42917
109961,42616
109962,51746
109963,55815
109964,40000
109965,43366
109966,87742
109967,66313
109968,66063
109969,47478
109970,40000
109971,48522
109972,40000
109973,69728
109974,82201
109975,57501
109976,40000
109977,49129
109978,43423
109979,40000
109980,44634
109981,43136
109982,40000
109983,40000
109984,40000
109985,40000
109986,43551
109987,55987
109988,49447
109989,73969
109990,40000
109991,40000
109992,40000
109993,48668
109994,72985
109995,40000
109996,79341
109997,47339
109998,59220
109999,40000
110000,40000
110022,71166
110039,69941
110085,60026
110114,52070
110183,48291
110228,40000
110303,42093
110344,50365
110386,40000
110420,40000
110511,48626
110567,40000
110725,61357
110765,40055
110800,50457
110854,45169
111035,71612
111133,71148
111400,72446
111534,48077
111692,40000
111784,40000
111877,53846
111939,40000
200000,40000
200001,40000
200002,40000
200003,57986
200004,52986
200005,67613
200006,49932
200007,40577
200008,52321
200009,40000
200010,56836
200011,75049
200012,40000
200013,40000
200014,40000
200015,40000
200016,55540
200017,60314
200018,71548
200019,41777
200020,40000
200021,58335
200022,55718
200023,60386
200024,60866
200025,67123
200026,40000
200027,66755
200028,43569
200029,51866
200030,63520
200031,55704
200032,66207
200033,63081
200034,73348
200035,40000
200036,40000
200037,58958
200038,68746
200039,87086
200040,52553
200041,40000
200042,50593
200043,62090
200044,40000
200045,61901
200046,56485
200047,40000
200048,48983
200049,74178
200050,52901
200051,40000
200052,40000
200053,43072
200054,42684
200055,47158
200056,67088
200057,60889
200058,40000
200059,64860
200060,63695
200061,40000
200062,40000
200063,75063
200064,40000
200065,53619
200066,76333
200067,68585
200068,81806
200069,48019
200070,40000
200071,66862
200072,72399
200073,54717
200074,72319
200075,44820
200076,46716
200077,53314
200078,52194
200079,63691
200080,43413
200081,76764
200082,61851
200083,40000
200084,40005
200085,49595
200086,55609
200087,40000
200088,48801
200089,40000
200090,40000
200091,59844
200092,40000
200093,77617
200094,49791
200095,70996
200096,40000
200097,106784
200098,51099
200099,64873
200100,70139
200101,40000
200102,84510
200103,58179
200104,41181
200105,58269
200106,40000
200107,80129
200108,40000
200109,40000
200110,40000
200111,40179
200112,49924
200113,76356
200114,40000
200115,51313
200116,81381
200117,58458
200118,60360
200119,62052
200120,55474
200121,76446
200122,40000
200123,57936
200124,40000
200125,56549
200126,40000
200127,40000
200128,66032
200129,40000
200130,40000
200131,40000
200132,70555
200133,61787
200134,40000
200135,51968
200136,40000
200137,67324
200138,62419
200139,40000
200140,54215
200141,41434
200142,75144
200143,40000
200144,45022
200145,49055
200146,70487
200147,55404
200148,58462
200149,40000
200150,42470
200151,42647
200152,74976
200153,54987
200154,43828
200155,45441
200156,49086
200157,40000
200158,56114
200159,73401
200160,58728
200161,65565
200162,54716
200163,40000
200164,49742
200165,45342
200166,77035
200167,76462
200168,40000
200169,66191
200170,48151
200171,40000
200172,40000
200173,60285
200174,40000
200175,52285
200176,90882
200177,72723
200178,41784
200179,51937
200180,40000
200181,40000
200182,40000
200183,40000
200184,95248
200185,47315
200186,40000
200187,47324
200188,76158
200189,40000
200190,40000
200191,41756
200192,66376
200193,80462
200194,98834
200195,63066
200196,58069
200197,41933
200198,51826
200199,62999
200200,66733
200201,100982
200202,63975
200203,81538
200204,68329
200205,94609
200206,40000
200207,54098
200208,40000
200209,41765
200210,75366
200211,40851
200212,64457
200213,67453
200214,78932
200215,44452
200216,70351
200217,69156
200218,69187
200219,70942
200220,75478
200221,40000
200222,40000
200223,43675
200224,71269
200225,79283
200226,40000
200227,43445
200228,47809
200229,78490
200230,46897
200231,40000
200232,40000
200233,74855
200234,55112
200235,67730
200236,54190
200237,69345
200238,42788
200239,46659
200240,61227
200241,40000
200242,71770
200243,57259
200244,40000
200245,40000
200246,40000
200247,92900
200248,73558
200249,56624
200250,85816
200251,41507
200252,40000
200253,76604
200254,40518
200255,44903
200256,40000
200257,64471
200258,46271
200259,75786
200260,48903
200261,62282
200262,68836
200263,89419
200264,40403
200265,43395
200266,90753
200267,40000
200268,40000
200269,55203
200270,40000
200271,51628
200272,62910
200273,68349
200274,50639
200275,51641
200276,42180
200277,41492
200278,67533
200279,43583
200280,89773
200281,93873
200282,40000
200283,40000
200284,40000
200285,67003
200286,72767
200287,84644
200288,58462
200289,55063
200290,40000
200291,50603
200292,80790
200293,69223
200294,48011
200295,65708
200296,42107
200297,40000
200298,40000
200299,57702
200300,40000
200301,58490
200302,57239
200303,70356
200304,45869
200305,43030
200306,48619
200307,73717
200308,51395
200309,43764
200310,82525
200311,49616
200312,40000
200313,40000
200314,40000
200315,45995
200316,47093
200317,47715
200318,40000
200319,52110
200320,41685
200321,40000
200322,98979
200323,52954
200324,40593
200325,46957
200326,45823
200327,40000
200328,46434
200329,74003
200330,40000
200331,40000
200332,86090
200333,40000
200334,58014
200335,40000
200336,40000
200337,58452
200338,56339
200339,42097
200340,40000
200341,51666
200342,40000
200343,53850
200344,76384
200345,44194
200346,44355
200347,40000
200348,56392
200349,48951
200350,77379
200351,60207
200352,44625
200353,67528
200354,40000
200355,49312
200356,46416
200357,48376
200358,63784
200359,40000
200360,79944
200361,40000
200362,40000
200363,54013
200364,60472
200365,62371
200366,40000
200367,43253
200368,41836
200369,70778
200370,51011
200371,40000
200372,42469
200373,40000
200374,88362
200375,44036
200376,66695
200377,72966
200378,66339
200379,48664
200380,40000
200381,54790
200382,90953
200383,40084
200384,64024
200385,54923
200386,64194
200387,40000
200388,67348
200389,46085
200390,65139
200391,65005
200392,45943
200393,50203
200394,78986
200395,50252
200396,40000
200397,46104
200398,63255
200399,40000
200400,52654
200401,40000
200402,40000
200403,68201
200404,46042
200405,47411
200406,60213
200407,40000
200408,73865
200409,40000
200410,40000
200411,40000
200412,47074
200413,40000
200414,67316
200415,40000
200416,40000
200417,45577
200418,45511
200419,63003
200420,73935
200421,47621
200422,71185
200423,40000
200424,40000
200425,60350
200426,58249
200427,47006
200428,40000
200429,73638
200430,40000
200431,46302
200432,40000
200433,74513
200434,43852
200435,52255
200436,56381
200437,54385
200438,52932
200439,40000
200440,49189
200441,48575
200442,73047
200443,49111
200444,48721
200445,40000
200446,40000
200447,40000
200448,48592
200449,40000
200450,55391
200451,44110
200452,67053
200453,61107
200454,54836
200455,69170
200456,40000
200457,40000
200458,40000
200459,51759
200460,52647
200461,46748
200462,56293
200463,47134
200464,75187
200465,70420
200466,43608
200467,50596
200468,85306
200469,50412
200470,51767
200471,40000
200472,60264
200473,55170
200474,40000
200475,62155
200476,43907
200477,47190
200478,70607
200479,62199
200480,77761
200481,62294
200482,52830
200483,63543
200484,40000
200485,76975
200486,40000
200487,49836
200488,71280
200489,96341
200490,64393
200491,75846
200492,40000
200493,50666
200494,72302
200495,40000
200496,70873
200497,40000
200498,59317
200499,78425
200500,59618
200501,40000
200502,49818
200503,40000
200504,42192
200505,49234
200506,55729
200507,40000
200508,45813
200509,40000
200510,92272
200511,70017
200512,40000
200513,60359
200514,55446
200515,40000
200516,41896
200517,40000
200518,40000
200519,60467
200520,60371
200521,40000
200522,40000
200523,80799
200524,40000
200525,42176
200526,40000
200527,85201
200528,40000
200529,55083
200530,46333
200531,40000
200532,50783
200533,44053
200534,40000
200535,58141
200536,42818
200537,47111
200538,56625
200539,60345
200540,40000
200541,40000
200542,47636
200543,83436
200544,49093
200545,48431
200546,69577
200547,40000
200548,65841
200549,40000
200550,52944
200551,55155
200552,40000
200553,40000
200554,53202
200555,48505
200556,40000
200557,56953
200558,62042
200559,81358
200560,45302
200561,40000
200562,48937
200563,57491
200564,47183
200565,40000
200566,56497
200567,43495
200568,54661
200569,43291
200570,40000
200571,40000
200572,84373
200573,70679
200574,47313
200575,52133
200576,40000
200577,48232
200578,50955
200579,47770
200580,40000
200581,45929
200582,73601
200583,40000
200584,63231
200585,61339
200586,74919
200587,40000
200588,40000
200589,55934
200590,72488
200591,65881
200592,40000
200593,40000
200594,44927
200595,40000
200596,51118
200597,42677
200598,52474
200599,40000
200600,47864
200601,56423
200602,52173
200603,53362
200604,40000
200605,59136
200606,62587
200607,40000
200608,59692
200609,40000
200610,78018
200611,74495
200612,74722
200613,40000
200614,67236
200615,40000
200616,94441
200617,40000
200618,89477
200619,67024
200620,90958
200621,85787
200622,40000
200623,63741
200624,40000
200625,108036
200626,50560
200627,40000
200628,40000
200629,40000
200630,40000
200631,40000
200632,91697
200633,40000
200634,40000
200635,75756
200636,54283
200637,61076
200638,42456
200639,40000
200640,60220
200641,65542
200642,41348
200643,40000
200644,43115
200645,41267
200646,51968
200647,41091
200648,40000
200649,61287
200650,40000
200651,66489
200652,41484
200653,61138
200654,56970
200655,44168
200656,51084
200657,54836
200658,67624
200659,40000
200660,70826
200661,40000
200662,40000
200663,40000
200664,40000
200665,40000
200666,40000
200667,53353
200668,53821
200669,40000
200670,48535
200671,63251
200672,40000
200673,50276
200674,40000
200675,40000
200676,69571
200677,49656
200678,40180
200679,75390
200680,40404
200681,55154
200682,40000
200683,44914
200684,57248
200685,61016
200686,41401
200687,40000
200688,40000
200689,51534
200690,66551
200691,40000
200692,40000
200693,40000
200694,51175
200695,40000
200696,60940
200697,40000
200698,40000
200699,64209
200700,40000
200701,59233
200702,42004
200703,55171
200704,44920
200705,63204
200706,40000
200707,40000
200708,44327
200709,86292
200710,64339
200711,52390
200712,48239
200713,58150
200714,42644
200715,71476
200716,40000
200717,40000
200718,54602
200719,78215
200720,40000
200721,40991
200722,63586
200723,56585
200724,51165
200725,66802
200726,65040
200727,70206
200728,40000
200729,98929
200730,41255
200731,40000
200732,44111
200733,40000
200734,67570
200735,65769
200736,60093
200737,60383
200738,44296
200739,49207
200740,40000
200741,40000
200742,40000
200743,79979
200744,43348
200745,40000
200746,71673
200747,40000
200748,40000
200749,68283
200750,74181
200751,40650
200752,58289
200753,49483
200754,58951
200755,68787
200756,40000
200757,40000
200758,45723
200759,40339
200760,40000
200761,49725
200762,59387
200763,40000
200764,40000
200765,40000
200766,48406
200767,52382
200768,64946
200769,49328
200770,58799
200771,51350
200772,66659
200773,40000
200774,40000
200775,68275
200776,54093
200777,63698
200778,55653
200779,40000
200780,65728
200781,43707
200782,40000
200783,45057
200784,40000
200785,54217
200786,51273
200787,67614
200788,40000
200789,65044
200790,71704
200791,40000
200792,65002
200793,48887
200794,50084
200795,40000
200796,40000
200797,65682
200798,76330
200799,40000
200800,50561
200801,40000
200802,50120
200803,40000
200804,40000
200805,59450
200806,52704
200807,85561
200808,40000
200809,54821
200810,60714
200811,41960
200812,52327
200813,40000
200814,45791
200815,64754
200816,60393
200817,64795
200818,40000
200819,53993
200820,92612
200821,40000
200822,40000
200823,41010
200824,40000
200825,40000
200826,57509
200827,56002
200828,40000
200829,40000
200830,53629
200831,40000
200832,68998
200833,50469
200834,58998
200835,40000
200836,45822
200837,40000
200838,64711
200839,40000
200840,74359
200841,40000
200842,40000
200843,40000
200844,78630
200845,67640
200846,50365
200847,43196
200848,40000
200849,40000
200850,56858
200851,50234
200852,67962
200853,44044
200854,72361
200855,79375
200856,49589
200857,40000
200858,45168
200859,73993
200860,56700
200861,69016
200862,60277
200863,56373
200864,46632
200865,76493
200866,54698
200867,54894
200868,42509
200869,44470
200870,67678
200871,52815
200872,78841
200873,59188
200874,42177
200875,40000
200876,56183
200877,48526
200878,61064
200879,40000
200880,48873
200881,45009
200882,54729
200883,40000
200884,46479
200885,76498
200886,46300
200887,85322
200888,59816
200889,47081
200890,40000
200891,63436
200892,40000
200893,66793
200894,60169
200895,48274
200896,46905
200897,79974
200898,66396
200899,40000
200900,50906
200901,70095
200902,54252
200903,91288
200904,50529
200905,40000
200906,59829
200907,82057
200908,45662
200909,76993
200910,47195
200911,81841
200912,44123
200913,48135
200914,40000
200915,43979
200916,40000
200917,40000
200918,48194
200919,40000
200920,79455
200921,40414
200922,40000
200923,40000
200924,61251
200925,40000
200926,73280
200927,43326
200928,40000
200929,63183
200930,79961
200931,78132
200932,40000
200933,56818
200934,49958
200935,67214
200936,55716
200937,40000
200938,47647
200939,70657
200940,40000
200941,47596
200942,40000
200943,40000
200944,60154
200945,60421
200946,53633
200947,63901
200948,40000
200949,40000
200950,40000
200951,55456
200952,40000
200953,40000
200954,40000
200955,66284
200956,87972
200957,83017
200958,62480
200959,40000
200960,58062
200961,41112
200962,40000
200963,52330
200964,40000
200965,64813
200966,55193
200967,75362
200968,40720
200969,40000
200970,40000
200971,60538
200972,40000
200973,40000
200974,40893
200975,40000
200976,40000
200977,40000
200978,40000
200979,56784
200980,40000
200981,45518
200982,40000
200983,40000
200984,40000
200985,76045
200986,53985
200987,44346
200988,40000
200989,42257
200990,43450
200991,50321
200992,40000
200993,71417
200994,52366
200995,47734
200996,47683
200997,40000
200998,45738
200999,40000
201000,40000
201001,40000
201002,59385
201003,57072
201004,63048
201005,40000
201006,70500
201007,83280
201008,46924
201009,64611
201010,40000
201011,40557
201012,62374
201013,40000
201014,54629
201015,62622
201016,69786
201017,43074
201018,40000
201019,57623
201020,57050
201021,40000
201022,48645
201023,41175
201024,40000
201025,40000
201026,40000
201027,76185
201028,40000
201029,40000
201030,52633
201031,52830
201032,40000
201033,67926
201034,40000
201035,41492
201036,56483
201037,57390
201038,67058
201039,52859
201040,70531
201041,40000
201042,82232
201043,53282
201044,76671
201045,70628
201046,40000
201047,83868
201048,70192
201049,41263
201050,53916
201051,87808
201052,40336
201053,40000
201054,40000
201055,74879
201056,45795
201057,40000
201058,50191
201059,40000
201060,52394
201061,76275
201062,51754
201063,47987
201064,64475
201065,54040
201066,77017
201067,76816
201068,50647
201069,40000
201070,52583
201071,40000
201072,40000
201073,61817
201074,41147
201075,40000
201076,60069
201077,50966
201078,58983
201079,49450
201080,49038
201081,40000
201082,59413
201083,44833
201084,46510
201085,40160
201086,40000
201087,40000
201088,90797
201089,48618
201090,76665
201091,73938
201092,40000
201093,47590
201094,52093
201095,43624
201096,40000
201097,63960
201098,40000
201099,40618
201100,40000
201101,40888
201102,40000
201103,42671
201104,44530
201105,71972
201106,56561
201107,59032
201108,40000
201109,93983
201110,59786
201111,48926
201112,40000
201113,44580
201114,60279
201115,48518
201116,40000
201117,56517
201118,55901
201119,40000
201120,40000
201121,88600
201122,61830
201123,59296
201124,40000
201125,46997
201126,59330
201127,58428
201128,40000
201129,40000
201130,40000
201131,40000
201132,75406
201133,40000
201134,60814
201135,49387
201136,70066
201137,40000
201138,40000
201139,40000
201140,42244
201141,69788
201142,41459
201143,51257
201144,69565
201145,71648
201146,40000
201147,40000
201148,40021
201149,49265
201150,69972
201151,77937
201152,40000
201153,53567
201154,97122
201155,45104
201156,40000
201157,46156
201158,54432
201159,44664
201160,52239
201161,55818
201162,50206
201163,40000
201164,55581
201165,86612
201166,40000
201167,40000
201168,42744
201169,44785
201170,40000
201171,40000
201172,40000
201173,40000
201174,57004
201175,53125
201176,63162
201177,68186
201178,60543
201179,59915
201180,64988
201181,85979
201182,72043
201183,62261
201184,40000
201185,40000
201186,70348
201187,40000
201188,60957
201189,76804
201190,52202
201191,69716
201192,40000
201193,40000
201194,63476
201195,78183
201196,42616
201197,53074
201198,40000
201199,77032
201200,57644
201201,40000
201202,68950
201203,83792
201204,43841
201205,40000
201206,40000
201207,40000
201208,40000
201209,84669
201210,57612
201211,40000
201212,40000
201213,40000
201214,44115
201215,83965
201216,68847
201217,55156
201218,46455
201219,40000
201220,41280
201221,71590
201222,68328
201223,68599
201224,40000
201225,93191
201226,40000
201227,58007
201228,87250
201229,49086
201230,40000
201231,40000
201232,40000
201233,54730
201234,53105
201235,65908
201236,63333
201237,49035
201238,40000
201239,56405
201240,61758
201241,43374
201242,74006
201243,53641
201244,63623
201245,40877
201246,40000
201247,81381
201248,47105
201249,47470
201250,57110
201251,56576
201252,40000
201253,72914
201254,43931
201255,43675
201256,56409
201257,40000
201258,58537
201259,46217
201260,78616
201261,81642
201262,47995
201263,66002
201264,58789
201265,75702
201266,74676
201267,72477
201268,40000
201269,47634
201270,85601
201271,52360
201272,40000
201273,51288
201274,74676
201275,73696
201276,59254
201277,51857
201278,58097
201279,65202
201280,55245
201281,52493
201282,71827
201283,40000
201284,40000
201285,40000
201286,51638
201287,50143
201288,40000
201289,73977
201290,41767
201291,47275
201292,48027
201293,40000
201294,40000
201295,56516
201296,40000
201297,67352
201298,43950
201299,71643
201300,58173
201301,40000
201302,47458
201303,47144
201304,76244
201305,49466
201306,53219
201307,40000
201308,40000
201309,63322
201310,57045
201311,73967
201312,74190
201313,74327
201314,67017
201315,58670
201316,58284
201317,41870
201318,56060
201319,78257
201320,58507
201321,52443
201322,40000
201323,60646
201324,80344
201325,59811
201326,48676
201327,40000
201328,78430
201329,40000
201330,69390
201331,50143
201332,60874
201333,47424
201334,49194
201335,44896
201336,68528
201337,80466
201338,52929
201339,46765
201340,50861
201341,90663
201342,41467
201343,47167
201344,40000
201345,40000
201346,40000
201347,59947
201348,75576
201349,85852
201350,45187
201351,40562
201352,59135
201353,47398
201354,40000
201355,45933
201356,42794
201357,40000
201358,87898
201359,45231
201360,52899
201361,43759
201362,86354
201363,57512
201364,40000
201365,45547
201366,40000
201367,62790
201368,42659
201369,45184
201370,57664
201371,40000
201372,76821
201373,40000
201374,53659
201375,41472
201376,51878
201377,60968
201378,40000
201379,46684
201380,40000
201381,41329
201382,78971
201383,55929
201384,40000
201385,53325
201386,40000
201387,51442
201388,62632
201389,40000
201390,40000
201391,40000
201392,71368
201393,62808
201394,49920
201395,40000
201396,40000
201397,40000
201398,46366
201399,40000
201400,40000
201401,45744
201402,40000
201403,63153
201404,40000
201405,40000
201406,42887
201407,67695
201408,50183
201409,50083
201410,46676
201411,44967
201412,89494
201413,48309
201414,57033
201415,40000
201416,52153
201417,40000
201418,59234
201419,59732
201420,40000
201421,40000
201422,43611
201423,53903
201424,40000
201425,77323
201426,40000
201427,76237
201428,40000
201429,57495
201430,40000
201431,51429
201432,40000
201433,56043
201434,49347
201435,40000
201436,51793
201437,40000
201438,78542
201439,40000
201440,40000
201441,54601
201442,40000
201443,41138
201444,44157
201445,68067
201446,65014
201447,40000
201448,40000
201449,65463
201450,42763
201451,87049
201452,58639
201453,58347
201454,69361
201455,66298
201456,57111
201457,51338
201458,61450
201459,40895
201460,40000
201461,40000
201462,54790
201463,62698
201464,51440
201465,56714
201466,40000
201467,62742
201468,66219
201469,41114
201470,40000
201471,58617
201472,40000
201473,53183
201474,60793
201475,42873
201476,40000
201477,64048
201478,52317
201479,77604
201480,68523
201481,60696
201482,40000
201483,57782
201484,103224
201485,43514
201486,40000
201487,66203
201488,40000
201489,40000
201490,40000
201491,56681
201492,40000
201493,40000
201494,66369
201495,40000
201496,55844
201497,65271
201498,69972
201499,57232
201500,40000
201501,49368
201502,65164
201503,43149
201504,40000
201505,74556
201506,53674
201507,40000
201508,40000
201509,40000
201510,62072
201511,40000
201512,40000
201513,43646
201514,40000
201515,43678
201516,55169
201517,74190
201518,72525
201519,40000
201520,53037
201521,46931
201522,57146
201523,40000
201524,44027
201525,40000
201526,43214
201527,48160
201528,40000
201529,58880
201530,79273
201531,53548
201532,72275
201533,76504
201534,50640
201535,40000
201536,60918
201537,50556
201538,77740
201539,40000
201540,53686
201541,44233
201542,107359
201543,47149
201544,91768
201545,44723
201546,40000
201547,64402
201548,66365
201549,48157
201550,40000
201551,40000
201552,40000
201553,55511
201554,79976
201555,40000
201556,40000
201557,62763
201558,73458
201559,45561
201560,40000
201561,53377
201562,52737
201563,52848
201564,40000
201565,44690
201566,48798
201567,40000
201568,66723
201569,62508
201570,40000
201571,77752
201572,68431
201573,50948
201574,40000
201575,57182
201576,40421
201577,40000
201578,52753
201579,40000
201580,40000
201581,85982
201582,63294
201583,40000
201584,40000
201585,55522
201586,40000
201587,40000
201588,52367
201589,40000
201590,78735
201591,68628
201592,61577
201593,41457
201594,40000
201595,40000
201596,41502
201597,63853
201598,83009
201599,78863
201600,40000
201601,40000
201602,58515
201603,40000
201604,79823
201605,43248
201606,42589
201607,40000
201608,40000
201609,59620
201610,74174
201611,40000
201612,46212
201613,40000
201614,51992
201615,40000
201616,78098
201617,40000
201618,40000
201619,49573
201620,40000
201621,86896
201622,40000
201623,70328
201624,40000
201625,40000
201626,76739
201627,58590
201628,41834
201629,40000
201630,52516
201631,80847
201632,96701
201633,52698
201634,53978
201635,57416
201636,58018
201637,65047
201638,40000
201639,63653
201640,40000
201641,40000
201642,40000
201643,49416
201644,40000
201645,78999
201646,43335
201647,57539
201648,40000
201649,40000
201650,40000
201651,40000
201652,40000
201653,52572
201654,40000
201655,66379
201656,67717
201657,40000
201658,56241
201659,97086
201660,40000
201661,40000
201662,67451
201663,40000
201664,40000
201665,47299
201666,73334
201667,44301
201668,42637
201669,43046
201670,51105
201671,40000
201672,42339
201673,40359
201674,53812
201675,40000
201676,40000
201677,40000
201678,40000
201679,71023
201680,40000
201681,53917
201682,56628
201683,74869
201684,40000
201685,60056
201686,40000
201687,45809
201688,46265
201689,75672
201690,40000
201691,40000
201692,69132
201693,40000
201694,50370
201695,40000
201696,74410
201697,40000
201698,49818
201699,58150
201700,45584
201701,40346
201702,43162
201703,54946
201704,48945
201705,40000
201706,58649
201707,40000
201708,40000
201709,78121
201710,71904
201711,43786
201712,48538
201713,78646
201714,40000
201715,40000
201716,40000
201717,73451
201718,62372
201719,40000
201720,47879
201721,40000
201722,75343
201723,51051
201724,65191
201725,40428
201726,61459
201727,76038
201728,75790
201729,40000
201730,40000
201731,75583
201732,77649
201733,40000
201734,55801
201735,77327
201736,81038
201737,40000
201738,76234
201739,57310
201740,40000
201741,60089
201742,71622
201743,49852
201744,40000
201745,40000
201746,46094
201747,40000
201748,40000
201749,57140
201750,40000
201751,44319
201752,53616
201753,56438
201754,53891
201755,50463
201756,47194
201757,57403
201758,49022
201759,43857
201760,70927
201761,40000
201762,58156
201763,63079
201764,61029
201765,50504
201766,51195
201767,47097
201768,40000
201769,48427
201770,66998
201771,48919
201772,54369
201773,44729
201774,40000
201775,40000
201776,40000
201777,73596
201778,40000
201779,50143
201780,45716
201781,40000
201782,45207
201783,40000
201784,40000
201785,40000
201786,40000
201787,45456
201788,40000
201789,47080
201790,65528
201791,70040
201792,54518
201793,40000
201794,40000
201795,58273
201796,59063
201797,69604
201798,88484
201799,73989
201800,52508
201801,50795
201802,62530
201803,63118
201804,40000
201805,40000
201806,40000
201807,40000
201808,52659
201809,40000
201810,58502
201811,62631
201812,50742
201813,40000
201814,52922
201815,46708
201816,49054
201817,40893
201818,72537
201819,40000
201820,42972
201821,40000
201822,52653
201823,69020
201824,45276
201825,53288
201826,70245
201827,52046
201828,47568
201829,46058
201830,54996
201831,40000
201832,40000
201833,50978
201834,98026
201835,40000
201836,40000
201837,42479
201838,81852
201839,40000
201840,52777
201841,40000
201842,68153
201843,40000
201844,40000
201845,98004
201846,46296
201847,55415
201848,72206
201849,52032
201850,40000
201851,65004
201852,78810
201853,48167
201854,47132
201855,48498
201856,86655
201857,40000
201858,42077
201859,42130
201860,69878
201861,40000
201862,42857
201863,68459
201864,45193
201865,44570
201866,65083
201867,83927
201868,40000
201869,41092
201870,40000
201871,64138
201872,58139
201873,43385
201874,59675
201875,58571
201876,90655
201877,54077
201878,66841
201879,51698
201880,62651
201881,40000
201882,43274
201883,71930
201884,40000
201885,65340
201886,54366
201887,40000
201888,40000
201889,40000
201890,57095
201891,44256
201892,40000
201893,45996
201894,40000
201895,42093
201896,66598
201897,42436
201898,45735
201899,53795
201900,40000
201901,43906
201902,40000
201903,40000
201904,50620
201905,40000
201906,40000
201907,40000
201908,86008
201909,72925
201910,66920
201911,65051
201912,40000
201913,40000
201914,40000
201915,62133
201916,40000
201917,55961
201918,59306
201919,62609
201920,52903
201921,40000
201922,77258
201923,40000
201924,76170
201925,62435
201926,40000
201927,40000
201928,40000
201929,40000
201930,40000
201931,40000
201932,40000
201933,79754
201934,67686
201935,72548
201936,60784
201937,40000
201938,44416
201939,40000
201940,64012
201941,40000
201942,40000
201943,59402
201944,40000
201945,41074
201946,40000
201947,41544
201948,40782
201949,56493
201950,40000
201951,40000
201952,40000
201953,40000
201954,53716
201955,40000
201956,47312
201957,44985
201958,56109
201959,40000
201960,61833
201961,69633
201962,40000
201963,50444
201964,43436
201965,48671
201966,61247
201967,73497
201968,40000
201969,63269
201970,45611
201971,41955
201972,66789
201973,40000
201974,63134
201975,79239
201976,40000
201977,40000
201978,48823
201979,83651
201980,40000
201981,78778
201982,47802
201983,54957
201984,51298
201985,65948
201986,73976
201987,48865
201988,57366
201989,62505
201990,44259
201991,47056
201992,40000
201993,61431
201994,57603
201995,40000
201996,43050
201997,54263
201998,40000
201999,79820
202000,52343
202001,67609
202002,48089
202003,57146
202004,49065
202005,40000
202006,49739
202007,58187
202008,69036
202009,64959
202010,46345
202011,69655
202012,57166
202013,43291
202014,61680
202015,40000
202016,40000
202017,67250
202018,68553
202019,55270
202020,47965
202021,40000
202022,40000
202023,64489
202024,54214
202025,61331
202026,40000
202027,69583
202028,42444
202029,58403
202030,40000
202031,46606
202032,40000
202033,40000
202034,65174
202035,52711
202036,76178
202037,57963
202038,46042
202039,55944
202040,45824
202041,62971
202042,73669
202043,47169
202044,53781
202045,40000
202046,50846
202047,40000
202048,45961
202049,55630
202050,40000
202051,40000
202052,40000
202053,40000
202054,57523
202055,40000
202056,40000
202057,50506
202058,40000
202059,40000
202060,53292
202061,40000
202062,40000
202063,54353
202064,46100
202065,47790
202066,55454
202067,50276
202068,63182
202069,77417
202070,40000
202071,40000
202072,58709
202073,49816
202074,44899
202075,40000
202076,53925
202077,42731
202078,40000
202079,55212
202080,78856
202081,40000
202082,40000
202083,40000
202084,51082
202085,40000
202086,40000
202087,40000
202088,65707
202089,45796
202090,40000
202091,40000
202092,40000
202093,50239
202094,45238
202095,40000
202096,78213
202097,40000
202098,56933
202099,60211
202100,40000
202101,43087
202102,47331
202103,95230
202104,40000
202105,49047
202106,47563
202107,63062
202108,40000
202109,85456
202110,96465
202111,40000
202112,55374
202113,51779
202114,40000
202115,66500
202116,63116
202117,59567
202118,67413
202119,57403
202120,72544
202121,63067
202122,40000
202123,40000
202124,52518
202125,40000
202126,73898
202127,50422
202128,70961
202129,92251
202130,40000
202131,63344
202132,47649
202133,50798
202134,40000
202135,46323
202136,40000
202137,87497
202138,60789
202139,44558
202140,71984
202141,64408
202142,61522
202143,40000
202144,40000
202145,40000
202146,56831
202147,40000
202148,43995
202149,86001
202150,47441
202151,71020
202152,72697
202153,63926
202154,67732
202155,71548
202156,64124
202157,40000
202158,67526
202159,40165
202160,40000
202161,50799
202162,40000
202163,42545
202164,51178
202165,72191
202166,40000
202167,40000
202168,40000
202169,40000
202170,57623
202171,40000
202172,40000
202173,40000
202174,41420
202175,54832
202176,40000
202177,55703
202178,71916
202179,40000
202180,40000
202181,56834
202182,75728
202183,40000
202184,57594
202185,43836
202186,74408
202187,40000
202188,63534
202189,50939
202190,41116
202191,46536
202192,43876
202193,41986
202194,46981
202195,40000
202196,77402
202197,40000
202198,40000
202199,40000
202200,53044
202201,40000
202202,45355
202203,40000
202204,54596
202205,40000
202206,41053
202207,60977
202208,53722
202209,53278
202210,50211
202211,53954
202212,58877
202213,40000
202214,62703
202215,55698
202216,40000
202217,40000
202218,83609
202219,42253
202220,88774
202221,58464
202222,40000
202223,82928
202224,57265
202225,40000
202226,46508
202227,66342
202228,40000
202229,44857
202230,56322
202231,74344
202232,40000
202233,63495
202234,72330
202235,66622
202236,40000
202237,48085
202238,40000
202239,46640
202240,44461
202241,40000
202242,40000
202243,60253
202244,47434
202245,68118
202246,40000
202247,62457
202248,40000
202249,88420
202250,50145
202251,60365
202252,58951
202253,46272
202254,105240
202255,45754
202256,62832
202257,51345
202258,74699
202259,40000
202260,51650
202261,40000
202262,62826
202263,76151
202264,54579
202265,40092
202266,43590
202267,51063
202268,40000
202269,60894
202270,49455
202271,71249
202272,40000
202273,40000
202274,40000
202275,40000
202276,40000
202277,57746
202278,58604
202279,70517
202280,41291
202281,40000
202282,40013
202283,40000
202284,74933
202285,52214
202286,40000
202287,40000
202288,41795
202289,66975
202290,40000
202291,63773
202292,52493
202293,60141
202294,44523
202295,75631
202296,45347
202297,40473
202298,40000
202299,40000
202300,65417
202301,40000
202302,40000
202303,40000
202304,42516
202305,40000
202306,56170
202307,55363
202308,59711
202309,45539
202310,79767
202311,42922
202312,40000
202313,40000
202314,40000
202315,73130
202316,40000
202317,40000
202318,83553
202319,71711
202320,53380
202321,40000
202322,40000
202323,83505
202324,40000
202325,58677
202326,40000
202327,40000
202328,40000
202329,48472
202330,52364
202331,40000
202332,42276
202333,46380
202334,40000
202335,71925
202336,46685
202337,40956
202338,83979
202339,71658
202340,40000
202341,74670
202342,65467
202343,51472
202344,40000
202345,42018
202346,66100
202347,79608
202348,40000
202349,92786
202350,50398
202351,49882
202352,54270
202353,40000
202354,51850
202355,60789
202356,40000
202357,43525
202358,40000
202359,49935
202360,48372
202361,40000
202362,57141
202363,61776
202364,40000
202365,40000
202366,41250
202367,40000
202368,40000
202369,78306
202370,50515
202371,40000
202372,58626
202373,40000
202374,59695
202375,45256
202376,72487
202377,40000
202378,40000
202379,40000
202380,64471
202381,40000
202382,40000
202383,40000
202384,41347
202385,97643
202386,86296
202387,57490
202388,40000
202389,43744
202390,53119
202391,40000
202392,47652
202393,40000
202394,65167
202395,56936
202396,45850
202397,40327
202398,40000
202399,54320
202400,51803
202401,40000
202402,40000
202403,40000
202404,40867
202405,55685
202406,40000
202407,40000
202408,48609
202409,41696
202410,51253
202411,40000
202412,40000
202413,70792
202414,50945
202415,51089
202416,40000
202417,61675
202418,55459
202419,77714
202420,44208
202421,66832
202422,44503
202423,65110
202424,42788
202425,40000
202426,40000
202427,40000
202428,40000
202429,44989
202430,61938
202431,40000
202432,56095
202433,71691
202434,40082
202435,57798
202436,60675
202437,61784
202438,44429
202439,70181
202440,74116
202441,42821
202442,44343
202443,72625
202444,42071
202445,40000
202446,62097
202447,45219
202448,40000
202449,48837
202450,65711
202451,40000
202452,69700
202453,40000
202454,40000
202455,53337
202456,40000
202457,40000
202458,40000
202459,60183
202460,40000
202461,40000
202462,69679
202463,54432
202464,40000
202465,77414
202466,40000
202467,73535
202468,75115
202469,77817
202470,40000
202471,40000
202472,40000
202473,53685
202474,40000
202475,47038
202476,40000
202477,40000
202478,48038
202479,63086
202480,40000
202481,78848
202482,60603
202483,66913
202484,54859
202485,78275
202486,42782
202487,53248
202488,42599
202489,64533
202490,55866
202491,40000
202492,49663
202493,40000
202494,52579
202495,81919
202496,40000
202497,40000
202498,55626
202499,40000
202500,80043
202501,46102
202502,70018
202503,40000
202504,46287
202505,66844
202506,40000
202507,40000
202508,70372
202509,40000
202510,80216
202511,49402
202512,55326
202513,40000
202514,40000
202515,55120
202516,40000
202517,45497
202518,40000
202519,40000
202520,40000
202521,40000
202522,54372
202523,40000
202524,75601
202525,40000
202526,46030
202527,48662
202528,40000
202529,40000
202530,40000
202531,63203
202532,40000
202533,40000
202534,60047
202535,57645
202536,47006
202537,54862
202538,40000
202539,40000
202540,65006
202541,40000
202542,40000
202543,59729
202544,46399
202545,43620
202546,49542
202547,82987
202548,59098
202549,54386
202550,60951
202551,40000
202552,40000
202553,64897
202554,65093
202555,40000
202556,45995
202557,72095
202558,52032
202559,40000
202560,57809
202561,54656
202562,42892
202563,40000
202564,41332
202565,57918
202566,40000
202567,48187
202568,40000
202569,80680
202570,64337
202571,40000
202572,51130
202573,40000
202574,40000
202575,74183
202576,40000
202577,83005
202578,40000
202579,40000
202580,40623
202581,66361
202582,40000
202583,58431
202584,72914
202585,55645
202586,54140
202587,40000
202588,74884
202589,40000
202590,63620
202591,56130
202592,50900
202593,62761
202594,80431
202595,40000
202596,60465
202597,45182
202598,40000
202599,50947
202600,40679
202601,41069
202602,50403
202603,40000
202604,41209
202605,72543
202606,53935
202607,40000
202608,53547
202609,40000
202610,49130
202611,40000
202612,40000
202613,40000
202614,83616
202615,40000
202616,69269
202617,68463
202618,54872
202619,63550
202620,58726
202621,50652
202622,51028
202623,46996
202624,52654
202625,43366
202626,62855
202627,40000
202628,40000
202629,48041
202630,47536
202631,49669
202632,40000
202633,67184
202634,56588
202635,40000
202636,82625
202637,70312
202638,48965
202639,40000
202640,40000
202641,50528
202642,52408
202643,40000
202644,40000
202645,61297
202646,48663
202647,68829
202648,40000
202649,66311
202650,55786
202651,68939
202652,102240
202653,59958
202654,40000
202655,49410
202656,63076
202657,40000
202658,51826
202659,54166
202660,40000
202661,53227
202662,70003
202663,58604
202664,58020
202665,40000
202666,65545
202667,79152
202668,40000
202669,42616
202670,40000
202671,71894
202672,56330
202673,40000
202674,60481
202675,40000
202676,49262
202677,40000
202678,40000
202679,40000
202680,65073
202681,67957
202682,40000
202683,48358
202684,49683
202685,40000
202686,83043
202687,40000
202688,53616
202689,40000
202690,72230
202691,40000
202692,66386
202693,40000
202694,57290
202695,69566
202696,97762
202697,40000
202698,78290
202699,58884
202700,41199
202701,40000
202702,40000
202703,78882
202704,40000
202705,59352
202706,50750
202707,40000
202708,43653
202709,89255
202710,45241
202711,60933
202712,40000
202713,71907
202714,50364
202715,51927
202716,40000
202717,40000
202718,40000
202719,40000
202720,40000
202721,40000
202722,61140
202723,80651
202724,41417
202725,51896
202726,45415
202727,57828
202728,46716
202729,40000
202730,40000
202731,50798
202732,40000
202733,40000
202734,51531
202735,81304
202736,40000
202737,45427
202738,52333
202739,51410
202740,48969
202741,57381
202742,49379
202743,41166
202744,69057
202745,51667
202746,78082
202747,52541
202748,62789
202749,59240
202750,40000
202751,55370
202752,49323
202753,85699
202754,81874
202755,81812
202756,40000
202757,40000
202758,56127
202759,40000
202760,67480
202761,42389
202762,65774
202763,46990
202764,62679
202765,41077
202766,80320
202767,40000
202768,40000
202769,40000
202770,62338
202771,64593
202772,49594
202773,40000
202774,47662
202775,79657
202776,67394
202777,40000
202778,52201
202779,40000
202780,40000
202781,45775
202782,44120
202783,78643
202784,40000
202785,43016
202786,40000
202787,58094
202788,40000
202789,53207
202790,69699
202791,46891
202792,64126
202793,86621
202794,69547
202795,51363
202796,57437
202797,51665
202798,64770
202799,53110
202800,71621
202801,41229
202802,94409
202803,40000
202804,53192
202805,51344
202806,86470
202807,72919
202808,78486
202809,40000
202810,74199
202811,47510
202812,40000
202813,40000
202814,40000
202815,78571
202816,40000
202817,60210
202818,40000
202819,40000
202820,100382
202821,41823
202822,70090
202823,51434
202824,40000
202825,50853
202826,40000
202827,40000
202828,52669
202829,60380
202830,40000
202831,40000
202832,58792
202833,41076
202834,47599
202835,69281
202836,47695
202837,42955
202838,40000
202839,78705
202840,40000
202841,50753
202842,40000
202843,40000
202844,57425
202845,40000
202846,64909
202847,40000
202848,69072
202849,41958
202850,75916
202851,40000
202852,40000
202853,64281
202854,67865
202855,45374
202856,40000
202857,55920
202858,40000
202859,65822
202860,40438
202861,80774
202862,71301
202863,40000
202864,51948
202865,40000
202866,40000
202867,65853
202868,75372
202869,40000
202870,59126
202871,80321
202872,40611
202873,40000
202874,77416
202875,40000
202876,40000
202877,86048
202878,52821
202879,73614
202880,40000
202881,42915
202882,40000
202883,44784
202884,51326
202885,60913
202886,40000
202887,41331
202888,50332
202889,77805
202890,40000
202891,78792
202892,42724
202893,40154
202894,60196
202895,46109
202896,46506
202897,40000
202898,63321
202899,55647
202900,42856
202901,54107
202902,40000
202903,50101
202904,40000
202905,40000
202906,40000
202907,62180
202908,40000
202909,77035
202910,40000
202911,52322
202912,48621
202913,52132
202914,40000
202915,49216
202916,49097
202917,62376
202918,75541
202919,67018
202920,54234
202921,40000
202922,45441
202923,49816
202924,40000
202925,40000
202926,63810
202927,74184
202928,40000
202929,57004
202930,41832
202931,45044
202932,49425
202933,40000
202934,44323
202935,51499
202936,40000
202937,85624
202938,64443
202939,59513
202940,52432
202941,52694
202942,40000
202943,40000
202944,54282
202945,56535
202946,40000
202947,40000
202948,54557
202949,40000
202950,40000
202951,62728
202952,65099
202953,79944
202954,40000
202955,66857
202956,47855
202957,52107
202958,94242
202959,43506
202960,59274
202961,49519
202962,40000
202963,40000
202964,62869
202965,63112
202966,53143
202967,45317
202968,40000
202969,40000
202970,40000
202971,66932
202972,55744
202973,61082
202974,53180
202975,55768
202976,63880
202977,40000
202978,46766
202979,87466
202980,40000
202981,40000
202982,43727
202983,71584
202984,54223
202985,69821
202986,53433
202987,41614
202988,40823
202989,57997
202990,55569
202991,40000
202992,40000
202993,57804
202994,77774
202995,71247
202996,54842
202997,49180
202998,59746
202999,83628
203000,69892
203001,64946
203002,54289
203003,74654
203004,40000
203005,40000
203006,56845
203007,40000
203008,50656
203009,40000
203010,44288
203011,45690
203012,51246
203013,47870
203014,44350
203015,40000
203016,45042
203017,40000
203018,60009
203019,40000
203020,59827
203021,40000
203022,44608
203023,40000
203024,43314
203025,40000
203026,40000
203027,40000
203028,40000
203029,79792
203030,64484
203031,49803
203032,64039
203033,40000
203034,40000
203035,51982
203036,42851
203037,40000
203038,63079
203039,40000
203040,62010
203041,53026
203042,40000
203043,49865
203044,60880
203045,40000
203046,40000
203047,52008
203048,40000
203049,77884
203050,44513
203051,40000
203052,61289
203053,86271
203054,58116
203055,59395
203056,72773
203057,66680
203058,55727
203059,49969
203060,79783
203061,68847
203062,40000
203063,45575
203064,56162
203065,41620
203066,60860
203067,40401
203068,40000
203069,85602
203070,40000
203071,43230
203072,40297
203073,68858
203074,51608
203075,40000
203076,52248
203077,85275
203078,49690
203079,40000
203080,49195
203081,40000
203082,49862
203083,59897
203084,41377
203085,40000
203086,40000
203087,54793
203088,87926
203089,58271
203090,40424
203091,40000
203092,55372
203093,59774
203094,61904
203095,87873
203096,40000
203097,54596
203098,40000
203099,45829
203100,72327
203101,40000
203102,68953
203103,40000
203104,40000
203105,40000
203106,40151
203107,93384
203108,78330
203109,40000
203110,58432
203111,57227
203112,53295
203113,40000
203114,75915
203115,45390
203116,52911
203117,50568
203118,40000
203119,54243
203120,43696
203121,78923
203122,54678
203123,42285
203124,40000
203125,40000
203126,46452
203127,64590
203128,83952
203129,77690
203130,54680
203131,78174
203132,46024
203133,51001
203134,40000
203135,40000
203136,60822
203137,64804
203138,65846
203139,63290
203140,42918
203141,46324
203142,42063
203143,40000
203144,56579
203145,40000
203146,46236
203147,40000
203148,72210
203149,52254
203150,66129
203151,59558
203152,42402
203153,40000
203154,40000
203155,40000
203156,68346
203157,59617
203158,43203
203159,40000
203160,52306
203161,65567
203162,47747
203163,40000
203164,84994
203165,40000
203166,40000
203167,50644
203168,76900
203169,68844
203170,61387
203171,83906
203172,60053
203173,65153
203174,43289
203175,40000
203176,51461
203177,48297
203178,87445
203179,61104
203180,74505
203181,60342
203182,76326
203183,63010
203184,72905
203185,51667
203186,63757
203187,64706
203188,48114
203189,57671
203190,59049
203191,40000
203192,59883
203193,90091
203194,40000
203195,40000
203196,49592
203197,48394
203198,44606
203199,44275
203200,83572
203201,40000
203202,40000
203203,49751
203204,40000
203205,67103
203206,40000
203207,88710
203208,40000
203209,83274
203210,52190
203211,40745
203212,40000
203213,62255
203214,76135
203215,41354
203216,67596
203217,41902
203218,54774
203219,63100
203220,71380
203221,82796
203222,57045
203223,40000
203224,57555
203225,40000
203226,53188
203227,42879
203228,76684
203229,40000
203230,51601
203231,45504
203232,40000
203233,84597
203234,89504
203235,48729
203236,78480
203237,40000
203238,72195
203239,46042
203240,40000
203241,40000
203242,53200
203243,41897
203244,40296
203245,40000
203246,40000
203247,61596
203248,52263
203249,64455
203250,40000
203251,56805
203252,69412
203253,43028
203254,47599
203255,52281
203256,40000
203257,43424
203258,46816
203259,74567
203260,40000
203261,71321
203262,58365
203263,42773
203264,40000
203265,82081
203266,40000
203267,40000
203268,77285
203269,53754
203270,73890
203271,40000
203272,54311
203273,40000
203274,57470
203275,51475
203276,41574
203277,58463
203278,57821
203279,50219
203280,64215
203281,44889
203282,40000
203283,40000
203284,51672
203285,45383
203286,40000
203287,48152
203288,55497
203289,67039
203290,40000
203291,40000
203292,82998
203293,60058
203294,43923
203295,52170
203296,55163
203297,40000
203298,58965
203299,60605
203300,40146
203301,88252
203302,40000
203303,40000
203304,65365
203305,113050
203306,88505
203307,41404
203308,51513
203309,58072
203310,40000
203311,65391
203312,74198
203313,65884
203314,70174
203315,62536
203316,54174
203317,97485
203318,56536
203319,64319
203320,41939
203321,40000
203322,57831
203323,60536
203324,71167
203325,64178
203326,40000
203327,40000
203328,56689
203329,40000
203330,67472
203331,40000
203332,40000
203333,60351
203334,95561
203335,40000
203336,40000
203337,41725
203338,55464
203339,40000
203340,43392
203341,62872
203342,66230
203343,60904
203344,43472
203345,55262
203346,44923
203347,40000
203348,67999
203349,40000
203350,40000
203351,57728
203352,40000
203353,64055
203354,63792
203355,44215
203356,54151
203357,40000
203358,61658
203359,51066
203360,40000
203361,43475
203362,70690
203363,45366
203364,58905
203365,40000
203366,40000
203367,41210
203368,40000
203369,52402
203370,66172
203371,77502
203372,61474
203373,43086
203374,58908
203375,48101
203376,40000
203377,49783
203378,60904
203379,40000
203380,40954
203381,40000
203382,63452
203383,40000
203384,40000
203385,66717
203386,101952
203387,52804
203388,51364
203389,40000
203390,66260
203391,51616
203392,67341
203393,59109
203394,40000
203395,81993
203396,57963
203397,40000
203398,40000
203399,45867
203400,59609
203401,53214
203402,40000
203403,40000
203404,40000
203405,94090
203406,40000
203407,62390
203408,49039
203409,40000
203410,48452
203411,62703
203412,50572
203413,57618
203414,58354
203415,67827
203416,40000
203417,40000
203418,47287
203419,40000
203420,40000
203421,40436
203422,40000
203423,40000
203424,43758
203425,58884
203426,40000
203427,40828
203428,40000
203429,68570
203430,60623
203431,40000
203432,44635
203433,50879
203434,80359
203435,52346
203436,40804
203437,70275
203438,50365
203439,40000
203440,40000
203441,46758
203442,40000
203443,72862
203444,40000
203445,62740
203446,51988
203447,58103
203448,40000
203449,54503
203450,63792
203451,63260
203452,56333
203453,58305
203454,40000
203455,41287
203456,44558
203457,71855
203458,48428
203459,40000
203460,40000
203461,75898
203462,40000
203463,40000
203464,69029
203465,40000
203466,43538
203467,40000
203468,40000
203469,40000
203470,48988
203471,86032
203472,54945
203473,46226
203474,71401
203475,60330
203476,40000
203477,53771
203478,40000
203479,40000
203480,51388
203481,59881
203482,40000
203483,40000
203484,57018
203485,43693
203486,51191
203487,40000
203488,46003
203489,67530
203490,67300
203491,75920
203492,40000
203493,40000
203494,50899
203495,40000
203496,46933
203497,42567
203498,40000
203499,66336
203500,40000
203501,40000
203502,40000
203503,50231
203504,40000
203505,70786
203506,40794
203507,40000
203508,70987
203509,40000
203510,56529
203511,86302
203512,51998
203513,40000
203514,77946
203515,40000
203516,56394
203517,58463
203518,40000
203519,43957
203520,47888
203521,40000
203522,54630
203523,59753
203524,40000
203525,40000
203526,40000
203527,52690
203528,40000
203529,67016
203530,40000
203531,51921
203532,88326
203533,40000
203534,43271
203535,40000
203536,40000
203537,65945
203538,62662
203539,57882
203540,49530
203541,40000
203542,40000
203543,70017
203544,85322
203545,65081
203546,57590
203547,47418
203548,61299
203549,40000
203550,94374
203551,40000
203552,56491
203553,40000
203554,40340
203555,80969
203556,43879
203557,40000
203558,40000
203559,58855
203560,54778
203561,44247
203562,40000
203563,61179
203564,42389
203565,47236
203566,40000
203567,46943
203568,62239
203569,54238
203570,84714
203571,47226
203572,67617
203573,40000
203574,40000
203575,40000
203576,41393
203577,61181
203578,84216
203579,43659
203580,43557
203581,49940
203582,40000
203583,40656
203584,49271
203585,40000
203586,84356
203587,64292
203588,54513
203589,58067
203590,62837
203591,59129
203592,40000
203593,71275
203594,40000
203595,68863
203596,40000
203597,40000
203598,52225
203599,41382
203600,68032
203601,40000
203602,50655
203603,62569
203604,65840
203605,40000
203606,74345
203607,43689
203608,57721
203609,40000
203610,45001
203611,65467
203612,65403
203613,43632
203614,40000
203615,61011
203616,86096
203617,58995
203618,40000
203619,40000
203620,54518
203621,56828
203622,54408
203623,47557
203624,56720
203625,40000
203626,40000
203627,52169
203628,57342
203629,57339
203630,51823
203631,107148
203632,59188
203633,40000
203634,43791
203635,88928
203636,46373
203637,57665
203638,54598
203639,40000
203640,71036
203641,84996
203642,83585
203643,52022
203644,43697
203645,51864
203646,64144
203647,53559
203648,46729
203649,72814
203650,50126
203651,40000
203652,40000
203653,40000
203654,98368
203655,43419
203656,71705
203657,77463
203658,70378
203659,46312
203660,83834
203661,43808
203662,55809
203663,74110
203664,50163
203665,70657
203666,40000
203667,40000
203668,87145
203669,40000
203670,40000
203671,51421
203672,40000
203673,40000
203674,40000
203675,40000
203676,45716
203677,40000
203678,40000
203679,61274
203680,40000
203681,80068
203682,47013
203683,40000
203684,40000
203685,40286
203686,65249
203687,54227
203688,93104
203689,40000
203690,60940
203691,59561
203692,77820
203693,40000
203694,51273
203695,60401
203696,80987
203697,40429
203698,76872
203699,74877
203700,58325
203701,43731
203702,69248
203703,43470
203704,40000
203705,63242
203706,52154
203707,40000
203708,61161
203709,64993
203710,60197
203711,40000
203712,40000
203713,45614
203714,43893
203715,40000
203716,40000
203717,40000
203718,40000
203719,41221
203720,72078
203721,40000
203722,89923
203723,56400
203724,40000
203725,40000
203726,62979
203727,48073
203728,43008
203729,57729
203730,40000
203731,54902
203732,50657
203733,63267
203734,55589
203735,41881
203736,75449
203737,76933
203738,60996
203739,40000
203740,53873
203741,76418
203742,56223
203743,68063
203744,40000
203745,40000
203746,52248
203747,49330
203748,40000
203749,40000
203750,49098
203751,47585
203752,56640
203753,45196
203754,52681
203755,59429
203756,64413
203757,59508
203758,69797
203759,58729
203760,40000
203761,42289
203762,45910
203763,67609
203764,56728
203765,72475
203766,85180
203767,45486
203768,64047
203769,87146
203770,40000
203771,40000
203772,84595
203773,60978
203774,53428
203775,40000
203776,50976
203777,40702
203778,64674
203779,40000
203780,50099
203781,40966
203782,43319
203783,64526
203784,43144
203785,40000
203786,40000
203787,40000
203788,57390
203789,40576
203790,41276
203791,40000
203792,64537
203793,62823
203794,52692
203795,55730
203796,61453
203797,40000
203798,49539
203799,40000
203800,42274
203801,40000
203802,73590
203803,65778
203804,40000
203805,40000
203806,40000
203807,74082
203808,40000
203809,40000
203810,71331
203811,51999
203812,82019
203813,40000
203814,40000
203815,66303
203816,40000
203817,43685
203818,41816
203819,52194
203820,46235
203821,48348
203822,40082
203823,68049
203824,62949
203825,41896
203826,59189
203827,58633
203828,57627
203829,103724
203830,40000
203831,45995
203832,63516
203833,40000
203834,58957
203835,83395
203836,40000
203837,40000
203838,64350
203839,60338
203840,40000
203841,40000
203842,57421
203843,42145
203844,63047
203845,40836
203846,42015
203847,77744
203848,55657
203849,65732
203850,48014
203851,52113
203852,54464
203853,40000
203854,54953
203855,43013
203856,40000
203857,40000
203858,43192
203859,40000
203860,62570
203861,40000
203862,87393
203863,40000
203864,41205
203865,91287
203866,75655
203867,78413
203868,40000
203869,40000
203870,40000
203871,40000
203872,46531
203873,57318
203874,40000
203875,52517
203876,45516
203877,57936
203878,40000
203879,82307
203880,55731
203881,69095
203882,40000
203883,40000
203884,51265
203885,40000
203886,68188
203887,45611
203888,61173
203889,40000
203890,66195
203891,40000
203892,69396
203893,41414
203894,52124
203895,40000
203896,52631
203897,52314
203898,50377
203899,53293
203900,49471
203901,40000
203902,40000
203903,58996
203904,63447
203905,65523
203906,72756
203907,53324
203908,91390
203909,71519
203910,73819
203911,40000
203912,63428
203913,40000
203914,40000
203915,41332
203916,40000
203917,43532
203918,55084
203919,45475
203920,50095
203921,40000
203922,40000
203923,54801
203924,52921
203925,44202
203926,40000
203927,42709
203928,48013
203929,51096
203930,44315
203931,50122
203932,78628
203933,66712
203934,62759
203935,40000
203936,48917
203937,56350
203938,72831
203939,52985
203940,43535
203941,44712
203942,40000
203943,41392
203944,47819
203945,77359
203946,56594
203947,49636
203948,48754
203949,57460
203950,60056
203951,83085
203952,40000
203953,72418
203954,59691
203955,40000
203956,94244
203957,47906
203958,47965
203959,43452
203960,40000
203961,40000
203962,42125
203963,53397
203964,81120
203965,62113
203966,40000
203967,55531
203968,40000
203969,87891
203970,43533
203971,46598
203972,71079
203973,42991
203974,40000
203975,43949
203976,45179
203977,40000
203978,40000
203979,46408
203980,40000
203981,40000
203982,79373
203983,40158
203984,40000
203985,40000
203986,40000
203987,48202
203988,60835
203989,87006
203990,59332
203991,40000
203992,47821
203993,40000
203994,40000
203995,40000
203996,40000
203997,78343
203998,90178
203999,42816
204000,40000
204001,40000
204002,77174
204003,52574
204004,40000
204005,56051
204006,53751
204007,40000
204008,45806
204009,53487
204010,76004
204011,78918
204012,45590
204013,53104
204014,50089
204015,44888
204016,40000
204017,40000
204018,40000
204019,63104
204020,41373
204021,40000
204022,40000
204023,40000
204024,54778
204025,40000
204026,40000
204027,52685
204028,86506
204029,83543
204030,40000
204031,40000
204032,40005
204033,60669
204034,40000
204035,71180
204036,40000
204037,53274
204038,40000
204039,76741
204040,40000
204041,56858
204042,48402
204043,73420
204044,72307
204045,44831
204046,69899
204047,40000
204048,46264
204049,40000
204050,40000
204051,47276
204052,78711
204053,40000
204054,56879
204055,60936
204056,44967
204057,62279
204058,54507
204059,56819
204060,77109
204061,40000
204062,81517
204063,40000
204064,49090
204065,64119
204066,40000
204067,81902
204068,42665
204069,53983
204070,46811
204071,61244
204072,40000
204073,40000
204074,40000
204075,54349
204076,47910
204077,78163
204078,69857
204079,67472
204080,40000
204081,40000
204082,50855
204083,55149
204084,73369
204085,40000
204086,63095
204087,49184
204088,55013
204089,73251
204090,49175
204091,62078
204092,83512
204093,40000
204094,62450
204095,62460
204096,49082
204097,40000
204098,69276
204099,40000
204100,40000
204101,61476
204102,40000
204103,40000
204104,93010
204105,47507
204106,41574
204107,40000
204108,45218
204109,49320
204110,54596
204111,93004
204112,40000
204113,49206
204114,44277
204115,48835
204116,53429
204117,80942
204118,45532
204119,51624
204120,53981
204121,40000
204122,42043
204123,48941
204124,71994
204125,48290
204126,54495
204127,55562
204128,42456
204129,79473
204130,41352
204131,40000
204132,84881
204133,56752
204134,82203
204135,55969
204136,65078
204137,40000
204138,41502
204139,76084
204140,53450
204141,40000
204142,62797
204143,40000
204144,72270
204145,40000
204146,47240
204147,41767
204148,51700
204149,48386
204150,72283
204151,40000
204152,68504
204153,57420
204154,83060
204155,40000
204156,41929
204157,69648
204158,40576
204159,40000
204160,43589
204161,40000
204162,49654
204163,60554
204164,56785
204165,68234
204166,43162
204167,45630
204168,40000
204169,40000
204170,40000
204171,58514
204172,40000
204173,44841
204174,40000
204175,63397
204176,77495
204177,71491
204178,91079
204179,40000
204180,80399
204181,40000
204182,93107
204183,40000
204184,56855
204185,41938
204186,58621
204187,57986
204188,46366
204189,40000
204190,50416
204191,67469
204192,51061
204193,53515
204194,40000
204195,81232
204196,40000
204197,65526
204198,46244
204199,40000
204200,40000
204201,58172
204202,40000
204203,40000
204204,51679
204205,67890
204206,52432
204207,50386
204208,62121
204209,40000
204210,42291
204211,73326
204212,40000
204213,40000
204214,40000
204215,40000
204216,63695
204217,40000
204218,40869
204219,76545
204220,58868
204221,57911
204222,74824
204223,61780
204224,40000
204225,40000
204226,46800
204227,45705
204228,48169
204229,40000
204230,40000
204231,40000
204232,40000
204233,45940
204234,40000
204235,47191
204236,40000
204237,82183
204238,61890
204239,78095
204240,43384
204241,43564
204242,78173
204243,40000
204244,62003
204245,41280
204246,40000
204247,40000
204248,59771
204249,40480
204250,80223
204251,40000
204252,40000
204253,71726
204254,50770
204255,40000
204256,52206
204257,40000
204258,44293
204259,40000
204260,58284
204261,40000
204262,40000
204263,50833
204264,49768
204265,42963
204266,48082
204267,40000
204268,74711
204269,54754
204270,40000
204271,44384
204272,40000
204273,40000
204274,48669
204275,40000
204276,69606
204277,49699
204278,75934
204279,40000
204280,65596
204281,53055
204282,56249
204283,61677
204284,59533
204285,76581
204286,40000
204287,71074
204288,41498
204289,86378
204290,40000
204291,40000
204292,82607
204293,77001
204294,57912
204295,57002
204296,41439
204297,40680
204298,52944
204299,67815
204300,42892
204301,54296
204302,40000
204303,40000
204304,53875
204305,44766
204306,40000
204307,65247
204308,55764
204309,41812
204310,40453
204311,72960
204312,40000
204313,40000
204314,54661
204315,53977
204316,46448
204317,60285
204318,73937
204319,54804
204320,55800
204321,40000
204322,44423
204323,40000
204324,48391
204325,40000
204326,40000
204327,53162
204328,61314
204329,66532
204330,40000
204331,70861
204332,40000
204333,57843
204334,77710
204335,49882
204336,40000
204337,40000
204338,60854
204339,41165
204340,47552
204341,66816
204342,85725
204343,45793
204344,49367
204345,40000
204346,67039
204347,40000
204348,60727
204349,40000
204350,47442
204351,40000
204352,40464
204353,58381
204354,52373
204355,51111
204356,40000
204357,75515
204358,41161
204359,78971
204360,64418
204361,40000
204362,40000
204363,48072
204364,55256
204365,40000
204366,58365
204367,40000
204368,52951
204369,40000
204370,68312
204371,79082
204372,75878
204373,40000
204374,40000
204375,66705
204376,57780
204377,49707
204378,40000
204379,40000
204380,40000
204381,40000
204382,40785
204383,62282
204384,40000
204385,86101
204386,40000
204387,40000
204388,40000
204389,60215
204390,101461
204391,77661
204392,49872
204393,52413
204394,40000
204395,84940
204396,61761
204397,40000
204398,56302
204399,40000
204400,40000
204401,59468
204402,40000
204403,92364
204404,52317
204405,88217
204406,40000
204407,50087
204408,53174
204409,45838
204410,40000
204411,40000
204412,67099
204413,40000
204414,40000
204415,40833
204416,40000
204417,76001
204418,57270
204419,40355
204420,40000
204421,42831
204422,59979
204423,64210
204424,51818
204425,40000
204426,40000
204427,44163
204428,40000
204429,80621
204430,51852
204431,40000
204432,40000
204433,61941
204434,78031
204435,47116
204436,57240
204437,40000
204438,60549
204439,40000
204440,40000
204441,46112
204442,62068
204443,40000
204444,58669
204445,63975
204446,40000
204447,63436
204448,40000
204449,96229
204450,47339
204451,46496
204452,50955
204453,40000
204454,41101
204455,64402
204456,40000
204457,52863
204458,70279
204459,43274
204460,40000
204461,56517
204462,40000
204463,55721
204464,53136
204465,51665
204466,71499
204467,57647
204468,69150
204469,84565
204470,55499
204471,40000
204472,40000
204473,44378
204474,74156
204475,40000
204476,54800
204477,40000
204478,43957
204479,40000
204480,58395
204481,40000
204482,73734
204483,71080
204484,40000
204485,60407
204486,40000
204487,40000
204488,74330
204489,54967
204490,45338
204491,46768
204492,68854
204493,40000
204494,89812
204495,52614
204496,48666
204497,61412
204498,61021
204499,53390
204500,77562
204501,43882
204502,82225
204503,40000
204504,66435
204505,53604
204506,58943
204507,40000
204508,52483
204509,43351
204510,44246
204511,84648
204512,52859
204513,55641
204514,59561
204515,43040
204516,60710
204517,45784
204518,59389
204519,40000
204520,59554
204521,40000
204522,58494
204523,49016
204524,40000
204525,40000
204526,54338
204527,45040
204528,76997
204529,40436
204530,40000
204531,40000
204532,65610
204533,50956
204534,68426
204535,42138
204536,50159
204537,42777
204538,40000
204539,40000
204540,66456
204541,61701
204542,40000
204543,62721
204544,40000
204545,54605
204546,40000
204547,42891
204548,45979
204549,104121
204550,44940
204551,42879
204552,40000
204553,63391
204554,44757
204555,66825
204556,40000
204557,42795
204558,41825
204559,58771
204560,69114
204561,49123
204562,63941
204563,40000
204564,40000
204565,62435
204566,40000
204567,40000
204568,44531
204569,62697
204570,83430
204571,40000
204572,69822
204573,75297
204574,64902
204575,56291
204576,40000
204577,73883
204578,53892
204579,40613
204580,40000
204581,47906
204582,62050
204583,50947
204584,40892
204585,40000
204586,47759
204587,67177
204588,40000
204589,49742
204590,52469
204591,70001
204592,76804
204593,53802
204594,40000
204595,40000
204596,40000
204597,77738
204598,75039
204599,49041
204600,58515
204601,47993
204602,40667
204603,66621
204604,40000
204605,70839
204606,50424
204607,53069
204608,40000
204609,40000
204610,44671
204611,50782
204612,60902
204613,76354
204614,42611
204615,44398
204616,46239
204617,40000
204618,40000
204619,40000
204620,40000
204621,43251
204622,50255
204623,53996
204624,40000
204625,40000
204626,84848
204627,40000
204628,42160
204629,40000
204630,72236
204631,40000
204632,49945
204633,40000
204634,40000
204635,40000
204636,89097
204637,67354
204638,45246
204639,51418
204640,40000
204641,89737
204642,51565
204643,49290
204644,41697
204645,57696
204646,67694
204647,40000
204648,69568
204649,49364
204650,54857
204651,69792
204652,68018
204653,43919
204654,52532
204655,40000
204656,86259
204657,68862
204658,40000
204659,48713
204660,61063
204661,47903
204662,40000
204663,65106
204664,40000
204665,46177
204666,40000
204667,100710
204668,40000
204669,40000
204670,50313
204671,76426
204672,40000
204673,60195
204674,45878
204675,64013
204676,40000
204677,40000
204678,92537
204679,63947
204680,44130
204681,69086
204682,90222
204683,57117
204684,83249
204685,69368
204686,49132
204687,40000
204688,40198
204689,75342
204690,51819
204691,40000
204692,48636
204693,43455
204694,42888
204695,77699
204696,64699
204697,86364
204698,54451
204699,58596
204700,40000
204701,66958
204702,40000
204703,72587
204704,50606
204705,54769
204706,44348
204707,53830
204708,40000
204709,60071
204710,69801
204711,73475
204712,59636
204713,87704
204714,40000
204715,57190
204716,61225
204717,40000
204718,40000
204719,40000
204720,40000
204721,46625
204722,66573
204723,52020
204724,40000
204725,59203
204726,40000
204727,59793
204728,40000
204729,47239
204730,82446
204731,51120
204732,40000
204733,57317
204734,69449
204735,49076
204736,40000
204737,93747
204738,40000
204739,81818
204740,47077
204741,51912
204742,40000
204743,66299
204744,52544
204745,47379
204746,80120
204747,40000
204748,81722
204749,53537
204750,60462
204751,43221
204752,83511
204753,42676
204754,40000
204755,54340
204756,40000
204757,92002
204758,42284
204759,40000
204760,93498
204761,40000
204762,63383
204763,40000
204764,47854
204765,44315
204766,40000
204767,40000
204768,40000
204769,40000
204770,40000
204771,62232
204772,49883
204773,44642
204774,44718
204775,40000
204776,40000
204777,55438
204778,56107
204779,40119
204780,72045
204781,40000
204782,49566
204783,70977
204784,40000
204785,75694
204786,49933
204787,58556
204788,55846
204789,49600
204790,44943
204791,47498
204792,58793
204793,40000
204794,54517
204795,56346
204796,40000
204797,40000
204798,68616
204799,65118
204800,40000
204801,86325
204802,48870
204803,50390
204804,75802
204805,51734
204806,71889
204807,40847
204808,47263
204809,75242
204810,40000
204811,40162
204812,40000
204813,63194
204814,43385
204815,41998
204816,40000
204817,82053
204818,64531
204819,41235
204820,51361
204821,69795
204822,40707
204823,40000
204824,40000
204825,40000
204826,69749
204827,78940
204828,40000
204829,53597
204830,40000
204831,73365
204832,42981
204833,53620
204834,51561
204835,40000
204836,51578
204837,40000
204838,40000
204839,56896
204840,52308
204841,50354
204842,70665
204843,40000
204844,52324
204845,66382
204846,72132
204847,62109
204848,49826
204849,48571
204850,40000
204851,53342
204852,67867
204853,67002
204854,46052
204855,90334
204856,44317
204857,40000
204858,40000
204859,40000
204860,40000
204861,40000
204862,44312
204863,42756
204864,42783
204865,75983
204866,40000
204867,40000
204868,79620
204869,51725
204870,56791
204871,44751
204872,46853
204873,59104
204874,40000
204875,63441
204876,71364
204877,64613
204878,62819
204879,49606
204880,58904
204881,40000
204882,41517
204883,40000
204884,68428
204885,48078
204886,40000
204887,73935
204888,40000
204889,45503
204890,40000
204891,65959
204892,40000
204893,40000
204894,41615
204895,40000
204896,70627
204897,56217
204898,40000
204899,52839
204900,45955
204901,40000
204902,40000
204903,67900
204904,40000
204905,40000
204906,60276
204907,40000
204908,45782
204909,40000
204910,55363
204911,40000
204912,74333
204913,51808
204914,40000
204915,40000
204916,40000
204917,55356
204918,53652
204919,56821
204920,63366
204921,79356
204922,73092
204923,52378
204924,40000
204925,62972
204926,58847
204927,58955
204928,64334
204929,40000
204930,40000
204931,43614
204932,40000
204933,40000
204934,40000
204935,54121
204936,40000
204937,40000
204938,40000
204939,40000
204940,40000
204941,57779
204942,71134
204943,49036
204944,40000
204945,49865
204946,40000
204947,42167
204948,63019
204949,56751
204950,46219
204951,54628
204952,45808
204953,40000
204954,40000
204955,40000
204956,47014
204957,40000
204958,52774
204959,40000
204960,40000
204961,49426
204962,40000
204963,64450
204964,40987
204965,48343
204966,40000
204967,70391
204968,78006
204969,53517
204970,80897
204971,43973
204972,40000
204973,67807
204974,40000
204975,71508
204976,55894
204977,76248
204978,60245
204979,58440
204980,40000
204981,84173
204982,70834
204983,40000
204984,40000
204985,40000
204986,50034
204987,53595
204988,71031
204989,49957
204990,40646
204991,40000
204992,60881
204993,70974
204994,40000
204995,51971
204996,43744
204997,64990
204998,40000
204999,49909
205000,129492
205001,83613
205002,50453
205003,40000
205004,40000
205005,65448
205006,89663
205007,40000
205008,40000
205009,59541
205010,45142
205011,40000
205012,87787
205013,70795
205014,74120
205015,69170
205016,40000
205017,40000
205018,55086
205019,40000
205020,88287
205021,40000
205022,44509
205023,49445
205024,48820
205025,40075
205026,59911
205027,60135
205028,48084
205029,57684
205030,40000
205031,40000
205032,58080
205033,65079
205034,40000
205035,40000
205036,40000
205037,81185
205038,55113
205039,40000
205040,45444
205041,56766
205042,70806
205043,49750
205044,65942
205045,40000
205046,41372
205047,48967
205048,75663
205049,40000
205050,40000
205051,40000
205052,40000
205053,55354
205054,56564
205055,63120
205056,40000
205057,40000
205058,61429
205059,40000
205060,40000
205061,40000
205062,53916
205063,53157
205064,44151
205065,40000
205066,43630
205067,74958
205068,45098
205069,62835
205070,60000
205071,40000
205072,53894
205073,80015
205074,54259
205075,46492
205076,57693
205077,40000
205078,60346
205079,40000
205080,40000
205081,48960
205082,77937
205083,52404
205084,50673
205085,43219
205086,40000
205087,64132
205088,61983
205089,75859
205090,55189
205091,40000
205092,72572
205093,40000
205094,41422
205095,40000
205096,73087
205097,40000
205098,40000
205099,40000
205100,40000
205101,48222
205102,40000
205103,50238
205104,53432
205105,59530
205106,40000
205107,63720
205108,46806
205109,63462
205110,51484
205111,40000
205112,48976
205113,63298
205114,40000
205115,60659
205116,48720
205117,40000
205118,56903
205119,58993
205120,40000
205121,102497
205122,86964
205123,57004
205124,40000
205125,41056
205126,51600
205127,40000
205128,45994
205129,40000
205130,70278
205131,72815
205132,40000
205133,40000
205134,44054
205135,66379
205136,76408
205137,52291
205138,64670
205139,59611
205140,46025
205141,93762
205142,82658
205143,40000
205144,55568
205145,58381
205146,51278
205147,76371
205148,71809
205149,40000
205150,40000
205151,40000
205152,40000
205153,40000
205154,64231
205155,40000
205156,77688
205157,40000
205158,53028
205159,75596
205160,40000
205161,68353
205162,49641
205163,43320
205164,53205
205165,55845
205166,50650
205167,40000
205168,68558
205169,51901
205170,50806
205171,40000
205172,51921
205173,72621
205174,55525
205175,50448
205176,43068
205177,44476
205178,40000
205179,45533
205180,40000
205181,40000
205182,45098
205183,67665
205184,40000
205185,62449
205186,43610
205187,73130
205188,49990
205189,44456
205190,40000
205191,40000
205192,40000
205193,40000
205194,65737
205195,82386
205196,44463
205197,48014
205198,62673
205199,71379
205200,50501
205201,44311
205202,40564
205203,42046
205204,48755
205205,40000
205206,67337
205207,93909
205208,40000
205209,47621
205210,56090
205211,46701
205212,40000
205213,40000
205214,40000
205215,61320
205216,42889
205217,50658
205218,53469
205219,53705
205220,84544
205221,51487
205222,40000
205223,40000
205224,40000
205225,40000
205226,55156
205227,51791
205228,50595
205229,81529
205230,50571
205231,47695
205232,62665
205233,71492
205234,40000
205235,60095
205236,66688
205237,40000
205238,47306
205239,40000
205240,40000
205241,40000
205242,60087
205243,63778
205244,40000
205245,54462
205246,80252
205247,40000
205248,40000
205249,62528
205250,47320
205251,87290
205252,48256
205253,44583
205254,48545
205255,74533
205256,50233
205257,61121
205258,40000
205259,40000
205260,52185
205261,45346
205262,59893
205263,54755
205264,40000
205265,40000
205266,46466
205267,57545
205268,47969
205269,40000
205270,61239
205271,72727
205272,40000
205273,61554
205274,40000
205275,42629
205276,43646
205277,59392
205278,51955
205279,91933
205280,40000
205281,48430
205282,40000
205283,40000
205284,65638
205285,57367
205286,65314
205287,85820
205288,42979
205289,40000
205290,56219
205291,89782
205292,40000
205293,67270
205294,49961
205295,40000
205296,40000
205297,40000
205298,62787
205299,40000
205300,58084
205301,45476
205302,40000
205303,40000
205304,62879
205305,68087
205306,51070
205307,40000
205308,40000
205309,40000
205310,40000
205311,40000
205312,59507
205313,53091
205314,40000
205315,51899
205316,40000
205317,72965
205318,57654
205319,40000
205320,40000
205321,40000
205322,40000
205323,43120
205324,57795
205325,78973
205326,40000
205327,40000
205328,53303
205329,40000
205330,40000
205331,40000
205332,59638
205333,40000
205334,55191
205335,49763
205336,53401
205337,40000
205338,69584
205339,86779
205340,61231
205341,42284
205342,58139
205343,40000
205344,72533
205345,41894
205346,59016
205347,40000
205348,60330
205349,68545
205350,40000
205351,69766
205352,40000
205353,52233
205354,62860
205355,69125
205356,80759
205357,40000
205358,57697
205359,40000
205360,40000
205361,75684
205362,74150
205363,40000
205364,82189
205365,40000
205366,80518
205367,44199
205368,65322
205369,41194
205370,52849
205371,46474
205372,40000
205373,68251
205374,40000
205375,43914
205376,51452
205377,41557
205378,40000
205379,77962
205380,41720
205381,40000
205382,81980
205383,58306
205384,95707
205385,57541
205386,74614
205387,82694
205388,40000
205389,51295
205390,66381
205391,45136
205392,73629
205393,40000
205394,40000
205395,40000
205396,40968
205397,40000
205398,40000
205399,71832
205400,85228
205401,40000
205402,61910
205403,40000
205404,40000
205405,40000
205406,67776
205407,40000
205408,49851
205409,40000
205410,56547
205411,51498
205412,54682
205413,47087
205414,60939
205415,46801
205416,40000
205417,40000
205418,40000
205419,66032
205420,40000
205421,46901
205422,40000
205423,53814
205424,40729
205425,54092
205426,42543
205427,43361
205428,65922
205429,56366
205430,63097
205431,58087
205432,75950
205433,90543
205434,58952
205435,74706
205436,72588
205437,43604
205438,40000
205439,45778
205440,56420
205441,40000
205442,40000
205443,73484
205444,95504
205445,56721
205446,62951
205447,68840
205448,76551
205449,40000
205450,63875
205451,46511
205452,40000
205453,55699
205454,40000
205455,40000
205456,40000
205457,62871
205458,40000
205459,55445
205460,71186
205461,44149
205462,60351
205463,40000
205464,46632
205465,40000
205466,47583
205467,63222
205468,40834
205469,61642
205470,40000
205471,40000
205472,52774
205473,63949
205474,62052
205475,52504
205476,40000
205477,53971
205478,40000
205479,40000
205480,40000
205481,54383
205482,95156
205483,42751
205484,40000
205485,52367
205486,55818
205487,59027
205488,51877
205489,67454
205490,67957
205491,73214
205492,78252
205493,48763
205494,70013
205495,40000
205496,71588
205497,51142
205498,40000
205499,40000
205500,40000
205501,66364
205502,54273
205503,62765
205504,40000
205505,56094
205506,55795
205507,43160
205508,47223
205509,63858
205510,49584
205511,67825
205512,40000
205513,56589
205514,40000
205515,73743
205516,62216
205517,64363
205518,49307
205519,89920
205520,40000
205521,40000
205522,58076
205523,61156
205524,44416
205525,61854
205526,56725
205527,43958
205528,40000
205529,40000
205530,54607
205531,60355
205532,66478
205533,78226
205534,40000
205535,40000
205536,89642
205537,87690
205538,58817
205539,40223
205540,40000
205541,40509
205542,70149
205543,40000
205544,40000
205545,44591
205546,44331
205547,52619
205548,46512
205549,53203
205550,46178
205551,96592
205552,72174
205553,40000
205554,46673
205555,43520
205556,40000
205557,62304
205558,40000
205559,66031
205560,50754
205561,87879
205562,40000
205563,79216
205564,101494
205565,49044
205566,40000
205567,69848
205568,72325
205569,78812
205570,77327
205571,68759
205572,60113
205573,64233
205574,60108
205575,81653
205576,44173
205577,47749
205578,47889
205579,45928
205580,45040
205581,60693
205582,40000
205583,45367
205584,79912
205585,40000
205586,68614
205587,42363
205588,51925
205589,40000
205590,40000
205591,62766
205592,40000
205593,61424
205594,71882
205595,40000
205596,50280
205597,40000
205598,45073
205599,40757
205600,57939
205601,59855
205602,52345
205603,67865
205604,40000
205605,69305
205606,40000
205607,61812
205608,40000
205609,40000
205610,52163
205611,57454
205612,61399
205613,40000
205614,42072
205615,72008
205616,40000
205617,40000
205618,40000
205619,40000
205620,62635
205621,40000
205622,40000
205623,74057
205624,41117
205625,41971
205626,86243
205627,40000
205628,40000
205629,66208
205630,53293
205631,96787
205632,43023
205633,51356
205634,40000
205635,40000
205636,40000
205637,48774
205638,53088
205639,40000
205640,63146
205641,40000
205642,40000
205643,62735
205644,73394
205645,40057
205646,40000
205647,59079
205648,72580
205649,40000
205650,40000
205651,47311
205652,40000
205653,63797
205654,41150
205655,40000
205656,40000
205657,40000
205658,40000
205659,49800
205660,40000
205661,51724
205662,62095
205663,43771
205664,51322
205665,41825
205666,40000
205667,47327
205668,70201
205669,53321
205670,40000
205671,51297
205672,65614
205673,40000
205674,44345
205675,84982
205676,68045
205677,81442
205678,43768
205679,40000
205680,40000
205681,53396
205682,40000
205683,57346
205684,43194
205685,40000
205686,46154
205687,66417
205688,75425
205689,42194
205690,40000
205691,40000
205692,40000
205693,77806
205694,70986
205695,40000
205696,43294
205697,40000
205698,73356
205699,55096
205700,68397
205701,74596
205702,63631
205703,41712
205704,40000
205705,53538
205706,40000
205707,51771
205708,40000
205709,40000
205710,55914
205711,44741
205712,60666
205713,42447
205714,51903
205715,55457
205716,51286
205717,80384
205718,40452
205719,103891
205720,58858
205721,75067
205722,44407
205723,41928
205724,40000
205725,41344
205726,43126
205727,40000
205728,50503
205729,40000
205730,68883
205731,60895
205732,73539
205733,54676
205734,40000
205735,40000
205736,80648
205737,40000
205738,42693
205739,64762
205740,91232
205741,40000
205742,40000
205743,44021
205744,40000
205745,40951
205746,46217
205747,40000
205748,40000
205749,57123
205750,40000
205751,40000
205752,40000
205753,40000
205754,49107
205755,60617
205756,40000
205757,43055
205758,55370
205759,51828
205760,56892
205761,40000
205762,74054
205763,40000
205764,60204
205765,64098
205766,40000
205767,61411
205768,57021
205769,95392
205770,40000
205771,66062
205772,40000
205773,42929
205774,50611
205775,51719
205776,53332
205777,71585
205778,54119
205779,72876
205780,76847
205781,40000
205782,59618
205783,46590
205784,64203
205785,42517
205786,40000
205787,40000
205788,79397
205789,49886
205790,40000
205791,42182
205792,40000
205793,40000
205794,92725
205795,54535
205796,43604
205797,43912
205798,57721
205799,48550
205800,40000
205801,88558
205802,49926
205803,40000
205804,40000
205805,71996
205806,40000
205807,78507
205808,40000
205809,40000
205810,40000
205811,49764
205812,40000
205813,72186
205814,41929
205815,40000
205816,40000
205817,45957
205818,40068
205819,45192
205820,49894
205821,40000
205822,70344
205823,40000
205824,40000
205825,47166
205826,40000
205827,59867
205828,72496
205829,65471
205830,40000
205831,84179
205832,56853
205833,45981
205834,56290
205835,45158
205836,44904
205837,44055
205838,58857
205839,67346
205840,57931
205841,40000
205842,58629
205843,40000
205844,40000
205845,64393
205846,42530
205847,61781
205848,42833
205849,59694
205850,71453
205851,40000
205852,63050
205853,40824
205854,40000
205855,40000
205856,40000
205857,40000
205858,49277
205859,40000
205860,44908
205861,40000
205862,46620
205863,48877
205864,62836
205865,40000
205866,41312
205867,40636
205868,78193
205869,54326
205870,65187
205871,69365
205872,40000
205873,63748
205874,68392
205875,99984
205876,44337
205877,40000
205878,83112
205879,65702
205880,74211
205881,40000
205882,85969
205883,46107
205884,40000
205885,40000
205886,71357
205887,42591
205888,40000
205889,40000
205890,40000
205891,58881
205892,40000
205893,56804
205894,57993
205895,84838
205896,40000
205897,63305
205898,48133
205899,46719
205900,40000
205901,47167
205902,62219
205903,48650
205904,66752
205905,49823
205906,82764
205907,62739
205908,43724
205909,52822
205910,40000
205911,40000
205912,40000
205913,48455
205914,66534
205915,55830
205916,72001
205917,69086
205918,73846
205919,50592
205920,41921
205921,73586
205922,61049
205923,46557
205924,52775
205925,47778
205926,79463
205927,61508
205928,53244
205929,41635
205930,40000
205931,45032
205932,40000
205933,40000
205934,69708
205935,41503
205936,55688
205937,64253
205938,77608
205939,40000
205940,40000
205941,41554
205942,47815
205943,61107
205944,40000
205945,40000
205946,40000
205947,43275
205948,59555
205949,42821
205950,56893
205951,69902
205952,40000
205953,40000
205954,50446
205955,40000
205956,40000
205957,40000
205958,57738
205959,54966
205960,46030
205961,40895
205962,67184
205963,68076
205964,62360
205965,58010
205966,53182
205967,40000
205968,46881
205969,50163
205970,45272
205971,40000
205972,58977
205973,69602
205974,40000
205975,44574
205976,70325
205977,60195
205978,64324
205979,54461
205980,40000
205981,88322
205982,57864
205983,40000
205984,55700
205985,40000
205986,63008
205987,48715
205988,40000
205989,55643
205990,68506
205991,40000
205992,40000
205993,40000
205994,40000
205995,44101
205996,40000
205997,80544
205998,52642
205999,45357
206000,74177
206001,40000
206002,74569
206003,53313
206004,67710
206005,45080
206006,93359
206007,48841
206008,41630
206009,66308
206010,40000
206011,43679
206012,40000
206013,40000
206014,54123
206015,42076
206016,57525
206017,40000
206018,40000
206019,40000
206020,56136
206021,40000
206022,40000
206023,40000
206024,40000
206025,67032
206026,95194
206027,86201
206028,54869
206029,100027
206030,65128
206031,86005
206032,40000
206033,63724
206034,40000
206035,65723
206036,40000
206037,40000
206038,63015
206039,83593
206040,89833
206041,42373
206042,68430
206043,69420
206044,75883
206045,40000
206046,40000
206047,46277
206048,40000
206049,60613
206050,54067
206051,87774
206052,40000
206053,74187
206054,45162
206055,40000
206056,64289
206057,40525
206058,40000
206059,44383
206060,75251
206061,56522
206062,71378
206063,40000
206064,78626
206065,101371
206066,53764
206067,51514
206068,57217
206069,70898
206070,73919
206071,55044
206072,40000
206073,66937
206074,86296
206075,40000
206076,55655
206077,48598
206078,52738
206079,40000
206080,55746
206081,40000
206082,43641
206083,40000
206084,40000
206085,40000
206086,64349
206087,86118
206088,40000
206089,40000
206090,49871
206091,44499
206092,73507
206093,62232
206094,54967
206095,67878
206096,51567
206097,40000
206098,64487
206099,48826
206100,47624
206101,52146
206102,40000
206103,40000
206104,40000
206105,40441
206106,40000
206107,74808
206108,45616
206109,49567
206110,40000
206111,47686
206112,40000
206113,62325
206114,40000
206115,40526
206116,71117
206117,83489
206118,49350
206119,46830
206120,40000
206121,40000
206122,40000
206123,58118
206124,40000
206125,40000
206126,59114
206127,69175
206128,48776
206129,40000
206130,54056
206131,57344
206132,40000
206133,40000
206134,51210
206135,74937
206136,54423
206137,61017
206138,70708
206139,40000
206140,55279
206141,72143
206142,70977
206143,40000
206144,40000
206145,74050
206146,40000
206147,42083
206148,40734
206149,40000
206150,40000
206151,40000
206152,40000
206153,74697
206154,75620
206155,60101
206156,82961
206157,40000
206158,51252
206159,67032
206160,40000
206161,40000
206162,40000
206163,83095
206164,80610
206165,40000
206166,40000
206167,40000
206168,61158
206169,40000
206170,55366
206171,48454
206172,40000
206173,45556
206174,40000
206175,40000
206176,40000
206177,76869
206178,69518
206179,40000
206180,40000
206181,67557
206182,69088
206183,63223
206184,89850
206185,40000
206186,46547
206187,49250
206188,40000
206189,40000
206190,43383
206191,53966
206192,85987
206193,51928
206194,40000
206195,52899
206196,53108
206197,49980
206198,67089
206199,40000
206200,66890
206201,49347
206202,40000
206203,40000
206204,70514
206205,46989
206206,46446
206207,40000
206208,45373
206209,40000
206210,46608
206211,40000
206212,40000
206213,54305
206214,40000
206215,40000
206216,55291
206217,55327
206218,60372
206219,51505
206220,40663
206221,40000
206222,52364
206223,40724
206224,52461
206225,40000
206226,59483
206227,46624
206228,71443
206229,49421
206230,40000
206231,40000
206232,69525
206233,59931
206234,60662
206235,40000
206236,40000
206237,40000
206238,48896
206239,40000
206240,40000
206241,90951
206242,51802
206243,90668
206244,62986
206245,58203
206246,72245
206247,40000
206248,58055
206249,41975
206250,40000
206251,51667
206252,40000
206253,40000
206254,40000
206255,70294
206256,40000
206257,59534
206258,40000
206259,57830
206260,40000
206261,60125
206262,50021
206263,40000
206264,68915
206265,72197
206266,40000
206267,44964
206268,46796
206269,54994
206270,83072
206271,60699
206272,44442
206273,75732
206274,54696
206275,49336
206276,50096
206277,59339
206278,62123
206279,44872
206280,41681
206281,78198
206282,40000
206283,40000
206284,56145
206285,40890
206286,59202
206287,90845
206288,56845
206289,51089
206290,59362
206291,87584
206292,67796
206293,40000
206294,55539
206295,67949
206296,43632
206297,47305
206298,63375
206299,75736
206300,50055
206301,40000
206302,40000
206303,58303
206304,40000
206305,40000
206306,42850
206307,83956
206308,96497
206309,40000
206310,45847
206311,40000
206312,69090
206313,40000
206314,73053
206315,47301
206316,40000
206317,51132
206318,48135
206319,40000
206320,56884
206321,46918
206322,53287
206323,40000
206324,63689
206325,48739
206326,42934
206327,50630
206328,40000
206329,62681
206330,68073
206331,40000
206332,61134
206333,40000
206334,66108
206335,74814
206336,40000
206337,67104
206338,40000
206339,41271
206340,40000
206341,62923
206342,40000
206343,40545
206344,40000
206345,51312
206346,41820
206347,51903
206348,71331
206349,62738
206350,55838
206351,48981
206352,70248
206353,40000
206354,40000
206355,45565
206356,55809
206357,40000
206358,48323
206359,63212
206360,57724
206361,71276
206362,64703
206363,40000
206364,40446
206365,56977
206366,40000
206367,48970
206368,40000
206369,61838
206370,40000
206371,60969
206372,64246
206373,61170
206374,69596
206375,40000
206376,68644
206377,64828
206378,40000
206379,40000
206380,40000
206381,40000
206382,54857
206383,40000
206384,42194
206385,61799
206386,40000
206387,47545
206388,49345
206389,44240
206390,40000
206391,77716
206392,40000
206393,57176
206394,67139
206395,40000
206396,68158
206397,46435
206398,47479
206399,59213
206400,40000
206401,89700
206402,40000
206403,40000
206404,40000
206405,70106
206406,42743
206407,80709
206408,70873
206409,46045
206410,45561
206411,55548
206412,40000
206413,40000
206414,40000
206415,49098
206416,59918
206417,51962
206418,48442
206419,40000
206420,52271
206421,40000
206422,40000
206423,50160
206424,40000
206425,84045
206426,40000
206427,46330
206428,72511
206429,65393
206430,86443
206431,78756
206432,41446
206433,62968
206434,75149
206435,85565
206436,51460
206437,40000
206438,40000
206439,60245
206440,61120
206441,57742
206442,53245
206443,40000
206444,63268
206445,50895
206446,63022
206447,65327
206448,79355
206449,90303
206450,45717
206451,89474
206452,40000
206453,49476
206454,41113
206455,60050
206456,48808
206457,40000
206458,40000
206459,46884
206460,42944
206461,40000
206462,40000
206463,55694
206464,96327
206465,41734
206466,46938
206467,57906
206468,52322
206469,58201
206470,40000
206471,47631
206472,43693
206473,45095
206474,48317
206475,64857
206476,98552
206477,58178
206478,61263
206479,64837
206480,47083
206481,56889
206482,60264
206483,40000
206484,44055
206485,40000
206486,40000
206487,44798
206488,60086
206489,44935
206490,40000
206491,74530
206492,64112
206493,40000
206494,49678
206495,52861
206496,54624
206497,46332
206498,40000
206499,43555
206500,59751
206501,62934
206502,42747
206503,42095
206504,69909
206505,53649
206506,41119
206507,40000
206508,41360
206509,62544
206510,69467
206511,63676
206512,55835
206513,60489
206514,40000
206515,63144
206516,76754
206517,55957
206518,54691
206519,53296
206520,40000
206521,56210
206522,48213
206523,41246
206524,40000
206525,85931
206526,58743
206527,43541
206528,52905
206529,40000
206530,40819
206531,66236
206532,40000
206533,59470
206534,40000
206535,40000
206536,40000
206537,40000
206538,40000
206539,60385
206540,40000
206541,40890
206542,60163
206543,56114
206544,40000
206545,75751
206546,58967
206547,40000
206548,49882
206549,45764
206550,78612
206551,40000
206552,40000
206553,40000
206554,70627
206555,41711
206556,41007
206557,40000
206558,44979
206559,40000
206560,40000
206561,46465
206562,75647
206563,50337
206564,50426
206565,52263
206566,56827
206567,48157
206568,40519
206569,61491
206570,40000
206571,40000
206572,62236
206573,52174
206574,68300
206575,40000
206576,52912
206577,56160
206578,65352
206579,40000
206580,44591
206581,43330
206582,83302
206583,53433
206584,40000
206585,52372
206586,40000
206587,40802
206588,66034
206589,54813
206590,40000
206591,40000
206592,40000
206593,77659
206594,83353
206595,40000
206596,46727
206597,54281
206598,40000
206599,40000
206600,40000
206601,58572
206602,40000
206603,61000
206604,66204
206605,62031
206606,40000
206607,44209
206608,60381
206609,55837
206610,47466
206611,45677
206612,40000
206613,52775
206614,65578
206615,42063
206616,54528
206617,57157
206618,56145
206619,40829
206620,40000
206621,57938
206622,46706
206623,40000
206624,45477
206625,40000
206626,59632
206627,43686
206628,40000
206629,40000
206630,79478
206631,48704
206632,40000
206633,47169
206634,58921
206635,69178
206636,79220
206637,51217
206638,43414
206639,57678
206640,50116
206641,52660
206642,40000
206643,40000
206644,40000
206645,65563
206646,64111
206647,40000
206648,49157
206649,40000
206650,80091
206651,51701
206652,44002
206653,71517
206654,53932
206655,40000
206656,63221
206657,40000
206658,54322
206659,51701
206660,55629
206661,82859
206662,40000
206663,40000
206664,50788
206665,40000
206666,40000
206667,40000
206668,42919
206669,69214
206670,72291
206671,40000
206672,50078
206673,49133
206674,58699
206675,64313
206676,58586
206677,85988
206678,51113
206679,76871
206680,43330
206681,40000
206682,81781
206683,71050
206684,43536
206685,57519
206686,68433
206687,48903
206688,59493
206689,51908
206690,42835
206691,66364
206692,50536
206693,62141
206694,56331
206695,77914
206696,40000
206697,84926
206698,51745
206699,40000
206700,40609
206701,69684
206702,47281
206703,40000
206704,43717
206705,40000
206706,45418
206707,40000
206708,40000
206709,41460
206710,42880
206711,60092
206712,67030
206713,40000
206714,67667
206715,40000
206716,40000
206717,59093
206718,78058
206719,82626
206720,64257
206721,40000
206722,40000
206723,40000
206724,40000
206725,68563
206726,40000
206727,40000
206728,58395
206729,58126
206730,40000
206731,47835
206732,45866
206733,41249
206734,50841
206735,67830
206736,40000
206737,54889
206738,67458
206739,40000
206740,47352
206741,40000
206742,52235
206743,81190
206744,88379
206745,40000
206746,40000
206747,52421
206748,62756
206749,40000
206750,54995
206751,40000
206752,47898
206753,47914
206754,46595
206755,50407
206756,51909
206757,49654
206758,40000
206759,64129
206760,59363
206761,64943
206762,47448
206763,55033
206764,42947
206765,40000
206766,40000
206767,64537
206768,40000
206769,41394
206770,40000
206771,40000
206772,51864
206773,53203
206774,41602
206775,48577
206776,59412
206777,40000
206778,63514
206779,40000
206780,47508
206781,40000
206782,56823
206783,44814
206784,40000
206785,40000
206786,69947
206787,72647
206788,102420
206789,74370
206790,40891
206791,55870
206792,61094
206793,46573
206794,55442
206795,76555
206796,40000
206797,52709
206798,65021
206799,53078
206800,41888
206801,52638
206802,42819
206803,40000
206804,58123
206805,60122
206806,40000
206807,40000
206808,65508
206809,48550
206810,44024
206811,53428
206812,40000
206813,40000
206814,60141
206815,76749
206816,52668
206817,40000
206818,40000
206819,40000
206820,66352
206821,40000
206822,62562
206823,40000
206824,73568
206825,76778
206826,73246
206827,60769
206828,67648
206829,57506
206830,40000
206831,40000
206832,44107
206833,40000
206834,40000
206835,40000
206836,48691
206837,59548
206838,59835
206839,40000
206840,75435
206841,49765
206842,40000
206843,67127
206844,53720
206845,71782
206846,40000
206847,71871
206848,40000
206849,72616
206850,72344
206851,40000
206852,40000
206853,40000
206854,45658
206855,40000
206856,40000
206857,61978
206858,51743
206859,53185
206860,96766
206861,49469
206862,40000
206863,40000
206864,40000
206865,48138
206866,54983
206867,91708
206868,55945
206869,40000
206870,80659
206871,62279
206872,88174
206873,53674
206874,60784
206875,66822
206876,71327
206877,40000
206878,40000
206879,82901
206880,40369
206881,40000
206882,81592
206883,40000
206884,59559
206885,60452
206886,50218
206887,82006
206888,47640
206889,40000
206890,40000
206891,40000
206892,54341
206893,57904
206894,52528
206895,61205
206896,60551
206897,71440
206898,41505
206899,42161
206900,58273
206901,40000
206902,87111
206903,40000
206904,40000
206905,48917
206906,67662
206907,70160
206908,43560
206909,40000
206910,41387
206911,45627
206912,66016
206913,40000
206914,40000
206915,60898
206916,44210
206917,58999
206918,40000
206919,89246
206920,40000
206921,68712
206922,96887
206923,50340
206924,40000
206925,70758
206926,70210
206927,65538
206928,72326
206929,53776
206930,60666
206931,49523
206932,40000
206933,40000
206934,46961
206935,62165
206936,40000
206937,80864
206938,43339
206939,45382
206940,40000
206941,44142
206942,71095
206943,89066
206944,90021
206945,40000
206946,40000
206947,55366
206948,46626
206949,45241
206950,53879
206951,40000
206952,50622
206953,40000
206954,47835
206955,40000
206956,40000
206957,53915
206958,44265
206959,76605
206960,40906
206961,59145
206962,52300
206963,40000
206964,40000
206965,40000
206966,61861
206967,51312
206968,55572
206969,50308
206970,53236
206971,40000
206972,74641
206973,64747
206974,40000
206975,55928
206976,40000
206977,68706
206978,54634
206979,52894
206980,63651
206981,47231
206982,40000
206983,40000
206984,91661
206985,67426
206986,40000
206987,62648
206988,42665
206989,40000
206990,64821
206991,40000
206992,44125
206993,59311
206994,40000
206995,44524
206996,47771
206997,64747
206998,75277
206999,40000
207000,61121
207001,40000
207002,63559
207003,65300
207004,40022
207005,70982
207006,40000
207007,40000
207008,56755
207009,48019
207010,40160
207011,94681
207012,42705
207013,48027
207014,53465
207015,78496
207016,66242
207017,40000
207018,42238
207019,87860
207020,40000
207021,46523
207022,50514
207023,48975
207024,67764
207025,44732
207026,45793
207027,66114
207028,64375
207029,97444
207030,71849
207031,40000
207032,40000
207033,40000
207034,48990
207035,57739
207036,70838
207037,51479
207038,40000
207039,40000
207040,45687
207041,40000
207042,109832
207043,64183
207044,40000
207045,40000
207046,55114
207047,67748
207048,52957
207049,40000
207050,48961
207051,46915
207052,40000
207053,40000
207054,85016
207055,65420
207056,40309
207057,40000
207058,65636
207059,40000
207060,54492
207061,40000
207062,64561
207063,56543
207064,40000
207065,47900
207066,66611
207067,42191
207068,63190
207069,59598
207070,40000
207071,46422
207072,40000
207073,80564
207074,40000
207075,40000
207076,78189
207077,40000
207078,40000
207079,55493
207080,40000
207081,40000
207082,89818
207083,61355
207084,53776
207085,52874
207086,40000
207087,46104
207088,40000
207089,40000
207090,64653
207091,66001
207092,40000
207093,59999
207094,40000
207095,56749
207096,40000
207097,40000
207098,48733
207099,40000
207100,78455
207101,48797
207102,51135
207103,73748
207104,51241
207105,40871
207106,40000
207107,55349
207108,71171
207109,92116
207110,55475
207111,54392
207112,40000
207113,40000
207114,45655
207115,61626
207116,40000
207117,40000
207118,49940
207119,85063
207120,40000
207121,51834
207122,40000
207123,54582
207124,88121
207125,57102
207126,53580
207127,55510
207128,58732
207129,57125
207130,40000
207131,58494
207132,47127
207133,41335
207134,76512
207135,61293
207136,40000
207137,40198
207138,65266
207139,70732
207140,46303
207141,40278
207142,48208
207143,40000
207144,42708
207145,41879
207146,47618
207147,40000
207148,40000
207149,42888
207150,41031
207151,45096
207152,40847
207153,40000
207154,61868
207155,40000
207156,51055
207157,40000
207158,50683
207159,40000
207160,40000
207161,40000
207162,40000
207163,40000
207164,66499
207165,69683
207166,63844
207167,55108
207168,51108
207169,51802
207170,54019
207171,58766
207172,67582
207173,40000
207174,53321
207175,41128
207176,52681
207177,58800
207178,40000
207179,66261
207180,51918
207181,43153
207182,59696
207183,64957
207184,45001
207185,40000
207186,40000
207187,47827
207188,63960
207189,40000
207190,44282
207191,40000
207192,40000
207193,48846
207194,46212
207195,59565
207196,67777
207197,67640
207198,70195
207199,84005
207200,40000
207201,68822
207202,62681
207203,65795
207204,40000
207205,40000
207206,48635
207207,57115
207208,40000
207209,55824
207210,40000
207211,40000
207212,40000
207213,80394
207214,40000
207215,41087
207216,75406
207217,51525
207218,40000
207219,40000
207220,43453
207221,43922
207222,40000
207223,74726
207224,45601
207225,49506
207226,40000
207227,40000
207228,47889
207229,40000
207230,40000
207231,40000
207232,40818
207233,40000
207234,69183
207235,58909
207236,82378
207237,56003
207238,46479
207239,48300
207240,40239
207241,42651
207242,66362
207243,71386
207244,64790
207245,40000
207246,65064
207247,40000
207248,53669
207249,62036
207250,84220
207251,40000
207252,40000
207253,40000
207254,40000
207255,57528
207256,41452
207257,88855
207258,46838
207259,40000
207260,40000
207261,46704
207262,68716
207263,69619
207264,75457
207265,54712
207266,75179
207267,66840
207268,40000
207269,64134
207270,73707
207271,40000
207272,40000
207273,40000
207274,93295
207275,74386
207276,40000
207277,69256
207278,43921
207279,40000
207280,57764
207281,44550
207282,67598
207283,70667
207284,40000
207285,40000
207286,40000
207287,66905
207288,40000
207289,76570
207290,47534
207291,48515
207292,86791
207293,40000
207294,40000
207295,40000
207296,40519
207297,40000
207298,40000
207299,89267
207300,40000
207301,40000
207302,45891
207303,73256
207304,40072
207305,40000
207306,40000
207307,40000
207308,42528
207309,56825
207310,88671
207311,40000
207312,40000
207313,40000
207314,58626
207315,40327
207316,50394
207317,72504
207318,64907
207319,47129
207320,40000
207321,40000
207322,40000
207323,45423
207324,57980
207325,66075
207326,52501
207327,87628
207328,79294
207329,40000
207330,74500
207331,41954
207332,49114
207333,45558
207334,70446
207335,74426
207336,40000
207337,47322
207338,40000
207339,40000
207340,89536
207341,40000
207342,72029
207343,40000
207344,70724
207345,40000
207346,54573
207347,53265
207348,45940
207349,68495
207350,67208
207351,40000
207352,66973
207353,64266
207354,88240
207355,74108
207356,40000
207357,40000
207358,41799
207359,41467
207360,73549
207361,62539
207362,40000
207363,72913
207364,53026
207365,50439
207366,70816
207367,41693
207368,40000
207369,57890
207370,47219
207371,57322
207372,40000
207373,53254
207374,44696
207375,40000
207376,40000
207377,56008
207378,87055
207379,42572
207380,40000
207381,40000
207382,40000
207383,40000
207384,53826
207385,66129
207386,74642
207387,40000
207388,40000
207389,71538
207390,40000
207391,70738
207392,55932
207393,82370
207394,58219
207395,61954
207396,40000
207397,40000
207398,45327
207399,82514
207400,40000
207401,47070
207402,40000
207403,56882
207404,57188
207405,40000
207406,56341
207407,57141
207408,65920
207409,58387
207410,67589
207411,113695
207412,64384
207413,40000
207414,40000
207415,40000
207416,40000
207417,42027
207418,40427
207419,79039
207420,40000
207421,51911
207422,51658
207423,61406
207424,40000
207425,45401
207426,58946
207427,65810
207428,63858
207429,40138
207430,113604
207431,70421
207432,73855
207433,40000
207434,40000
207435,97741
207436,40000
207437,74611
207438,40000
207439,50868
207440,40000
207441,40000
207442,54284
207443,49515
207444,47412
207445,49300
207446,40000
207447,52465
207448,72983
207449,90499
207450,40000
207451,75349
207452,40000
207453,65578
207454,40000
207455,40000
207456,40000
207457,74625
207458,106689
207459,40000
207460,58763
207461,62428
207462,74414
207463,64532
207464,40000
207465,48067
207466,40000
207467,58373
207468,75852
207469,54147
207470,40000
207471,50506
207472,54052
207473,56945
207474,46392
207475,40000
207476,62694
207477,72708
207478,51189
207479,40000
207480,40000
207481,57491
207482,76100
207483,47737
207484,40000
207485,76235
207486,63725
207487,73936
207488,54113
207489,44929
207490,41867
207491,61526
207492,79986
207493,78640
207494,83876
207495,40000
207496,48672
207497,40000
207498,62347
207499,40000
207500,70909
207501,81493
207502,76070
207503,40000
207504,40000
207505,46688
207506,74339
207507,50648
207508,40165
207509,40000
207510,40000
207511,54117
207512,40000
207513,54472
207514,40000
207515,40000
207516,51433
207517,40000
207518,81445
207519,40911
207520,71263
207521,46780
207522,56624
207523,48169
207524,40000
207525,73275
207526,74678
207527,72895
207528,40000
207529,47209
207530,40000
207531,53305
207532,79260
207533,45253
207534,50304
207535,51428
207536,52043
207537,40000
207538,79425
207539,50536
207540,55940
207541,40000
207542,66268
207543,63492
207544,40000
207545,40000
207546,55751
207547,44629
207548,54976
207549,40000
207550,40000
207551,40000
207552,40000
207553,46270
207554,40000
207555,88910
207556,71388
207557,77749
207558,73029
207559,48750
207560,44504
207561,86616
207562,98815
207563,40000
207564,49225
207565,40000
207566,86935
207567,68585
207568,40000
207569,71868
207570,76744
207571,57305
207572,62537
207573,69438
207574,40000
207575,54358
207576,60864
207577,40000
207578,40000
207579,69245
207580,56939
207581,62723
207582,42572
207583,40000
207584,53686
207585,40000
207586,63098
207587,65311
207588,85399
207589,42646
207590,61685
207591,51874
207592,40000
207593,66223
207594,55960
207595,44957
207596,40000
207597,47339
207598,60252
207599,83357
207600,91429
207601,56225
207602,47603
207603,62561
207604,40000
207605,71916
207606,53484
207607,49345
207608,55512
207609,61642
207610,51339
207611,40000
207612,45998
207613,54293
207614,40000
207615,48494
207616,40000
207617,65250
207618,40000
207619,57388
207620,47294
207621,44510
207622,54419
207623,48387
207624,46033
207625,63619
207626,82563
207627,40000
207628,45326
207629,62498
207630,40895
207631,68964
207632,66492
207633,40000
207634,40000
207635,40000
207636,53730
207637,40000
207638,46446
207639,56666
207640,58094
207641,44538
207642,50055
207643,78579
207644,65912
207645,58078
207646,40871
207647,51808
207648,64522
207649,40000
207650,66008
207651,55920
207652,89077
207653,41326
207654,77997
207655,40000
207656,71921
207657,54536
207658,65434
207659,40000
207660,40000
207661,84931
207662,40000
207663,40727
207664,40000
207665,40000
207666,59967
207667,81594
207668,55054
207669,40000
207670,40000
207671,59154
207672,40000
207673,50820
207674,45017
207675,59028
207676,40000
207677,40000
207678,47288
207679,58593
207680,53955
207681,44378
207682,60397
207683,49023
207684,73407
207685,46762
207686,40000
207687,40000
207688,47682
207689,52883
207690,65657
207691,43875
207692,40000
207693,42334
207694,55935
207695,50017
207696,40000
207697,70212
207698,40000
207699,71695
207700,40000
207701,40000
207702,50827
207703,40000
207704,54100
207705,40000
207706,40000
207707,54430
207708,42652
207709,40000
207710,47985
207711,40000
207712,56710
207713,40000
207714,76287
207715,73509
207716,49009
207717,53790
207718,40000
207719,86699
207720,63657
207721,76121
207722,41457
207723,66751
207724,43438
207725,40000
207726,40000
207727,65076
207728,40000
207729,74452
207730,76697
207731,61716
207732,40000
207733,45547
207734,40000
207735,48798
207736,48468
207737,40000
207738,40000
207739,56324
207740,54727
207741,41476
207742,66048
207743,57740
207744,68924
207745,49454
207746,40000
207747,71432
207748,50689
207749,49696
207750,57110
207751,40000
207752,79098
207753,90627
207754,40000
207755,40000
207756,48379
207757,65609
207758,54418
207759,41394
207760,41061
207761,64255
207762,41923
207763,52876
207764,56565
207765,46676
207766,50941
207767,45903
207768,40000
207769,51661
207770,61114
207771,40000
207772,64139
207773,40000
207774,53722
207775,77052
207776,63478
207777,40000
207778,60872
207779,48113
207780,61591
207781,40000
207782,46772
207783,46397
207784,57340
207785,40000
207786,40000
207787,40000
207788,40000
207789,40000
207790,56639
207791,43645
207792,62550
207793,40000
207794,49056
207795,45922
207796,40000
207797,48247
207798,80464
207799,40000
207800,40000
207801,45815
207802,40000
207803,52288
207804,50947
207805,88774
207806,73786
207807,40000
207808,40000
207809,40000
207810,68347
207811,72096
207812,40000
207813,40000
207814,88464
207815,47561
207816,45950
207817,65681
207818,92121
207819,40000
207820,50759
207821,72616
207822,57697
207823,41580
207824,51035
207825,50353
207826,49160
207827,63979
207828,40000
207829,56176
207830,61770
207831,83029
207832,40000
207833,64443
207834,75777
207835,41760
207836,40000
207837,40580
207838,88873
207839,46782
207840,50314
207841,40000
207842,40000
207843,40000
207844,68469
207845,45482
207846,62168
207847,40000
207848,40249
207849,67181
207850,40000
207851,60415
207852,50009
207853,40000
207854,40000
207855,40000
207856,40000
207857,40000
207858,43487
207859,51483
207860,45090
207861,41493
207862,50308
207863,43583
207864,40000
207865,42272
207866,52103
207867,48526
207868,61777
207869,63248
207870,54118
207871,40000
207872,56324
207873,66882
207874,47002
207875,63377
207876,48851
207877,41387
207878,40000
207879,89680
207880,40000
207881,80537
207882,60008
207883,69760
207884,40000
207885,62033
207886,40000
207887,40000
207888,41603
207889,40000
207890,40000
207891,40000
207892,64514
207893,44082
207894,96243
207895,52507
207896,40000
207897,63102
207898,40000
207899,73236
207900,48449
207901,54150
207902,59003
207903,53228
207904,40000
207905,60467
207906,65972
207907,66803
207908,40000
207909,64257
207910,85948
207911,60918
207912,40000
207913,40000
207914,57980
207915,40000
207916,60103
207917,41897
207918,50326
207919,40000
207920,40000
207921,58285
207922,43066
207923,43326
207924,48324
207925,44442
207926,65698
207927,82644
207928,40000
207929,55528
207930,62769
207931,66088
207932,40000
207933,43834
207934,52731
207935,81122
207936,40028
207937,50712
207938,55342
207939,40000
207940,68153
207941,83811
207942,40000
207943,68735
207944,75342
207945,40000
207946,40000
207947,40000
207948,64871
207949,40000
207950,45387
207951,75123
207952,40000
207953,40000
207954,51526
207955,83138
207956,47869
207957,53036
207958,40000
207959,40000
207960,76762
207961,75508
207962,68972
207963,40000
207964,46951
207965,40000
207966,63788
207967,62018
207968,70224
207969,57051
207970,46353
207971,40000
207972,62648
207973,41920
207974,46555
207975,40000
207976,46868
207977,40858
207978,40000
207979,40000
207980,40000
207981,52708
207982,49920
207983,40000
207984,60331
207985,66652
207986,46033
207987,42231
207988,40000
207989,40000
207990,54419
207991,40257
207992,40000
207993,48650
207994,40000
207995,69120
207996,63332
207997,40000
207998,60057
207999,40000
208000,40000
208001,49996
208002,40000
208003,40000
208004,74012
208005,40000
208006,40000
208007,46801
208008,40000
208009,40000
208010,66590
208011,40000
208012,52244
208013,40000
208014,46948
208015,57887
208016,58079
208017,58465
208018,40000
208019,40000
208020,40000
208021,40000
208022,40000
208023,40000
208024,47150
208025,40000
208026,40000
208027,42917
208028,40000
208029,55531
208030,60972
208031,40000
208032,40000
208033,55008
208034,56490
208035,40000
208036,40000
208037,40000
208038,40000
208039,53660
208040,66514
208041,55037
208042,43010
208043,59741
208044,60028
208045,50107
208046,42146
208047,56423
208048,45009
208049,59085
208050,87395
208051,68887
208052,52619
208053,40000
208054,40000
208055,57780
208056,48745
208057,40000
208058,53946
208059,73771
208060,40000
208061,51452
208062,49878
208063,53881
208064,66602
208065,45926
208066,40000
208067,41992
208068,67890
208069,73771
208070,55352
208071,40000
208072,67289
208073,40000
208074,72156
208075,48363
208076,40645
208077,70065
208078,96435
208079,43089
208080,54728
208081,42304
208082,40000
208083,64768
208084,50588
208085,63133
208086,45392
208087,43147
208088,40000
208089,40000
208090,40000
208091,79992
208092,73810
208093,44151
208094,73650
208095,54547
208096,40000
208097,67112
208098,48875
208099,61032
208100,44080
208101,40000
208102,40000
208103,75319
208104,61047
208105,53398
208106,40000
208107,53674
208108,40000
208109,42827
208110,63659
208111,54653
208112,40000
208113,48628
208114,56662
208115,98905
208116,40000
208117,79224
208118,40000
208119,53494
208120,44193
208121,54059
208122,40000
208123,51991
208124,40000
208125,99552
208126,40000
208127,48406
208128,44538
208129,40000
208130,51898
208131,47233
208132,72281
208133,40000
208134,45213
208135,91685
208136,66465
208137,80054
208138,51005
208139,58607
208140,61758
208141,67936
208142,40000
208143,40000
208144,40000
208145,46027
208146,40000
208147,57788
208148,40000
208149,40000
208150,54556
208151,40000
208152,60372
208153,50183
208154,40000
208155,40000
208156,51917
208157,48257
208158,41568
208159,41443
208160,81271
208161,48086
208162,59613
208163,40000
208164,54067
208165,82727
208166,42764
208167,57767
208168,40000
208169,40540
208170,69465
208171,40000
208172,55393
208173,42002
208174,73043
208175,40000
208176,40000
208177,40000
208178,51325
208179,40000
208180,42224
208181,40000
208182,40000
208183,45589
208184,40000
208185,51198
208186,89314
208187,52200
208188,50408
208189,62622
208190,45142
208191,48888
208192,40000
208193,40000
208194,40000
208195,40000
208196,60807
208197,40000
208198,40000
208199,41598
208200,56600
208201,46360
208202,54122
208203,86601
208204,40000
208205,63060
208206,46391
208207,40000
208208,53107
208209,51687
208210,40000
208211,40000
208212,61687
208213,44597
208214,62398
208215,40000
208216,40000
208217,40000
208218,77242
208219,42093
208220,40000
208221,44679
208222,92044
208223,40000
208224,55174
208225,56048
208226,95518
208227,40000
208228,40000
208229,52349
208230,40000
208231,41590
208232,40000
208233,40000
208234,46355
208235,50384
208236,59222
208237,40000
208238,58203
208239,61882
208240,62505
208241,40000
208242,40000
208243,40000
208244,40000
208245,46832
208246,70169
208247,40000
208248,40000
208249,48238
208250,51002
208251,58237
208252,40000
208253,40000
208254,40000
208255,40000
208256,40000
208257,66237
208258,57364
208259,40000
208260,40000
208261,56034
208262,73652
208263,53459
208264,63083
208265,40000
208266,60722
208267,61337
208268,40000
208269,48629
208270,57863
208271,51122
208272,66066
208273,66602
208274,84924
208275,40735
208276,79227
208277,49900
208278,47316
208279,47035
208280,40000
208281,40000
208282,86859
208283,44861
208284,87053
208285,51610
208286,48071
208287,57636
208288,66777
208289,48901
208290,75797
208291,66021
208292,40000
208293,40000
208294,46153
208295,76088
208296,44313
208297,40000
208298,49239
208299,40000
208300,40511
208301,70857
208302,40000
208303,40000
208304,58242
208305,40000
208306,40000
208307,40000
208308,40000
208309,40000
208310,72347
208311,53074
208312,48951
208313,40000
208314,40000
208315,40000
208316,56605
208317,71896
208318,40000
208319,40000
208320,40000
208321,40000
208322,55063
208323,69977
208324,104903
208325,84881
208326,40167
208327,40000
208328,41699
208329,40000
208330,80127
208331,40000
208332,40000
208333,72879
208334,50804
208335,40000
208336,69681
208337,86500
208338,40000
208339,40000
208340,73644
208341,40000
208342,55830
208343,40000
208344,48582
208345,40000
208346,62536
208347,74704
208348,48525
208349,40000
208350,64836
208351,50332
208352,42989
208353,56143
208354,56707
208355,77524
208356,40000
208357,40000
208358,50291
208359,41957
208360,66010
208361,77260
208362,40000
208363,46837
208364,69573
208365,40000
208366,72457
208367,46740
208368,75115
208369,40000
208370,56518
208371,58092
208372,40651
208373,41704
208374,52918
208375,48633
208376,40000
208377,50268
208378,40000
208379,51265
208380,78217
208381,70207
208382,40000
208383,40000
208384,66452
208385,62436
208386,40000
208387,40000
208388,60592
208389,47202
208390,49394
208391,57972
208392,50403
208393,40000
208394,40000
208395,78363
208396,42049
208397,51217
208398,40000
208399,56961
208400,53360
208401,63766
208402,73281
208403,40000
208404,45240
208405,58187
208406,58826
208407,63158
208408,40000
208409,47102
208410,40000
208411,95921
208412,46567
208413,93176
208414,48352
208415,64158
208416,63099
208417,40000
208418,49787
208419,60496
208420,60788
208421,77445
208422,49138
208423,44574
208424,62719
208425,58107
208426,59490
208427,40000
208428,57592
208429,40000
208430,40000
208431,81559
208432,53298
208433,79122
208434,43620
208435,76615
208436,63516
208437,40000
208438,40000
208439,48973
208440,45433
208441,40000
208442,44820
208443,40000
208444,40000
208445,65364
208446,63142
208447,63743
208448,40000
208449,40000
208450,40000
208451,58504
208452,40000
208453,41189
208454,40000
208455,57071
208456,40000
208457,40000
208458,42817
208459,66554
208460,71609
208461,40000
208462,69028
208463,73656
208464,62425
208465,55675
208466,75849
208467,48678
208468,47526
208469,40000
208470,40134
208471,40000
208472,40000
208473,67354
208474,62865
208475,53291
208476,52456
208477,61923
208478,40714
208479,40000
208480,40000
208481,40000
208482,40000
208483,90146
208484,40000
208485,40000
208486,53104
208487,47412
208488,74315
208489,57677
208490,40000
208491,55547
208492,66941
208493,43819
208494,60480
208495,40000
208496,56462
208497,69926
208498,42344
208499,78301
208500,40000
208501,44866
208502,58423
208503,90350
208504,40000
208505,50094
208506,40000
208507,40000
208508,81956
208509,67654
208510,40000
208511,40000
208512,59376
208513,61564
208514,74217
208515,51504
208516,49134
208517,45136
208518,40000
208519,98051
208520,40000
208521,40000
208522,40000
208523,58527
208524,40000
208525,79946
208526,66975
208527,59256
208528,46462
208529,63165
208530,53155
208531,52959
208532,40000
208533,62061
208534,65930
208535,40000
208536,58916
208537,48405
208538,74182
208539,43917
208540,51888
208541,77052
208542,61801
208543,84833
208544,66173
208545,56516
208546,77403
208547,40000
208548,67405
208549,40000
208550,67836
208551,40000
208552,74040
208553,43700
208554,48514
208555,60920
208556,40000
208557,42030
208558,40000
208559,43342
208560,70603
208561,40000
208562,59757
208563,40000
208564,40000
208565,60860
208566,52118
208567,64421
208568,48947
208569,40000
208570,47483
208571,66666
208572,64023
208573,60302
208574,45619
208575,80604
208576,40000
208577,52264
208578,50274
208579,64130
208580,57497
208581,40000
208582,40000
208583,64989
208584,51488
208585,62245
208586,40000
208587,50204
208588,40000
208589,60409
208590,58078
208591,45891
208592,53338
208593,40000
208594,74270
208595,40000
208596,40000
208597,40000
208598,49192
208599,68882
208600,47321
208601,40000
208602,51699
208603,46036
208604,40000
208605,64631
208606,40000
208607,81741
208608,56559
208609,40000
208610,55301
208611,40000
208612,68716
208613,40000
208614,45987
208615,63885
208616,63011
208617,50496
208618,40000
208619,46039
208620,49253
208621,64337
208622,43950
208623,40000
208624,40000
208625,59962
208626,41243
208627,72301
208628,65248
208629,48256
208630,40000
208631,40000
208632,42051
208633,63793
208634,40000
208635,40000
208636,84413
208637,68174
208638,92152
208639,64461
208640,51807
208641,53980
208642,58526
208643,42651
208644,49828
208645,40000
208646,49041
208647,40000
208648,49807
208649,44446
208650,46395
208651,68557
208652,40000
208653,54926
208654,72450
208655,40000
208656,78588
208657,53076
208658,52673
208659,40000
208660,40000
208661,40000
208662,56941
208663,60921
208664,40000
208665,51255
208666,57045
208667,40000
208668,78683
208669,51992
208670,52683
208671,40000
208672,42039
208673,40000
208674,40000
208675,40000
208676,40000
208677,40000
208678,40000
208679,40000
208680,41484
208681,59713
208682,67067
208683,40000
208684,40000
208685,75255
208686,61183
208687,63278
208688,40000
208689,53552
208690,68501
208691,40000
208692,40000
208693,40000
208694,82173
208695,67559
208696,54248
208697,64449
208698,50157
208699,59967
208700,56558
208701,67880
208702,54272
208703,40000
208704,100553
208705,40000
208706,40000
208707,53987
208708,42304
208709,40000
208710,60554
208711,76413
208712,40000
208713,71723
208714,47333
208715,43708
208716,61676
208717,43349
208718,65988
208719,76581
208720,53162
208721,55752
208722,42249
208723,72116
208724,40000
208725,41468
208726,49680
208727,40000
208728,59711
208729,80363
208730,40000
208731,43245
208732,71495
208733,49014
208734,43819
208735,42006
208736,80775
208737,69212
208738,51954
208739,40000
208740,43199
208741,40643
208742,75944
208743,62092
208744,53881
208745,51394
208746,50597
208747,73686
208748,49936
208749,46566
208750,41917
208751,73036
208752,52968
208753,98607
208754,40000
208755,40000
208756,40000
208757,68658
208758,40000
208759,47405
208760,40000
208761,52962
208762,40000
208763,72780
208764,52092
208765,44195
208766,76829
208767,62409
208768,78631
208769,75534
208770,57174
208771,57393
208772,40000
208773,67059
208774,57116
208775,40000
208776,57658
208777,61479
208778,43055
208779,40000
208780,85478
208781,53144
208782,65332
208783,50760
208784,40000
208785,40000
208786,53620
208787,71338
208788,70922
208789,72934
208790,42908
208791,44043
208792,44473
208793,58746
208794,66598
208795,40000
208796,56793
208797,40000
208798,47694
208799,42984
208800,50512
208801,95879
208802,77977
208803,85924
208804,54641
208805,56209
208806,40000
208807,55395
208808,40000
208809,54752
208810,71856
208811,56028
208812,48316
208813,40000
208814,62739
208815,40000
208816,40000
208817,56590
208818,43984
208819,54333
208820,57360
208821,44129
208822,48477
208823,44238
208824,43236
208825,85015
208826,40000
208827,42557
208828,40000
208829,40000
208830,43191
208831,61770
208832,71448
208833,40000
208834,40855
208835,40000
208836,73771
208837,76380
208838,53773
208839,40000
208840,74774
208841,63165
208842,42213
208843,40000
208844,51078
208845,73969
208846,60160
208847,60771
208848,59222
208849,57595
208850,65235
208851,42356
208852,40000
208853,54357
208854,52428
208855,47780
208856,40278
208857,50958
208858,54709
208859,60888
208860,40363
208861,54552
208862,46308
208863,46337
208864,40000
208865,66799
208866,40000
208867,40000
208868,42866
208869,89034
208870,80158
208871,52093
208872,67710
208873,56645
208874,56863
208875,58489
208876,59616
208877,60635
208878,57584
208879,58193
208880,80800
208881,42885
208882,42107
208883,42044
208884,55027
208885,40000
208886,43586
208887,49298
208888,47189
208889,40000
208890,40065
208891,41615
208892,89229
208893,40000
208894,40000
208895,40000
208896,59538
208897,64998
208898,58870
208899,40000
208900,40000
208901,46065
208902,40000
208903,41882
208904,53030
208905,100788
208906,53913
208907,69605
208908,60831
208909,40000
208910,40000
208911,68627
208912,54936
208913,40000
208914,41906
208915,67885
208916,44544
208917,53856
208918,40825
208919,40000
208920,88093
208921,42861
208922,40000
208923,47848
208924,85522
208925,41670
208926,68186
208927,62361
208928,58316
208929,44978
208930,40000
208931,40303
208932,68814
208933,40330
208934,62810
208935,40000
208936,44407
208937,58249
208938,40000
208939,47250
208940,46623
208941,73719
208942,40000
208943,40000
208944,40000
208945,40138
208946,68222
208947,40000
208948,40014
208949,62343
208950,45374
208951,50987
208952,58612
208953,48433
208954,40000
208955,59357
208956,50842
208957,40000
208958,72293
208959,64261
208960,40000
208961,80329
208962,68391
208963,40000
208964,60890
208965,40000
208966,60627
208967,51932
208968,73024
208969,51255
208970,75700
208971,80376
208972,66390
208973,40000
208974,44307
208975,40000
208976,54938
208977,40000
208978,40000
208979,58956
208980,50826
208981,40000
208982,40000
208983,76501
208984,59446
208985,49621
208986,79446
208987,40000
208988,45956
208989,46512
208990,53463
208991,49237
208992,63538
208993,40000
208994,40000
208995,50191
208996,42913
208997,40000
208998,40000
208999,59053
209000,40000
209001,40000
209002,53684
209003,53861
209004,40000
209005,71571
209006,70014
209007,40000
209008,50718
209009,61680
209010,68637
209011,61034
209012,40000
209013,49567
209014,61480
209015,65294
209016,72097
209017,40000
209018,63953
209019,60204
209020,49684
209021,46250
209022,41563
209023,40000
209024,63481
209025,61541
209026,40000
209027,51379
209028,79307
209029,44299
209030,51514
209031,53314
209032,40000
209033,40000
209034,92155
209035,43069
209036,47330
209037,40000
209038,40000
209039,40582
209040,47385
209041,74909
209042,43963
209043,44557
209044,55248
209045,66149
209046,67525
209047,40000
209048,40000
209049,40000
209050,61821
209051,44893
209052,64912
209053,78073
209054,40000
209055,54340
209056,86162
209057,40000
209058,61951
209059,78165
209060,40000
209061,41781
209062,84265
209063,49694
209064,40000
209065,41286
209066,52604
209067,40000
209068,95765
209069,40000
209070,41975
209071,45812
209072,40000
209073,48354
209074,40000
209075,40000
209076,91634
209077,60081
209078,40000
209079,40000
209080,65326
209081,40696
209082,41251
209083,42809
209084,40000
209085,53575
209086,42608
209087,53097
209088,43642
209089,59843
209090,40000
209091,40000
209092,58460
209093,48514
209094,48438
209095,40000
209096,58550
209097,102368
209098,40000
209099,64083
209100,70053
209101,50790
209102,66401
209103,51370
209104,46785
209105,40998
209106,87933
209107,50464
209108,45257
209109,40259
209110,65416
209111,66853
209112,47064
209113,60342
209114,51574
209115,40000
209116,40000
209117,51929
209118,55088
209119,40000
209120,40000
209121,65907
209122,45190
209123,64223
209124,59100
209125,41994
209126,40000
209127,40000
209128,48570
209129,91878
209130,61160
209131,40000
209132,40000
209133,45617
209134,57811
209135,81382
209136,44365
209137,75580
209138,40000
209139,40000
209140,53991
209141,74133
209142,40000
209143,74167
209144,40000
209145,40000
209146,40000
209147,81299
209148,47948
209149,48704
209150,48453
209151,51639
209152,41378
209153,110574
209154,40000
209155,47954
209156,58163
209157,54650
209158,57512
209159,49535
209160,40000
209161,65308
209162,56017
209163,40000
209164,52866
209165,49870
209166,44029
209167,58809
209168,69171
209169,81887
209170,40000
209171,40000
209172,41077
209173,41833
209174,66485
209175,70247
209176,40000
209177,47451
209178,40137
209179,55593
209180,51476
209181,40449
209182,44479
209183,40000
209184,61177
209185,85916
209186,40000
209187,54680
209188,47697
209189,70635
209190,40000
209191,40000
209192,42528
209193,40000
209194,40000
209195,46629
209196,40000
209197,40000
209198,40000
209199,77602
209200,40000
209201,40000
209202,54000
209203,40313
209204,46715
209205,59682
209206,40000
209207,44496
209208,86373
209209,87193
209210,71843
209211,40000
209212,46456
209213,57363
209214,40000
209215,51421
209216,40000
209217,42709
209218,40000
209219,58687
209220,50012
209221,57734
209222,57858
209223,40616
209224,40000
209225,40000
209226,91667
209227,54929
209228,45699
209229,40000
209230,40000
209231,53584
209232,55928
209233,60606
209234,58640
209235,62081
209236,56241
209237,52618
209238,46180
209239,40000
209240,40000
209241,40000
209242,40000
209243,42208
209244,40000
209245,48692
209246,60288
209247,40000
209248,40000
209249,40000
209250,68145
209251,40000
209252,40000
209253,40000
209254,51379
209255,40000
209256,40000
209257,52574
209258,40000
209259,40000
209260,48647
209261,61438
209262,41502
209263,74086
209264,40000
209265,40000
209266,100293
209267,50465
209268,45539
209269,40000
209270,56254
209271,40000
209272,52358
209273,40000
209274,52290
209275,40000
209276,60188
209277,61937
209278,40000
209279,45126
209280,40685
209281,64361
209282,40000
209283,72865
209284,58497
209285,63707
209286,40358
209287,40000
209288,62938
209289,62520
209290,53017
209291,40000
209292,40000
209293,40492
209294,40000
209295,40000
209296,40000
209297,73080
209298,66687
209299,40000
209300,40000
209301,40000
209302,40000
209303,58732
209304,57522
209305,44808
209306,40000
209307,63208
209308,43317
209309,40000
209310,57506
209311,40000
209312,43691
209313,41777
209314,40000
209315,55434
209316,40000
209317,41044
209318,40000
209319,40000
209320,49620
209321,47922
209322,40000
209323,73545
209324,87524
209325,46376
209326,53935
209327,40000
209328,52614
209329,47726
209330,45952
209331,55803
209332,40000
209333,46078
209334,56290
209335,40000
209336,40000
209337,40000
209338,40000
209339,41150
209340,40000
209341,45094
209342,85084
209343,40274
209344,40000
209345,42121
209346,80664
209347,40000
209348,46449
209349,40000
209350,68894
209351,93838
209352,67090
209353,40000
209354,40000
209355,53389
209356,66004
209357,40000
209358,46214
209359,54386
209360,75609
209361,52438
209362,40000
209363,41500
209364,40000
209365,44751
209366,40000
209367,54222
209368,40000
209369,40000
209370,40000
209371,92500
209372,53921
209373,58832
209374,53160
209375,54081
209376,61404
209377,50439
209378,85013
209379,66540
209380,41338
209381,40000
209382,41347
209383,44856
209384,73151
209385,54400
209386,40000
209387,52829
209388,55853
209389,42359
209390,73560
209391,50107
209392,40000
209393,87195
209394,49666
209395,68602
209396,53987
209397,81343
209398,40000
209399,51455
209400,40000
209401,40000
209402,40000
209403,66928
209404,40000
209405,59862
209406,45781
209407,63191
209408,63702
209409,40000
209410,40000
209411,54538
209412,55109
209413,60240
209414,71100
209415,51928
209416,74029
209417,69504
209418,70913
209419,40000
209420,58763
209421,42245
209422,72780
209423,40000
209424,40000
209425,70346
209426,40000
209427,79182
209428,40000
209429,49197
209430,40000
209431,44144
209432,40000
209433,64579
209434,74915
209435,40000
209436,63447
209437,71592
209438,40000
209439,47641
209440,77086
209441,60285
209442,50237
209443,54723
209444,40000
209445,44857
209446,40000
209447,44788
209448,40000
209449,45840
209450,40000
209451,40000
209452,63592
209453,41285
209454,55621
209455,45981
209456,53137
209457,40000
209458,72857
209459,40000
209460,60607
209461,40000
209462,66711
209463,54340
209464,58606
209465,40000
209466,53845
209467,42314
209468,43551
209469,40000
209470,64726
209471,63495
209472,40000
209473,40000
209474,40000
209475,40000
209476,41686
209477,47952
209478,40000
209479,60977
209480,46634
209481,66086
209482,47988
209483,40000
209484,68771
209485,53225
209486,44617
209487,64885
209488,40000
209489,40000
209490,64852
209491,40000
209492,88681
209493,40000
209494,51958
209495,44511
209496,57971
209497,40000
209498,60021
209499,40000
209500,40000
209501,63112
209502,46480
209503,43848
209504,40000
209505,58059
209506,45535
209507,56286
209508,40000
209509,44754
209510,55029
209511,64075
209512,79410
209513,40000
209514,40000
209515,44305
209516,40000
209517,49488
209518,40000
209519,44308
209520,66286
209521,47027
209522,65686
209523,40000
209524,40000
209525,82034
209526,67947
209527,40000
209528,51843
209529,40000
209530,43985
209531,48266
209532,40000
209533,40000
209534,40000
209535,71917
209536,51553
209537,60222
209538,40000
209539,43380
209540,61319
209541,49282
209542,40000
209543,70266
209544,40693
209545,40000
209546,40000
209547,45172
209548,42781
209549,79313
209550,61051
209551,40000
209552,62210
209553,52926
209554,40000
209555,94480
209556,53173
209557,40000
209558,54098
209559,63776
209560,40000
209561,55322
209562,40000
209563,51820
209564,46976
209565,40000
209566,59404
209567,52153
209568,40000
209569,40000
209570,40000
209571,51547
209572,49726
209573,40000
209574,47466
209575,40000
209576,65781
209577,91815
209578,45725
209579,40743
209580,40000
209581,40000
209582,53201
209583,41354
209584,46771
209585,50299
209586,72066
209587,55324
209588,40000
209589,40000
209590,69685
209591,54915
209592,88179
209593,41446
209594,82179
209595,52580
209596,51181
209597,67964
209598,51226
209599,40000
209600,40822
209601,41571
209602,43887
209603,55580
209604,75025
209605,40000
209606,57162
209607,40000
209608,59206
209609,50238
209610,54918
209611,59897
209612,40000
209613,67281
209614,77611
209615,54252
209616,40000
209617,74979
209618,40000
209619,50975
209620,57462
209621,65897
209622,55755
209623,60103
209624,101793
209625,82753
209626,40000
209627,40000
209628,59197
209629,76406
209630,75759
209631,66882
209632,54146
209633,40000
209634,59343
209635,67097
209636,40000
209637,40000
209638,53714
209639,75977
209640,105876
209641,60213
209642,59312
209643,92474
209644,48744
209645,40000
209646,61782
209647,63390
209648,40000
209649,89468
209650,42454
209651,55311
209652,69215
209653,40000
209654,62499
209655,40000
209656,41393
209657,40000
209658,43108
209659,40000
209660,49017
209661,40634
209662,72625
209663,81965
209664,41440
209665,88142
209666,40000
209667,73392
209668,40000
209669,40000
209670,71973
209671,59666
209672,65334
209673,57682
209674,57461
209675,40000
209676,50072
209677,50252
209678,40000
209679,46430
209680,66227
209681,40000
209682,40000
209683,78931
209684,42091
209685,57114
209686,40000
209687,66727
209688,62917
209689,40000
209690,44626
209691,60047
209692,56841
209693,72008
209694,57379
209695,40000
209696,73921
209697,52234
209698,48693
209699,44287
209700,40000
209701,52814
209702,40000
209703,40000
209704,66048
209705,86413
209706,68704
209707,40000
209708,42538
209709,40000
209710,45657
209711,45647
209712,65975
209713,40000
209714,43768
209715,40000
209716,56785
209717,40000
209718,40000
209719,41056
209720,40282
209721,64592
209722,71177
209723,40000
209724,69868
209725,69972
209726,88637
209727,49365
209728,74282
209729,90250
209730,40000
209731,56593
209732,82177
209733,80508
209734,46416
209735,75063
209736,56314
209737,40000
209738,53881
209739,40000
209740,42567
209741,75320
209742,59838
209743,40000
209744,56133
209745,82044
209746,58381
209747,43855
209748,63724
209749,88986
209750,72834
209751,40000
209752,94327
209753,46288
209754,47425
209755,40000
209756,67475
209757,40000
209758,40000
209759,74934
209760,59655
209761,54910
209762,40000
209763,40000
209764,40000
209765,59471
209766,41443
209767,40000
209768,40000
209769,40000
209770,40000
209771,64963
209772,55115
209773,42839
209774,45765
209775,64188
209776,40870
209777,43700
209778,71487
209779,64127
209780,61689
209781,48329
209782,54867
209783,55580
209784,71489
209785,73048
209786,40000
209787,43465
209788,52089
209789,49029
209790,70128
209791,67938
209792,58848
209793,49746
209794,62578
209795,49950
209796,40000
209797,40000
209798,47974
209799,47927
209800,52487
209801,48413
209802,45505
209803,67886
209804,40000
209805,45480
209806,48007
209807,69651
209808,45530
209809,72268
209810,40285
209811,42848
209812,60715
209813,40000
209814,59103
209815,67654
209816,48943
209817,68582
209818,41076
209819,51798
209820,63603
209821,40000
209822,64141
209823,46554
209824,42615
209825,56960
209826,40000
209827,50810
209828,40000
209829,72139
209830,50617
209831,40000
209832,40000
209833,78728
209834,60785
209835,50807
209836,40000
209837,55400
209838,40000
209839,79738
209840,71061
209841,74339
209842,61197
209843,48651
209844,40000
209845,40000
209846,40000
209847,56588
209848,40000
209849,40000
209850,40000
209851,65240
209852,40407
209853,59685
209854,40000
209855,40000
209856,51476
209857,86491
209858,67869
209859,44588
209860,49666
209861,49372
209862,40000
209863,66046
209864,61370
209865,56053
209866,40000
209867,58110
209868,57423
209869,57377
209870,76729
209871,83679
209872,69265
209873,44896
209874,40000
209875,59497
209876,63986
209877,40000
209878,49626
209879,52033
209880,59383
209881,40000
209882,58833
209883,76296
209884,76305
209885,60436
209886,52304
209887,40000
209888,40725
209889,40000
209890,40000
209891,42660
209892,40000
209893,44345
209894,64725
209895,82721
209896,75830
209897,61622
209898,40000
209899,40000
209900,44611
209901,40000
209902,40000
209903,44300
209904,72384
209905,40000
209906,62953
209907,40000
209908,59488
209909,68644
209910,43694
209911,40000
209912,50573
209913,75273
209914,58927
209915,48608
209916,59277
209917,47820
209918,40000
209919,40000
209920,97941
209921,47158
209922,77673
209923,72515
209924,40000
209925,54270
209926,42394
209927,62478
209928,40000
209929,90742
209930,40000
209931,40000
209932,64740
209933,40000
209934,40000
209935,40322
209936,40000
209937,54704
209938,40000
209939,40000
209940,79941
209941,56993
209942,70050
209943,40000
209944,40000
209945,82313
209946,43697
209947,41377
209948,89143
209949,65290
209950,40000
209951,50669
209952,54479
209953,41284
209954,43544
209955,42098
209956,74340
209957,43380
209958,40000
209959,51615
209960,42280
209961,40000
209962,40000
209963,53593
209964,40000
209965,72239
209966,55297
209967,45697
209968,55063
209969,64041
209970,44588
209971,40000
209972,40000
209973,40000
209974,40495
209975,109463
209976,40000
209977,68415
209978,73379
209979,40000
209980,53528
209981,64356
209982,44647
209983,69993
209984,73719
209985,52602
209986,52964
209987,57367
209988,72478
209989,66334
209990,74555
209991,62467
209992,61570
209993,63216
209994,51837
209995,40000
209996,66243
209997,40000
209998,40000
209999,40000
210000,53289
210001,58268
210002,56077
210003,40000
210004,64732
210005,60751
210006,40882
210007,40000
210008,69331
210009,58829
210010,56441
210011,40000
210012,40000
210013,49047
210014,40068
210015,84078
210016,55288
210017,40000
210018,52809
210019,67444
210020,40000
210021,40000
210022,40000
210023,49269
210024,75640
210025,40000
210026,59383
210027,47995
210028,56845
210029,40000
210030,70357
210031,40000
210032,79361
210033,51049
210034,53775
210035,54757
210036,40000
210037,59744
210038,77098
210039,50511
210040,47084
210041,40000
210042,84492
210043,43168
210044,62132
210045,42910
210046,40000
210047,75482
210048,49583
210049,61517
210050,40000
210051,41438
210052,40000
210053,62819
210054,40000
210055,48634
210056,40000
210057,40000
210058,40000
210059,79694
210060,40000
210061,41732
210062,40000
210063,41446
210064,40000
210065,46212
210066,40000
210067,58745
210068,41166
210069,40000
210070,64386
210071,40000
210072,45930
210073,40000
210074,40000
210075,40000
210076,43380
210077,40000
210078,67844
210079,50245
210080,61598
210081,40989
210082,49989
210083,40000
210084,117985
210085,40000
210086,72099
210087,40000
210088,90518
210089,49587
210090,40000
210091,55702
210092,68893
210093,69154
210094,40000
210095,40000
210096,40000
210097,68335
210098,63442
210099,40000
210100,64180
210101,69920
210102,51648
210103,47933
210104,63386
210105,49494
210106,58597
210107,66047
210108,46940
210109,78590
210110,40000
210111,49524
210112,40000
210113,54267
210114,66715
210115,46422
210116,57904
210117,54632
210118,50951
210119,46756
210120,49823
210121,68297
210122,40000
210123,98997
210124,81360
210125,49712
210126,47487
210127,40000
210128,57028
210129,40000
210130,41328
210131,42774
210132,42370
210133,40000
210134,40000
210135,51522
210136,56564
210137,46794
210138,51539
210139,40000
210140,55048
210141,77179
210142,89040
210143,41032
210144,40000
210145,45076
210146,56137
210147,84116
210148,59423
210149,55424
210150,53655
210151,59393
210152,40000
210153,48262
210154,61265
210155,86430
210156,40000
210157,55751
210158,61619
210159,40000
210160,40000
210161,40411
210162,40000
210163,52777
210164,61821
210165,68767
210166,43397
210167,44280
210168,44988
210169,40000
210170,40000
210171,50288
210172,45322
210173,40000
210174,89841
210175,40000
210176,49674
210177,40000
210178,50767
210179,66527
210180,44234
210181,40000
210182,53784
210183,66541
210184,51577
210185,40000
210186,70447
210187,54047
210188,40000
210189,40000
210190,40000
210191,57716
210192,62327
210193,102637
210194,40000
210195,40000
210196,75640
210197,75092
210198,79153
210199,56988
210200,40000
210201,40000
210202,62701
210203,75242
210204,56389
210205,74754
210206,40000
210207,64058
210208,40000
210209,50830
210210,59531
210211,40000
210212,40000
210213,40000
210214,51368
210215,53846
210216,40000
210217,41337
210218,40000
210219,40000
210220,46113
210221,47813
210222,45776
210223,55693
210224,49300
210225,81401
210226,78019
210227,40000
210228,40000
210229,40000
210230,40000
210231,40000
210232,40000
210233,77552
210234,40000
210235,40000
210236,53374
210237,40000
210238,67082
210239,40000
210240,48498
210241,40000
210242,47562
210243,53077
210244,52582
210245,59617
210246,51566
210247,40000
210248,42292
210249,64753
210250,67555
210251,52279
210252,40000
210253,40000
210254,40000
210255,41454
210256,57982
210257,57952
210258,40000
210259,40000
210260,49222
210261,59260
210262,42238
210263,54893
210264,40000
210265,49887
210266,86829
210267,40000
210268,40000
210269,100150
210270,40000
210271,40000
210272,77635
210273,43882
210274,90028
210275,69395
210276,59644
210277,40000
210278,40000
210279,40000
210280,40000
210281,50119
210282,52402
210283,64081
210284,40000
210285,58357
210286,40000
210287,45786
210288,76726
210289,40000
210290,40000
210291,50481
210292,42520
210293,40000
210294,42912
210295,47373
210296,40000
210297,61265
210298,44387
210299,60176
210300,46730
210301,64879
210302,40961
210303,61421
210304,40000
210305,40000
210306,93552
210307,48627
210308,79102
210309,52434
210310,48856
210311,48381
210312,43560
210313,40000
210314,40000
210315,40000
210316,40000
210317,52477
210318,44758
210319,63431
210320,42052
210321,40000
210322,40000
210323,40000
210324,63438
210325,40000
210326,73471
210327,60795
210328,47260
210329,40000
210330,47523
210331,70351
210332,40000
210333,87671
210334,56778
210335,58146
210336,40268
210337,65871
210338,55292
210339,46841
210340,60249
210341,76767
210342,43804
210343,40000
210344,40000
210345,45762
210346,40000
210347,43723
210348,50289
210349,78904
210350,49066
210351,63317
210352,62461
210353,40000
210354,46707
210355,40000
210356,43071
210357,41688
210358,77943
210359,53672
210360,40000
210361,68946
210362,49965
210363,70195
210364,40000
210365,71907
210366,46843
210367,57348
210368,40000
210369,45206
210370,40000
210371,40000
210372,40000
210373,85225
210374,40000
210375,43749
210376,52595
210377,49445
210378,40000
210379,50056
210380,63298
210381,56076
210382,67068
210383,40000
210384,42363
210385,53473
210386,40935
210387,65877
210388,84802
210389,52371
210390,40000
210391,40000
210392,40295
210393,40000
210394,63223
210395,78832
210396,56797
210397,53093
210398,40000
210399,67369
210400,40000
210401,40000
210402,57961
210403,40000
210404,40000
210405,40000
210406,59358
210407,68446
210408,40000
210409,40000
210410,40000
210411,43348
210412,81958
210413,73520
210414,40000
210415,57634
210416,73621
210417,67068
210418,79798
210419,54422
210420,80832
210421,48215
210422,55026
210423,76116
210424,53535
210425,51884
210426,40000
210427,58583
210428,60396
210429,40000
210430,51827
210431,51473
210432,51833
210433,49406
210434,48797
210435,56304
210436,45464
210437,44194
210438,50368
210439,40000
210440,49760
210441,63073
210442,40000
210443,47967
210444,40000
210445,49752
210446,43933
210447,40000
210448,67844
210449,47376
210450,40000
210451,40000
210452,40000
210453,40000
210454,40000
210455,50034
210456,68207
210457,58950
210458,56751
210459,40000
210460,61215
210461,83882
210462,46970
210463,53165
210464,40000
210465,76905
210466,43327
210467,60449
210468,71071
210469,51928
210470,53413
210471,40000
210472,40000
210473,50760
210474,56622
210475,59349
210476,80969
210477,45640
210478,71168
210479,67287
210480,40000
210481,40000
210482,74874
210483,40000
210484,42556
210485,98803
210486,40000
210487,52959
210488,42533
210489,40000
210490,72859
210491,40000
210492,40000
210493,48075
210494,40338
210495,40000
210496,45382
210497,40000
210498,40000
210499,71701
210500,71576
210501,40334
210502,68000
210503,52085
210504,40000
210505,40000
210506,60797
210507,60732
210508,74189
210509,40000
210510,57290
210511,54593
210512,40000
210513,64732
210514,40000
210515,40393
210516,49195
210517,40000
210518,40000
210519,49151
210520,62211
210521,51595
210522,78051
210523,40188
210524,40226
210525,76088
210526,40000
210527,49505
210528,67783
210529,96947
210530,40000
210531,58730
210532,40000
210533,40000
210534,62076
210535,47172
210536,40000
210537,56664
210538,92016
210539,52707
210540,40000
210541,41590
210542,40000
210543,67687
210544,40000
210545,40000
210546,40000
210547,75142
210548,59378
210549,64368
210550,58369
210551,40000
210552,60230
210553,40000
210554,50035
210555,64460
210556,48807
210557,40000
210558,79255
210559,71832
210560,68637
210561,78850
210562,72313
210563,40000
210564,64004
210565,40000
210566,60712
210567,59838
210568,56937
210569,53532
210570,40000
210571,63757
210572,40000
210573,40000
210574,40000
210575,67936
210576,40000
210577,54300
210578,87881
210579,40000
210580,65031
210581,40000
210582,56756
210583,40000
210584,47025
210585,78162
210586,47848
210587,40000
210588,58017
210589,40000
210590,40000
210591,40000
210592,40000
210593,40000
210594,53149
210595,66051
210596,49509
210597,40000
210598,56932
210599,75253
210600,56341
210601,56068
210602,50727
210603,40000
210604,49639
210605,40000
210606,40000
210607,55117
210608,79433
210609,40000
210610,57580
210611,40000
210612,62600
210613,40000
210614,40000
210615,54438
210616,49906
210617,47193
210618,43309
210619,40000
210620,62398
210621,47761
210622,55661
210623,74349
210624,40000
210625,40000
210626,40000
210627,66779
210628,88176
210629,40000
210630,55682
210631,40000
210632,43747
210633,59648
210634,66313
210635,58364
210636,40000
210637,71348
210638,45958
210639,41981
210640,40000
210641,50779
210642,46284
210643,66572
210644,48971
210645,65910
210646,62048
210647,40000
210648,40000
210649,40000
210650,40000
210651,62896
210652,61581
210653,40000
210654,66794
210655,64977
210656,64493
210657,54133
210658,40000
210659,40000
210660,44032
210661,110921
210662,44393
210663,58171
210664,51013
210665,40000
210666,40000
210667,40000
210668,40000
210669,72062
210670,47805
210671,40000
210672,47564
210673,46467
210674,81885
210675,49687
210676,48260
210677,69752
210678,59472
210679,42278
210680,68309
210681,52581
210682,47284
210683,40000
210684,49644
210685,52906
210686,70432
210687,71154
210688,72380
210689,40000
210690,46511
210691,60183
210692,47054
210693,58554
210694,43367
210695,49535
210696,77846
210697,40000
210698,40000
210699,66138
210700,67079
210701,57441
210702,40000
210703,40000
210704,62369
210705,40000
210706,60725
210707,50821
210708,67732
210709,40000
210710,76571
210711,67445
210712,40000
210713,48515
210714,55538
210715,40000
210716,43135
210717,52062
210718,40000
210719,44879
210720,40000
210721,40000
210722,67676
210723,40000
210724,47753
210725,40000
210726,61992
210727,67671
210728,60840
210729,58718
210730,42811
210731,43592
210732,40000
210733,71096
210734,40000
210735,60046
210736,78460
210737,40000
210738,45245
210739,70343
210740,67138
210741,54063
210742,65226
210743,40652
210744,61280
210745,61481
210746,40000
210747,64836
210748,49182
210749,75206
210750,44359
210751,87726
210752,47970
210753,73596
210754,40000
210755,46805
210756,40000
210757,67447
210758,68125
210759,45286
210760,40000
210761,40000
210762,45184
210763,40000
210764,80622
210765,59687
210766,71208
210767,52603
210768,40000
210769,40000
210770,40000
210771,43070
210772,48814
210773,40000
210774,40000
210775,40000
210776,60719
210777,72041
210778,57474
210779,40000
210780,46334
210781,70547
210782,83093
210783,56346
210784,49918
210785,40000
210786,52846
210787,58044
210788,40000
210789,40000
210790,40000
210791,51680
210792,45176
210793,54884
210794,76619
210795,40000
210796,50816
210797,60988
210798,40000
210799,41443
210800,40000
210801,64892
210802,43776
210803,41403
210804,55570
210805,47329
210806,60620
210807,40000
210808,40000
210809,54959
210810,58434
210811,57864
210812,58596
210813,40000
210814,89618
210815,65708
210816,40000
210817,40000
210818,49741
210819,42565
210820,50423
210821,50133
210822,40000
210823,44816
210824,40000
210825,44750
210826,55078
210827,79507
210828,42495
210829,86597
210830,40000
210831,61302
210832,83655
210833,62859
210834,40000
210835,40000
210836,51156
210837,40000
210838,43960
210839,58081
210840,75253
210841,62475
210842,40000
210843,63753
210844,65972
210845,60027
210846,53463
210847,40000
210848,74482
210849,63070
210850,40000
210851,44981
210852,50073
210853,71558
210854,69301
210855,71191
210856,40000
210857,74113
210858,51826
210859,46491
210860,56420
210861,77442
210862,80175
210863,61964
210864,53009
210865,72819
210866,69970
210867,40000
210868,48416
210869,84324
210870,40000
210871,42914
210872,40000
210873,40000
210874,56240
210875,40000
210876,40000
210877,40000
210878,58981
210879,58363
210880,64205
210881,40000
210882,47373
210883,83343
210884,57779
210885,50342
210886,42750
210887,40000
210888,40000
210889,45595
210890,81965
210891,40000
210892,43192
210893,54270
210894,82480
210895,40000
210896,64748
210897,44617
210898,55575
210899,73762
210900,40000
210901,62777
210902,45385
210903,51342
210904,54041
210905,85817
210906,40000
210907,47476
210908,40000
210909,43010
210910,40000
210911,40000
210912,97270
210913,41424
210914,40000
210915,40390
210916,100594
210917,43841
210918,40000
210919,40000
210920,53717
210921,66640
210922,84046
210923,40000
210924,47869
210925,86979
210926,40000
210927,53765
210928,75687
210929,75749
210930,40000
210931,70540
210932,62198
210933,40000
210934,65786
210935,56100
210936,85455
210937,40000
210938,40000
210939,40000
210940,40000
210941,40000
210942,51277
210943,40000
210944,43612
210945,86027
210946,68587
210947,40000
210948,42275
210949,47262
210950,40000
210951,40000
210952,47484
210953,50545
210954,67326
210955,40000
210956,69773
210957,78122
210958,40000
210959,40000
210960,40000
210961,40000
210962,55393
210963,71180
210964,46506
210965,48604
210966,40000
210967,40000
210968,40000
210969,59483
210970,42465
210971,78814
210972,78604
210973,67864
210974,40000
210975,40000
210976,64103
210977,47490
210978,66967
210979,40000
210980,81239
210981,82681
210982,59731
210983,40000
210984,54314
210985,93071
210986,69725
210987,63717
210988,40000
210989,62263
210990,40000
210991,49724
210992,56412
210993,60560
210994,80926
210995,61193
210996,49357
210997,41895
210998,59682
210999,82646
211000,70730
211001,53602
211002,75645
211003,46733
211004,42033
211005,46394
211006,48861
211007,58089
211008,82570
211009,70089
211010,40000
211011,60066
211012,56835
211013,40000
211014,60659
211015,77695
211016,60518
211017,46465
211018,40000
211019,61388
211020,78475
211021,40000
211022,40000
211023,63632
211024,53015
211025,40000
211026,40000
211027,40000
211028,43625
211029,43989
211030,68760
211031,40000
211032,40000
211033,40000
211034,45221
211035,55443
211036,69567
211037,54527
211038,46477
211039,66224
211040,64462
211041,40000
211042,45800
211043,40000
211044,40000
211045,52696
211046,44330
211047,40000
211048,55528
211049,50659
211050,49389
211051,61065
211052,40000
211053,40647
211054,50037
211055,40000
211056,40000
211057,45954
211058,49343
211059,40000
211060,40000
211061,40000
211062,40000
211063,42707
211064,40000
211065,53176
211066,40000
211067,40000
211068,40000
211069,40000
211070,40000
211071,40000
211072,64439
211073,56281
211074,48629
211075,44939
211076,40000
211077,50094
211078,59427
211079,40000
211080,54005
211081,65228
211082,40000
211083,40000
211084,66275
211085,40000
211086,52534
211087,53188
211088,77824
211089,66213
211090,40000
211091,54586
211092,60758
211093,45102
211094,57884
211095,42344
211096,79589
211097,51388
211098,60846
211099,60212
211100,40000
211101,54767
211102,42018
211103,40000
211104,49028
211105,73783
211106,40000
211107,46054
211108,44174
211109,56001
211110,50064
211111,52058
211112,74597
211113,40000
211114,50622
211115,40000
211116,40000
211117,40000
211118,40000
211119,64269
211120,60717
211121,72963
211122,40000
211123,40000
211124,45867
211125,49458
211126,57040
211127,40000
211128,75145
211129,63293
211130,52750
211131,86932
211132,52602
211133,53416
211134,55089
211135,50390
211136,61784
211137,40000
211138,43335
211139,70419
211140,82973
211141,73293
211142,57215
211143,55797
211144,40000
211145,49769
211146,40000
211147,57415
211148,40000
211149,41204
211150,63846
211151,51895
211152,58588
211153,50554
211154,65632
211155,42108
211156,40000
211157,40000
211158,64084
211159,40000
211160,40000
211161,40000
211162,58296
211163,64665
211164,40000
211165,51466
211166,47300
211167,40828
211168,54491
211169,40000
211170,48209
211171,40000
211172,40000
211173,51044
211174,47158
211175,40000
211176,40000
211177,46323
211178,40000
211179,63425
211180,43864
211181,73067
211182,58402
211183,85021
211184,64052
211185,40000
211186,40000
211187,40000
211188,42950
211189,40754
211190,49635
211191,40000
211192,51696
211193,40000
211194,40000
211195,68538
211196,72886
211197,40000
211198,79026
211199,48359
211200,44773
211201,40000
211202,40000
211203,40000
211204,66724
211205,60434
211206,40000
211207,59233
211208,46496
211209,40000
211210,42234
211211,76041
211212,55991
211213,42825
211214,40000
211215,40000
211216,60418
211217,40000
211218,66631
211219,56715
211220,89687
211221,41981
211222,59414
211223,40000
211224,51648
211225,46941
211226,43068
211227,64989
211228,68538
211229,40000
211230,44037
211231,59960
211232,40000
211233,40000
211234,40989
211235,42067
211236,40000
211237,46409
211238,64512
211239,44452
211240,47938
211241,49892
211242,82112
211243,55600
211244,40000
211245,62997
211246,67340
211247,69461
211248,50831
211249,40000
211250,40000
211251,43028
211252,40000
211253,67982
211254,40000
211255,71720
211256,41516
211257,49834
211258,43456
211259,40000
211260,78339
211261,40000
211262,40000
211263,82388
211264,62602
211265,61516
211266,43196
211267,71527
211268,59722
211269,40000
211270,40000
211271,46937
211272,40000
211273,40000
211274,40000
211275,40000
211276,56994
211277,44061
211278,40000
211279,73747
211280,57172
211281,78078
211282,56888
211283,44489
211284,40000
211285,40000
211286,40000
211287,74284
211288,40000
211289,40000
211290,40000
211291,41880
211292,47998
211293,53383
211294,69168
211295,40000
211296,51889
211297,51388
211298,43683
211299,67035
211300,41824
211301,87400
211302,40000
211303,45814
211304,76185
211305,46060
211306,40000
211307,70747
211308,54117
211309,40000
211310,46352
211311,42273
211312,61539
211313,62271
211314,40000
211315,40000
211316,40689
211317,48972
211318,57036
211319,48980
211320,52181
211321,42317
211322,80911
211323,43884
211324,51873
211325,61089
211326,54549
211327,40000
211328,40000
211329,50364
211330,41593
211331,45072
211332,55095
211333,55081
211334,74835
211335,40000
211336,74209
211337,40000
211338,58072
211339,40000
211340,40000
211341,40000
211342,52917
211343,40000
211344,41290
211345,40000
211346,75649
211347,73521
211348,40000
211349,53069
211350,40000
211351,54131
211352,40000
211353,45675
211354,70875
211355,83623
211356,77099
211357,46616
211358,44830
211359,74477
211360,79051
211361,56240
211362,40000
211363,42340
211364,49414
211365,47448
211366,57643
211367,43069
211368,58891
211369,55945
211370,59925
211371,41321
211372,77003
211373,75406
211374,52179
211375,40000
211376,62973
211377,40000
211378,40000
211379,70454
211380,53257
211381,40000
211382,59533
211383,54215
211384,40000
211385,54964
211386,42480
211387,50062
211388,47807
211389,55704
211390,70914
211391,53822
211392,40000
211393,55047
211394,40307
211395,40000
211396,55872
211397,40000
211398,52383
211399,72989
211400,57621
211401,61404
211402,40000
211403,40000
211404,40000
211405,43040
211406,53645
211407,95501
211408,40000
211409,67735
211410,59786
211411,61013
211412,73262
211413,64894
211414,48791
211415,48367
211416,40000
211417,40000
211418,76691
211419,40000
211420,44603
211421,79428
211422,56935
211423,48467
211424,40000
211425,71685
211426,62395
211427,40000
211428,83781
211429,52214
211430,93749
211431,40000
211432,80901
211433,89214
211434,55108
211435,67776
211436,53175
211437,40000
211438,68442
211439,45654
211440,53988
211441,58987
211442,57835
211443,40000
211444,40000
211445,40072
211446,49365
211447,77676
211448,56727
211449,69978
211450,51652
211451,40460
211452,40000
211453,57826
211454,47208
211455,40525
211456,40088
211457,40222
211458,42817
211459,40000
211460,66050
211461,40000
211462,40000
211463,55214
211464,40077
211465,57352
211466,46148
211467,43529
211468,56599
211469,40114
211470,44921
211471,58390
211472,79383
211473,67212
211474,65711
211475,49621
211476,40000
211477,57499
211478,45380
211479,70520
211480,49340
211481,49737
211482,62225
211483,60799
211484,51630
211485,99090
211486,40000
211487,78395
211488,40000
211489,40000
211490,40000
211491,40000
211492,40518
211493,66895
211494,73876
211495,71045
211496,52590
211497,40000
211498,56880
211499,40000
211500,40000
211501,40000
211502,66737
211503,58265
211504,43669
211505,49042
211506,47264
211507,40000
211508,56248
211509,40000
211510,40000
211511,61470
211512,43198
211513,40000
211514,40000
211515,40000
211516,61648
211517,40000
211518,76227
211519,41790
211520,73425
211521,64802
211522,96268
211523,52843
211524,40000
211525,47930
211526,79971
211527,40450
211528,40000
211529,64672
211530,54407
211531,55331
211532,46234
211533,40000
211534,67492
211535,45652
211536,67766
211537,59261
211538,45474
211539,49576
211540,40000
211541,57371
211542,56124
211543,59933
211544,65372
211545,40000
211546,40000
211547,48800
211548,54803
211549,58415
211550,54662
211551,42609
211552,54914
211553,71082
211554,40000
211555,44820
211556,54273
211557,40000
211558,40000
211559,48523
211560,64852
211561,58192
211562,40000
211563,60185
211564,52847
211565,40000
211566,67460
211567,40000
211568,40000
211569,40000
211570,66325
211571,61408
211572,96423
211573,54447
211574,68962
211575,78169
211576,78240
211577,40000
211578,65185
211579,66546
211580,52123
211581,46468
211582,52054
211583,40000
211584,61013
211585,72218
211586,57150
211587,69551
211588,45826
211589,40000
211590,56830
211591,44901
211592,54533
211593,46526
211594,69884
211595,72695
211596,60413
211597,51493
211598,49180
211599,69546
211600,41905
211601,40000
211602,40000
211603,57243
211604,40000
211605,40000
211606,50159
211607,59425
211608,67510
211609,41483
211610,40000
211611,40000
211612,63134
211613,40000
211614,44292
211615,77295
211616,40000
211617,58098
211618,67175
211619,81636
211620,40000
211621,60031
211622,40000
211623,87462
211624,60772
211625,49611
211626,51403
211627,40000
211628,40000
211629,40000
211630,40000
211631,43466
211632,86051
211633,67919
211634,45034
211635,40000
211636,63893
211637,40000
211638,40000
211639,63402
211640,40000
211641,40401
211642,40000
211643,40000
211644,76750
211645,40016
211646,71944
211647,66025
211648,53516
211649,40000
211650,71021
211651,95191
211652,40000
211653,57571
211654,40000
211655,40000
211656,66822
211657,40000
211658,72684
211659,40000
211660,58776
211661,85366
211662,64852
211663,40000
211664,99798
211665,58392
211666,40000
211667,40000
211668,63081
211669,40563
211670,61015
211671,65737
211672,46214
211673,62011
211674,76954
211675,53447
211676,40000
211677,49130
211678,57014
211679,49033
211680,63079
211681,45965
211682,40000
211683,44653
211684,69474
211685,66995
211686,51720
211687,55065
211688,89680
211689,40000
211690,40000
211691,58363
211692,59805
211693,51694
211694,52838
211695,45374
211696,55557
211697,47652
211698,40000
211699,51784
211700,40000
211701,42581
211702,40000
211703,88079
211704,89251
211705,46460
211706,68732
211707,60372
211708,40000
211709,40000
211710,40000
211711,40000
211712,82245
211713,42080
211714,53845
211715,40000
211716,40000
211717,40000
211718,47413
211719,40000
211720,47643
211721,40000
211722,54535
211723,76146
211724,45368
211725,74519
211726,46201
211727,75798
211728,69321
211729,51874
211730,66590
211731,65976
211732,59661
211733,62423
211734,45406
211735,40000
211736,52909
211737,46888
211738,40000
211739,64727
211740,42990
211741,43886
211742,66607
211743,64430
211744,40000
211745,40171
211746,40000
211747,59347
211748,40000
211749,46709
211750,64131
211751,40000
211752,47105
211753,54011
211754,67736
211755,52014
211756,42809
211757,40000
211758,67019
211759,64457
211760,63108
211761,40000
211762,40169
211763,40000
211764,40000
211765,71696
211766,54571
211767,40000
211768,58343
211769,65061
211770,52479
211771,65070
211772,56850
211773,40000
211774,40000
211775,70064
211776,42836
211777,45714
211778,40000
211779,56005
211780,79693
211781,58199
211782,40000
211783,41234
211784,40000
211785,45628
211786,40000
211787,75844
211788,67185
211789,47721
211790,46524
211791,77375
211792,40000
211793,52552
211794,40000
211795,91725
211796,66146
211797,40000
211798,40000
211799,40000
211800,46104
211801,40000
211802,67396
211803,41845
211804,40000
211805,40000
211806,61683
211807,40000
211808,52763
211809,49152
211810,40000
211811,57217
211812,81218
211813,67494
211814,58408
211815,40000
211816,40000
211817,61076
211818,87955
211819,45771
211820,88575
211821,50133
211822,52074
211823,40000
211824,40000
211825,40000
211826,40000
211827,40000
211828,48008
211829,40000
211830,43062
211831,62005
211832,40000
211833,82816
211834,40000
211835,41868
211836,62715
211837,40000
211838,67892
211839,40000
211840,40387
211841,50642
211842,40000
211843,48840
211844,47449
211845,79221
211846,85843
211847,51505
211848,67826
211849,40000
211850,96328
211851,86135
211852,42538
211853,85944
211854,40000
211855,40000
211856,77428
211857,42661
211858,43498
211859,42358
211860,54032
211861,84220
211862,44909
211863,40000
211864,57859
211865,67802
211866,52347
211867,65160
211868,66297
211869,41104
211870,44086
211871,56236
211872,40000
211873,58127
211874,63079
211875,55218
211876,53118
211877,42139
211878,44737
211879,40000
211880,40000
211881,40000
211882,80342
211883,64984
211884,63447
211885,40000
211886,40000
211887,49088
211888,71153
211889,77484
211890,70401
211891,42600
211892,75579
211893,79902
211894,52845
211895,54837
211896,40000
211897,55016
211898,40000
211899,57367
211900,60148
211901,41972
211902,41339
211903,42862
211904,65161
211905,42884
211906,61791
211907,44044
211908,52327
211909,63067
211910,48605
211911,40000
211912,47326
211913,60732
211914,41841
211915,40960
211916,40000
211917,40000
211918,54991
211919,43699
211920,43973
211921,42780
211922,56270
211923,40000
211924,45035
211925,49833
211926,45262
211927,57830
211928,79843
211929,59921
211930,40000
211931,40000
211932,40000
211933,67038
211934,57644
211935,40000
211936,62369
211937,60890
211938,90029
211939,40000
211940,53529
211941,40000
211942,40000
211943,66890
211944,68874
211945,40000
211946,45417
211947,47312
211948,40000
211949,44210
211950,52745
211951,40000
211952,40000
211953,60968
211954,41551
211955,66377
211956,60162
211957,83457
211958,53295
211959,40996
211960,70173
211961,56654
211962,40000
211963,65958
211964,62082
211965,64278
211966,54251
211967,40704
211968,99777
211969,40000
211970,86096
211971,40000
211972,67152
211973,48068
211974,59021
211975,65196
211976,57198
211977,64172
211978,40000
211979,40000
211980,54103
211981,40820
211982,40000
211983,40000
211984,54891
211985,51806
211986,40000
211987,40000
211988,45044
211989,71194
211990,40000
211991,60447
211992,40000
211993,53890
211994,77031
211995,84203
211996,79383
211997,69614
211998,42457
211999,44153
212000,76926
212001,44416
212002,40000
212003,53067
212004,41302
212005,95227
212006,64771
212007,74754
212008,40106
212009,60138
212010,40280
212011,40000
212012,85249
212013,40000
212014,44574
212015,40000
212016,44958
212017,59815
212018,40000
212019,40000
212020,40371
212021,69527
212022,40000
212023,40000
212024,40000
212025,50234
212026,40000
212027,49750
212028,40000
212029,44339
212030,55344
212031,84495
212032,45030
212033,66362
212034,58852
212035,40000
212036,40000
212037,69971
212038,49759
212039,50582
212040,97847
212041,63593
212042,46054
212043,87273
212044,40000
212045,40365
212046,78964
212047,87376
212048,72692
212049,49905
212050,44409
212051,51645
212052,40000
212053,40000
212054,40000
212055,47447
212056,51891
212057,48320
212058,51069
212059,62217
212060,61229
212061,76089
212062,40000
212063,63778
212064,63309
212065,40000
212066,58883
212067,40000
212068,50820
212069,40000
212070,40000
212071,40000
212072,50871
212073,49089
212074,40000
212075,40000
212076,71217
212077,62581
212078,40000
212079,41119
212080,54110
212081,50506
212082,40000
212083,53946
212084,47923
212085,65104
212086,46964
212087,44340
212088,40000
212089,44080
212090,53682
212091,40000
212092,57657
212093,40000
212094,40000
212095,40000
212096,58773
212097,40000
212098,40000
212099,97057
212100,40439
212101,40000
212102,40000
212103,48018
212104,89807
212105,40000
212106,40000
212107,40000
212108,45802
212109,55444
212110,78716
212111,46929
212112,40000
212113,47986
212114,62406
212115,41217
212116,58408
212117,95988
212118,54434
212119,49309
212120,50618
212121,40000
212122,43803
212123,40000
212124,75711
212125,40000
212126,67028
212127,40000
212128,40000
212129,47952
212130,40000
212131,71331
212132,40000
212133,74010
212134,40810
212135,63005
212136,40000
212137,40000
212138,40000
212139,40000
212140,40000
212141,72249
212142,61257
212143,40000
212144,52837
212145,40000
212146,66157
212147,58285
212148,77377
212149,40000
212150,40000
212151,40000
212152,58637
212153,74334
212154,41645
212155,40000
212156,43950
212157,74197
212158,48263
212159,40497
212160,40000
212161,40000
212162,63912
212163,61027
212164,40000
212165,40000
212166,47514
212167,52793
212168,46555
212169,49945
212170,40000
212171,71987
212172,40000
212173,40000
212174,58672
212175,48331
212176,88892
212177,51656
212178,60800
212179,42140
212180,40000
212181,47494
212182,40000
212183,60543
212184,40000
212185,72153
212186,40000
212187,40000
212188,58931
212189,40000
212190,42561
212191,40000
212192,51045
212193,40000
212194,40000
212195,40000
212196,40000
212197,40000
212198,43702
212199,47780
212200,59568
212201,41165
212202,52928
212203,63957
212204,40000
212205,40616
212206,48169
212207,58220
212208,51128
212209,83880
212210,58893
212211,47910
212212,59300
212213,55352
212214,92481
212215,40000
212216,59430
212217,40000
212218,40000
212219,40000
212220,40000
212221,40000
212222,40000
212223,56754
212224,57689
212225,53142
212226,40000
212227,40000
212228,55647
212229,55878
212230,48325
212231,87674
212232,62920
212233,47999
212234,54660
212235,40000
212236,40000
212237,50118
212238,83168
212239,57266
212240,81862
212241,40000
212242,40000
212243,50515
212244,40000
212245,66626
212246,45420
212247,47667
212248,62679
212249,56148
212250,40000
212251,40000
212252,63190
212253,52119
212254,74162
212255,40000
212256,67513
212257,54752
212258,49374
212259,53660
212260,40000
212261,44915
212262,64017
212263,50896
212264,68279
212265,40000
212266,88993
212267,60930
212268,60046
212269,68521
212270,68781
212271,53148
212272,71608
212273,63591
212274,40000
212275,40000
212276,62458
212277,58330
212278,56364
212279,56250
212280,40738
212281,75580
212282,61688
212283,68651
212284,40000
212285,42886
212286,40000
212287,40000
212288,51404
212289,69297
212290,50131
212291,44783
212292,44828
212293,52310
212294,40000
212295,58712
212296,72780
212297,46521
212298,40000
212299,53434
212300,42589
212301,40000
212302,69103
212303,68341
212304,89431
212305,56404
212306,47593
212307,75603
212308,55877
212309,52827
212310,81286
212311,40000
212312,40000
212313,63624
212314,63074
212315,44128
212316,61744
212317,40000
212318,40000
212319,77111
212320,40000
212321,40000
212322,44030
212323,40000
212324,48605
212325,40000
212326,40000
212327,40000
212328,53961
212329,41160
212330,64547
212331,43590
212332,60052
212333,47743
212334,44884
212335,63668
212336,51444
212337,60115
212338,50350
212339,40000
212340,40000
212341,40000
212342,86257
212343,40000
212344,51634
212345,40000
212346,40000
212347,44369
212348,40000
212349,40000
212350,69625
212351,40000
212352,40000
212353,57938
212354,55627
212355,55196
212356,50516
212357,44191
212358,69252
212359,78519
212360,76002
212361,40000
212362,55009
212363,49297
212364,54003
212365,86151
212366,78019
212367,40819
212368,44144
212369,64581
212370,41668
212371,40000
212372,66399
212373,59096
212374,56922
212375,48512
212376,40000
212377,86532
212378,40000
212379,40000
212380,57941
212381,52516
212382,42826
212383,73645
212384,59791
212385,40000
212386,65467
212387,53189
212388,73164
212389,60311
212390,73827
212391,40144
212392,47883
212393,40000
212394,58374
212395,52774
212396,91844
212397,40000
212398,45772
212399,48430
212400,75767
212401,64937
212402,71682
212403,40000
212404,40000
212405,40000
212406,58103
212407,40000
212408,40225
212409,46807
212410,55131
212411,40000
212412,57841
212413,74133
212414,40902
212415,52921
212416,40000
212417,65734
212418,53742
212419,40000
212420,53141
212421,40000
212422,67617
212423,72970
212424,40000
212425,49332
212426,45535
212427,66619
212428,44421
212429,80985
212430,44845
212431,61374
212432,66007
212433,51420
212434,63009
212435,40000
212436,53620
212437,45250
212438,41766
212439,40000
212440,52612
212441,40000
212442,40000
212443,48627
212444,40938
212445,40000
212446,59092
212447,64508
212448,67264
212449,57290
212450,46559
212451,91338
212452,66399
212453,40000
212454,40000
212455,62135
212456,48035
212457,51552
212458,79349
212459,63636
212460,82210
212461,53972
212462,43673
212463,90965
212464,54794
212465,42298
212466,40000
212467,40000
212468,42186
212469,40000
212470,40000
212471,40000
212472,42002
212473,62990
212474,49832
212475,43610
212476,49077
212477,44184
212478,50194
212479,56895
212480,65151
212481,40000
212482,55971
212483,40000
212484,55940
212485,60101
212486,71176
212487,50902
212488,40000
212489,48158
212490,40000
212491,40000
212492,40000
212493,54299
212494,61533
212495,40000
212496,40000
212497,69000
212498,70055
212499,40000
212500,62389
212501,46597
212502,40000
212503,46671
212504,78096
212505,40000
212506,40000
212507,53285
212508,40000
212509,43459
212510,58199
212511,40000
212512,51450
212513,71086
212514,74823
212515,40000
212516,40000
212517,65298
212518,52046
212519,40000
212520,55602
212521,40000
212522,57870
212523,49670
212524,40000
212525,66053
212526,48772
212527,65936
212528,41451
212529,64757
212530,40000
212531,65721
212532,80721
212533,40000
212534,75423
212535,40000
212536,40000
212537,60650
212538,82391
212539,40000
212540,40000
212541,40000
212542,64812
212543,85818
212544,57588
212545,51836
212546,50360
212547,46358
212548,71958
212549,40000
212550,40000
212551,51104
212552,40000
212553,68132
212554,48177
212555,63449
212556,40000
212557,71437
212558,101324
212559,62483
212560,57029
212561,48012
212562,42671
212563,40000
212564,45691
212565,43007
212566,40000
212567,40000
212568,48818
212569,43051
212570,53022
212571,57756
212572,40000
212573,52398
212574,56381
212575,40000
212576,76856
212577,67008
212578,44507
212579,40000
212580,45899
212581,65189
212582,44959
212583,50960
212584,60101
212585,69367
212586,52155
212587,40000
212588,40000
212589,40000
212590,40000
212591,46201
212592,41768
212593,40000
212594,40000
212595,50778
212596,42549
212597,47400
212598,77791
212599,47804
212600,40000
212601,42776
212602,40000
212603,40000
212604,49653
212605,73259
212606,40000
212607,40000
212608,48201
212609,40000
212610,55485
212611,75666
212612,50163
212613,40000
212614,40000
212615,44798
212616,71874
212617,48124
212618,44446
212619,48898
212620,40000
212621,64959
212622,63212
212623,58028
212624,40000
212625,69317
212626,46210
212627,50492
212628,40000
212629,55304
212630,59015
212631,44158
212632,52849
212633,40000
212634,40000
212635,40923
212636,68685
212637,62767
212638,40000
212639,66488
212640,57545
212641,40000
212642,94767
212643,46432
212644,81734
212645,40628
212646,50570
212647,40000
212648,42171
212649,40000
212650,47517
212651,93028
212652,99849
212653,58258
212654,49083
212655,40000
212656,40000
212657,54574
212658,40000
212659,40000
212660,43816
212661,40000
212662,47513
212663,40000
212664,40000
212665,40000
212666,53521
212667,65737
212668,44381
212669,109331
212670,44182
212671,43658
212672,40000
212673,40000
212674,40000
212675,44384
212676,40000
212677,60964
212678,58729
212679,58274
212680,84668
212681,40000
212682,93660
212683,49139
212684,74029
212685,40000
212686,69640
212687,41918
212688,40000
212689,40000
212690,51559
212691,42581
212692,47362
212693,90077
212694,71047
212695,87149
212696,40000
212697,49640
212698,40000
212699,40000
212700,41175
212701,45330
212702,48982
212703,61566
212704,50111
212705,66983
212706,48652
212707,50783
212708,40000
212709,40000
212710,40000
212711,74274
212712,57077
212713,66977
212714,57010
212715,70321
212716,50513
212717,40000
212718,83838
212719,58660
212720,40000
212721,53175
212722,40000
212723,40000
212724,40000
212725,98255
212726,40855
212727,40000
212728,89802
212729,40000
212730,70374
212731,71525
212732,45406
212733,56830
212734,47847
212735,47160
212736,70857
212737,72645
212738,40000
212739,56196
212740,61855
212741,61104
212742,69846
212743,48648
212744,40000
212745,61737
212746,40000
212747,46141
212748,40000
212749,40000
212750,41413
212751,67533
212752,63316
212753,40000
212754,68557
212755,79557
212756,52037
212757,43154
212758,48546
212759,40000
212760,43874
212761,40000
212762,43095
212763,40000
212764,40000
212765,40000
212766,44889
212767,68928
212768,40000
212769,40000
212770,40000
212771,42466
212772,49353
212773,40000
212774,40000
212775,45936
212776,61369
212777,42435
212778,40000
212779,40000
212780,91383
212781,51114
212782,53870
212783,62118
212784,68888
212785,76017
212786,54144
212787,68554
212788,57296
212789,47863
212790,40000
212791,61607
212792,51080
212793,48857
212794,87485
212795,57465
212796,63375
212797,59723
212798,66338
212799,40000
212800,55155
212801,82845
212802,70910
212803,92525
212804,52698
212805,85126
212806,40000
212807,41995
212808,79452
212809,40000
212810,56986
212811,49588
212812,46080
212813,40000
212814,40000
212815,40000
212816,56072
212817,64740
212818,40000
212819,53660
212820,40000
212821,57263
212822,57963
212823,44759
212824,40000
212825,44905
212826,40000
212827,64868
212828,40000
212829,53370
212830,44519
212831,40000
212832,41279
212833,55880
212834,64158
212835,62558
212836,40000
212837,46837
212838,73121
212839,56221
212840,48010
212841,53407
212842,40000
212843,40000
212844,68871
212845,40000
212846,40000
212847,46050
212848,43587
212849,65220
212850,50610
212851,63100
212852,47083
212853,40000
212854,60287
212855,40000
212856,40000
212857,51895
212858,42274
212859,65071
212860,83376
212861,91655
212862,40000
212863,54100
212864,40000
212865,68071
212866,45541
212867,40000
212868,56098
212869,40000
212870,40000
212871,68747
212872,53338
212873,41278
212874,54952
212875,64918
212876,40000
212877,40000
212878,44786
212879,54100
212880,45936
212881,69591
212882,40000
212883,46739
212884,49334
212885,66578
212886,40000
212887,50334
212888,40000
212889,80274
212890,41472
212891,40000
212892,48655
212893,48380
212894,43955
212895,40000
212896,48427
212897,78672
212898,61758
212899,40000
212900,40000
212901,40000
212902,51491
212903,40000
212904,50730
212905,56433
212906,48271
212907,40000
212908,40000
212909,44934
212910,46774
212911,54019
212912,40649
212913,40000
212914,51560
212915,60244
212916,45644
212917,40000
212918,58305
212919,41761
212920,50321
212921,80218
212922,61364
212923,40000
212924,40000
212925,49110
212926,45192
212927,68845
212928,40000
212929,80302
212930,40000
212931,62680
212932,48680
212933,64892
212934,58813
212935,49402
212936,40000
212937,61734
212938,40000
212939,42293
212940,40000
212941,65686
212942,58308
212943,73122
212944,58321
212945,45309
212946,40000
212947,59077
212948,46644
212949,43286
212950,48767
212951,40000
212952,44449
212953,46004
212954,59535
212955,40000
212956,48169
212957,40000
212958,40000
212959,90594
212960,40000
212961,57389
212962,40000
212963,40000
212964,42228
212965,66165
212966,40000
212967,42477
212968,41681
212969,40000
212970,40000
212971,52824
212972,88465
212973,53043
212974,40000
212975,55849
212976,53861
212977,40513
212978,64262
212979,40000
212980,61264
212981,56648
212982,63079
212983,55936
212984,45895
212985,72106
212986,92301
212987,75513
212988,43841
212989,64210
212990,40000
212991,106452
212992,46681
212993,40000
212994,51106
212995,79423
212996,41585
212997,65739
212998,40000
212999,40000
213000,46447
213001,40000
213002,40000
213003,52487
213004,69086
213005,77162
213006,60804
213007,44283
213008,50826
213009,40000
213010,50252
213011,64574
213012,85054
213013,40000
213014,68975
213015,52641
213016,40596
213017,43015
213018,40000
213019,40000
213020,45557
213021,54157
213022,69763
213023,40000
213024,71898
213025,40000
213026,46466
213027,43008
213028,40000
213029,54069
213030,40000
213031,40000
213032,54685
213033,77067
213034,40000
213035,61301
213036,49647
213037,65551
213038,40000
213039,92281
213040,54828
213041,51051
213042,42877
213043,75806
213044,41402
213045,56872
213046,40000
213047,40000
213048,43653
213049,43283
213050,60685
213051,63976
213052,80848
213053,40000
213054,49482
213055,65417
213056,66501
213057,90941
213058,43690
213059,57043
213060,44920
213061,40000
213062,40000
213063,64824
213064,62168
213065,40000
213066,40000
213067,43683
213068,86339
213069,53589
213070,59111
213071,40000
213072,43923
213073,46858
213074,40000
213075,50830
213076,67105
213077,53357
213078,40000
213079,63481
213080,40000
213081,53270
213082,93893
213083,78667
213084,40000
213085,40000
213086,50054
213087,43739
213088,68859
213089,43757
213090,40000
213091,87860
213092,52048
213093,50980
213094,43562
213095,58188
213096,60355
213097,40000
213098,109760
213099,69886
213100,74867
213101,42562
213102,40000
213103,40000
213104,66109
213105,50295
213106,69873
213107,56258
213108,78048
213109,90133
213110,40000
213111,69189
213112,40000
213113,40000
213114,40000
213115,54945
213116,40000
213117,61496
213118,42910
213119,60704
213120,79584
213121,40000
213122,40000
213123,68258
213124,40000
213125,49417
213126,62165
213127,50425
213128,51886
213129,40000
213130,40000
213131,47610
213132,40000
213133,40000
213134,74824
213135,40000
213136,40000
213137,50629
213138,40000
213139,53459
213140,72365
213141,44017
213142,43991
213143,47760
213144,94603
213145,40000
213146,40000
213147,56280
213148,46278
213149,40000
213150,76035
213151,43630
213152,70451
213153,58840
213154,57280
213155,53925
213156,40000
213157,99775
213158,48413
213159,83962
213160,74149
213161,78562
213162,64974
213163,40000
213164,40000
213165,54881
213166,75075
213167,43033
213168,40000
213169,47833
213170,44443
213171,40000
213172,66206
213173,47938
213174,45959
213175,40000
213176,60159
213177,40000
213178,73986
213179,76699
213180,46415
213181,69420
213182,44561
213183,52412
213184,40000
213185,40000
213186,62014
213187,40000
213188,40000
213189,55779
213190,83857
213191,59992
213192,79019
213193,47722
213194,40000
213195,40000
213196,42494
213197,41965
213198,40000
213199,70754
213200,40000
213201,61452
213202,48967
213203,40000
213204,40000
213205,60984
213206,67170
213207,62823
213208,70536
213209,62368
213210,40000
213211,42680
213212,79136
213213,60237
213214,61813
213215,41385
213216,43594
213217,40000
213218,64555
213219,40000
213220,40000
213221,69949
213222,71390
213223,40000
213224,72835
213225,63031
213226,42291
213227,40000
213228,57563
213229,75076
213230,51808
213231,56227
213232,59248
213233,40000
213234,40000
213235,40000
213236,43751
213237,50346
213238,43636
213239,72165
213240,42308
213241,82008
213242,58693
213243,50008
213244,44869
213245,47343
213246,62813
213247,68811
213248,71821
213249,67586
213250,40000
213251,40658
213252,49538
213253,52769
213254,62158
213255,76198
213256,57528
213257,51890
213258,62192
213259,63086
213260,40000
213261,61099
213262,40000
213263,41752
213264,68345
213265,40000
213266,74021
213267,48614
213268,81484
213269,40000
213270,44963
213271,72791
213272,70013
213273,40000
213274,72207
213275,49580
213276,54271
213277,40000
213278,40272
213279,61841
213280,73185
213281,50558
213282,59190
213283,40745
213284,40000
213285,58450
213286,40380
213287,40000
213288,40000
213289,40000
213290,40000
213291,45229
213292,40000
213293,40000
213294,71377
213295,56484
213296,40000
213297,62689
213298,69242
213299,40000
213300,40000
213301,49658
213302,45964
213303,40000
213304,68044
213305,68091
213306,57158
213307,40000
213308,52085
213309,80917
213310,42002
213311,40000
213312,54703
213313,40000
213314,40000
213315,41186
213316,42926
213317,51353
213318,43589
213319,47136
213320,60597
213321,54491
213322,45111
213323,40000
213324,45638
213325,40000
213326,40000
213327,40000
213328,40000
213329,59841
213330,90320
213331,55981
213332,51813
213333,40000
213334,81502
213335,50048
213336,69962
213337,40000
213338,88886
213339,40000
213340,40000
213341,40000
213342,58687
213343,42452
213344,73859
213345,63105
213346,40000
213347,40000
213348,90748
213349,74515
213350,66944
213351,40000
213352,40000
213353,68352
213354,40000
213355,76295
213356,51358
213357,42262
213358,76280
213359,43877
213360,64943
213361,40000
213362,57813
213363,40000
213364,41238
213365,59128
213366,40000
213367,58133
213368,40000
213369,52546
213370,58043
213371,40000
213372,40000
213373,43077
213374,40000
213375,57756
213376,69209
213377,49345
213378,53788
213379,99993
213380,42937
213381,40000
213382,40000
213383,45534
213384,41608
213385,44730
213386,61386
213387,61176
213388,40000
213389,52351
213390,40000
213391,53165
213392,72945
213393,43346
213394,41051
213395,40000
213396,40000
213397,65507
213398,40000
213399,47997
213400,40000
213401,40000
213402,54823
213403,56292
213404,40000
213405,61497
213406,40000
213407,81139
213408,76780
213409,50672
213410,47266
213411,54838
213412,40000
213413,40000
213414,40000
213415,78655
213416,40000
213417,55442
213418,40000
213419,40000
213420,52199
213421,40000
213422,61628
213423,59814
213424,56074
213425,40000
213426,82945
213427,45200
213428,61459
213429,56872
213430,40000
213431,59732
213432,43182
213433,57185
213434,40000
213435,50464
213436,40000
213437,73076
213438,66139
213439,60913
213440,40000
213441,45009
213442,48966
213443,84377
213444,46176
213445,46270
213446,66309
213447,57808
213448,49762
213449,54988
213450,50223
213451,42864
213452,87019
213453,40152
213454,67090
213455,77465
213456,49441
213457,40000
213458,47610
213459,56913
213460,74904
213461,52135
213462,84944
213463,55888
213464,40000
213465,40000
213466,44775
213467,52448
213468,53995
213469,66839
213470,71647
213471,58479
213472,43328
213473,41839
213474,41899
213475,68191
213476,40785
213477,53181
213478,40000
213479,41498
213480,69864
213481,54678
213482,50845
213483,40000
213484,69952
213485,51235
213486,49153
213487,50762
213488,50152
213489,56673
213490,52928
213491,44775
213492,61430
213493,40000
213494,57139
213495,40000
213496,58093
213497,65463
213498,54691
213499,56479
213500,40000
213501,65885
213502,71582
213503,70853
213504,50168
213505,46836
213506,74506
213507,65979
213508,71099
213509,40000
213510,50828
213511,58063
213512,40000
213513,48155
213514,56379
213515,75432
213516,70906
213517,43461
213518,44356
213519,41572
213520,49468
213521,57040
213522,90769
213523,40000
213524,65082
213525,82437
213526,43307
213527,40000
213528,54205
213529,40000
213530,52414
213531,45318
213532,58911
213533,69557
213534,40000
213535,40000
213536,42373
213537,40000
213538,83765
213539,40000
213540,60817
213541,53235
213542,40000
213543,54818
213544,59594
213545,40000
213546,40000
213547,51711
213548,50507
213549,60096
213550,44802
213551,51020
213552,72791
213553,51563
213554,54032
213555,55506
213556,55576
213557,40000
213558,63918
213559,40000
213560,40000
213561,48984
213562,85398
213563,40000
213564,51486
213565,68363
213566,61371
213567,40000
213568,44926
213569,51345
213570,57978
213571,70315
213572,40000
213573,40000
213574,40000
213575,70629
213576,47482
213577,60650
213578,40000
213579,40000
213580,50582
213581,79750
213582,40000
213583,40246
213584,40000
213585,69552
213586,40000
213587,57143
213588,67663
213589,64660
213590,93164
213591,57214
213592,45064
213593,51885
213594,54655
213595,72274
213596,40000
213597,49659
213598,64168
213599,81709
213600,47822
213601,69129
213602,40000
213603,44905
213604,73080
213605,40000
213606,59911
213607,50994
213608,47275
213609,48375
213610,40000
213611,61980
213612,49225
213613,82681
213614,40000
213615,40000
213616,56914
213617,40000
213618,66998
213619,65705
213620,58930
213621,49054
213622,48133
213623,40000
213624,43443
213625,68317
213626,76613
213627,49741
213628,43250
213629,40000
213630,55506
213631,69987
213632,49886
213633,63908
213634,54295
213635,40000
213636,89991
213637,55705
213638,40000
213639,43036
213640,84160
213641,40000
213642,42876
213643,40000
213644,53311
213645,40000
213646,40000
213647,52648
213648,52952
213649,77417
213650,58905
213651,92154
213652,40000
213653,40000
213654,53455
213655,46032
213656,42894
213657,74102
213658,73674
213659,40000
213660,46769
213661,75121
213662,48265
213663,40000
213664,52725
213665,51156
213666,45696
213667,55288
213668,70356
213669,40000
213670,40000
213671,54916
213672,52957
213673,40000
213674,43914
213675,40797
213676,54109
213677,58542
213678,40000
213679,50492
213680,40000
213681,40000
213682,77134
213683,54522
213684,68772
213685,61989
213686,40000
213687,43732
213688,40000
213689,51614
213690,51210
213691,53128
213692,71982
213693,63232
213694,40000
213695,40000
213696,49816
213697,45796
213698,40000
213699,65721
213700,59701
213701,40000
213702,51217
213703,60901
213704,40000
213705,86960
213706,77011
213707,40000
213708,40000
213709,49799
213710,40000
213711,76375
213712,40000
213713,83742
213714,79236
213715,63112
213716,40000
213717,40000
213718,60008
213719,73254
213720,45572
213721,63204
213722,47379
213723,44242
213724,40000
213725,42265
213726,40000
213727,48821
213728,40618
213729,40000
213730,40000
213731,54948
213732,117762
213733,40000
213734,56166
213735,40000
213736,40000
213737,63203
213738,40000
213739,82599
213740,41736
213741,67003
213742,49338
213743,51684
213744,53437
213745,40000
213746,51828
213747,40000
213748,55052
213749,67017
213750,68419
213751,41745
213752,61078
213753,45369
213754,52188
213755,40000
213756,40000
213757,46030
213758,77070
213759,40000
213760,55150
213761,40000
213762,74418
213763,69605
213764,40000
213765,58672
213766,55121
213767,59421
213768,80601
213769,40000
213770,62491
213771,40841
213772,74520
213773,52962
213774,71798
213775,82388
213776,40000
213777,65473
213778,40000
213779,60477
213780,47462
213781,59112
213782,40000
213783,40000
213784,44839
213785,64814
213786,84123
213787,40000
213788,48265
213789,40000
213790,64167
213791,46036
213792,59553
213793,73292
213794,65951
213795,45160
213796,57250
213797,40000
213798,52599
213799,40000
213800,40000
213801,75543
213802,78297
213803,67651
213804,40653
213805,40000
213806,40000
213807,46481
213808,73088
213809,40000
213810,65919
213811,69344
213812,63549
213813,51196
213814,51239
213815,47079
213816,58220
213817,40000
213818,40000
213819,81677
213820,74751
213821,74040
213822,53384
213823,47683
213824,40000
213825,64218
213826,71478
213827,40000
213828,40000
213829,64112
213830,40000
213831,44081
213832,61151
213833,40000
213834,84566
213835,43063
213836,78080
213837,40000
213838,40000
213839,55963
213840,52584
213841,75739
213842,40000
213843,91586
213844,40000
213845,55285
213846,40000
213847,41207
213848,40000
213849,42930
213850,40352
213851,48654
213852,67316
213853,40000
213854,40000
213855,58120
213856,40000
213857,40000
213858,40000
213859,63786
213860,40826
213861,41544
213862,43300
213863,42252
213864,56780
213865,54327
213866,40000
213867,40000
213868,50233
213869,52856
213870,50559
213871,40657
213872,53097
213873,55608
213874,52079
213875,40000
213876,78834
213877,48712
213878,40000
213879,40000
213880,56693
213881,54909
213882,50570
213883,51124
213884,57084
213885,40000
213886,40000
213887,66675
213888,91734
213889,40000
213890,67232
213891,40000
213892,57593
213893,61985
213894,64106
213895,48949
213896,43417
213897,43564
213898,40000
213899,64482
213900,62241
213901,41986
213902,65044
213903,40000
213904,53772
213905,84723
213906,65282
213907,45790
213908,40000
213909,76572
213910,43648
213911,49334
213912,40000
213913,40000
213914,64607
213915,40000
213916,78534
213917,40000
213918,52948
213919,40000
213920,40000
213921,54989
213922,56005
213923,71981
213924,60976
213925,75153
213926,60661
213927,74745
213928,60304
213929,44569
213930,40000
213931,69224
213932,70202
213933,57500
213934,75373
213935,74775
213936,40000
213937,40000
213938,75086
213939,40408
213940,64983
213941,64967
213942,40000
213943,64249
213944,56986
213945,44359
213946,63756
213947,55032
213948,40000
213949,64687
213950,46008
213951,40000
213952,51120
213953,40000
213954,40000
213955,86201
213956,49416
213957,77344
213958,40000
213959,70201
213960,48190
213961,40000
213962,59793
213963,52038
213964,63483
213965,40000
213966,40000
213967,40000
213968,67529
213969,71269
213970,51557
213971,75164
213972,40000
213973,45484
213974,40000
213975,46422
213976,42981
213977,48901
213978,57074
213979,40000
213980,42303
213981,82873
213982,45470
213983,87997
213984,65309
213985,44776
213986,40000
213987,66998
213988,42959
213989,48807
213990,40697
213991,66643
213992,52772
213993,57758
213994,50894
213995,47742
213996,62509
213997,47515
213998,46814
213999,40000
214000,40000
214001,56367
214002,65760
214003,50600
214004,40000
214005,40000
214006,40000
214007,50873
214008,41736
214009,43701
214010,40000
214011,40000
214012,46953
214013,40262
214014,40710
214015,65898
214016,64065
214017,40000
214018,53019
214019,71693
214020,43103
214021,49920
214022,40000
214023,57494
214024,70765
214025,40406
214026,42958
214027,62953
214028,44921
214029,84250
214030,50464
214031,53846
214032,40000
214033,40000
214034,63567
214035,72595
214036,40000
214037,67172
214038,108507
214039,75142
214040,68256
214041,49876
214042,43010
214043,55778
214044,56886
214045,40000
214046,77893
214047,50130
214048,40000
214049,51243
214050,40000
214051,63164
214052,40000
214053,68299
214054,88144
214055,40000
214056,62583
214057,43097
214058,40000
214059,55646
214060,40000
214061,83879
214062,40000
214063,46035
214064,42976
214065,40000
214066,66354
214067,45722
214068,45593
214069,52776
214070,48252
214071,61772
214072,51991
214073,73020
214074,79743
214075,80119
214076,54141
214077,62803
214078,76255
214079,59932
214080,74474
214081,42980
214082,61881
214083,45296
214084,65186
214085,91386
214086,43239
214087,48635
214088,40000
214089,40000
214090,48431
214091,40000
214092,40000
214093,40000
214094,56282
214095,61791
214096,40000
214097,56332
214098,47882
214099,59556
214100,44766
214101,103315
214102,41070
214103,40000
214104,40000
214105,40000
214106,81244
214107,44501
214108,57811
214109,47454
214110,56853
214111,51931
214112,40000
214113,54071
214114,40000
214115,65962
214116,42543
214117,43746
214118,40000
214119,46838
214120,40000
214121,44346
214122,40000
214123,54472
214124,40000
214125,71521
214126,40000
214127,60954
214128,40806
214129,40000
214130,40000
214131,72146
214132,40000
214133,40000
214134,44801
214135,76042
214136,50431
214137,74593
214138,54643
214139,40000
214140,45572
214141,45042
214142,50495
214143,66562
214144,40000
214145,46858
214146,42629
214147,40000
214148,70319
214149,56875
214150,40615
214151,64398
214152,78883
214153,40000
214154,51218
214155,58500
214156,62505
214157,49447
214158,48492
214159,77758
214160,62530
214161,40000
214162,64819
214163,40000
214164,60537
214165,48455
214166,74831
214167,40000
214168,56427
214169,41289
214170,40000
214171,40000
214172,40000
214173,58245
214174,80274
214175,40000
214176,62807
214177,73048
214178,45572
214179,40000
214180,71117
214181,61672
214182,40000
214183,67539
214184,47630
214185,62762
214186,78723
214187,57299
214188,81252
214189,40000
214190,80749
214191,40000
214192,40000
214193,40000
214194,66601
214195,49482
214196,42230
214197,40000
214198,52124
214199,57491
214200,50451
214201,51582
214202,64703
214203,40000
214204,68265
214205,48948
214206,40000
214207,69667
214208,40000
214209,70290
214210,59593
214211,56701
214212,100281
214213,52761
214214,40000
214215,90603
214216,40000
214217,45623
214218,67290
214219,74845
214220,74144
214221,55267
214222,68375
214223,40000
214224,68211
214225,59289
214226,40000
214227,43694
214228,40000
214229,67159
214230,40000
214231,40000
214232,40000
214233,47276
214234,48370
214235,40000
214236,49640
214237,40000
214238,41450
214239,40000
214240,78234
214241,66193
214242,43468
214243,48629
214244,62178
214245,59047
214246,40461
214247,40000
214248,40000
214249,40256
214250,53183
214251,79268
214252,66474
214253,41088
214254,40000
214255,40000
214256,57522
214257,94611
214258,40000
214259,66024
214260,81487
214261,40000
214262,56032
214263,40000
214264,61175
214265,78031
214266,47496
214267,40000
214268,80154
214269,40000
214270,40000
214271,40000
214272,63767
214273,46091
214274,51028
214275,40000
214276,48985
214277,45569
214278,40000
214279,40000
214280,48645
214281,81381
214282,101253
214283,58755
214284,40000
214285,55648
214286,47949
214287,40131
214288,40000
214289,92210
214290,74862
214291,53699
214292,64999
214293,58396
214294,59450
214295,40000
214296,40000
214297,40000
214298,52944
214299,63772
214300,40000
214301,64665
214302,40000
214303,40000
214304,41350
214305,40000
214306,81636
214307,40000
214308,67184
214309,61614
214310,40000
214311,45876
214312,40000
214313,43529
214314,40000
214315,55234
214316,40000
214317,46339
214318,70926
214319,95133
214320,75427
214321,40000
214322,64393
214323,40000
214324,40000
214325,54919
214326,40000
214327,40000
214328,50495
214329,76294
214330,51206
214331,58083
214332,59244
214333,44906
214334,70499
214335,41933
214336,72400
214337,82368
214338,40000
214339,63637
214340,80276
214341,40000
214342,70160
214343,42781
214344,68474
214345,64927
214346,58493
214347,58911
214348,53609
214349,42049
214350,50618
214351,57725
214352,40000
214353,71063
214354,74393
214355,40000
214356,41258
214357,40000
214358,40055
214359,58415
214360,62558
214361,55086
214362,40000
214363,58638
214364,61151
214365,50506
214366,40000
214367,40000
214368,52158
214369,57405
214370,52603
214371,40000
214372,52966
214373,40000
214374,40000
214375,70838
214376,40000
214377,40000
214378,64536
214379,73650
214380,70912
214381,40000
214382,45636
214383,40000
214384,55797
214385,67345
214386,74606
214387,65481
214388,77563
214389,40000
214390,43617
214391,46462
214392,49678
214393,90806
214394,48534
214395,40000
214396,52719
214397,78751
214398,43265
214399,57560
214400,40000
214401,57072
214402,40000
214403,40000
214404,42412
214405,60683
214406,42524
214407,45302
214408,65177
214409,40000
214410,65184
214411,76698
214412,40000
214413,75175
214414,66496
214415,57183
214416,63495
214417,53827
214418,61549
214419,40000
214420,40000
214421,40000
214422,41333
214423,40000
214424,40000
214425,60463
214426,69928
214427,62160
214428,62662
214429,40000
214430,53401
214431,43226
214432,46733
214433,40104
214434,40000
214435,40000
214436,77215
214437,40000
214438,40000
214439,63127
214440,40000
214441,67417
214442,82495
214443,40000
214444,41631
214445,40000
214446,71698
214447,57206
214448,49449
214449,44646
214450,40000
214451,80944
214452,40000
214453,83596
214454,40000
214455,69586
214456,40000
214457,40000
214458,40000
214459,54473
214460,40000
214461,40000
214462,40000
214463,44688
214464,54988
214465,43170
214466,43098
214467,62124
214468,40000
214469,40000
214470,51565
214471,54361
214472,49045
214473,63347
214474,40000
214475,86819
214476,40000
214477,40000
214478,66021
214479,67186
214480,40000
214481,40000
214482,82407
214483,58743
214484,40000
214485,104745
214486,40000
214487,47982
214488,40000
214489,59288
214490,49332
214491,67347
214492,40435
214493,48323
214494,40000
214495,74310
214496,59471
214497,43626
214498,66256
214499,50787
214500,40000
214501,48370
214502,40000
214503,52387
214504,40000
214505,40000
214506,57597
214507,60875
214508,46685
214509,40000
214510,40000
214511,40000
214512,40000
214513,49307
214514,40000
214515,42886
214516,59022
214517,40000
214518,40000
214519,47152
214520,71893
214521,40000
214522,40000
214523,40000
214524,47509
214525,40000
214526,51133
214527,70102
214528,78883
214529,40000
214530,40000
214531,70474
214532,49414
214533,56485
214534,42248
214535,40000
214536,42278
214537,50229
214538,54608
214539,64488
214540,41346
214541,44180
214542,43223
214543,51757
214544,56774
214545,84555
214546,72074
214547,47372
214548,65721
214549,61022
214550,57040
214551,53670
214552,61233
214553,40000
214554,49935
214555,40000
214556,40000
214557,59364
214558,44126
214559,59341
214560,49792
214561,58822
214562,63270
214563,51422
214564,40000
214565,61519
214566,51815
214567,57265
214568,66666
214569,40000
214570,66116
214571,40000
214572,51385
214573,40000
214574,40000
214575,56452
214576,52260
214577,40000
214578,47800
214579,40000
214580,40000
214581,63543
214582,40000
214583,46308
214584,62495
214585,40000
214586,40000
214587,42609
214588,72148
214589,57519
214590,52913
214591,45449
214592,46897
214593,57347
214594,56690
214595,90347
214596,61784
214597,49136
214598,54317
214599,40000
214600,50570
214601,70245
214602,40000
214603,66675
214604,40000
214605,40000
214606,53372
214607,98323
214608,40000
214609,53273
214610,103581
214611,40000
214612,67417
214613,67284
214614,40305
214615,67267
214616,48421
214617,45898
214618,80113
214619,40000
214620,48373
214621,51617
214622,74203
214623,44472
214624,54012
214625,44477
214626,42158
214627,48374
214628,84380
214629,40000
214630,40000
214631,46273
214632,54093
214633,40000
214634,48826
214635,59083
214636,59692
214637,81956
214638,87647
214639,46237
214640,43801
214641,55365
214642,44829
214643,84016
214644,57971
214645,47680
214646,40000
214647,49672
214648,40000
214649,66753
214650,42227
214651,40000
214652,40000
214653,50241
214654,60181
214655,40000
214656,68530
214657,47761
214658,75676
214659,46410
214660,40000
214661,92653
214662,67475
214663,61240
214664,60595
214665,44406
214666,52187
214667,52431
214668,72932
214669,45440
214670,41347
214671,59326
214672,54779
214673,40000
214674,68262
214675,40000
214676,40000
214677,70491
214678,97612
214679,52785
214680,80898
214681,50591
214682,96068
214683,53700
214684,46640
214685,40000
214686,81115
214687,62733
214688,40000
214689,59216
214690,53341
214691,40000
214692,45101
214693,40000
214694,75933
214695,40675
214696,44677
214697,48103
214698,53417
214699,52380
214700,42439
214701,81218
214702,40000
214703,40000
214704,40000
214705,40000
214706,53516
214707,53783
214708,40000
214709,62287
214710,51622
214711,87580
214712,40833
214713,40000
214714,52634
214715,41431
214716,69425
214717,58540
214718,43455
214719,46065
214720,46793
214721,57650
214722,75466
214723,40000
214724,60290
214725,40000
214726,60048
214727,40000
214728,68224
214729,65784
214730,45135
214731,68018
214732,40000
214733,43697
214734,56500
214735,74158
214736,40000
214737,53043
214738,61076
214739,40000
214740,88071
214741,47215
214742,56429
214743,81192
214744,40000
214745,50712
214746,40000
214747,40000
214748,74390
214749,40000
214750,41454
214751,40000
214752,40000
214753,40000
214754,63997
214755,40000
214756,41082
214757,79741
214758,40000
214759,69964
214760,65777
214761,104696
214762,53834
214763,40000
214764,51600
214765,50057
214766,40000
214767,55071
214768,53861
214769,106103
214770,88468
214771,58953
214772,59342
214773,49883
214774,40000
214775,40000
214776,40000
214777,40000
214778,43439
214779,50619
214780,40000
214781,46820
214782,63292
214783,73180
214784,53896
214785,51268
214786,40000
214787,40000
214788,53892
214789,40000
214790,75816
214791,42838
214792,40000
214793,58811
214794,76281
214795,42218
214796,77345
214797,45115
214798,53767
214799,40000
214800,76233
214801,73166
214802,65972
214803,40000
214804,57840
214805,63417
214806,56872
214807,60446
214808,51621
214809,40000
214810,60117
214811,42030
214812,50691
214813,57208
214814,40000
214815,40000
214816,57119
214817,40000
214818,40000
214819,71394
214820,42318
214821,40252
214822,40000
214823,53102
214824,43169
214825,51674
214826,40000
214827,43924
214828,67650
214829,49284
214830,43352
214831,86615
214832,97322
214833,40000
214834,57928
214835,77953
214836,40000
214837,40199
214838,62380
214839,57890
214840,54487
214841,48726
214842,112033
214843,64278
214844,40000
214845,40000
214846,45267
214847,40000
214848,40000
214849,46464
214850,52641
214851,40000
214852,40000
214853,50724
214854,40000
214855,77242
214856,58885
214857,48927
214858,40000
214859,40000
214860,52361
214861,57028
214862,74143
214863,49339
214864,40000
214865,68263
214866,40000
214867,70571
214868,78271
214869,40000
214870,52340
214871,56929
214872,69364
214873,51534
214874,48451
214875,78247
214876,40000
214877,40000
214878,75217
214879,70927
214880,40000
214881,50448
214882,48436
214883,68452
214884,40000
214885,71153
214886,57399
214887,79435
214888,40000
214889,43649
214890,40000
214891,40000
214892,40000
214893,56625
214894,58415
214895,40000
214896,64857
214897,46137
214898,76693
214899,45901
214900,40000
214901,40000
214902,50499
214903,65754
214904,57132
214905,40000
214906,62765
214907,55412
214908,50599
214909,60969
214910,43956
214911,73247
214912,47976
214913,64875
214914,66786
214915,54221
214916,51039
214917,50960
214918,40000
214919,40000
214920,48323
214921,51987
214922,65662
214923,40000
214924,52015
214925,42013
214926,51887
214927,40000
214928,68348
214929,46675
214930,64565
214931,50493
214932,63345
214933,40218
214934,57113
214935,40000
214936,40000
214937,64664
214938,40000
214939,42297
214940,49058
214941,81475
214942,52736
214943,66262
214944,52658
214945,104130
214946,55348
214947,43422
214948,66642
214949,40000
214950,40000
214951,40000
214952,81130
214953,54088
214954,40000
214955,88550
214956,40000
214957,63663
214958,75024
214959,40000
214960,52879
214961,58523
214962,40000
214963,53340
214964,40000
214965,67789
214966,40000
214967,40000
214968,40000
214969,43916
214970,91368
214971,75628
214972,40000
214973,46966
214974,50280
214975,60885
214976,54108
214977,40000
214978,71905
214979,48086
214980,40000
214981,81180
214982,63109
214983,69824
214984,50677
214985,86882
214986,55614
214987,40000
214988,40000
214989,40000
214990,40000
214991,55031
214992,80628
214993,40000
214994,86732
214995,40000
214996,45565
214997,87295
214998,73070
214999,40000
215000,70830
215001,40000
215002,57975
215003,57255
215004,40302
215005,40000
215006,52701
215007,56493
215008,56002
215009,49078
215010,52572
215011,40000
215012,41786
215013,62615
215014,40000
215015,61772
215016,40000
215017,40000
215018,54733
215019,55061
215020,64456
215021,72531
215022,50391
215023,40000
215024,40142
215025,51718
215026,52442
215027,91518
215028,51062
215029,43444
215030,40000
215031,79892
215032,55516
215033,40000
215034,69712
215035,40751
215036,40000
215037,52933
215038,40000
215039,42497
215040,62439
215041,62923
215042,50696
215043,73199
215044,40000
215045,59824
215046,58075
215047,60865
215048,40000
215049,40000
215050,45092
215051,59448
215052,51516
215053,40000
215054,70805
215055,54947
215056,40254
215057,40000
215058,55639
215059,59711
215060,68169
215061,71070
215062,43859
215063,61290
215064,40000
215065,71106
215066,58647
215067,60551
215068,49591
215069,55943
215070,40000
215071,60666
215072,64747
215073,40000
215074,60342
215075,55765
215076,62916
215077,58905
215078,54668
215079,45396
215080,46023
215081,40000
215082,40000
215083,47090
215084,82876
215085,76394
215086,40000
215087,52042
215088,40000
215089,82582
215090,50339
215091,41820
215092,49581
215093,40000
215094,78897
215095,48605
215096,55081
215097,62252
215098,40000
215099,50799
215100,70384
215101,75393
215102,74527
215103,68678
215104,64016
215105,40000
215106,44613
215107,71390
215108,40033
215109,40000
215110,67094
215111,64669
215112,48639
215113,40000
215114,59152
215115,63524
215116,55843
215117,40000
215118,67722
215119,40000
215120,49757
215121,40000
215122,40000
215123,75252
215124,53301
215125,50992
215126,50773
215127,62460
215128,40000
215129,40000
215130,52096
215131,54006
215132,40000
215133,78690
215134,61695
215135,56041
215136,48430
215137,40000
215138,49287
215139,42425
215140,48965
215141,40575
215142,59412
215143,68398
215144,40000
215145,54715
215146,43199
215147,70944
215148,76532
215149,59429
215150,40779
215151,48037
215152,40000
215153,40000
215154,40000
215155,60531
215156,40000
215157,83937
215158,59899
215159,61499
215160,40000
215161,59087
215162,78569
215163,40000
215164,40000
215165,43601
215166,40000
215167,57745
215168,61126
215169,40000
215170,57111
215171,61082
215172,49864
215173,45736
215174,62165
215175,65250
215176,77600
215177,40000
215178,40000
215179,56307
215180,46008
215181,40000
215182,40000
215183,40000
215184,78027
215185,49262
215186,40000
215187,40000
215188,40000
215189,40000
215190,71577
215191,63060
215192,50412
215193,73482
215194,40000
215195,56735
215196,40000
215197,67788
215198,40000
215199,62707
215200,40000
215201,40000
215202,73513
215203,59553
215204,40000
215205,47099
215206,40000
215207,53435
215208,59382
215209,40000
215210,40000
215211,40000
215212,66089
215213,53232
215214,40000
215215,46318
215216,69230
215217,83084
215218,41418
215219,40000
215220,42911
215221,40000
215222,40000
215223,60831
215224,90013
215225,74605
215226,58098
215227,70741
215228,40000
215229,49394
215230,75351
215231,42125
215232,54849
215233,40000
215234,40000
215235,49868
215236,71832
215237,40000
215238,47148
215239,40000
215240,81551
215241,45905
215242,50433
215243,55276
215244,43220
215245,40000
215246,57967
215247,89998
215248,46523
215249,51376
215250,40000
215251,72736
215252,91794
215253,43634
215254,40000
215255,46120
215256,72655
215257,45966
215258,59845
215259,61433
215260,45942
215261,60131
215262,54118
215263,40000
215264,85129
215265,53344
215266,68201
215267,40000
215268,45479
215269,40000
215270,91850
215271,40000
215272,65368
215273,40256
215274,79265
215275,51267
215276,71761
215277,66950
215278,41492
215279,40000
215280,54815
215281,60176
215282,72349
215283,48277
215284,40000
215285,61939
215286,41764
215287,79215
215288,69724
215289,49356
215290,40000
215291,50804
215292,40000
215293,46201
215294,46598
215295,62515
215296,67437
215297,66840
215298,40000
215299,46577
215300,40000
215301,40666
215302,40000
215303,69298
215304,40000
215305,40000
215306,40000
215307,44536
215308,58214
215309,40000
215310,40000
215311,40000
215312,40000
215313,54951
215314,45222
215315,66849
215316,62970
215317,40000
215318,40000
215319,50000
215320,60731
215321,40000
215322,54197
215323,48800
215324,54764
215325,40000
215326,58948
215327,62934
215328,58125
215329,51181
215330,72496
215331,40000
215332,42039
215333,40000
215334,54691
215335,71394
215336,60394
215337,53225
215338,40000
215339,60208
215340,45658
215341,85305
215342,54985
215343,68898
215344,58577
215345,52290
215346,44645
215347,41440
215348,40018
215349,40000
215350,71936
215351,40000
215352,50845
215353,40000
215354,40000
215355,46588
215356,43339
215357,40688
215358,40000
215359,43174
215360,70479
215361,40000
215362,40000
215363,56631
215364,40000
215365,52268
215366,47057
215367,40000
215368,60082
215369,53034
215370,40000
215371,91866
215372,56886
215373,40000
215374,40000
215375,54298
215376,40000
215377,40000
215378,40000
215379,42170
215380,40000
215381,44797
215382,68903
215383,40000
215384,53598
215385,63023
215386,55575
215387,40000
215388,40000
215389,50271
215390,46016
215391,67231
215392,72794
215393,40000
215394,40000
215395,53288
215396,45756
215397,40000
215398,40000
215399,40000
215400,40000
215401,54099
215402,64432
215403,49168
215404,61047
215405,40000
215406,72391
215407,95945
215408,54307
215409,57948
215410,46890
215411,68181
215412,40000
215413,79266
215414,79940
215415,40000
215416,52693
215417,90428
215418,40000
215419,40000
215420,50241
215421,62764
215422,54432
215423,50249
215424,60604
215425,40000
215426,40000
215427,40000
215428,57302
215429,40000
215430,40000
215431,40000
215432,50346
215433,64654
215434,40000
215435,40000
215436,56798
215437,40000
215438,48133
215439,40000
215440,48762
215441,50697
215442,40000
215443,71788
215444,53208
215445,40000
215446,73714
215447,40000
215448,40000
215449,40000
215450,40000
215451,61431
215452,70579
215453,43710
215454,40000
215455,40000
215456,41046
215457,68835
215458,51146
215459,77511
215460,76726
215461,40000
215462,71976
215463,62461
215464,52344
215465,47782
215466,40000
215467,40000
215468,52693
215469,40000
215470,40000
215471,40000
215472,47335
215473,63192
215474,59994
215475,43723
215476,40000
215477,44548
215478,40000
215479,44697
215480,67527
215481,80013
215482,83478
215483,64051
215484,40000
215485,56465
215486,42594
215487,82797
215488,98295
215489,68942
215490,40000
215491,40000
215492,43911
215493,65123
215494,40000
215495,40000
215496,82593
215497,75374
215498,40000
215499,44326
215500,64455
215501,54520
215502,40000
215503,64305
215504,65808
215505,76759
215506,41756
215507,44082
215508,59871
215509,69645
215510,57664
215511,40000
215512,55174
215513,73090
215514,61203
215515,40000
215516,64527
215517,40000
215518,61195
215519,78848
215520,50944
215521,60216
215522,41385
215523,59445
215524,40000
215525,73066
215526,61962
215527,43532
215528,44016
215529,54268
215530,66028
215531,42986
215532,40000
215533,40000
215534,46836
215535,55626
215536,68861
215537,40000
215538,48641
215539,84618
215540,40000
215541,48493
215542,72798
215543,40000
215544,56589
215545,74377
215546,59477
215547,74684
215548,64125
215549,40000
215550,65688
215551,40000
215552,40000
215553,40000
215554,99088
215555,74120
215556,40000
215557,40000
215558,40000
215559,68034
215560,63736
215561,42412
215562,40000
215563,40000
215564,40000
215565,40817
215566,40000
215567,58295
215568,55812
215569,70949
215570,77021
215571,78147
215572,73169
215573,40000
215574,62223
215575,65409
215576,93415
215577,56534
215578,60351
215579,40000
215580,51525
215581,47443
215582,47956
215583,40000
215584,70190
215585,63260
215586,57081
215587,75709
215588,40000
215589,44774
215590,60921
215591,45314
215592,42801
215593,40000
215594,53604
215595,49374
215596,40000
215597,57757
215598,45111
215599,96904
215600,81869
215601,40000
215602,46545
215603,75719
215604,55594
215605,72163
215606,40000
215607,40000
215608,74265
215609,40000
215610,43907
215611,66215
215612,52038
215613,51166
215614,44059
215615,40000
215616,40000
215617,40000
215618,57160
215619,40000
215620,40000
215621,54547
215622,72311
215623,58379
215624,56288
215625,53461
215626,40000
215627,40345
215628,40000
215629,40000
215630,52138
215631,40000
215632,68759
215633,57125
215634,40669
215635,53628
215636,40000
215637,54710
215638,40000
215639,73482
215640,45658
215641,40000
215642,79994
215643,40000
215644,60694
215645,60596
215646,48920
215647,45238
215648,40000
215649,45689
215650,40000
215651,45166
215652,55133
215653,40000
215654,40000
215655,46747
215656,40000
215657,47569
215658,51639
215659,73721
215660,49499
215661,59990
215662,40000
215663,40000
215664,71444
215665,40000
215666,40000
215667,40000
215668,48515
215669,40000
215670,40000
215671,53560
215672,40000
215673,40000
215674,40000
215675,46330
215676,57728
215677,81629
215678,40000
215679,43674
215680,40000
215681,40000
215682,40000
215683,40000
215684,73863
215685,51499
215686,40000
215687,65109
215688,40000
215689,40000
215690,61970
215691,63567
215692,61840
215693,43705
215694,58928
215695,40000
215696,69942
215697,42622
215698,40000
215699,40000
215700,40000
215701,76416
215702,59856
215703,74546
215704,50755
215705,40000
215706,42183
215707,40434
215708,61543
215709,50895
215710,50485
215711,61695
215712,40000
215713,44365
215714,40000
215715,40000
215716,53256
215717,40000
215718,46731
215719,42692
215720,76420
215721,58580
215722,78804
215723,55523
215724,70006
215725,40000
215726,40000
215727,50183
215728,68783
215729,67431
215730,40000
215731,40000
215732,50439
215733,40000
215734,58963
215735,40000
215736,63437
215737,98834
215738,87740
215739,40000
215740,73523
215741,40000
215742,48129
215743,40000
215744,42488
215745,63254
215746,79967
215747,41216
215748,61243
215749,40000
215750,42179
215751,61470
215752,57878
215753,55138
215754,77999
215755,78125
215756,86232
215757,40000
215758,40000
215759,73131
215760,40000
215761,40412
215762,40000
215763,40000
215764,40000
215765,80470
215766,40000
215767,65203
215768,64576
215769,55733
215770,44303
215771,40000
215772,80802
215773,66366
215774,66055
215775,53933
215776,43918
215777,40000
215778,40000
215779,69010
215780,40000
215781,42683
215782,66440
215783,47789
215784,63177
215785,45564
215786,64376
215787,53461
215788,61822
215789,72224
215790,61476
215791,40000
215792,48063
215793,44557
215794,74216
215795,40963
215796,42783
215797,92571
215798,40000
215799,51386
215800,73629
215801,54442
215802,73218
215803,65153
215804,70239
215805,58087
215806,40000
215807,40000
215808,63331
215809,40000
215810,90174
215811,40000
215812,67160
215813,63976
215814,47046
215815,40000
215816,78674
215817,55218
215818,54639
215819,62737
215820,40000
215821,52701
215822,62898
215823,82102
215824,51293
215825,61264
215826,44145
215827,40000
215828,40000
215829,49791
215830,79969
215831,56380
215832,47713
215833,40000
215834,49525
215835,74681
215836,40000
215837,40000
215838,59805
215839,52836
215840,40000
215841,108556
215842,40000
215843,47164
215844,40000
215845,66783
215846,45752
215847,40000
215848,45040
215849,67131
215850,40000
215851,40000
215852,71262
215853,40000
215854,58807
215855,56353
215856,56051
215857,69031
215858,40000
215859,59667
215860,40000
215861,40000
215862,55965
215863,70810
215864,72408
215865,52040
215866,43532
215867,47728
215868,69391
215869,40000
215870,52077
215871,40000
215872,52242
215873,61758
215874,40000
215875,46722
215876,79235
215877,60440
215878,72958
215879,40000
215880,76150
215881,40000
215882,65766
215883,46957
215884,40000
215885,68172
215886,61413
215887,60907
215888,42965
215889,40000
215890,40000
215891,40000
215892,40000
215893,58516
215894,55777
215895,40000
215896,40000
215897,45200
215898,40000
215899,40000
215900,41650
215901,40000
215902,40000
215903,40000
215904,45429
215905,40000
215906,78388
215907,40000
215908,48867
215909,49853
215910,57633
215911,57834
215912,40000
215913,68425
215914,40000
215915,49756
215916,40000
215917,45839
215918,61867
215919,58521
215920,68569
215921,42608
215922,44821
215923,40252
215924,49791
215925,63131
215926,40000
215927,84619
215928,40000
215929,47628
215930,40000
215931,47757
215932,69057
215933,50338
215934,85692
215935,51074
215936,40000
215937,69281
215938,40000
215939,40000
215940,44717
215941,72226
215942,62441
215943,70859
215944,42465
215945,48691
215946,55323
215947,40000
215948,64114
215949,43177
215950,40000
215951,56760
215952,40000
215953,58023
215954,40000
215955,72038
215956,52133
215957,40000
215958,40000
215959,59451
215960,40000
215961,80233
215962,40000
215963,68180
215964,51231
215965,52471
215966,40000
215967,42176
215968,56728
215969,59229
215970,58624
215971,56613
215972,56108
215973,40168
215974,52265
215975,51022
215976,48537
215977,40000
215978,48988
215979,67160
215980,70864
215981,75881
215982,58572
215983,56209
215984,54736
215985,44256
215986,51266
215987,40072
215988,40000
215989,40000
215990,40000
215991,40000
215992,41450
215993,42391
215994,41285
215995,93634
215996,61711
215997,40000
215998,51432
215999,66185
216000,52210
216001,42036
216002,40000
216003,43850
216004,40000
216005,55949
216006,40000
216007,55957
216008,44198
216009,43629
216010,40000
216011,40000
216012,40000
216013,40000
216014,63905
216015,40000
216016,43247
216017,40000
216018,40000
216019,73499
216020,51803
216021,49357
216022,59248
216023,85990
216024,56199
216025,78441
216026,40000
216027,60447
216028,58490
216029,40000
216030,63071
216031,87039
216032,40225
216033,40000
216034,60678
216035,54435
216036,48140
216037,76474
216038,40000
216039,52307
216040,64174
216041,49983
216042,49366
216043,45249
216044,61180
216045,58614
216046,40000
216047,40000
216048,40000
216049,83291
216050,50755
216051,55141
216052,43987
216053,47207
216054,40000
216055,40000
216056,40000
216057,40000
216058,40000
216059,85093
216060,40000
216061,64109
216062,40000
216063,50714
216064,40000
216065,75502
216066,74284
216067,40000
216068,40000
216069,40000
216070,59706
216071,45421
216072,61594
216073,40000
216074,60618
216075,69047
216076,60543
216077,59385
216078,65051
216079,40000
216080,40305
216081,78099
216082,56028
216083,61150
216084,46729
216085,40000
216086,50361
216087,40000
216088,40000
216089,42855
216090,73196
216091,40000
216092,40000
216093,80434
216094,53506
216095,69415
216096,40000
216097,40000
216098,40000
216099,44068
216100,77722
216101,49960
216102,58493
216103,42963
216104,61088
216105,40000
216106,63191
216107,40000
216108,40000
216109,40000
216110,49347
216111,52074
216112,94304
216113,56633
216114,40000
216115,42708
216116,40000
216117,40000
216118,48501
216119,41958
216120,71147
216121,42859
216122,41622
216123,40000
216124,43830
216125,62579
216126,40000
216127,40000
216128,40000
216129,40000
216130,82451
216131,40000
216132,49712
216133,69507
216134,42519
216135,45727
216136,40000
216137,40000
216138,40000
216139,53470
216140,40625
216141,40000
216142,40000
216143,40000
216144,40000
216145,44389
216146,109947
216147,40000
216148,40000
216149,54055
216150,40884
216151,65278
216152,40000
216153,40000
216154,57796
216155,56069
216156,83251
216157,43710
216158,68577
216159,52235
216160,71625
216161,41033
216162,43963
216163,40000
216164,40000
216165,40000
216166,90208
216167,48453
216168,62727
216169,56154
216170,52002
216171,63264
216172,49268
216173,52673
216174,40000
216175,41845
216176,48876
216177,40000
216178,48064
216179,59002
216180,40118
216181,60016
216182,75838
216183,40000
216184,63241
216185,40000
216186,46696
216187,72075
216188,40000
216189,47237
216190,77408
216191,40000
216192,40000
216193,46439
216194,87296
216195,67381
216196,40000
216197,40000
216198,47212
216199,72928
216200,40000
216201,80516
216202,50212
216203,68766
216204,40000
216205,83643
216206,45533
216207,70380
216208,88127
216209,40000
216210,42013
216211,80331
216212,59628
216213,47407
216214,59961
216215,40600
216216,41344
216217,46190
216218,47804
216219,40000
216220,40000
216221,40000
216222,53206
216223,47029
216224,40000
216225,43714
216226,40000
216227,76057
216228,40000
216229,40000
216230,54257
216231,41151
216232,57747
216233,41967
216234,53608
216235,40000
216236,40000
216237,61425
216238,80482
216239,64944
216240,50192
216241,49185
216242,60388
216243,48891
216244,60307
216245,40000
216246,43647
216247,40000
216248,40000
216249,84127
216250,75580
216251,45984
216252,62303
216253,45558
216254,56383
216255,63535
216256,58904
216257,64396
216258,43399
216259,92162
216260,48283
216261,51605
216262,76196
216263,40000
216264,73019
216265,51361
216266,40000
216267,71459
216268,51901
216269,40000
216270,40000
216271,40000
216272,52169
216273,53318
216274,86523
216275,46107
216276,40000
216277,57135
216278,46108
216279,60480
216280,40000
216281,40000
216282,72396
216283,40000
216284,48462
216285,48763
216286,40000
216287,67406
216288,62937
216289,83167
216290,55911
216291,40000
216292,59233
216293,40000
216294,94349
216295,71807
216296,40000
216297,43012
216298,52357
216299,41592
216300,40000
216301,77387
216302,61765
216303,40000
216304,40000
216305,43710
216306,88317
216307,49348
216308,48880
216309,79542
216310,40000
216311,40000
216312,40000
216313,40000
216314,68344
216315,57599
216316,57300
216317,48987
216318,49678
216319,101973
216320,55316
216321,71487
216322,67290
216323,40000
216324,53290
216325,67107
216326,52232
216327,67732
216328,62548
216329,40972
216330,50926
216331,40000
216332,50399
216333,76337
216334,48606
216335,40000
216336,52701
216337,71519
216338,40000
216339,70077
216340,67317
216341,42988
216342,40000
216343,40000
216344,78410
216345,40000
216346,55328
216347,40000
216348,40000
216349,44656
216350,70907
216351,60591
216352,41471
216353,59219
216354,40000
216355,86533
216356,55275
216357,51994
216358,76386
216359,41364
216360,63135
216361,53719
216362,60042
216363,58515
216364,50419
216365,44664
216366,40000
216367,52048
216368,69508
216369,63766
216370,87549
216371,40000
216372,45578
216373,45031
216374,60052
216375,59674
216376,52708
216377,45135
216378,40000
216379,40000
216380,64143
216381,74936
216382,41264
216383,40000
216384,40000
216385,51665
216386,40000
216387,66367
216388,71482
216389,49848
216390,40000
216391,55318
216392,69678
216393,100963
216394,40000
216395,46157
216396,48353
216397,78066
216398,40000
216399,41929
216400,67923
216401,64908
216402,40000
216403,60644
216404,56230
216405,40000
216406,69644
216407,50783
216408,69582
216409,56435
216410,62422
216411,40000
216412,44889
216413,40000
216414,46754
216415,56965
216416,40000
216417,64916
216418,49800
216419,40402
216420,45437
216421,40000
216422,44140
216423,40000
216424,94204
216425,44269
216426,40000
216427,51745
216428,56867
216429,52311
216430,66616
216431,47566
216432,45481
216433,45574
216434,60000
216435,94717
216436,79647
216437,52185
216438,70986
216439,44027
216440,40000
216441,67227
216442,45289
216443,40000
216444,42360
216445,62771
216446,47758
216447,40000
216448,67977
216449,47402
216450,55926
216451,57061
216452,40000
216453,40000
216454,40000
216455,112513
216456,74926
216457,58651
216458,40000
216459,40000
216460,63038
216461,62348
216462,76360
216463,64498
216464,63560
216465,54579
216466,42111
216467,58294
216468,63596
216469,45188
216470,40000
216471,43867
216472,75614
216473,40000
216474,57708
216475,62917
216476,58961
216477,48764
216478,62796
216479,60694
216480,45453
216481,40000
216482,61075
216483,47047
216484,62841
216485,56031
216486,72654
216487,40000
216488,81336
216489,78561
216490,40000
216491,68826
216492,52395
216493,54152
216494,77443
216495,40000
216496,40000
216497,63912
216498,67668
216499,46196
216500,40000
216501,71952
216502,63256
216503,67221
216504,73111
216505,67988
216506,40000
216507,83853
216508,53869
216509,43071
216510,47160
216511,41943
216512,71303
216513,40000
216514,40000
216515,40000
216516,61366
216517,40000
216518,42558
216519,40000
216520,56033
216521,40000
216522,40000
216523,42770
216524,49152
216525,40000
216526,41927
216527,40000
216528,64269
216529,52003
216530,40000
216531,66172
216532,40000
216533,46109
216534,65301
216535,81959
216536,52989
216537,40000
216538,40000
216539,71321
216540,40000
216541,80443
216542,44412
216543,61168
216544,50926
216545,40000
216546,58845
216547,76461
216548,59735
216549,40000
216550,40695
216551,40000
216552,40000
216553,44750
216554,50727
216555,40000
216556,79162
216557,40000
216558,40000
216559,40000
216560,67272
216561,54326
216562,40000
216563,51714
216564,40000
216565,52376
216566,62904
216567,40000
216568,62929
216569,75065
216570,55657
216571,40000
216572,53879
216573,41448
216574,40000
216575,97550
216576,40000
216577,65836
216578,57321
216579,40000
216580,60025
216581,40000
216582,40000
216583,78543
216584,40000
216585,51013
216586,40000
216587,40000
216588,40000
216589,63421
216590,40000
216591,40000
216592,40000
216593,40767
216594,45864
216595,66621
216596,40000
216597,40000
216598,62483
216599,57635
216600,40000
216601,62404
216602,40000
216603,77695
216604,40000
216605,52175
216606,40000
216607,49193
216608,69417
216609,47481
216610,40000
216611,64872
216612,40000
216613,40000
216614,45495
216615,67628
216616,40000
216617,45222
216618,59396
216619,60810
216620,81303
216621,40000
216622,40000
216623,41079
216624,40000
216625,45605
216626,45608
216627,43323
216628,65824
216629,66779
216630,69090
216631,40000
216632,40621
216633,41442
216634,70369
216635,70773
216636,48822
216637,40000
216638,81473
216639,40984
216640,40000
216641,65018
216642,60832
216643,57260
216644,80247
216645,62978
216646,40000
216647,40000
216648,40000
216649,49452
216650,40000
216651,41389
216652,59904
216653,56751
216654,53360
216655,40000
216656,56257
216657,60801
216658,44379
216659,76394
216660,70283
216661,45550
216662,57284
216663,63530
216664,49929
216665,58931
216666,64211
216667,40000
216668,62124
216669,99828
216670,40289
216671,70683
216672,40000
216673,40000
216674,65360
216675,48180
216676,52152
216677,43114
216678,40000
216679,40000
216680,74093
216681,40000
216682,40000
216683,40000
216684,40000
216685,63620
216686,40000
216687,40000
216688,57888
216689,40000
216690,64201
216691,40000
216692,52186
216693,47637
216694,49745
216695,71964
216696,50261
216697,69406
216698,46781
216699,69045
216700,40000
216701,40000
216702,81659
216703,61810
216704,50440
216705,40000
216706,42015
216707,44890
216708,47431
216709,58958
216710,40000
216711,60002
216712,40000
216713,45351
216714,50564
216715,56160
216716,50597
216717,53182
216718,40000
216719,60432
216720,40000
216721,50587
216722,45474
216723,76627
216724,40000
216725,72447
216726,40902
216727,40000
216728,58282
216729,49794
216730,40000
216731,63814
216732,87666
216733,72799
216734,40000
216735,52740
216736,60487
216737,73914
216738,54127
216739,40000
216740,46751
216741,81608
216742,48381
216743,61949
216744,44289
216745,40654
216746,42521
216747,59244
216748,81672
216749,40000
216750,40838
216751,40000
216752,60971
216753,66902
216754,62524
216755,40000
216756,77586
216757,40000
216758,92126
216759,40000
216760,66286
216761,63690
216762,40000
216763,40000
216764,64486
216765,40000
216766,40000
216767,45555
216768,54547
216769,42814
216770,40000
216771,48975
216772,44095
216773,40000
216774,40786
216775,59939
216776,46426
216777,40000
216778,54340
216779,40000
216780,42349
216781,67962
216782,65044
216783,53969
216784,40000
216785,50743
216786,40000
216787,76815
216788,57729
216789,56045
216790,53859
216791,97791
216792,67037
216793,72058
216794,40000
216795,53951
216796,52153
216797,40000
216798,40000
216799,54883
216800,40000
216801,69562
216802,42506
216803,63066
216804,40000
216805,59734
216806,89365
216807,40000
216808,56093
216809,84785
216810,44661
216811,66338
216812,49357
216813,40659
216814,48299
216815,40000
216816,40000
216817,48453
216818,49895
216819,49226
216820,64328
216821,49365
216822,40000
216823,40000
216824,40018
216825,81721
216826,40000
216827,57626
216828,63235
216829,43928
216830,67381
216831,105111
216832,40000
216833,58688
216834,40000
216835,40000
216836,40000
216837,68826
216838,46617
216839,40000
216840,40000
216841,71508
216842,63850
216843,40000
216844,75684
216845,60854
216846,54131
216847,57263
216848,60137
216849,40000
216850,40000
216851,40000
216852,56039
216853,55745
216854,57151
216855,62653
216856,57088
216857,103811
216858,52797
216859,40000
216860,79394
216861,40000
216862,40147
216863,55953
216864,53210
216865,45139
216866,40000
216867,94239
216868,58018
216869,49768
216870,41087
216871,40000
216872,76020
216873,40000
216874,40000
216875,51745
216876,65294
216877,74112
216878,40000
216879,40000
216880,50278
216881,55651
216882,52557
216883,52657
216884,40000
216885,42578
216886,66941
216887,82280
216888,46879
216889,40000
216890,40000
216891,66116
216892,66050
216893,45887
216894,62252
216895,51581
216896,40000
216897,40000
216898,48262
216899,43845
216900,61966
216901,56626
216902,59801
216903,69342
216904,40000
216905,51045
216906,72214
216907,55763
216908,46584
216909,40000
216910,40000
216911,51218
216912,40000
216913,42043
216914,54931
216915,51644
216916,82792
216917,44624
216918,61685
216919,59542
216920,40000
216921,51601
216922,57964
216923,70020
216924,69927
216925,40000
216926,40000
216927,40000
216928,55605
216929,40000
216930,69728
216931,80268
216932,40000
216933,52438
216934,59907
216935,48529
216936,80017
216937,40000
216938,52715
216939,67069
216940,64203
216941,40000
216942,40000
216943,42438
216944,40000
216945,73840
216946,62664
216947,58691
216948,50354
216949,40000
216950,40000
216951,40000
216952,40000
216953,40259
216954,40000
216955,60379
216956,40000
216957,53693
216958,62829
216959,54603
216960,89221
216961,54386
216962,42274
216963,48583
216964,47227
216965,54761
216966,41480
216967,44069
216968,58781
216969,41270
216970,40000
216971,60255
216972,40000
216973,40000
216974,40000
216975,63201
216976,66061
216977,49582
216978,54881
216979,51313
216980,72637
216981,79142
216982,48551
216983,40125
216984,78524
216985,40000
216986,51720
216987,46465
216988,57486
216989,58893
216990,40000
216991,59795
216992,78370
216993,78361
216994,56952
216995,40000
216996,52640
216997,58103
216998,68651
216999,40000
217000,58257
217001,54995
217002,41878
217003,51570
217004,89009
217005,47009
217006,63024
217007,40000
217008,40000
217009,40000
217010,65408
217011,52609
217012,40000
217013,59882
217014,40000
217015,47318
217016,50480
217017,49864
217018,63693
217019,76331
217020,96449
217021,40000
217022,40000
217023,53145
217024,43810
217025,40000
217026,51335
217027,47570
217028,40000
217029,68824
217030,41756
217031,83966
217032,40000
217033,40000
217034,41228
217035,43441
217036,61528
217037,54555
217038,73790
217039,63039
217040,40000
217041,41618
217042,40000
217043,61823
217044,49728
217045,40000
217046,47137
217047,93414
217048,76440
217049,40000
217050,40000
217051,40200
217052,40506
217053,59391
217054,54537
217055,41929
217056,47660
217057,52338
217058,63632
217059,40000
217060,83231
217061,40000
217062,43533
217063,44690
217064,40000
217065,46875
217066,71173
217067,58186
217068,40000
217069,70446
217070,58281
217071,48125
217072,72930
217073,54205
217074,78950
217075,40000
217076,40000
217077,52921
217078,45432
217079,75125
217080,40000
217081,40000
217082,59691
217083,51422
217084,63633
217085,40000
217086,65046
217087,49857
217088,80476
217089,40000
217090,40000
217091,40000
217092,44066
217093,40960
217094,40000
217095,58050
217096,64357
217097,52617
217098,79484
217099,45181
217100,41810
217101,40000
217102,40000
217103,61937
217104,79635
217105,56232
217106,49182
217107,40000
217108,65699
217109,40000
217110,40000
217111,61503
217112,54563
217113,40000
217114,40000
217115,44933
217116,50254
217117,43967
217118,51389
217119,41862
217120,81574
217121,40000
217122,68197
217123,80959
217124,53830
217125,52147
217126,41932
217127,57142
217128,63578
217129,40000
217130,40000
217131,40000
217132,40000
217133,40000
217134,72733
217135,40000
217136,52670
217137,92390
217138,69600
217139,40000
217140,50057
217141,69217
217142,40000
217143,58613
217144,40000
217145,45755
217146,40000
217147,68810
217148,40000
217149,64516
217150,43431
217151,53408
217152,68172
217153,41007
217154,41523
217155,58757
217156,40000
217157,76736
217158,40000
217159,40000
217160,60688
217161,81020
217162,53932
217163,53388
217164,52411
217165,58595
217166,40000
217167,40000
217168,48816
217169,50737
217170,45145
217171,40000
217172,57823
217173,96811
217174,40000
217175,49482
217176,56347
217177,40000
217178,100378
217179,40000
217180,40000
217181,73172
217182,57966
217183,64110
217184,40000
217185,43172
217186,85882
217187,48653
217188,77842
217189,66391
217190,63616
217191,40000
217192,48502
217193,43790
217194,55222
217195,58392
217196,64322
217197,68380
217198,49741
217199,76934
217200,45790
217201,78596
217202,40000
217203,56845
217204,49659
217205,63260
217206,45665
217207,77856
217208,59764
217209,93550
217210,107573
217211,53977
217212,40000
217213,40000
217214,71835
217215,57275
217216,57081
217217,71715
217218,46589
217219,72212
217220,40000
217221,40000
217222,91033
217223,79595
217224,40000
217225,40000
217226,40000
217227,55448
217228,47903
217229,45059
217230,57173
217231,65044
217232,40000
217233,51733
217234,56462
217235,60828
217236,40000
217237,66709
217238,40000
217239,69689
217240,40000
217241,60409
217242,53588
217243,40000
217244,67868
217245,68318
217246,44924
217247,62102
217248,40000
217249,56383
217250,68412
217251,48194
217252,40000
217253,61207
217254,40000
217255,40000
217256,40000
217257,67575
217258,65819
217259,54159
217260,43291
217261,59337
217262,56983
217263,50045
217264,73533
217265,40000
217266,40000
217267,42579
217268,40000
217269,40000
217270,43068
217271,68244
217272,56909
217273,40387
217274,53231
217275,40000
217276,40000
217277,40000
217278,55305
217279,82169
217280,57906
217281,40000
217282,52386
217283,40000
217284,88423
217285,70899
217286,40000
217287,40000
217288,55749
217289,51860
217290,40871
217291,56350
217292,52237
217293,96589
217294,52420
217295,91281
217296,40000
217297,45253
217298,67711
217299,56881
217300,40000
217301,40000
217302,63458
217303,59929
217304,65925
217305,73711
217306,51052
217307,54301
217308,40000
217309,44059
217310,57835
217311,40000
217312,46049
217313,48977
217314,48236
217315,40000
217316,59965
217317,57811
217318,40273
217319,47990
217320,40000
217321,79047
217322,40000
217323,40000
217324,58932
217325,61924
217326,43190
217327,53589
217328,40000
217329,43446
217330,48538
217331,69077
217332,40000
217333,66390
217334,40000
217335,72787
217336,76034
217337,40000
217338,62631
217339,80032
217340,75531
217341,40000
217342,40000
217343,40000
217344,40000
217345,67062
217346,61197
217347,59309
217348,63844
217349,46378
217350,80707
217351,40000
217352,55824
217353,40000
217354,40000
217355,53673
217356,48830
217357,57286
217358,68331
217359,61828
217360,40000
217361,40000
217362,70503
217363,74333
217364,40000
217365,40000
217366,40425
217367,69016
217368,90442
217369,40000
217370,48436
217371,75086
217372,40000
217373,50052
217374,40000
217375,88052
217376,59230
217377,48248
217378,40000
217379,67616
217380,74265
217381,51180
217382,40000
217383,54183
217384,51176
217385,80436
217386,69048
217387,40000
217388,50668
217389,51540
217390,40000
217391,40000
217392,40000
217393,40000
217394,87956
217395,55313
217396,40000
217397,74473
217398,89837
217399,54798
217400,54838
217401,45917
217402,42433
217403,40000
217404,59376
217405,40000
217406,40000
217407,86680
217408,54197
217409,45378
217410,46568
217411,56217
217412,86382
217413,65675
217414,45803
217415,57923
217416,41110
217417,40000
217418,60671
217419,62130
217420,40000
217421,95130
217422,70540
217423,42284
217424,61559
217425,55560
217426,49680
217427,40668
217428,40000
217429,54805
217430,40000
217431,77079
217432,49512
217433,69174
217434,48867
217435,52246
217436,51520
217437,61091
217438,88385
217439,40000
217440,45102
217441,56579
217442,50286
217443,47872
217444,40000
217445,62729
217446,40000
217447,77752
217448,57858
217449,40000
217450,76054
217451,57706
217452,40709
217453,40000
217454,60435
217455,41800
217456,79695
217457,40000
217458,67454
217459,54358
217460,40000
217461,40000
217462,40000
217463,52972
217464,40000
217465,47184
217466,40000
217467,40000
217468,52375
217469,40000
217470,40000
217471,71548
217472,49373
217473,40000
217474,56398
217475,64674
217476,40000
217477,57755
217478,40000
217479,69153
217480,71511
217481,57891
217482,40000
217483,40000
217484,48138
217485,51481
217486,40000
217487,40000
217488,64266
217489,48301
217490,40000
217491,40000
217492,101123
217493,74696
217494,51458
217495,40000
217496,55210
217497,40000
217498,80247
217499,85163
217500,45210
217501,40000
217502,44248
217503,59490
217504,40000
217505,40000
217506,40000
217507,88706
217508,40000
217509,41867
217510,70927
217511,48725
217512,50837
217513,49034
217514,40000
217515,40000
217516,42978
217517,48440
217518,40000
217519,69101
217520,52336
217521,49868
217522,48712
217523,60944
217524,46170
217525,47828
217526,40000
217527,40000
217528,40000
217529,70565
217530,40000
217531,58368
217532,67841
217533,60739
217534,40000
217535,61625
217536,40000
217537,49830
217538,40000
217539,43708
217540,63875
217541,40000
217542,89312
217543,78051
217544,74717
217545,40000
217546,76624
217547,57391
217548,40806
217549,40000
217550,66121
217551,41730
217552,48016
217553,40000
217554,73967
217555,47902
217556,45762
217557,45128
217558,41674
217559,69842
217560,40000
217561,62988
217562,40000
217563,56874
217564,91217
217565,40000
217566,62042
217567,40000
217568,44320
217569,40000
217570,47340
217571,73629
217572,54411
217573,56199
217574,48288
217575,40000
217576,89278
217577,55777
217578,48390
217579,40000
217580,52839
217581,60857
217582,40000
217583,53388
217584,40000
217585,65460
217586,40000
217587,40000
217588,66915
217589,67166
217590,40000
217591,79595
217592,40000
217593,44211
217594,49414
217595,57765
217596,40000
217597,40000
217598,40000
217599,66752
217600,73710
217601,51205
217602,71086
217603,45645
217604,40000
217605,40000
217606,40000
217607,80978
217608,82748
217609,68757
217610,40000
217611,40000
217612,46358
217613,50650
217614,55642
217615,46129
217616,66033
217617,40000
217618,53278
217619,57434
217620,63813
217621,81770
217622,40000
217623,40000
217624,40000
217625,76605
217626,75546
217627,40000
217628,40000
217629,40321
217630,105042
217631,40000
217632,58667
217633,40000
217634,72391
217635,63821
217636,72405
217637,71398
217638,40000
217639,40000
217640,59029
217641,48623
217642,45507
217643,55919
217644,46466
217645,59304
217646,53639
217647,43373
217648,40000
217649,96052
217650,64487
217651,42953
217652,61812
217653,40000
217654,63552
217655,40000
217656,40000
217657,40000
217658,40000
217659,63380
217660,42720
217661,77430
217662,51565
217663,65792
217664,52856
217665,50526
217666,72422
217667,50999
217668,45004
217669,40000
217670,74970
217671,40000
217672,72400
217673,70616
217674,66601
217675,77634
217676,40000
217677,55036
217678,41851
217679,48953
217680,58996
217681,63320
217682,41575
217683,47839
217684,40000
217685,40000
217686,42809
217687,57614
217688,57843
217689,40000
217690,40000
217691,66598
217692,40000
217693,40000
217694,52200
217695,52569
217696,46296
217697,52793
217698,46882
217699,40000
217700,57547
217701,41460
217702,79402
217703,40000
217704,40000
217705,40000
217706,51879
217707,40000
217708,40000
217709,40227
217710,49771
217711,82675
217712,53548
217713,79038
217714,40000
217715,40000
217716,63918
217717,68520
217718,40000
217719,49221
217720,40000
217721,40000
217722,52726
217723,40000
217724,60782
217725,40000
217726,40000
217727,40000
217728,88168
217729,43473
217730,40000
217731,40000
217732,40000
217733,77411
217734,66838
217735,40000
217736,60922
217737,47579
217738,40000
217739,51505
217740,62564
217741,48363
217742,40951
217743,52339
217744,40000
217745,53621
217746,66943
217747,40000
217748,40000
217749,40000
217750,44950
217751,53773
217752,45529
217753,42519
217754,66739
217755,40000
217756,55169
217757,40000
217758,40000
217759,50719
217760,40000
217761,56938
217762,66831
217763,42860
217764,40000
217765,45287
217766,40000
217767,59617
217768,45602
217769,40000
217770,74303
217771,41834
217772,40000
217773,56108
217774,61128
217775,40000
217776,40000
217777,58704
217778,46225
217779,40000
217780,72005
217781,40000
217782,40000
217783,43217
217784,58319
217785,78458
217786,40000
217787,40000
217788,40000
217789,47391
217790,40000
217791,40000
217792,101052
217793,45499
217794,74333
217795,50525
217796,52705
217797,57893
217798,41617
217799,87055
217800,52924
217801,92598
217802,69373
217803,40000
217804,57142
217805,40000
217806,40000
217807,60223
217808,49757
217809,40000
217810,40000
217811,40000
217812,40000
217813,59531
217814,51757
217815,60224
217816,90582
217817,40000
217818,58356
217819,59650
217820,54939
217821,40000
217822,54269
217823,40000
217824,64556
217825,40000
217826,73030
217827,40000
217828,54332
217829,51474
217830,60311
217831,64692
217832,55917
217833,40000
217834,46067
217835,48314
217836,41661
217837,64339
217838,53598
217839,40000
217840,40000
217841,41596
217842,42170
217843,40000
217844,40000
217845,40000
217846,65328
217847,40000
217848,56832
217849,74326
217850,44911
217851,44198
217852,73240
217853,44497
217854,41836
217855,98495
217856,49405
217857,45864
217858,40000
217859,77977
217860,90216
217861,59793
217862,52811
217863,40000
217864,40000
217865,41339
217866,58488
217867,84890
217868,40000
217869,40000
217870,42348
217871,40000
217872,40000
217873,47044
217874,45262
217875,44931
217876,40000
217877,58987
217878,64241
217879,40000
217880,40000
217881,40000
217882,59177
217883,40000
217884,87729
217885,70094
217886,71666
217887,50753
217888,52292
217889,54027
217890,73122
217891,88375
217892,53515
217893,40000
217894,58335
217895,69501
217896,40000
217897,40000
217898,47897
217899,40000
217900,74718
217901,64850
217902,51317
217903,48540
217904,40000
217905,40000
217906,72384
217907,57869
217908,47292
217909,47029
217910,73738
217911,40000
217912,40000
217913,41898
217914,53065
217915,73003
217916,41647
217917,77708
217918,40000
217919,40000
217920,40000
217921,40000
217922,57021
217923,40000
217924,54914
217925,40000
217926,59297
217927,56167
217928,43014
217929,60494
217930,40000
217931,81885
217932,40000
217933,53182
217934,47798
217935,40000
217936,70090
217937,52550
217938,69850
217939,46439
217940,40000
217941,67065
217942,65662
217943,58993
217944,43618
217945,88260
217946,41841
217947,40000
217948,40000
217949,49176
217950,44175
217951,40000
217952,68693
217953,40000
217954,40000
217955,44693
217956,47577
217957,45984
217958,47348
217959,40000
217960,40000
217961,55578
217962,40649
217963,40000
217964,73072
217965,40000
217966,48025
217967,80085
217968,72315
217969,40000
217970,72123
217971,75764
217972,64767
217973,40000
217974,40000
217975,56078
217976,79513
217977,40000
217978,40000
217979,41727
217980,40000
217981,67333
217982,49623
217983,40000
217984,40000
217985,40000
217986,41943
217987,61360
217988,62673
217989,40000
217990,57734
217991,80840
217992,40000
217993,42717
217994,40000
217995,40000
217996,57244
217997,40000
217998,40000
217999,48140
218000,40000
218001,53819
218002,48329
218003,44624
218004,46643
218005,59839
218006,60947
218007,87254
218008,40000
218009,67623
218010,40000
218011,40000
218012,44107
218013,44047
218014,75323
218015,46151
218016,63455
218017,67696
218018,40000
218019,74423
218020,40000
218021,40000
218022,46593
218023,42476
218024,63799
218025,40000
218026,50264
218027,40347
218028,47772
218029,40000
218030,68040
218031,58353
218032,94441
218033,40000
218034,68993
218035,47037
218036,49481
218037,40000
218038,50081
218039,40000
218040,65137
218041,59546
218042,74213
218043,56761
218044,67174
218045,65703
218046,41512
218047,65338
218048,42520
218049,53664
218050,40000
218051,69947
218052,40000
218053,91265
218054,67691
218055,52746
218056,46369
218057,44103
218058,67484
218059,40000
218060,40000
218061,51836
218062,40000
218063,40000
218064,40000
218065,74072
218066,54019
218067,40000
218068,55650
218069,65761
218070,85461
218071,68057
218072,40000
218073,40000
218074,53678
218075,56560
218076,52931
218077,40000
218078,51172
218079,56114
218080,42097
218081,90692
218082,52348
218083,40000
218084,80360
218085,40000
218086,45691
218087,84025
218088,40000
218089,92177
218090,40000
218091,58050
218092,40000
218093,51701
218094,40462
218095,40000
218096,40000
218097,41149
218098,40000
218099,40000
218100,40000
218101,60045
218102,51654
218103,70414
218104,56692
218105,58619
218106,40000
218107,62243
218108,83951
218109,40081
218110,40000
218111,40000
218112,42442
218113,48628
218114,40000
218115,49087
218116,57594
218117,40475
218118,40000
218119,42629
218120,40708
218121,40000
218122,40000
218123,62881
218124,40000
218125,63222
218126,77139
218127,40000
218128,49705
218129,40000
218130,56049
218131,40000
218132,63464
218133,40000
218134,40000
218135,40541
218136,40000
218137,40772
218138,60962
218139,44128
218140,42549
218141,40000
218142,46017
218143,40000
218144,41852
218145,72991
218146,69691
218147,65987
218148,81391
218149,71456
218150,69969
218151,53176
218152,48194
218153,43779
218154,66584
218155,40000
218156,55910
218157,40000
218158,40000
218159,115314
218160,40077
218161,51879
218162,40000
218163,52985
218164,40000
218165,55679
218166,50737
218167,70655
218168,43171
218169,50214
218170,49569
218171,48363
218172,84363
218173,63560
218174,48799
218175,40000
218176,40000
218177,40000
218178,40000
218179,45345
218180,69543
218181,49026
218182,40000
218183,66813
218184,62539
218185,40000
218186,41084
218187,40000
218188,59038
218189,64144
218190,50171
218191,40000
218192,43674
218193,40000
218194,40000
218195,69549
218196,41915
218197,58313
218198,40000
218199,40000
218200,54740
218201,55865
218202,40000
218203,65881
218204,56602
218205,88545
218206,55788
218207,40000
218208,40000
218209,42918
218210,41874
218211,54624
218212,81958
218213,70596
218214,69259
218215,87679
218216,57286
218217,53539
218218,40000
218219,40000
218220,40000
218221,40000
218222,62581
218223,45808
218224,52714
218225,40000
218226,40000
218227,40000
218228,64688
218229,44189
218230,40405
218231,57877
218232,64005
218233,51993
218234,40000
218235,55417
218236,61421
218237,118427
218238,40000
218239,40000
218240,40000
218241,54039
218242,55946
218243,67083
218244,40000
218245,48209
218246,51446
218247,42048
218248,65049
218249,62371
218250,84716
218251,66283
218252,65868
218253,40000
218254,66006
218255,40000
218256,52820
218257,40000
218258,76535
218259,59390
218260,40000
218261,64274
218262,40000
218263,47875
218264,43602
218265,43183
218266,44089
218267,40000
218268,41369
218269,40729
218270,40000
218271,83295
218272,40000
218273,72719
218274,40000
218275,40000
218276,40000
218277,47600
218278,40000
218279,78440
218280,40000
218281,45906
218282,54000
218283,55169
218284,40000
218285,51842
218286,92220
218287,65930
218288,40000
218289,56018
218290,46891
218291,64682
218292,61336
218293,40000
218294,40000
218295,40000
218296,81874
218297,58274
218298,56791
218299,56167
218300,40000
218301,40097
218302,51163
218303,57902
218304,69407
218305,69829
218306,60051
218307,58225
218308,55336
218309,47103
218310,40000
218311,40000
218312,40000
218313,40000
218314,40000
218315,51247
218316,50407
218317,40000
218318,46809
218319,53536
218320,47481
218321,56773
218322,40000
218323,44397
218324,40000
218325,58035
218326,40000
218327,46748
218328,46404
218329,49179
218330,81377
218331,53123
218332,61414
218333,59890
218334,63019
218335,61518
218336,96419
218337,98162
218338,40000
218339,40000
218340,40000
218341,48112
218342,57578
218343,40000
218344,48017
218345,46412
218346,44214
218347,74584
218348,87211
218349,40000
218350,60284
218351,49112
218352,47038
218353,74054
218354,50202
218355,47345
218356,40000
218357,78940
218358,40000
218359,57636
218360,46959
218361,40000
218362,40711
218363,40000
218364,46253
218365,46893
218366,44115
218367,40759
218368,80562
218369,47910
218370,66393
218371,48710
218372,40000
218373,40000
218374,40000
218375,40000
218376,48682
218377,70031
218378,57790
218379,40000
218380,66732
218381,77682
218382,40000
218383,57188
218384,53042
218385,67181
218386,51142
218387,40000
218388,40000
218389,61899
218390,40000
218391,66937
218392,69089
218393,40000
218394,40000
218395,57599
218396,40000
218397,40000
218398,48155
218399,43156
218400,84497
218401,57882
218402,40000
218403,52856
218404,49643
218405,59796
218406,40000
218407,41000
218408,64391
218409,60222
218410,40000
218411,56806
218412,40000
218413,66887
218414,40000
218415,40000
218416,48500
218417,64792
218418,48067
218419,57514
218420,50705
218421,52508
218422,40000
218423,40000
218424,40000
218425,50798
218426,40000
218427,40000
218428,44062
218429,52980
218430,74557
218431,46555
218432,66847
218433,40000
218434,66813
218435,40000
218436,40000
218437,40000
218438,72605
218439,67512
218440,48445
218441,40000
218442,43307
218443,58814
218444,40000
218445,69888
218446,70066
218447,41016
218448,53153
218449,72929
218450,52596
218451,45642
218452,40000
218453,53501
218454,64305
218455,44405
218456,46066
218457,40000
218458,55029
218459,46773
218460,43208
218461,46708
218462,89219
218463,63053
218464,40000
218465,40000
218466,40000
218467,80137
218468,40000
218469,51808
218470,40000
218471,40000
218472,54478
218473,65663
218474,65353
218475,40000
218476,75453
218477,40000
218478,41467
218479,40000
218480,42548
218481,87467
218482,68626
218483,60419
218484,40000
218485,40000
218486,66446
218487,40000
218488,40000
218489,40000
218490,72729
218491,40000
218492,40000
218493,60900
218494,40000
218495,67627
218496,40000
218497,40000
218498,85536
218499,40000
218500,61087
218501,56118
218502,40000
218503,40484
218504,65027
218505,69242
218506,59967
218507,44341
218508,74090
218509,52471
218510,40000
218511,52766
218512,48046
218513,40000
218514,75618
218515,40000
218516,72358
218517,45077
218518,56539
218519,61894
218520,55883
218521,54097
218522,44277
218523,40000
218524,65210
218525,40000
218526,65017
218527,65299
218528,41666
218529,40000
218530,40348
218531,52640
218532,70188
218533,40000
218534,40000
218535,40000
218536,53889
218537,79884
218538,49101
218539,71938
218540,47975
218541,44724
218542,40000
218543,48046
218544,59508
218545,69471
218546,45032
218547,76970
218548,40000
218549,42026
218550,58256
218551,62361
218552,62314
218553,58997
218554,40000
218555,50463
218556,59798
218557,62330
218558,40000
218559,40000
218560,54540
218561,46471
218562,40000
218563,40000
218564,49420
218565,40000
218566,68281
218567,40000
218568,40964
218569,55929
218570,40000
218571,70020
218572,46029
218573,56762
218574,56631
218575,48477
218576,44511
218577,42582
218578,41517
218579,47434
218580,40000
218581,40000
218582,40247
218583,40000
218584,51850
218585,40000
218586,42668
218587,90401
218588,56979
218589,53925
218590,80209
218591,64980
218592,67463
218593,57787
218594,40576
218595,40000
218596,46903
218597,59604
218598,40000
218599,61647
218600,40000
218601,40000
218602,40000
218603,40000
218604,40000
218605,75311
218606,40000
218607,52803
218608,53984
218609,58098
218610,54367
218611,40000
218612,40000
218613,43614
218614,78003
218615,42426
218616,79955
218617,60173
218618,40000
218619,41559
218620,64821
218621,48526
218622,75183
218623,64140
218624,73221
218625,40000
218626,40000
218627,40000
218628,65469
218629,40000
218630,69275
218631,40000
218632,47355
218633,42913
218634,66453
218635,40000
218636,82307
218637,40000
218638,85399
218639,72292
218640,67746
218641,40000
218642,40000
218643,40000
218644,47973
218645,40000
218646,88552
218647,45625
218648,40000
218649,40000
218650,40000
218651,54439
218652,40000
218653,40000
218654,100759
218655,55401
218656,70473
218657,40000
218658,48888
218659,60274
218660,40000
218661,46618
218662,41127
218663,50275
218664,76365
218665,40000
218666,40000
218667,64470
218668,52531
218669,57342
218670,44604
218671,40000
218672,40000
218673,55866
218674,68093
218675,69566
218676,49242
218677,81003
218678,67482
218679,64341
218680,44366
218681,40000
218682,40000
218683,56763
218684,54924
218685,52081
218686,43708
218687,53895
218688,58522
218689,50297
218690,43222
218691,49314
218692,53212
218693,40000
218694,40000
218695,46574
218696,67483
218697,40000
218698,50364
218699,40000
218700,63088
218701,40000
218702,44283
218703,66024
218704,66721
218705,58374
218706,40000
218707,40000
218708,93884
218709,58867
218710,40000
218711,55605
218712,71873
218713,75289
218714,82164
218715,40000
218716,40381
218717,51053
218718,60175
218719,63505
218720,40000
218721,40000
218722,52881
218723,40000
218724,40000
218725,72411
218726,40000
218727,78425
218728,41354
218729,67556
218730,80330
218731,83451
218732,92493
218733,43609
218734,40000
218735,55598
218736,45147
218737,57402
218738,40000
218739,75940
218740,64799
218741,40000
218742,76325
218743,52425
218744,53225
218745,57663
218746,40000
218747,42799
218748,40000
218749,40000
218750,70489
218751,44897
218752,40000
218753,42686
218754,67903
218755,58850
218756,53391
218757,72988
218758,52807
218759,40000
218760,43771
218761,53619
218762,40000
218763,40000
218764,71421
218765,40000
218766,52090
218767,40000
218768,40000
218769,48198
218770,58523
218771,40174
218772,83901
218773,58435
218774,51258
218775,55566
218776,73322
218777,44411
218778,51928
218779,40000
218780,40000
218781,40000
218782,72356
218783,40000
218784,45118
218785,81022
218786,43500
218787,56977
218788,40000
218789,53664
218790,63423
218791,44044
218792,40000
218793,64280
218794,40827
218795,70193
218796,40132
218797,40000
218798,40000
218799,65086
218800,40000
218801,40000
218802,40000
218803,40000
218804,65713
218805,66814
218806,40000
218807,101420
218808,62749
218809,40000
218810,40000
218811,61118
218812,40000
218813,50720
218814,77868
218815,40000
218816,40000
218817,42035
218818,79954
218819,50129
218820,43659
218821,40000
218822,54988
218823,55030
218824,44918
218825,46460
218826,40000
218827,59366
218828,64276
218829,72760
218830,44538
218831,99378
218832,40000
218833,56041
218834,42977
218835,44384
218836,41524
218837,53539
218838,78493
218839,66045
218840,76104
218841,45409
218842,59048
218843,41159
218844,57791
218845,40000
218846,40000
218847,40000
218848,51460
218849,45549
218850,60526
218851,42368
218852,81790
218853,40000
218854,40000
218855,40000
218856,40000
218857,58061
218858,61468
218859,40000
218860,83695
218861,40000
218862,64203
218863,40000
218864,40000
218865,52422
218866,57165
218867,42742
218868,40000
218869,40000
218870,68119
218871,40000
218872,55764
218873,67307
218874,40000
218875,75818
218876,70191
218877,40000
218878,49188
218879,40000
218880,49425
218881,40000
218882,71942
218883,70125
218884,40000
218885,51064
218886,84736
218887,40000
218888,47173
218889,40000
218890,88072
218891,48273
218892,40000
218893,50896
218894,80091
218895,46000
218896,40000
218897,40000
218898,47422
218899,80903
218900,56798
218901,40000
218902,40000
218903,40000
218904,58815
218905,40000
218906,55749
218907,40000
218908,40000
218909,40000
218910,70255
218911,50951
218912,44840
218913,40000
218914,71915
218915,45436
218916,67382
218917,69218
218918,45053
218919,71270
218920,40000
218921,54650
218922,51177
218923,40000
218924,70406
218925,40000
218926,73800
218927,60013
218928,66829
218929,60943
218930,50785
218931,88486
218932,57040
218933,58805
218934,76237
218935,45396
218936,40000
218937,40000
218938,57364
218939,69775
218940,65225
218941,52010
218942,44520
218943,45240
218944,47345
218945,52070
218946,80348
218947,53713
218948,75533
218949,40000
218950,57366
218951,40000
218952,40000
218953,40000
218954,63492
218955,59805
218956,48512
218957,40000
218958,65236
218959,40000
218960,51947
218961,90486
218962,63860
218963,47299
218964,40000
218965,67406
218966,40000
218967,73469
218968,41553
218969,52628
218970,40000
218971,40000
218972,40000
218973,40000
218974,40000
218975,40000
218976,65452
218977,40994
218978,73133
218979,53021
218980,40000
218981,46101
218982,40000
218983,40000
218984,78195
218985,40000
218986,40000
218987,88981
218988,44330
218989,62049
218990,42762
218991,40000
218992,49339
218993,40000
218994,44797
218995,46338
218996,58112
218997,40000
218998,53486
218999,55355
219000,50887
219001,46576
219002,40000
219003,62362
219004,46323
219005,48239
219006,66845
219007,40000
219008,47639
219009,82894
219010,54671
219011,40000
219012,40000
219013,54974
219014,43798
219015,40000
219016,73611
219017,76158
219018,44006
219019,40000
219020,77219
219021,69566
219022,70765
219023,63784
219024,57355
219025,48045
219026,87345
219027,47700
219028,54298
219029,40000
219030,40000
219031,40000
219032,40000
219033,51492
219034,55825
219035,40000
219036,43897
219037,40000
219038,65605
219039,52203
219040,40000
219041,48192
219042,58727
219043,58418
219044,53776
219045,40000
219046,40000
219047,40000
219048,40000
219049,61047
219050,71573
219051,65627
219052,62703
219053,40000
219054,72552
219055,46022
219056,40000
219057,79280
219058,49180
219059,64067
219060,53006
219061,40000
219062,40000
219063,44510
219064,40000
219065,48957
219066,46296
219067,54545
219068,46534
219069,69800
219070,40000
219071,40000
219072,40000
219073,78941
219074,51938
219075,50394
219076,40000
219077,40000
219078,44892
219079,49440
219080,70257
219081,45781
219082,40000
219083,63870
219084,67403
219085,40000
219086,77692
219087,47685
219088,56471
219089,40522
219090,72775
219091,52322
219092,65273
219093,51567
219094,45838
219095,41027
219096,48753
219097,77559
219098,40000
219099,46407
219100,40000
219101,40000
219102,74072
219103,92857
219104,72690
219105,62313
219106,64212
219107,70680
219108,40000
219109,42217
219110,40000
219111,54053
219112,51841
219113,82907
219114,42386
219115,68779
219116,69429
219117,41916
219118,49031
219119,40000
219120,64410
219121,44673
219122,84798
219123,40000
219124,40000
219125,43268
219126,47139
219127,46849
219128,40500
219129,44132
219130,74259
219131,54657
219132,40000
219133,40000
219134,58142
219135,40000
219136,51115
219137,54888
219138,40000
219139,70187
219140,40000
219141,40000
219142,40000
219143,70122
219144,40000
219145,59257
219146,83518
219147,45460
219148,40000
219149,40000
219150,58372
219151,56175
219152,76409
219153,54180
219154,40000
219155,53970
219156,51735
219157,52554
219158,40000
219159,45781
219160,67550
219161,40000
219162,40000
219163,55076
219164,52524
219165,40000
219166,48561
219167,40000
219168,40000
219169,40000
219170,71440
219171,44243
219172,67641
219173,40000
219174,58396
219175,40000
219176,61299
219177,44601
219178,40000
219179,67583
219180,72315
219181,46889
219182,40000
219183,85218
219184,69269
219185,58972
219186,43244
219187,47886
219188,40000
219189,51119
219190,66576
219191,40000
219192,58444
219193,65796
219194,57729
219195,57972
219196,40000
219197,40000
219198,80784
219199,51085
219200,40000
219201,51313
219202,40000
219203,44033
219204,40000
219205,71218
219206,49561
219207,42785
219208,54404
219209,58992
219210,40000
219211,57272
219212,66248
219213,43212
219214,40667
219215,57552
219216,45048
219217,51136
219218,60466
219219,40000
219220,50516
219221,74685
219222,40000
219223,48175
219224,52289
219225,70266
219226,46733
219227,63074
219228,40000
219229,86373
219230,76737
219231,45410
219232,65990
219233,40000
219234,40000
219235,81506
219236,40000
219237,40000
219238,40000
219239,66278
219240,54484
219241,61103
219242,45911
219243,45185
219244,74221
219245,80852
219246,62456
219247,45720
219248,66664
219249,68860
219250,41736
219251,57521
219252,46847
219253,40203
219254,67035
219255,40000
219256,54235
219257,92340
219258,43663
219259,57323
219260,60829
219261,57064
219262,60332
219263,57397
219264,66972
219265,52758
219266,40000
219267,44139
219268,88088
219269,40000
219270,60732
219271,65743
219272,70938
219273,40000
219274,40000
219275,46304
219276,40000
219277,44508
219278,45878
219279,50195
219280,82100
219281,41673
219282,73379
219283,54675
219284,48498
219285,54840
219286,41230
219287,40000
219288,40000
219289,57894
219290,67333
219291,76798
219292,40000
219293,50473
219294,55208
219295,64419
219296,57181
219297,44168
219298,58524
219299,40000
219300,40000
219301,40000
219302,44395
219303,40000
219304,45969
219305,71210
219306,46165
219307,48713
219308,81256
219309,49438
219310,40000
219311,40000
219312,65837
219313,62348
219314,53745
219315,40000
219316,59358
219317,40000
219318,40000
219319,52510
219320,71827
219321,70305
219322,52598
219323,42857
219324,64902
219325,51215
219326,40000
219327,51221
219328,40000
219329,79250
219330,58122
219331,51581
219332,75380
219333,58617
219334,40000
219335,40000
219336,40000
219337,50946
219338,48905
219339,72979
219340,40000
219341,40000
219342,66094
219343,50484
219344,59385
219345,48828
219346,40795
219347,40000
219348,51177
219349,64243
219350,50434
219351,79343
219352,40000
219353,59767
219354,60701
219355,66277
219356,40000
219357,65934
219358,49170
219359,94118
219360,40000
219361,40000
219362,71422
219363,70383
219364,50940
219365,40000
219366,44904
219367,54616
219368,80815
219369,64436
219370,52077
219371,53818
219372,67855
219373,46120
219374,65234
219375,55887
219376,75781
219377,58236
219378,40000
219379,63622
219380,53473
219381,40000
219382,67701
219383,77931
219384,40000
219385,40000
219386,69646
219387,78306
219388,68033
219389,59607
219390,48542
219391,71952
219392,53122
219393,45088
219394,40000
219395,46059
219396,40000
219397,40000
219398,40000
219399,46663
219400,69932
219401,58216
219402,69594
219403,54566
219404,85764
219405,40000
219406,51707
219407,40000
219408,40000
219409,50027
219410,45668
219411,67861
219412,75037
219413,68445
219414,40000
219415,95999
219416,40000
219417,47152
219418,40848
219419,52973
219420,66976
219421,66038
219422,62228
219423,46875
219424,68264
219425,40000
219426,88084
219427,40000
219428,48047
219429,54222
219430,45024
219431,40000
219432,48975
219433,70082
219434,52267
219435,59326
219436,43209
219437,93874
219438,54835
219439,59017
219440,58987
219441,40000
219442,70380
219443,47971
219444,48105
219445,40000
219446,62689
219447,40000
219448,40000
219449,73545
219450,40000
219451,51270
219452,71341
219453,40000
219454,40000
219455,43499
219456,45534
219457,66249
219458,40000
219459,46169
219460,40000
219461,61685
219462,83880
219463,40000
219464,56573
219465,64690
219466,76939
219467,40000
219468,72224
219469,40000
219470,46577
219471,57799
219472,40000
219473,42255
219474,64763
219475,42208
219476,74161
219477,77462
219478,56595
219479,48276
219480,70378
219481,53572
219482,76295
219483,61885
219484,40000
219485,47855
219486,44429
219487,101419
219488,61107
219489,40000
219490,42178
219491,93917
219492,40000
219493,41481
219494,47892
219495,41673
219496,40000
219497,40929
219498,40000
219499,40000
219500,45475
219501,40000
219502,57435
219503,71471
219504,40000
219505,45414
219506,40000
219507,56080
219508,115476
219509,46512
219510,40000
219511,56270
219512,49650
219513,40000
219514,40000
219515,40000
219516,40000
219517,40000
219518,40000
219519,71206
219520,78297
219521,73737
219522,45092
219523,64366
219524,40000
219525,47656
219526,44992
219527,71131
219528,61151
219529,68483
219530,50053
219531,50549
219532,60601
219533,73900
219534,57874
219535,41778
219536,63097
219537,40438
219538,40000
219539,53560
219540,47029
219541,80226
219542,40000
219543,40000
219544,63960
219545,51282
219546,40000
219547,47146
219548,86218
219549,40000
219550,40000
219551,57778
219552,40000
219553,57066
219554,61366
219555,56328
219556,61316
219557,40000
219558,40000
219559,63810
219560,56583
219561,51107
219562,40000
219563,47015
219564,47548
219565,58467
219566,43032
219567,49911
219568,42276
219569,50855
219570,40000
219571,45425
219572,71671
219573,74564
219574,87515
219575,47298
219576,55624
219577,46183
219578,40000
219579,40000
219580,60910
219581,40000
219582,59534
219583,55772
219584,41093
219585,40000
219586,74355
219587,67337
219588,40000
219589,48399
219590,71001
219591,57971
219592,48644
219593,40000
219594,49214
219595,40000
219596,48084
219597,44560
219598,42299
219599,55197
219600,66315
219601,47367
219602,40000
219603,40000
219604,46178
219605,40000
219606,54066
219607,40000
219608,46456
219609,40000
219610,54909
219611,58054
219612,80423
219613,59198
219614,40000
219615,57165
219616,70694
219617,40000
219618,40000
219619,50149
219620,56069
219621,63325
219622,40000
219623,45653
219624,40000
219625,45186
219626,40000
219627,40000
219628,62593
219629,43247
219630,73227
219631,57286
219632,44270
219633,40000
219634,92024
219635,40000
219636,40000
219637,75457
219638,56959
219639,49725
219640,55795
219641,55156
219642,62907
219643,60394
219644,64429
219645,40000
219646,45872
219647,40000
219648,43163
219649,87435
219650,40000
219651,40000
219652,47601
219653,59277
219654,50373
219655,57215
219656,67939
219657,40000
219658,43075
219659,41629
219660,54424
219661,49179
219662,40000
219663,95901
219664,40000
219665,44577
219666,44628
219667,50266
219668,55839
219669,70487
219670,53850
219671,44536
219672,40000
219673,40000
219674,43728
219675,53227
219676,40876
219677,42605
219678,42679
219679,70444
219680,40799
219681,48604
219682,40000
219683,62117
219684,74693
219685,45881
219686,58281
219687,40000
219688,60515
219689,41552
219690,47928
219691,86607
219692,54054
219693,40000
219694,40000
219695,40000
219696,99228
219697,48903
219698,40000
219699,59596
219700,40000
219701,73797
219702,66178
219703,75174
219704,62739
219705,40956
219706,40000
219707,40000
219708,40000
219709,40000
219710,51411
219711,40000
219712,81441
219713,78983
219714,53130
219715,72248
219716,48528
219717,72605
219718,40000
219719,70127
219720,57601
219721,50469
219722,40000
219723,40000
219724,42967
219725,71431
219726,56657
219727,67563
219728,40970
219729,62746
219730,46944
219731,40000
219732,47010
219733,40000
219734,61857
219735,48534
219736,66495
219737,53477
219738,42400
219739,43495
219740,45115
219741,45740
219742,41229
219743,40000
219744,43316
219745,92887
219746,40000
219747,40000
219748,50506
219749,59118
219750,44332
219751,75050
219752,76993
219753,41245
219754,40000
219755,62819
219756,47184
219757,40000
219758,40000
219759,53446
219760,40000
219761,71411
219762,40000
219763,73489
219764,62267
219765,49035
219766,91470
219767,40000
219768,40000
219769,40000
219770,40000
219771,40000
219772,40000
219773,43848
219774,74627
219775,50422
219776,40000
219777,40000
219778,96826
219779,72486
219780,50539
219781,59305
219782,41125
219783,56012
219784,46545
219785,61350
219786,41878
219787,49698
219788,66667
219789,44756
219790,56515
219791,40000
219792,64933
219793,46296
219794,40000
219795,66102
219796,40000
219797,40000
219798,48062
219799,40000
219800,40000
219801,49874
219802,64977
219803,74110
219804,93111
219805,61670
219806,40000
219807,40000
219808,68289
219809,40000
219810,46954
219811,40000
219812,73515
219813,60832
219814,40000
219815,61000
219816,55506
219817,68596
219818,40000
219819,58278
219820,69938
219821,40000
219822,64127
219823,54945
219824,46494
219825,52280
219826,40433
219827,40000
219828,68558
219829,40000
219830,44816
219831,77893
219832,40000
219833,73788
219834,59035
219835,77912
219836,53399
219837,55067
219838,57096
219839,72837
219840,89100
219841,59723
219842,65330
219843,81445
219844,49167
219845,40000
219846,40000
219847,42917
219848,57061
219849,69704
219850,40000
219851,56818
219852,40000
219853,40000
219854,45726
219855,48018
219856,52683
219857,72666
219858,80763
219859,64446
219860,74095
219861,40000
219862,75517
219863,79057
219864,85504
219865,64766
219866,46193
219867,40000
219868,40000
219869,84602
219870,61421
219871,40000
219872,45076
219873,40000
219874,71856
219875,50847
219876,90034
219877,40000
219878,83071
219879,57374
219880,40000
219881,40000
219882,57229
219883,40000
219884,40000
219885,40000
219886,40000
219887,40000
219888,40000
219889,42060
219890,71286
219891,40000
219892,43414
219893,40000
219894,57161
219895,40000
219896,57149
219897,40000
219898,78634
219899,76764
219900,50105
219901,40000
219902,80254
219903,51773
219904,48085
219905,53185
219906,80283
219907,81334
219908,73122
219909,40000
219910,46692
219911,40000
219912,40000
219913,40000
219914,40000
219915,49162
219916,71859
219917,40000
219918,65528
219919,64365
219920,42279
219921,40000
219922,61940
219923,64819
219924,57113
219925,90116
219926,40000
219927,52365
219928,69836
219929,48185
219930,50887
219931,40126
219932,40000
219933,49026
219934,76581
219935,43498
219936,40000
219937,40000
219938,40000
219939,54012
219940,53026
219941,40000
219942,54173
219943,40000
219944,40000
219945,74396
219946,40000
219947,40000
219948,78765
219949,65192
219950,40000
219951,43198
219952,65482
219953,57464
219954,52594
219955,40000
219956,42016
219957,58141
219958,62237
219959,41963
219960,59694
219961,56533
219962,55585
219963,52127
219964,40000
219965,41861
219966,57299
219967,47439
219968,58249
219969,46075
219970,58126
219971,47516
219972,52250
219973,78526
219974,40000
219975,40000
219976,50463
219977,44866
219978,40000
219979,40000
219980,40000
219981,72592
219982,41774
219983,46365
219984,40000
219985,41944
219986,40000
219987,40000
219988,40000
219989,40000
219990,52312
219991,40000
219992,40000
219993,62799
219994,85955
219995,40000
219996,44974
219997,40000
219998,75386
219999,40000
220000,40000
220001,72245
220002,40000
220003,40000
220004,81344
220005,40000
220006,57624
220007,47413
220008,47162
220009,49553
220010,56155
220011,47767
220012,40000
220013,60554
220014,66931
220015,68087
220016,40000
220017,43879
220018,40000
220019,77363
220020,40000
220021,55881
220022,68362
220023,84042
220024,54984
220025,40000
220026,48286
220027,40000
220028,40000
220029,43792
220030,40000
220031,40000
220032,42936
220033,48257
220034,40000
220035,40000
220036,65784
220037,40000
220038,40000
220039,51158
220040,40000
220041,40000
220042,40000
220043,40000
220044,82109
220045,48248
220046,47288
220047,49913
220048,40000
220049,52544
220050,47908
220051,105213
220052,43844
220053,70346
220054,64436
220055,40000
220056,62315
220057,40000
220058,57641
220059,85947
220060,40000
220061,40000
220062,40000
220063,40000
220064,41717
220065,40000
220066,40000
220067,40000
220068,40265
220069,40000
220070,40000
220071,57470
220072,40998
220073,60338
220074,63308
220075,69444
220076,58554
220077,40000
220078,58016
220079,40107
220080,40000
220081,59331
220082,60879
220083,40000
220084,40000
220085,40000
220086,59618
220087,52028
220088,40000
220089,61590
220090,54268
220091,40000
220092,73929
220093,40000
220094,60813
220095,81797
220096,43879
220097,62031
220098,54441
220099,40000
220100,40000
220101,57996
220102,40000
220103,50716
220104,51419
220105,40000
220106,49098
220107,48636
220108,44818
220109,50946
220110,77779
220111,72926
220112,50372
220113,70950
220114,50373
220115,55331
220116,40000
220117,44224
220118,45766
220119,53831
220120,61213
220121,40000
220122,40000
220123,54981
220124,40000
220125,40000
220126,82491
220127,40858
220128,54937
220129,40000
220130,64211
220131,48012
220132,112595
220133,52046
220134,54491
220135,76982
220136,40000
220137,59769
220138,40000
220139,41310
220140,40000
220141,40000
220142,60523
220143,48015
220144,40000
220145,92989
220146,40000
220147,50310
220148,40000
220149,40000
220150,40000
220151,74410
220152,40000
220153,58761
220154,40000
220155,45248
220156,40000
220157,54582
220158,42716
220159,40000
220160,67272
220161,40000
220162,67454
220163,40000
220164,40000
220165,40000
220166,58306
220167,40000
220168,64433
220169,40000
220170,51722
220171,40545
220172,51934
220173,87611
220174,40000
220175,40000
220176,40000
220177,69491
220178,63774
220179,50200
220180,40000
220181,40000
220182,52256
220183,65787
220184,73053
220185,50045
220186,60040
220187,40000
220188,58549
220189,70688
220190,59303
220191,40000
220192,40000
220193,40000
220194,50352
220195,55635
220196,50484
220197,55819
220198,73581
220199,66803
220200,61988
220201,72083
220202,47322
220203,40000
220204,64656
220205,64872
220206,70430
220207,56272
220208,47281
220209,46170
220210,54024
220211,59110
220212,40000
220213,63643
220214,85507
220215,42514
220216,58121
220217,66971
220218,40721
220219,47391
220220,40000
220221,40000
220222,40000
220223,40000
220224,47583
220225,47905
220226,54768
220227,69665
220228,59358
220229,40000
220230,83622
220231,40000
220232,40000
220233,40000
220234,70448
220235,40000
220236,40000
220237,40000
220238,43563
220239,50714
220240,40000
220241,72114
220242,40000
220243,40000
220244,40000
220245,48648
220246,40000
220247,68571
220248,59035
220249,54571
220250,76280
220251,40000
220252,40000
220253,55697
220254,40000
220255,40000
220256,40000
220257,56082
220258,46764
220259,40000
220260,63784
220261,40000
220262,45986
220263,40000
220264,40000
220265,40000
220266,41693
220267,40000
220268,63560
220269,40000
220270,43522
220271,56301
220272,41832
220273,40000
220274,40000
220275,61138
220276,55555
220277,51529
220278,67539
220279,80833
220280,54257
220281,40000
220282,41717
220283,82837
220284,52584
220285,79715
220286,40000
220287,40000
220288,44935
220289,40000
220290,81581
220291,56357
220292,48477
220293,40000
220294,43292
220295,40000
220296,40000
220297,40000
220298,85581
220299,42787
220300,44990
220301,48688
220302,51541
220303,40000
220304,53836
220305,69171
220306,40000
220307,40000
220308,40000
220309,52126
220310,61484
220311,48595
220312,71283
220313,40000
220314,50031
220315,94136
220316,41887
220317,46714
220318,40000
220319,73668
220320,40000
220321,40000
220322,40000
220323,86454
220324,60976
220325,44154
220326,40000
220327,61183
220328,60997
220329,78469
220330,40000
220331,89445
220332,40000
220333,40000
220334,62615
220335,54995
220336,42344
220337,60004
220338,40365
220339,40000
220340,40000
220341,61409
220342,40207
220343,74696
220344,40000
220345,57320
220346,40000
220347,50223
220348,53536
220349,53346
220350,101758
220351,40261
220352,40000
220353,42530
220354,40000
220355,85250
220356,60915
220357,40000
220358,66903
220359,90400
220360,69234
220361,40000
220362,42488
220363,51034
220364,72791
220365,59356
220366,77655
220367,40000
220368,40000
220369,42623
220370,65858
220371,48775
220372,40000
220373,82114
220374,43956
220375,58374
220376,57064
220377,40000
220378,41443
220379,63425
220380,47235
220381,49801
220382,53968
220383,61125
220384,40000
220385,71011
220386,61767
220387,40790
220388,51005
220389,45814
220390,50599
220391,40000
220392,64856
220393,50177
220394,62948
220395,40000
220396,53366
220397,55708
220398,51139
220399,76410
220400,40000
220401,40000
220402,59947
220403,59468
220404,40000
220405,73960
220406,52022
220407,43995
220408,40000
220409,59871
220410,40000
220411,49413
220412,40000
220413,40000
220414,54337
220415,60036
220416,40000
220417,40000
220418,73906
220419,40000
220420,40000
220421,41645
220422,78112
220423,40788
220424,40000
220425,40000
220426,47444
220427,40000
220428,40000
220429,45955
220430,56483
220431,55914
220432,40000
220433,51738
220434,66466
220435,40000
220436,40000
220437,53892
220438,49360
220439,40000
220440,56036
220441,67061
220442,46348
220443,58644
220444,40000
220445,57812
220446,49227
220447,49930
220448,75380
220449,56988
220450,46479
220451,40000
220452,43959
220453,40000
220454,42810
220455,73203
220456,40404
220457,56340
220458,48637
220459,66656
220460,54671
220461,46343
220462,55337
220463,40236
220464,40000
220465,40000
220466,42619
220467,41003
220468,40000
220469,40000
220470,62742
220471,69031
220472,40000
220473,57098
220474,48675
220475,58377
220476,51130
220477,53241
220478,40000
220479,66090
220480,40000
220481,44849
220482,40000
220483,54845
220484,66686
220485,40512
220486,68040
220487,40000
220488,67180
220489,58336
220490,55483
220491,65498
220492,78500
220493,82779
220494,40000
220495,55531
220496,40805
220497,104142
220498,40000
220499,40000
220500,67189
220501,40000
220502,40175
220503,65759
220504,50968
220505,40000
220506,79879
220507,40000
220508,49123
220509,58009
220510,68355
220511,70889
220512,42056
220513,40000
220514,40000
220515,40000
220516,55730
220517,40000
220518,40000
220519,48775
220520,42554
220521,91206
220522,66358
220523,49245
220524,50572
220525,40000
220526,40000
220527,64107
220528,42934
220529,93580
220530,81174
220531,53428
220532,78153
220533,40000
220534,56459
220535,40000
220536,69442
220537,40000
220538,62119
220539,40000
220540,51133
220541,51064
220542,40000
220543,47949
220544,62884
220545,70661
220546,40000
220547,60017
220548,51802
220549,40000
220550,40000
220551,40000
220552,86365
220553,40000
220554,44336
220555,40000
220556,62545
220557,40000
220558,71411
220559,40385
220560,62031
220561,62944
220562,74763
220563,44776
220564,68173
220565,48270
220566,50942
220567,59766
220568,40000
220569,45864
220570,53075
220571,50831
220572,40000
220573,40000
220574,42339
220575,46172
220576,63997
220577,60341
220578,48075
220579,71569
220580,57074
220581,61777
220582,54228
220583,40000
220584,59864
220585,63255
220586,40901
220587,50876
220588,44807
220589,57943
220590,53481
220591,50577
220592,52652
220593,46682
220594,40000
220595,40000
220596,49068
220597,61854
220598,68624
220599,50741
220600,40000
220601,40000
220602,59106
220603,40000
220604,40000
220605,46434
220606,63164
220607,40000
220608,40000
220609,47394
220610,43177
220611,40000
220612,49110
220613,63516
220614,65718
220615,50016
220616,68331
220617,56064
220618,41474
220619,40000
220620,40000
220621,56433
220622,40000
220623,46451
220624,58001
220625,40000
220626,41218
220627,40000
220628,72362
220629,40000
220630,75052
220631,44165
220632,40000
220633,40000
220634,67425
220635,40000
220636,75101
220637,59125
220638,54367
220639,40000
220640,40000
220641,41724
220642,62944
220643,57358
220644,58201
220645,40000
220646,46135
220647,62450
220648,57653
220649,56677
220650,63482
220651,63314
220652,75102
220653,63505
220654,48006
220655,48489
220656,42667
220657,40000
220658,40000
220659,40000
220660,40000
220661,40000
220662,61325
220663,72306
220664,82544
220665,55045
220666,62221
220667,55723
220668,40000
220669,46850
220670,41909
220671,52184
220672,40000
220673,40000
220674,62580
220675,48983
220676,51495
220677,49723
220678,78798
220679,40000
220680,40000
220681,40000
220682,40000
220683,58322
220684,40000
220685,40820
220686,49778
220687,40000
220688,50843
220689,49638
220690,68301
220691,55884
220692,40000
220693,40000
220694,40000
220695,40000
220696,40000
220697,74871
220698,91646
220699,40000
220700,69084
220701,50895
220702,59381
220703,40000
220704,59044
220705,60902
220706,40000
220707,82842
220708,42595
220709,78919
220710,89076
220711,40000
220712,49490
220713,60896
220714,51947
220715,54344
220716,49280
220717,40000
220718,59267
220719,75541
220720,40000
220721,52180
220722,71400
220723,65029
220724,45518
220725,93699
220726,50169
220727,40000
220728,42434
220729,60241
220730,48412
220731,49794
220732,47184
220733,54068
220734,57096
220735,57584
220736,81478
220737,40000
220738,46577
220739,54265
220740,76052
220741,41653
220742,57902
220743,62064
220744,40000
220745,53935
220746,40000
220747,65389
220748,40000
220749,40000
220750,70206
220751,40000
220752,56853
220753,45809
220754,40000
220755,40000
220756,44476
220757,52182
220758,40000
220759,59306
220760,40000
220761,40000
220762,40000
220763,52041
220764,47887
220765,67976
220766,53870
220767,40000
220768,40000
220769,40000
220770,40000
220771,47484
220772,54119
220773,43005
220774,40000
220775,67273
220776,40000
220777,69150
220778,72664
220779,59248
220780,59225
220781,85964
220782,47668
220783,52012
220784,63377
220785,40000
220786,50405
220787,48995
220788,41072
220789,40000
220790,62793
220791,40000
220792,40453
220793,40000
220794,40000
220795,70856
220796,71328
220797,40000
220798,40000
220799,51087
220800,48631
220801,45750
220802,48654
220803,40000
220804,40502
220805,48088
220806,56507
220807,47872
220808,56583
220809,41874
220810,67046
220811,40000
220812,91085
220813,41861
220814,75022
220815,40000
220816,40000
220817,67768
220818,55945
220819,41682
220820,40000
220821,71551
220822,61994
220823,43904
220824,83370
220825,44648
220826,43017
220827,46315
220828,54610
220829,40196
220830,89597
220831,49593
220832,51267
220833,40000
220834,53637
220835,40000
220836,40000
220837,68477
220838,61335
220839,68391
220840,40000
220841,56512
220842,80849
220843,42432
220844,86612
220845,51081
220846,40000
220847,40189
220848,40000
220849,57959
220850,40000
220851,62520
220852,40000
220853,42997
220854,40000
220855,68511
220856,53630
220857,40000
220858,40000
220859,71123
220860,40000
220861,40000
220862,70465
220863,69545
220864,49447
220865,43962
220866,40000
220867,45399
220868,67650
220869,68565
220870,69714
220871,40000
220872,40000
220873,44400
220874,40000
220875,40000
220876,40956
220877,46313
220878,40000
220879,50287
220880,44513
220881,49042
220882,42299
220883,40000
220884,41721
220885,67291
220886,46310
220887,44538
220888,42617
220889,58635
220890,54866
220891,65640
220892,51131
220893,45835
220894,72458
220895,40000
220896,50771
220897,64886
220898,88867
220899,62090
220900,63239
220901,60143
220902,48547
220903,72872
220904,40000
220905,40000
220906,51949
220907,50413
220908,40000
220909,54123
220910,40000
220911,53992
220912,45630
220913,68675
220914,44655
220915,46779
220916,67401
220917,55813
220918,40000
220919,40000
220920,72359
220921,86620
220922,46867
220923,40000
220924,40000
220925,87356
220926,44496
220927,58638
220928,68028
220929,49739
220930,40000
220931,40000
220932,56885
220933,40000
220934,40000
220935,45367
220936,57980
220937,41849
220938,50338
220939,45982
220940,78264
220941,97122
220942,67433
220943,40000
220944,40000
220945,58969
220946,40000
220947,73946
220948,53896
220949,59125
220950,67168
220951,106258
220952,40000
220953,56084
220954,41103
220955,40000
220956,82373
220957,61978
220958,40000
220959,40000
220960,50968
220961,51435
220962,43069
220963,40000
220964,56495
220965,51663
220966,60709
220967,40000
220968,57574
220969,40000
220970,50194
220971,50203
220972,99181
220973,40000
220974,58346
220975,71472
220976,46088
220977,40913
220978,42086
220979,40000
220980,72389
220981,43506
220982,55397
220983,86840
220984,42749
220985,64827
220986,40646
220987,40000
220988,76831
220989,40000
220990,64068
220991,76728
220992,67831
220993,40000
220994,43845
220995,40000
220996,64070
220997,40000
220998,81524
220999,82741
221000,68256
221001,62656
221002,86063
221003,81761
221004,61800
221005,40000
221006,43358
221007,40000
221008,47121
221009,68034
221010,44200
221011,63143
221012,41007
221013,40000
221014,46559
221015,74996
221016,74595
221017,40000
221018,48137
221019,85504
221020,66846
221021,63346
221022,65139
221023,62660
221024,73720
221025,40000
221026,66223
221027,40000
221028,40000
221029,50268
221030,41137
221031,40000
221032,40000
221033,44844
221034,69652
221035,40000
221036,82184
221037,52166
221038,63016
221039,47055
221040,40000
221041,68151
221042,40640
221043,45906
221044,56460
221045,40000
221046,65161
221047,43603
221048,52416
221049,45884
221050,62033
221051,40000
221052,40000
221053,54313
221054,40000
221055,40000
221056,40000
221057,40000
221058,40000
221059,40000
221060,41270
221061,42481
221062,45097
221063,49610
221064,62857
221065,44918
221066,72260
221067,59120
221068,58119
221069,66442
221070,54428
221071,40000
221072,40000
221073,60452
221074,58796
221075,40000
221076,40000
221077,61639
221078,52125
221079,40000
221080,40000
221081,47874
221082,40000
221083,58647
221084,52809
221085,40000
221086,40000
221087,77031
221088,54640
221089,40000
221090,40341
221091,55274
221092,40000
221093,57666
221094,49659
221095,56445
221096,40000
221097,40000
221098,57097
221099,92328
221100,48834
221101,95274
221102,53078
221103,65705
221104,65335
221105,45290
221106,42017
221107,83455
221108,40000
221109,40970
221110,40000
221111,40000
221112,57176
221113,57324
221114,40000
221115,40000
221116,61040
221117,40000
221118,40000
221119,40000
221120,51504
221121,40000
221122,40000
221123,40000
221124,53522
221125,40000
221126,40000
221127,59951
221128,63868
221129,40000
221130,40000
221131,40000
221132,52527
221133,52258
221134,50832
221135,87735
221136,65868
221137,40000
221138,71670
221139,40000
221140,40000
221141,40000
221142,53221
221143,40000
221144,65783
221145,40000
221146,42891
221147,97176
221148,69241
221149,47342
221150,61692
221151,40000
221152,41176
221153,46398
221154,40000
221155,42787
221156,40000
221157,40000
221158,47868
221159,45347
221160,75484
221161,70687
221162,40000
221163,54718
221164,54464
221165,59655
221166,69469
221167,40000
221168,43048
221169,68687
221170,40000
221171,57120
221172,91106
221173,50869
221174,49453
221175,44112
221176,40000
221177,72903
221178,79372
221179,51344
221180,56963
221181,40000
221182,40000
221183,65876
221184,40309
221185,40000
221186,61795
221187,57557
221188,55588
221189,64628
221190,43671
221191,40000
221192,49298
221193,40000
221194,40000
221195,45527
221196,52241
221197,40000
221198,74083
221199,40000
221200,57446
221201,40000
221202,57044
221203,52431
221204,43807
221205,53541
221206,40000
221207,46662
221208,56426
221209,58381
221210,56588
221211,40000
221212,53817
221213,99304
221214,44466
221215,60439
221216,56187
221217,40689
221218,40000
221219,82978
221220,40000
221221,66923
221222,56063
221223,68667
221224,56286
221225,81790
221226,48730
221227,53430
221228,46884
221229,82676
221230,70861
221231,50257
221232,43532
221233,40000
221234,48128
221235,41864
221236,48687
221237,40000
221238,65696
221239,54025
221240,54813
221241,40000
221242,40701
221243,40000
221244,44867
221245,40000
221246,40000
221247,40000
221248,40000
221249,52053
221250,63645
221251,42087
221252,52106
221253,55743
221254,40000
221255,80028
221256,40000
221257,63470
221258,40000
221259,74333
221260,40000
221261,40000
221262,40000
221263,46642
221264,70125
221265,67692
221266,47293
221267,59459
221268,40000
221269,40000
221270,40000
221271,104137
221272,67248
221273,40000
221274,61597
221275,54737
221276,65368
221277,40000
221278,49100
221279,61570
221280,40000
221281,50993
221282,52331
221283,43367
221284,72699
221285,68333
221286,40000
221287,51589
221288,56135
221289,59827
221290,75091
221291,40000
221292,64786
221293,40000
221294,48102
221295,40482
221296,70311
221297,76677
221298,40000
221299,43700
221300,41290
221301,60206
221302,40000
221303,73152
221304,42709
221305,45212
221306,50272
221307,40000
221308,40000
221309,50370
221310,110076
221311,62080
221312,40000
221313,57315
221314,100285
221315,40000
221316,52927
221317,40000
221318,72661
221319,40000
221320,40000
221321,52382
221322,40000
221323,51449
221324,40000
221325,59697
221326,72643
221327,54127
221328,41331
221329,40000
221330,61461
221331,43855
221332,78590
221333,82822
221334,75672
221335,40000
221336,44573
221337,90853
221338,40000
221339,42116
221340,65088
221341,49421
221342,40000
221343,55339
221344,60687
221345,40000
221346,40000
221347,40000
221348,52148
221349,48825
221350,40000
221351,88868
221352,40000
221353,54693
221354,40000
221355,40000
221356,43732
221357,40000
221358,52813
221359,71848
221360,76336
221361,40000
221362,84780
221363,54373
221364,40000
221365,53443
221366,40000
221367,42249
221368,40000
221369,52230
221370,53474
221371,68162
221372,46147
221373,41287
221374,40000
221375,40000
221376,48467
221377,40000
221378,44150
221379,50191
221380,64199
221381,44359
221382,40000
221383,40000
221384,40000
221385,40000
221386,87251
221387,40000
221388,57948
221389,72092
221390,47472
221391,40000
221392,41059
221393,40000
221394,40000
221395,60852
221396,51031
221397,65040
221398,69046
221399,40000
221400,40000
221401,40000
221402,52157
221403,40000
221404,55785
221405,87367
221406,66689
221407,40000
221408,49398
221409,57720
221410,40000
221411,78618
221412,68555
221413,61619
221414,59707
221415,41255
221416,42308
221417,40000
221418,44996
221419,51438
221420,66073
221421,48865
221422,56083
221423,71149
221424,54546
221425,44225
221426,40000
221427,40000
221428,40000
221429,68517
221430,42172
221431,54157
221432,62170
221433,74090
221434,40000
221435,68650
221436,65858
221437,92632
221438,54985
221439,40000
221440,40000
221441,58602
221442,48723
221443,40000
221444,40556
221445,53083
221446,42105
221447,49698
221448,40000
221449,72324
221450,40000
221451,46389
221452,76770
221453,40000
221454,57885
221455,40000
221456,57764
221457,40000
221458,67695
221459,73628
221460,40000
221461,44762
221462,40000
221463,40000
221464,40000
221465,43548
221466,73409
221467,40000
221468,70753
221469,49113
221470,47146
221471,44469
221472,67222
221473,47016
221474,45059
221475,43027
221476,91310
221477,42975
221478,74691
221479,40000
221480,42819
221481,40000
221482,43264
221483,113588
221484,40000
221485,46915
221486,66437
221487,40000
221488,43439
221489,60390
221490,65115
221491,40000
221492,64390
221493,73540
221494,74495
221495,49475
221496,42181
221497,40000
221498,68442
221499,50247
221500,79107
221501,45172
221502,62933
221503,62931
221504,44548
221505,51830
221506,51170
221507,62285
221508,43865
221509,46235
221510,49541
221511,49687
221512,84057
221513,59917
221514,75482
221515,40000
221516,66327
221517,40000
221518,59176
221519,58580
221520,69240
221521,40000
221522,40000
221523,50985
221524,40000
221525,51519
221526,40000
221527,47267
221528,40000
221529,42128
221530,44285
221531,40000
221532,51655
221533,40000
221534,84826
221535,44659
221536,40000
221537,40000
221538,40000
221539,48207
221540,40000
221541,40000
221542,49147
221543,40000
221544,40000
221545,40000
221546,40000
221547,66222
221548,68151
221549,51730
221550,40000
221551,67013
221552,77613
221553,55152
221554,40569
221555,66794
221556,48348
221557,44764
221558,56945
221559,72969
221560,53558
221561,54092
221562,82509
221563,66849
221564,40000
221565,86358
221566,49327
221567,49861
221568,55977
221569,57015
221570,60289
221571,83844
221572,57902
221573,56319
221574,40000
221575,57861
221576,53609
221577,87547
221578,46006
221579,85965
221580,65970
221581,40000
221582,40000
221583,40000
221584,70708
221585,46540
221586,52643
221587,45595
221588,50464
221589,40000
221590,103679
221591,40000
221592,40673
221593,53941
221594,51715
221595,68528
221596,57217
221597,40000
221598,72220
221599,64036
221600,40000
221601,44543
221602,59159
221603,45648
221604,40000
221605,82095
221606,71121
221607,61545
221608,87235
221609,71656
221610,40360
221611,40000
221612,62186
221613,48161
221614,60838
221615,69895
221616,52004
221617,40000
221618,81999
221619,40000
221620,40000
221621,55760
221622,40000
221623,42841
221624,76301
221625,104065
221626,53576
221627,40000
221628,48997
221629,49605
221630,55538
221631,40000
221632,40000
221633,40000
221634,40000
221635,40000
221636,60978
221637,40000
221638,78262
221639,40000
221640,48499
221641,100922
221642,40000
221643,63549
221644,40000
221645,72769
221646,57112
221647,62869
221648,70430
221649,85683
221650,40000
221651,40000
221652,51198
221653,40000
221654,66449
221655,40000
221656,80617
221657,73976
221658,40000
221659,72042
221660,71775
221661,40000
221662,46568
221663,40000
221664,79327
221665,78958
221666,55403
221667,68143
221668,42136
221669,40000
221670,40000
221671,42241
221672,67500
221673,68341
221674,71613
221675,42588
221676,40000
221677,41770
221678,49991
221679,49044
221680,74218
221681,48457
221682,61983
221683,40000
221684,40000
221685,59496
221686,40000
221687,44799
221688,50449
221689,67589
221690,56154
221691,42491
221692,40729
221693,41996
221694,45949
221695,53865
221696,63865
221697,45940
221698,40000
221699,61271
221700,40382
221701,56856
221702,41453
221703,40000
221704,60644
221705,40000
221706,40000
221707,51387
221708,40000
221709,65839
221710,48403
221711,54587
221712,51960
221713,65385
221714,66435
221715,40000
221716,56994
221717,67957
221718,40000
221719,59198
221720,48031
221721,50049
221722,50169
221723,45880
221724,52787
221725,46187
221726,40000
221727,44069
221728,58878
221729,95209
221730,53943
221731,43740
221732,40000
221733,75662
221734,40000
221735,40000
221736,56213
221737,40000
221738,40000
221739,40000
221740,41538
221741,57982
221742,40000
221743,49555
221744,58834
221745,47172
221746,50003
221747,40000
221748,40000
221749,73531
221750,41410
221751,40000
221752,40000
221753,63841
221754,57947
221755,40663
221756,52130
221757,48852
221758,57842
221759,47959
221760,49351
221761,46645
221762,40000
221763,40000
221764,77116
221765,40000
221766,46031
221767,46426
221768,40000
221769,44133
221770,73211
221771,61005
221772,66713
221773,40000
221774,42892
221775,48348
221776,51876
221777,58074
221778,61006
221779,62648
221780,40000
221781,40000
221782,47302
221783,45921
221784,44501
221785,40000
221786,40000
221787,40000
221788,77849
221789,77866
221790,53453
221791,55379
221792,40000
221793,45449
221794,58925
221795,40000
221796,40965
221797,80917
221798,40000
221799,40000
221800,40000
221801,56232
221802,98044
221803,72418
221804,59097
221805,40000
221806,46618
221807,57010
221808,55382
221809,59484
221810,44418
221811,66111
221812,52158
221813,40000
221814,40000
221815,58582
221816,58611
221817,44534
221818,74386
221819,40000
221820,54126
221821,77836
221822,53834
221823,82077
221824,42331
221825,89243
221826,49433
221827,58266
221828,40000
221829,40000
221830,80813
221831,61048
221832,41463
221833,80620
221834,62031
221835,40000
221836,40000
221837,41038
221838,81773
221839,62860
221840,40000
221841,43937
221842,62092
221843,44079
221844,40000
221845,46700
221846,65003
221847,40000
221848,50588
221849,50973
221850,40000
221851,40000
221852,76802
221853,40000
221854,54710
221855,42403
221856,40000
221857,45047
221858,40000
221859,42629
221860,53799
221861,51880
221862,56655
221863,45526
221864,70561
221865,63453
221866,46861
221867,68271
221868,40000
221869,60472
221870,47580
221871,76313
221872,41332
221873,40000
221874,51106
221875,49005
221876,46267
221877,41737
221878,40000
221879,55832
221880,76364
221881,79504
221882,76346
221883,45875
221884,76656
221885,62295
221886,62897
221887,43669
221888,52851
221889,64815
221890,54089
221891,45930
221892,51267
221893,60064
221894,40171
221895,74989
221896,66598
221897,48566
221898,43840
221899,40318
221900,40000
221901,49762
221902,79502
221903,68178
221904,60619
221905,40000
221906,40000
221907,40000
221908,40000
221909,40000
221910,46134
221911,40000
221912,40000
221913,72799
221914,46758
221915,78357
221916,41600
221917,40000
221918,40000
221919,40000
221920,43846
221921,40000
221922,40000
221923,61890
221924,40000
221925,50065
221926,49752
221927,57856
221928,40000
221929,49338
221930,65636
221931,40000
221932,40000
221933,58382
221934,47832
221935,87940
221936,40000
221937,40000
221938,45658
221939,52007
221940,51052
221941,62331
221942,40000
221943,40000
221944,76662
221945,47885
221946,53906
221947,55419
221948,48751
221949,40000
221950,40000
221951,60256
221952,89652
221953,62757
221954,69263
221955,53159
221956,40000
221957,40000
221958,40000
221959,40000
221960,44173
221961,40000
221962,40000
221963,56056
221964,64432
221965,40000
221966,75686
221967,51749
221968,63320
221969,40000
221970,66534
221971,61777
221972,40000
221973,59010
221974,61446
221975,62377
221976,40603
221977,54132
221978,40000
221979,44058
221980,78185
221981,67821
221982,43496
221983,44863
221984,41945
221985,55851
221986,40000
221987,48897
221988,110197
221989,40000
221990,54446
221991,40000
221992,49432
221993,49916
221994,40747
221995,78021
221996,40000
221997,77428
221998,59242
221999,48997
222000,52798
222001,43648
222002,48713
222003,70093
222004,40000
222005,40000
222006,58052
222007,40000
222008,60586
222009,69906
222010,80639
222011,40000
222012,40000
222013,40000
222014,46721
222015,66112
222016,51011
222017,40000
222018,85855
222019,65347
222020,47751
222021,90001
222022,59367
222023,72941
222024,44385
222025,43581
222026,49457
222027,40000
222028,56693
222029,67628
222030,74836
222031,51887
222032,59474
222033,40000
222034,53789
222035,60271
222036,40000
222037,58930
222038,58840
222039,40000
222040,60222
222041,40000
222042,68310
222043,47219
222044,50463
222045,63828
222046,64510
222047,44382
222048,40000
222049,40000
222050,40000
222051,69125
222052,47648
222053,48861
222054,64669
222055,41619
222056,40000
222057,76844
222058,45588
222059,41143
222060,40000
222061,40000
222062,60357
222063,85922
222064,57756
222065,45370
222066,58308
222067,40000
222068,44290
222069,40000
222070,40000
222071,40000
222072,77391
222073,40000
222074,82019
222075,43085
222076,40000
222077,81203
222078,40000
222079,40000
222080,40000
222081,46813
222082,40969
222083,40000
222084,72511
222085,45595
222086,40000
222087,40000
222088,46182
222089,55376
222090,40000
222091,56657
222092,48449
222093,40000
222094,47389
222095,61875
222096,43306
222097,40000
222098,40000
222099,40000
222100,83789
222101,49424
222102,60892
222103,40588
222104,75132
222105,52840
222106,40000
222107,43914
222108,51194
222109,40000
222110,66475
222111,50290
222112,40000
222113,80725
222114,69653
222115,73720
222116,68264
222117,42489
222118,58506
222119,84579
222120,40000
222121,56394
222122,58782
222123,60229
222124,47813
222125,73353
222126,50770
222127,40000
222128,43114
222129,60937
222130,55854
222131,40000
222132,93068
222133,57310
222134,48391
222135,65724
222136,43149
222137,40901
222138,40000
222139,47321
222140,54976
222141,44827
222142,40000
222143,66108
222144,53788
222145,50472
222146,41215
222147,69683
222148,41146
222149,73060
222150,42167
222151,63905
222152,40000
222153,40000
222154,40000
222155,60471
222156,53602
222157,57425
222158,58131
222159,49815
222160,40000
222161,40000
222162,40000
222163,40000
222164,40000
222165,44505
222166,86056
222167,64752
222168,53070
222169,60067
222170,53325
222171,60770
222172,40000
222173,40000
222174,40000
222175,40000
222176,42433
222177,47715
222178,41757
222179,43740
222180,95537
222181,40000
222182,44193
222183,40000
222184,40000
222185,49733
222186,61654
222187,40565
222188,59103
222189,50527
222190,57481
222191,47484
222192,63500
222193,61944
222194,64189
222195,40000
222196,40826
222197,69415
222198,55436
222199,83543
222200,40000
222201,54923
222202,69881
222203,60081
222204,40000
222205,49821
222206,40000
222207,40000
222208,60595
222209,40000
222210,56159
222211,67163
222212,40000
222213,72784
222214,48291
222215,55242
222216,40000
222217,63169
222218,52041
222219,67876
222220,40000
222221,40000
222222,61863
222223,40000
222224,40000
222225,59590
222226,40000
222227,40000
222228,42385
222229,40000
222230,80647
222231,40000
222232,47314
222233,76251
222234,93986
222235,75997
222236,73752
222237,51034
222238,58595
222239,40000
222240,59518
222241,40000
222242,44636
222243,79656
222244,45166
222245,79714
222246,49364
222247,55378
222248,61557
222249,55622
222250,66647
222251,40000
222252,43384
222253,57901
222254,49911
222255,55129
222256,58090
222257,48501
222258,47942
222259,60162
222260,54798
222261,87189
222262,43894
222263,40000
222264,41695
222265,50145
222266,44268
222267,40690
222268,40000
222269,40000
222270,63240
222271,41182
222272,51652
222273,50920
222274,47622
222275,40000
222276,41157
222277,40000
222278,63751
222279,40038
222280,40000
222281,40000
222282,49256
222283,59508
222284,58189
222285,74467
222286,40000
222287,46404
222288,41146
222289,40000
222290,40659
222291,40000
222292,40225
222293,52387
222294,57106
222295,55594
222296,45362
222297,40000
222298,40000
222299,55126
222300,43852
222301,43928
222302,58177
222303,59042
222304,57761
222305,46091
222306,40708
222307,48817
222308,40000
222309,56058
222310,40000
222311,53877
222312,40012
222313,67444
222314,40000
222315,40000
222316,40000
222317,72422
222318,47625
222319,40000
222320,40000
222321,56778
222322,51295
222323,41839
222324,40000
222325,51090
222326,40000
222327,55052
222328,56005
222329,79184
222330,79868
222331,55030
222332,56603
222333,40000
222334,40000
222335,41351
222336,66756
222337,40000
222338,59786
222339,44548
222340,44101
222341,50997
222342,45414
222343,40517
222344,85765
222345,44193
222346,40000
222347,66206
222348,40000
222349,59476
222350,40000
222351,67971
222352,49651
222353,40000
222354,40000
222355,90167
222356,51257
222357,63614
222358,82959
222359,47481
222360,53384
222361,40000
222362,40000
222363,81433
222364,40000
222365,51013
222366,59248
222367,69128
222368,40000
222369,40000
222370,40000
222371,40000
222372,53046
222373,50836
222374,40000
222375,40000
222376,40732
222377,40000
222378,40000
222379,40047
222380,59377
222381,40000
222382,50077
222383,49340
222384,40000
222385,46735
222386,81597
222387,40362
222388,78143
222389,43906
222390,40000
222391,47586
222392,41149
222393,40000
222394,58961
222395,40000
222396,63091
222397,40581
222398,43865
222399,40113
222400,41601
222401,57778
222402,40000
222403,40000
222404,81977
222405,40000
222406,88386
222407,43436
222408,44031
222409,90553
222410,63212
222411,49989
222412,62218
222413,56044
222414,40000
222415,60350
222416,40000
222417,40000
222418,44691
222419,99010
222420,68439
222421,40000
222422,77700
222423,70566
222424,50863
222425,40000
222426,55976
222427,73514
222428,40000
222429,40000
222430,63252
222431,54512
222432,45395
222433,40000
222434,49438
222435,40000
222436,40438
222437,40000
222438,40975
222439,53188
222440,40000
222441,66558
222442,40000
222443,40000
222444,40000
222445,43677
222446,45648
222447,40000
222448,70963
222449,90643
222450,40000
222451,49382
222452,73982
222453,40000
222454,59550
222455,50283
222456,41496
222457,87999
222458,50637
222459,45514
222460,50126
222461,60194
222462,54005
222463,64006
222464,42890
222465,40000
222466,57988
222467,59062
222468,40000
222469,100937
222470,50210
222471,41389
222472,56648
222473,40000
222474,40000
222475,40000
222476,40000
222477,41532
222478,40000
222479,40000
222480,40000
222481,44450
222482,67012
222483,42004
222484,61676
222485,48225
222486,40000
222487,40000
222488,51388
222489,82357
222490,67883
222491,59202
222492,40000
222493,96286
222494,73051
222495,44326
222496,40000
222497,44683
222498,64798
222499,85753
222500,54536
222501,62628
222502,40000
222503,40000
222504,44191
222505,60021
222506,67952
222507,75571
222508,40000
222509,55446
222510,48136
222511,44229
222512,40000
222513,40000
222514,70600
222515,71101
222516,78867
222517,43420
222518,55548
222519,64433
222520,46244
222521,40000
222522,47293
222523,50813
222524,40000
222525,56879
222526,56407
222527,40000
222528,41092
222529,67181
222530,49205
222531,40000
222532,40000
222533,46239
222534,50645
222535,53077
222536,80780
222537,40000
222538,42182
222539,57623
222540,76628
222541,48513
222542,55734
222543,70128
222544,72202
222545,79824
222546,70486
222547,84143
222548,50715
222549,42394
222550,40000
222551,60457
222552,66045
222553,53394
222554,40000
222555,40000
222556,55285
222557,65960
222558,53453
222559,63539
222560,44197
222561,42381
222562,53854
222563,104196
222564,40000
222565,71297
222566,46968
222567,40000
222568,40000
222569,41375
222570,44280
222571,40000
222572,40000
222573,64122
222574,40543
222575,40000
222576,62085
222577,40419
222578,42463
222579,40000
222580,69302
222581,40000
222582,40000
222583,48246
222584,72130
222585,72495
222586,97495
222587,68268
222588,40000
222589,72275
222590,77710
222591,64578
222592,75746
222593,74170
222594,48949
222595,42485
222596,40347
222597,40000
222598,42312
222599,59756
222600,66506
222601,40000
222602,51218
222603,42797
222604,75290
222605,53152
222606,53414
222607,40000
222608,66904
222609,42696
222610,40000
222611,59676
222612,42275
222613,40000
222614,40000
222615,67810
222616,40000
222617,94686
222618,61984
222619,81198
222620,43913
222621,55850
222622,64422
222623,40000
222624,76725
222625,40000
222626,40000
222627,40000
222628,81282
222629,45376
222630,52035
222631,40000
222632,93037
222633,49794
222634,61301
222635,65342
222636,40000
222637,48326
222638,40000
222639,85389
222640,40000
222641,69698
222642,58586
222643,46572
222644,48640
222645,85728
222646,52196
222647,87270
222648,49788
222649,44811
222650,64487
222651,63988
222652,40000
222653,40000
222654,53545
222655,40000
222656,72026
222657,40000
222658,40000
222659,41817
222660,40000
222661,40000
222662,58447
222663,49376
222664,88093
222665,40000
222666,40000
222667,81842
222668,61239
222669,43522
222670,51872
222671,42948
222672,42894
222673,40000
222674,57551
222675,52667
222676,40000
222677,72782
222678,43411
222679,49058
222680,51261
222681,52881
222682,49033
222683,44437
222684,80729
222685,40000
222686,40000
222687,47301
222688,42429
222689,40000
222690,40000
222691,66798
222692,65712
222693,70154
222694,57645
222695,71441
222696,40000
222697,57285
222698,43800
222699,63566
222700,40000
222701,77941
222702,63011
222703,44333
222704,44729
222705,40000
222706,43235
222707,57154
222708,40000
222709,65008
222710,40000
222711,47898
222712,55923
222713,40000
222714,46680
222715,40000
222716,56944
222717,49517
222718,66886
222719,40000
222720,40671
222721,42319
222722,40000
222723,40000
222724,40000
222725,62056
222726,40000
222727,40000
222728,46334
222729,40579
222730,43694
222731,40000
222732,48474
222733,41590
222734,52065
222735,44992
222736,40000
222737,40000
222738,40000
222739,47392
222740,65678
222741,71452
222742,40000
222743,58742
222744,40000
222745,40000
222746,40000
222747,56605
222748,40000
222749,52790
222750,40000
222751,75341
222752,59019
222753,40000
222754,66080
222755,69496
222756,50483
222757,40240
222758,43048
222759,70471
222760,43438
222761,48088
222762,69719
222763,47221
222764,56576
222765,41603
222766,40000
222767,54575
222768,40000
222769,40000
222770,49344
222771,68458
222772,40000
222773,40000
222774,40000
222775,68271
222776,40000
222777,52954
222778,40000
222779,42157
222780,69349
222781,58987
222782,49195
222783,56338
222784,40998
222785,50330
222786,60046
222787,47777
222788,40000
222789,76567
222790,41562
222791,109871
222792,49253
222793,40000
222794,41335
222795,68550
222796,87151
222797,40000
222798,40000
222799,103097
222800,97202
222801,78539
222802,67181
222803,52806
222804,40513
222805,73138
222806,89000
222807,47027
222808,40000
222809,49284
222810,52472
222811,72170
222812,40000
222813,43494
222814,51091
222815,40000
222816,40000
222817,40000
222818,40000
222819,40000
222820,40000
222821,55388
222822,52913
222823,40713
222824,74475
222825,57494
222826,66217
222827,68510
222828,40000
222829,40000
222830,55429
222831,53609
222832,42353
222833,63743
222834,40000
222835,40000
222836,76341
222837,40000
222838,42263
222839,41373
222840,78644
222841,56015
222842,40000
222843,40000
222844,41676
222845,40000
222846,48267
222847,40000
222848,40000
222849,40000
222850,45894
222851,40000
222852,40000
222853,66622
222854,40000
222855,40000
222856,47119
222857,80324
222858,40000
222859,42243
222860,40000
222861,40000
222862,72289
222863,40000
222864,68465
222865,50305
222866,46354
222867,42656
222868,57065
222869,40000
222870,40000
222871,46978
222872,40000
222873,73692
222874,44762
222875,69591
222876,40000
222877,53710
222878,42172
222879,41239
222880,66762
222881,67044
222882,40000
222883,44338
222884,46561
222885,75838
222886,70532
222887,58819
222888,50992
222889,71486
222890,63931
222891,63977
222892,74099
222893,61666
222894,43751
222895,40000
222896,67355
222897,40000
222898,57941
222899,59584
222900,45890
222901,40000
222902,40000
222903,54842
222904,83647
222905,40000
222906,50515
222907,59611
222908,40000
222909,40000
222910,42777
222911,43448
222912,40000
222913,65799
222914,47319
222915,86833
222916,64077
222917,65843
222918,79312
222919,60357
222920,40000
222921,40000
222922,42542
222923,57307
222924,40000
222925,63035
222926,40000
222927,73339
222928,40000
222929,75129
222930,40559
222931,46642
222932,46512
222933,83828
222934,52290
222935,40000
222936,89479
222937,66823
222938,63200
222939,63535
222940,48181
222941,40000
222942,71472
222943,40000
222944,67595
222945,53104
222946,55821
222947,60183
222948,46739
222949,72836
222950,56465
222951,83090
222952,51100
222953,40000
222954,67327
222955,40000
222956,40000
222957,74911
222958,40000
222959,67920
222960,52411
222961,45468
222962,40000
222963,41521
222964,60670
222965,50276
222966,53569
222967,40000
222968,76760
222969,69851
222970,47028
222971,74759
222972,60199
222973,40000
222974,40000
222975,40000
222976,40000
222977,40000
222978,67619
222979,55942
222980,51754
222981,73824
222982,40000
222983,68886
222984,52138
222985,57450
222986,40000
222987,48672
222988,78312
222989,74101
222990,48506
222991,40000
222992,40000
222993,78213
222994,62439
222995,70774
222996,97913
222997,40000
222998,51391
222999,70881
223000,73119
223001,77311
223002,53220
223003,61848
223004,57722
223005,50570
223006,40000
223007,98391
223008,40000
223009,40000
223010,54514
223011,40000
223012,43386
223013,40000
223014,67251
223015,62400
223016,40000
223017,43451
223018,54831
223019,58036
223020,43897
223021,66097
223022,43732
223023,43424
223024,58150
223025,49566
223026,54804
223027,57605
223028,53264
223029,50792
223030,55663
223031,40000
223032,71229
223033,40000
223034,40000
223035,43640
223036,49095
223037,89119
223038,41370
223039,43835
223040,44935
223041,48765
223042,40000
223043,40000
223044,45854
223045,40000
223046,44753
223047,55074
223048,66250
223049,56548
223050,40000
223051,97140
223052,40072
223053,84169
223054,49757
223055,40000
223056,40000
223057,61133
223058,40000
223059,40000
223060,57263
223061,44494
223062,40000
223063,69650
223064,51512
223065,62960
223066,44446
223067,58361
223068,73176
223069,40000
223070,47188
223071,74029
223072,40000
223073,49321
223074,63332
223075,66780
223076,40000
223077,40000
223078,56561
223079,40030
223080,44398
223081,40000
223082,67565
223083,40000
223084,40000
223085,40000
223086,78032
223087,40000
223088,44016
223089,40000
223090,42230
223091,67382
223092,40000
223093,40000
223094,40000
223095,52372
223096,59105
223097,40000
223098,76518
223099,67221
223100,40000
223101,80650
223102,40000
223103,49371
223104,40000
223105,40000
223106,55035
223107,40000
223108,43311
223109,51952
223110,93098
223111,45067
223112,54420
223113,58368
223114,52149
223115,40000
223116,80639
223117,55276
223118,47601
223119,53046
223120,40000
223121,40000
223122,40525
223123,61593
223124,40823
223125,45409
223126,40000
223127,44505
223128,55471
223129,64295
223130,57393
223131,59019
223132,59989
223133,40000
223134,43678
223135,76730
223136,58969
223137,51112
223138,40000
223139,91643
223140,52782
223141,61286
223142,40000
223143,40000
223144,40000
223145,40000
223146,40000
223147,40000
223148,65054
223149,49752
223150,40000
223151,40000
223152,46174
223153,65725
223154,45459
223155,47951
223156,44815
223157,40000
223158,40000
223159,40000
223160,40000
223161,73989
223162,40000
223163,68061
223164,84175
223165,46286
223166,45741
223167,67580
223168,73989
223169,65285
223170,60161
223171,48319
223172,41183
223173,40000
223174,41035
223175,40000
223176,47407
223177,53970
223178,47214
223179,49510
223180,53154
223181,40000
223182,40000
223183,40000
223184,49547
223185,53768
223186,61210
223187,46313
223188,45800
223189,64036
223190,48870
223191,53758
223192,41630
223193,46589
223194,80212
223195,40000
223196,72254
223197,48923
223198,52116
223199,40000
223200,44562
223201,40000
223202,49480
223203,42634
223204,56141
223205,52771
223206,60713
223207,53544
223208,40000
223209,66017
223210,52882
223211,76485
223212,61389
223213,40000
223214,49718
223215,69929
223216,77283
223217,49470
223218,40000
223219,40000
223220,40000
223221,40000
223222,42045
223223,40449
223224,44083
223225,40000
223226,40000
223227,45864
223228,40000
223229,56738
223230,92776
223231,67218
223232,72587
223233,40000
223234,51339
223235,52370
223236,40000
223237,40000
223238,66265
223239,50738
223240,66915
223241,40000
223242,63339
223243,60017
223244,54469
223245,40000
223246,40000
223247,52790
223248,88259
223249,55111
223250,81943
223251,40000
223252,73956
223253,56899
223254,40000
223255,44045
223256,76259
223257,40000
223258,40000
223259,48251
223260,78263
223261,40000
223262,40000
223263,66290
223264,55190
223265,40000
223266,41831
223267,40000
223268,41641
223269,40000
223270,43041
223271,45157
223272,51463
223273,40000
223274,73058
223275,40000
223276,63325
223277,61758
223278,40604
223279,40000
223280,54681
223281,45625
223282,47449
223283,44895
223284,54259
223285,49872
223286,48976
223287,54059
223288,50117
223289,57861
223290,40000
223291,41857
223292,76243
223293,82576
223294,41518
223295,50658
223296,40000
223297,53162
223298,80378
223299,74816
223300,40673
223301,52129
223302,98831
223303,75564
223304,60850
223305,40000
223306,40000
223307,67382
223308,64368
223309,70705
223310,73898
223311,51054
223312,42676
223313,41419
223314,49113
223315,40000
223316,40000
223317,40000
223318,63174
223319,40541
223320,41217
223321,42284
223322,93889
223323,40000
223324,40000
223325,44434
223326,54682
223327,84926
223328,45316
223329,53895
223330,71956
223331,40000
223332,45785
223333,40352
223334,66750
223335,40000
223336,47293
223337,47683
223338,58421
223339,43790
223340,49526
223341,51433
223342,40000
223343,40000
223344,81568
223345,42341
223346,40000
223347,56218
223348,40000
223349,55876
223350,40000
223351,46452
223352,40000
223353,46898
223354,40000
223355,40000
223356,47386
223357,52982
223358,58328
223359,54911
223360,40000
223361,40000
223362,53443
223363,44464
223364,45290
223365,82630
223366,51516
223367,40000
223368,40000
223369,40000
223370,48078
223371,40000
223372,88186
223373,40000
223374,40000
223375,40000
223376,66850
223377,40000
223378,69158
223379,54234
223380,40000
223381,40000
223382,50193
223383,56652
223384,40000
223385,43170
223386,40000
223387,40000
223388,49404
223389,82793
223390,40000
223391,70950
223392,52012
223393,40000
223394,61206
223395,47556
223396,42602
223397,57458
223398,43424
223399,45792
223400,40000
223401,51961
223402,58149
223403,40000
223404,49365
223405,40300
223406,59178
223407,40000
223408,69890
223409,40000
223410,41064
223411,43840
223412,40000
223413,50239
223414,59104
223415,40000
223416,40000
223417,56032
223418,89878
223419,63280
223420,41437
223421,45194
223422,50696
223423,40000
223424,54690
223425,44352
223426,40000
223427,48767
223428,40000
223429,50420
223430,40678
223431,40000
223432,40000
223433,40000
223434,40000
223435,51411
223436,40000
223437,40000
223438,83310
223439,40000
223440,40000
223441,59263
223442,73215
223443,40000
223444,56648
223445,76476
223446,40000
223447,40000
223448,46885
223449,40000
223450,54832
223451,41991
223452,55014
223453,40000
223454,55921
223455,71851
223456,67303
223457,62114
223458,40000
223459,53244
223460,40000
223461,76441
223462,48256
223463,40000
223464,62405
223465,75374
223466,40000
223467,40000
223468,81647
223469,50773
223470,53180
223471,40000
223472,40000
223473,56999
223474,40645
223475,84349
223476,60688
223477,74816
223478,68502
223479,46854
223480,63545
223481,40000
223482,85286
223483,40000
223484,69012
223485,46150
223486,76578
223487,40000
223488,54524
223489,76406
223490,47333
223491,40000
223492,47222
223493,44318
223494,76703
223495,40000
223496,51678
223497,40379
223498,54828
223499,77383
223500,54849
223501,61742
223502,45116
223503,40000
223504,75099
223505,62443
223506,40000
223507,84611
223508,40000
223509,44276
223510,40991
223511,67565
223512,58894
223513,99299
223514,72903
223515,63644
223516,40527
223517,40000
223518,40000
223519,40000
223520,40000
223521,45018
223522,58660
223523,57213
223524,72002
223525,48624
223526,40000
223527,54048
223528,77446
223529,40000
223530,40000
223531,40000
223532,69064
223533,44022
223534,43379
223535,40000
223536,40000
223537,52253
223538,40000
223539,51517
223540,40000
223541,60242
223542,58875
223543,61263
223544,79232
223545,69040
223546,64251
223547,43319
223548,40000
223549,70256
223550,41715
223551,40000
223552,79272
223553,40000
223554,40000
223555,48596
223556,48071
223557,54176
223558,57648
223559,46132
223560,55480
223561,40000
223562,48979
223563,51771
223564,57926
223565,40000
223566,50519
223567,87491
223568,57548
223569,42017
223570,62764
223571,40000
223572,48083
223573,40000
223574,45573
223575,47434
223576,40000
223577,53683
223578,40000
223579,40000
223580,81070
223581,43449
223582,40000
223583,40000
223584,40000
223585,64236
223586,43225
223587,69197
223588,40000
223589,62871
223590,74758
223591,40000
223592,52305
223593,56912
223594,40000
223595,44999
223596,40000
223597,40000
223598,44092
223599,40000
223600,47254
223601,44940
223602,40232
223603,67879
223604,50939
223605,40000
223606,54770
223607,81051
223608,50961
223609,40000
223610,73348
223611,74838
223612,60843
223613,89544
223614,40000
223615,50515
223616,51827
223617,40000
223618,52228
223619,69736
223620,56248
223621,40000
223622,57553
223623,50954
223624,41791
223625,48151
223626,40000
223627,41727
223628,40000
223629,40000
223630,40000
223631,40000
223632,40000
223633,79066
223634,40000
223635,40000
223636,71062
223637,49158
223638,43602
223639,40740
223640,58764
223641,68113
223642,69638
223643,55479
223644,41867
223645,46019
223646,51733
223647,40000
223648,43769
223649,40000
223650,66378
223651,53310
223652,52731
223653,40000
223654,52090
223655,40000
223656,49224
223657,59727
223658,71243
223659,76273
223660,61486
223661,57878
223662,65436
223663,43512
223664,78958
223665,73833
223666,54719
223667,53314
223668,56476
223669,40000
223670,40000
223671,86541
223672,46015
223673,47136
223674,40000
223675,67826
223676,58509
223677,93899
223678,41363
223679,40000
223680,40000
223681,54247
223682,40000
223683,40000
223684,68989
223685,40000
223686,48245
223687,44171
223688,54191
223689,63310
223690,53935
223691,61144
223692,69525
223693,43746
223694,66853
223695,40000
223696,74638
223697,72902
223698,47818
223699,47238
223700,40000
223701,40000
223702,45615
223703,94441
223704,74378
223705,43851
223706,40000
223707,73164
223708,54008
223709,40000
223710,53420
223711,40000
223712,66538
223713,40000
223714,41263
223715,46012
223716,60491
223717,47299
223718,44872
223719,40000
223720,58908
223721,74933
223722,60049
223723,59085
223724,47971
223725,65340
223726,42793
223727,40000
223728,40000
223729,62174
223730,46970
223731,40000
223732,40102
223733,60277
223734,67538
223735,50749
223736,57439
223737,40000
223738,51656
223739,41094
223740,40000
223741,73402
223742,40000
223743,54871
223744,40000
223745,56912
223746,40000
223747,70128
223748,40000
223749,93316
223750,57729
223751,45622
223752,47074
223753,40662
223754,64526
223755,49139
223756,40000
223757,90202
223758,51763
223759,51523
223760,45364
223761,40000
223762,47245
223763,40000
223764,40000
223765,50713
223766,47450
223767,40000
223768,63956
223769,73222
223770,92106
223771,56275
223772,40000
223773,83669
223774,40000
223775,45388
223776,40000
223777,75119
223778,56403
223779,50721
223780,48316
223781,40000
223782,51998
223783,66291
223784,46140
223785,76991
223786,57767
223787,40000
223788,50891
223789,40000
223790,40000
223791,43467
223792,55986
223793,82882
223794,41355
223795,52548
223796,82464
223797,40000
223798,59250
223799,40000
223800,52982
223801,85172
223802,44335
223803,51478
223804,50976
223805,44942
223806,42759
223807,40000
223808,48977
223809,40000
223810,52732
223811,47668
223812,52501
223813,62826
223814,78609
223815,70739
223816,40000
223817,40000
223818,80637
223819,40000
223820,43698
223821,63895
223822,64579
223823,61628
223824,43008
223825,62932
223826,40000
223827,54389
223828,52608
223829,60398
223830,52074
223831,40000
223832,40000
223833,46212
223834,61270
223835,40000
223836,51313
223837,69699
223838,77358
223839,65295
223840,40000
223841,40000
223842,73294
223843,71802
223844,79441
223845,50477
223846,49725
223847,87142
223848,59619
223849,59523
223850,58632
223851,41279
223852,40000
223853,46446
223854,40000
223855,40000
223856,76523
223857,51740
223858,40000
223859,77224
223860,63073
223861,52177
223862,64392
223863,40000
223864,95713
223865,40000
223866,42986
223867,43038
223868,52701
223869,40000
223870,40000
223871,57118
223872,64205
223873,52849
223874,62583
223875,59873
223876,75927
223877,65983
223878,57493
223879,88653
223880,68000
223881,71284
223882,50332
223883,64349
223884,45463
223885,50598
223886,40000
223887,46049
223888,44973
223889,56922
223890,40000
223891,65677
223892,76719
223893,64178
223894,48169
223895,42365
223896,40000
223897,44088
223898,52889
223899,57578
223900,43208
223901,59991
223902,44007
223903,48914
223904,77859
223905,53767
223906,72361
223907,53460
223908,50023
223909,40000
223910,72167
223911,72680
223912,72099
223913,50379
223914,51010
223915,92506
223916,71009
223917,40000
223918,55381
223919,68720
223920,40000
223921,40000
223922,40000
223923,43630
223924,48142
223925,40000
223926,74946
223927,40000
223928,52094
223929,94162
223930,43026
223931,40000
223932,55954
223933,59698
223934,40651
223935,54604
223936,62103
223937,40000
223938,50999
223939,52158
223940,40000
223941,77704
223942,41353
223943,48015
223944,47521
223945,67344
223946,48796
223947,64456
223948,69583
223949,55740
223950,77175
223951,52950
223952,40000
223953,44180
223954,57531
223955,44319
223956,73913
223957,44390
223958,63181
223959,54277
223960,44837
223961,46293
223962,61102
223963,40000
223964,68831
223965,40000
223966,40000
223967,65414
223968,40000
223969,42724
223970,40000
223971,40000
223972,62310
223973,88180
223974,81025
223975,78467
223976,49210
223977,66291
223978,65948
223979,69493
223980,57087
223981,63502
223982,66058
223983,68569
223984,56065
223985,43278
223986,40000
223987,40000
223988,68487
223989,49313
223990,40000
223991,66796
223992,57479
223993,49431
223994,44855
223995,40000
223996,40000
223997,61782
223998,41064
223999,40000
224000,73563
224001,64402
224002,64556
224003,61236
224004,40000
224005,42037
224006,58492
224007,40000
224008,40000
224009,40000
224010,93199
224011,47352
224012,40000
224013,96491
224014,40661
224015,40000
224016,55100
224017,40000
224018,40000
224019,40000
224020,56820
224021,64941
224022,48112
224023,45559
224024,40000
224025,40000
224026,82367
224027,52541
224028,43884
224029,83689
224030,51252
224031,59220
224032,40000
224033,40000
224034,62651
224035,85466
224036,48642
224037,58059
224038,47191
224039,45600
224040,59772
224041,49656
224042,40000
224043,81785
224044,47874
224045,93012
224046,40000
224047,41397
224048,90851
224049,53760
224050,40000
224051,40000
224052,74794
224053,50686
224054,40000
224055,40000
224056,59055
224057,40000
224058,40000
224059,44649
224060,52767
224061,42122
224062,63219
224063,66706
224064,64040
224065,65556
224066,58014
224067,75167
224068,76490
224069,56530
224070,57261
224071,47569
224072,40000
224073,40000
224074,48128
224075,90974
224076,90870
224077,67675
224078,54830
224079,63040
224080,45334
224081,40000
224082,40000
224083,66370
224084,44454
224085,40000
224086,40000
224087,40000
224088,40000
224089,40000
224090,81073
224091,56718
224092,90562
224093,44905
224094,58170
224095,56293
224096,83942
224097,61374
224098,87440
224099,44870
224100,40000
224101,52024
224102,40000
224103,91679
224104,40000
224105,40000
224106,69927
224107,42690
224108,64992
224109,40000
224110,57385
224111,40506
224112,40000
224113,40000
224114,40000
224115,40000
224116,60838
224117,42789
224118,57065
224119,40000
224120,40302
224121,40000
224122,68704
224123,44450
224124,45323
224125,59022
224126,45393
224127,63563
224128,40000
224129,40000
224130,40000
224131,40000
224132,72296
224133,40000
224134,70002
224135,43178
224136,40598
224137,49619
224138,73386
224139,40432
224140,45882
224141,40000
224142,49448
224143,78436
224144,40000
224145,75898
224146,57511
224147,48359
224148,40292
224149,40000
224150,68471
224151,66119
224152,40000
224153,50776
224154,60213
224155,49992
224156,51429
224157,58991
224158,40000
224159,50488
224160,40000
224161,51935
224162,54217
224163,40000
224164,46666
224165,40732
224166,48862
224167,65364
224168,40000
224169,79911
224170,80866
224171,67175
224172,61422
224173,54832
224174,45834
224175,68781
224176,43823
224177,51994
224178,53884
224179,58811
224180,40000
224181,47635
224182,73233
224183,40000
224184,53242
224185,77563
224186,57883
224187,53184
224188,65754
224189,49010
224190,40000
224191,41322
224192,48988
224193,42794
224194,57589
224195,48652
224196,47913
224197,65238
224198,62890
224199,51094
224200,40000
224201,40000
224202,40000
224203,40000
224204,46657
224205,57448
224206,64536
224207,40000
224208,40000
224209,40000
224210,67006
224211,46610
224212,40000
224213,41616
224214,40000
224215,62472
224216,40000
224217,50473
224218,40000
224219,56833
224220,56658
224221,49883
224222,65250
224223,40000
224224,54226
224225,53865
224226,69332
224227,40000
224228,60794
224229,56164
224230,60940
224231,57386
224232,40000
224233,86340
224234,53929
224235,66168
224236,40000
224237,40000
224238,53153
224239,40000
224240,42737
224241,40000
224242,40000
224243,40877
224244,99277
224245,70928
224246,40000
224247,53335
224248,94272
224249,55395
224250,42224
224251,58573
224252,59021
224253,40000
224254,85993
224255,40000
224256,62037
224257,68535
224258,41466
224259,44480
224260,52528
224261,40000
224262,44932
224263,58468
224264,51638
224265,60695
224266,75384
224267,63746
224268,41688
224269,84375
224270,40000
224271,53708
224272,40000
224273,67089
224274,59406
224275,59173
224276,63191
224277,40000
224278,54936
224279,66304
224280,40000
224281,64479
224282,77205
224283,40000
224284,40000
224285,89040
224286,60015
224287,40000
224288,46194
224289,49982
224290,57376
224291,70661
224292,46611
224293,52602
224294,52395
224295,73138
224296,70719
224297,59860
224298,52510
224299,44136
224300,72198
224301,47808
224302,40000
224303,69806
224304,44930
224305,97504
224306,53460
224307,62123
224308,70711
224309,40000
224310,51187
224311,56187
224312,66047
224313,40000
224314,55093
224315,58579
224316,40000
224317,49535
224318,41508
224319,40000
224320,48162
224321,51584
224322,53354
224323,40000
224324,47099
224325,70200
224326,60675
224327,45639
224328,66897
224329,40000
224330,82691
224331,57136
224332,40000
224333,60516
224334,40000
224335,54702
224336,83148
224337,40000
224338,40000
224339,40000
224340,51503
224341,43944
224342,61285
224343,41187
224344,40000
224345,40000
224346,52208
224347,40000
224348,74329
224349,47808
224350,45231
224351,44593
224352,85699
224353,45802
224354,48594
224355,48657
224356,58048
224357,40000
224358,67827
224359,52329
224360,40769
224361,76071
224362,43233
224363,41245
224364,95003
224365,69681
224366,40000
224367,67385
224368,40000
224369,46751
224370,64331
224371,56396
224372,49942
224373,59719
224374,40000
224375,51803
224376,45463
224377,50507
224378,43187
224379,77196
224380,66455
224381,50229
224382,40000
224383,43369
224384,40000
224385,40000
224386,51525
224387,74567
224388,53342
224389,48423
224390,40000
224391,42610
224392,46232
224393,67697
224394,79293
224395,55665
224396,43467
224397,61501
224398,58635
224399,50629
224400,40000
224401,61781
224402,40000
224403,40137
224404,41596
224405,53048
224406,40000
224407,62107
224408,45519
224409,86037
224410,63858
224411,67436
224412,40000
224413,47432
224414,40000
224415,65011
224416,57070
224417,44625
224418,40000
224419,45117
224420,68966
224421,40000
224422,40000
224423,40000
224424,44836
224425,40000
224426,40000
224427,62791
224428,40000
224429,51152
224430,90522
224431,63194
224432,47008
224433,41947
224434,40000
224435,43255
224436,73374
224437,40000
224438,69570
224439,58945
224440,50165
224441,49409
224442,68697
224443,70739
224444,77078
224445,41835
224446,61028
224447,57035
224448,40000
224449,70926
224450,47379
224451,40000
224452,40000
224453,71793
224454,55409
224455,44395
224456,51146
224457,76943
224458,85524
224459,40000
224460,44527
224461,60530
224462,40000
224463,40000
224464,40000
224465,90632
224466,40000
224467,40000
224468,40000
224469,40000
224470,65083
224471,61121
224472,40101
224473,78712
224474,64315
224475,40000
224476,40000
224477,53248
224478,101687
224479,43362
224480,49464
224481,40000
224482,65731
224483,63242
224484,60618
224485,42059
224486,40000
224487,64391
224488,64572
224489,40000
224490,41954
224491,62315
224492,62937
224493,73950
224494,40000
224495,48012
224496,101600
224497,50332
224498,89315
224499,54244
224500,40000
224501,40333
224502,40000
224503,40000
224504,51371
224505,73620
224506,72893
224507,90663
224508,40000
224509,59141
224510,40000
224511,52159
224512,53799
224513,40000
224514,56476
224515,59614
224516,40000
224517,61854
224518,44250
224519,50461
224520,52930
224521,42335
224522,40000
224523,70088
224524,47103
224525,89598
224526,46371
224527,40000
224528,51227
224529,42384
224530,57159
224531,41342
224532,61713
224533,65200
224534,46695
224535,40000
224536,68277
224537,53274
224538,41529
224539,52832
224540,78921
224541,68494
224542,53290
224543,40000
224544,48901
224545,40709
224546,45472
224547,67709
224548,45481
224549,44068
224550,41915
224551,42717
224552,55137
224553,40000
224554,60663
224555,66754
224556,44896
224557,92286
224558,57789
224559,40000
224560,42144
224561,40000
224562,43569
224563,52273
224564,40000
224565,63864
224566,64961
224567,46812
224568,101112
224569,50224
224570,52182
224571,52632
224572,40000
224573,61555
224574,57212
224575,46829
224576,68892
224577,40000
224578,56952
224579,95267
224580,40000
224581,40000
224582,46302
224583,40000
224584,43477
224585,45707
224586,59523
224587,40000
224588,82184
224589,94080
224590,81434
224591,59937
224592,53489
224593,78446
224594,40000
224595,56852
224596,64226
224597,64164
224598,59806
224599,42949
224600,40000
224601,55571
224602,40000
224603,66167
224604,40000
224605,60708
224606,76720
224607,58007
224608,85718
224609,57401
224610,54915
224611,81037
224612,48493
224613,92168
224614,59676
224615,40000
224616,48643
224617,62308
224618,41801
224619,40000
224620,48999
224621,40000
224622,40000
224623,49924
224624,48736
224625,50964
224626,48543
224627,60405
224628,46941
224629,40000
224630,40000
224631,40000
224632,44277
224633,80262
224634,62883
224635,40000
224636,60042
224637,46098
224638,47484
224639,59666
224640,40000
224641,40000
224642,40000
224643,84240
224644,54444
224645,40000
224646,40000
224647,40000
224648,40000
224649,40000
224650,40000
224651,59815
224652,40000
224653,43342
224654,49423
224655,43807
224656,41600
224657,40000
224658,65030
224659,53314
224660,40000
224661,49295
224662,40000
224663,40000
224664,45171
224665,40000
224666,40000
224667,51369
224668,57980
224669,47615
224670,40000
224671,48904
224672,40055
224673,40452
224674,65858
224675,40000
224676,74901
224677,87232
224678,58929
224679,85540
224680,81138
224681,49500
224682,47215
224683,40000
224684,42813
224685,40000
224686,40000
224687,64774
224688,41825
224689,53673
224690,93348
224691,65345
224692,49012
224693,40000
224694,76188
224695,57563
224696,78679
224697,40000
224698,47233
224699,40000
224700,50262
224701,40000
224702,40000
224703,51266
224704,78397
224705,40000
224706,40000
224707,40000
224708,40000
224709,71942
224710,78283
224711,52007
224712,45097
224713,56520
224714,62475
224715,46268
224716,59389
224717,40000
224718,74638
224719,65696
224720,101374
224721,72259
224722,62841
224723,40000
224724,40000
224725,92227
224726,44534
224727,40000
224728,40000
224729,40000
224730,50832
224731,40000
224732,40000
224733,42198
224734,47863
224735,54943
224736,40000
224737,40000
224738,40000
224739,55938
224740,51687
224741,43875
224742,49778
224743,71398
224744,40000
224745,40000
224746,40492
224747,40000
224748,54848
224749,62131
224750,69869
224751,67301
224752,56606
224753,48414
224754,40000
224755,58594
224756,80730
224757,64737
224758,40000
224759,81010
224760,56985
224761,47617
224762,40000
224763,48640
224764,49706
224765,44843
224766,50495
224767,40000
224768,65020
224769,46133
224770,40000
224771,67148
224772,40000
224773,55740
224774,41681
224775,64675
224776,71802
224777,40431
224778,42688
224779,55940
224780,40861
224781,40000
224782,50724
224783,40000
224784,40000
224785,47555
224786,75161
224787,42446
224788,49601
224789,66268
224790,59342
224791,40000
224792,51833
224793,57809
224794,69733
224795,84880
224796,67063
224797,57825
224798,62707
224799,40000
224800,43979
224801,78865
224802,62037
224803,40000
224804,48096
224805,83512
224806,54516
224807,55283
224808,53043
224809,58064
224810,40000
224811,54400
224812,40000
224813,40000
224814,40000
224815,75386
224816,78321
224817,40000
224818,52913
224819,40000
224820,65227
224821,57181
224822,40000
224823,71414
224824,56558
224825,40000
224826,40000
224827,40000
224828,40000
224829,70303
224830,58896
224831,58536
224832,49175
224833,66743
224834,40043
224835,41049
224836,40000
224837,40723
224838,81817
224839,67638
224840,62618
224841,54623
224842,54383
224843,40000
224844,61647
224845,40000
224846,42316
224847,40000
224848,42579
224849,74170
224850,54890
224851,62382
224852,63896
224853,52325
224854,54320
224855,58170
224856,40000
224857,52531
224858,40000
224859,69983
224860,47139
224861,50988
224862,40000
224863,80891
224864,55900
224865,53255
224866,49994
224867,45045
224868,43602
224869,40000
224870,40000
224871,82685
224872,40000
224873,58108
224874,40000
224875,40000
224876,40528
224877,68900
224878,40000
224879,51580
224880,54266
224881,63941
224882,50989
224883,40000
224884,40000
224885,40000
224886,61031
224887,90696
224888,80018
224889,40000
224890,64353
224891,67551
224892,66878
224893,40000
224894,71320
224895,40000
224896,40000
224897,86038
224898,50023
224899,40000
224900,66319
224901,67869
224902,42465
224903,50255
224904,105415
224905,54099
224906,54844
224907,79549
224908,47431
224909,52398
224910,45840
224911,66265
224912,51977
224913,79670
224914,40000
224915,48753
224916,75913
224917,40000
224918,40000
224919,52834
224920,64184
224921,95352
224922,40000
224923,51173
224924,45605
224925,85104
224926,42218
224927,63311
224928,40000
224929,40000
224930,45053
224931,40000
224932,46674
224933,43868
224934,40000
224935,40000
224936,79889
224937,64958
224938,63552
224939,64886
224940,57932
224941,44035
224942,57813
224943,40000
224944,40000
224945,46705
224946,48560
224947,54222
224948,40000
224949,88590
224950,62014
224951,58466
224952,59411
224953,40000
224954,69315
224955,40000
224956,79354
224957,54311
224958,40000
224959,40000
224960,40000
224961,44052
224962,46680
224963,40000
224964,52576
224965,42798
224966,40000
224967,40000
224968,64397
224969,63697
224970,80091
224971,41089
224972,40000
224973,40000
224974,40000
224975,60224
224976,40000
224977,89312
224978,62068
224979,53141
224980,62867
224981,40000
224982,62030
224983,68412
224984,71029
224985,40000
224986,40000
224987,54718
224988,40000
224989,84922
224990,58924
224991,47135
224992,46462
224993,46816
224994,48690
224995,70270
224996,45310
224997,55320
224998,40000
224999,77219
225000,40000
225001,60371
225002,46882
225003,54656
225004,88208
225005,40000
225006,42655
225007,80635
225008,54889
225009,60433
225010,40000
225011,59991
225012,43508
225013,64002
225014,42509
225015,79932
225016,40000
225017,64040
225018,46540
225019,71718
225020,40000
225021,61301
225022,63745
225023,40000
225024,40000
225025,40000
225026,40000
225027,52221
225028,40000
225029,58845
225030,54903
225031,40000
225032,40000
225033,40000
225034,40000
225035,66976
225036,40000
225037,48528
225038,40000
225039,40000
225040,41757
225041,40000
225042,59362
225043,74572
225044,40000
225045,40254
225046,40000
225047,57954
225048,40000
225049,62647
225050,79564
225051,48351
225052,40000
225053,41331
225054,86876
225055,40000
225056,40000
225057,40000
225058,43945
225059,40000
225060,86911
225061,40000
225062,83001
225063,40000
225064,63969
225065,54741
225066,52181
225067,40000
225068,69095
225069,44272
225070,44322
225071,88413
225072,65428
225073,48126
225074,44481
225075,40000
225076,40145
225077,77067
225078,49373
225079,54957
225080,40000
225081,47913
225082,51818
225083,40000
225084,40000
225085,62536
225086,40000
225087,62680
225088,40000
225089,77058
225090,50704
225091,68903
225092,43317
225093,68916
225094,40000
225095,40000
225096,85430
225097,40000
225098,40170
225099,45476
225100,40000
225101,40000
225102,79869
225103,86606
225104,40000
225105,82772
225106,50365
225107,59593
225108,84781
225109,40000
225110,58339
225111,47742
225112,40577
225113,40000
225114,58514
225115,54854
225116,75291
225117,40987
225118,55722
225119,73242
225120,80754
225121,40000
225122,42460
225123,40000
225124,40000
225125,61578
225126,57699
225127,76852
225128,40730
225129,50614
225130,41190
225131,72710
225132,67527
225133,40000
225134,81834
225135,42171
225136,41442
225137,40000
225138,43437
225139,40000
225140,42968
225141,40000
225142,40000
225143,69461
225144,44953
225145,40000
225146,40000
225147,48086
225148,75974
225149,40000
225150,40000
225151,40000
225152,54363
225153,55586
225154,40121
225155,58604
225156,82527
225157,40000
225158,40000
225159,40000
225160,40000
225161,40000
225162,45138
225163,41836
225164,64253
225165,40000
225166,64845
225167,50738
225168,40000
225169,49437
225170,64474
225171,40000
225172,42108
225173,42735
225174,45605
225175,64328
225176,51708
225177,40000
225178,40000
225179,40000
225180,57053
225181,73626
225182,48769
225183,49125
225184,62286
225185,40000
225186,48335
225187,62235
225188,60290
225189,52665
225190,63840
225191,63304
225192,42927
225193,40000
225194,61806
225195,41667
225196,40000
225197,51050
225198,40000
225199,89341
225200,71901
225201,79924
225202,57046
225203,47479
225204,58294
225205,40000
225206,40000
225207,40000
225208,65221
225209,40000
225210,61530
225211,47446
225212,40000
225213,63848
225214,40000
225215,49116
225216,40000
225217,40000
225218,40000
225219,44444
225220,40000
225221,71496
225222,41762
225223,51998
225224,91589
225225,46813
225226,40000
225227,48669
225228,40000
225229,40000
225230,62063
225231,54055
225232,40000
225233,40000
225234,63160
225235,40000
225236,50807
225237,40000
225238,40000
225239,77821
225240,65965
225241,43335
225242,40471
225243,40000
225244,50723
225245,40000
225246,40000
225247,43144
225248,40000
225249,41064
225250,40000
225251,63776
225252,40000
225253,73217
225254,78234
225255,65388
225256,54754
225257,40000
225258,64140
225259,59729
225260,53704
225261,41073
225262,52926
225263,89719
225264,64988
225265,40000
225266,55587
225267,40000
225268,40000
225269,40000
225270,54604
225271,53085
225272,40000
225273,74103
225274,45719
225275,62930
225276,44523
225277,40000
225278,82964
225279,40000
225280,67970
225281,91399
225282,46820
225283,75929
225284,71102
225285,48242
225286,92855
225287,67212
225288,40000
225289,40000
225290,44397
225291,40000
225292,40000
225293,81952
225294,66828
225295,66415
225296,75251
225297,50277
225298,48994
225299,49477
225300,40000
225301,56397
225302,50008
225303,81633
225304,77238
225305,61966
225306,101630
225307,62289
225308,47043
225309,50092
225310,85522
225311,65591
225312,56311
225313,40000
225314,70490
225315,41223
225316,40000
225317,71049
225318,47854
225319,40000
225320,50205
225321,40000
225322,40000
225323,88201
225324,71867
225325,45538
225326,49502
225327,53568
225328,51197
225329,40000
225330,40000
225331,69809
225332,60924
225333,40000
225334,40000
225335,81523
225336,40000
225337,59969
225338,45503
225339,78461
225340,65674
225341,72708
225342,60912
225343,63828
225344,52272
225345,41537
225346,44345
225347,52491
225348,40956
225349,56987
225350,40000
225351,40000
225352,40000
225353,57504
225354,40000
225355,41022
225356,74396
225357,51027
225358,56605
225359,52634
225360,40000
225361,49690
225362,42379
225363,40000
225364,40000
225365,47401
225366,40000
225367,44769
225368,59948
225369,44233
225370,62065
225371,52675
225372,40000
225373,48151
225374,60483
225375,75771
225376,45765
225377,80095
225378,40000
225379,40000
225380,40000
225381,40000
225382,62275
225383,43405
225384,48451
225385,43889
225386,53223
225387,44485
225388,61761
225389,40000
225390,83883
225391,53440
225392,43599
225393,48387
225394,56570
225395,40000
225396,69539
225397,40000
225398,46565
225399,40000
225400,50559
225401,87630
225402,72210
225403,59721
225404,61974
225405,47867
225406,71788
225407,40000
225408,40000
225409,79098
225410,40361
225411,50784
225412,40000
225413,40000
225414,65130
225415,40000
225416,74801
225417,40840
225418,40944
225419,43851
225420,74871
225421,78223
225422,40000
225423,79576
225424,40000
225425,50457
225426,40000
225427,40000
225428,40000
225429,67863
225430,94461
225431,40000
225432,40000
225433,69071
225434,45893
225435,40000
225436,56957
225437,40000
225438,78303
225439,40000
225440,47864
225441,46233
225442,40000
225443,40000
225444,40000
225445,40000
225446,40000
225447,71199
225448,43692
225449,40000
225450,62260
225451,54036
225452,45318
225453,40000
225454,40000
225455,45813
225456,58372
225457,40000
225458,94930
225459,41059
225460,40000
225461,40000
225462,40000
225463,55466
225464,40000
225465,77101
225466,40892
225467,47793
225468,40106
225469,47616
225470,52823
225471,40000
225472,40000
225473,70974
225474,44624
225475,44810
225476,53380
225477,40000
225478,69446
225479,61751
225480,66471
225481,59683
225482,62169
225483,62390
225484,40000
225485,73610
225486,85113
225487,40000
225488,75284
225489,52187
225490,67448
225491,40000
225492,40000
225493,52343
225494,59748
225495,52217
225496,84003
225497,40000
225498,66359
225499,40000
225500,75842
225501,53522
225502,43400
225503,55526
225504,40050
225505,54777
225506,55158
225507,56531
225508,63470
225509,40000
225510,40000
225511,40000
225512,40000
225513,71315
225514,40000
225515,85832
225516,44210
225517,56031
225518,78445
225519,45599
225520,40000
225521,40000
225522,43189
225523,46742
225524,48089
225525,50487
225526,51135
225527,69937
225528,85065
225529,40000
225530,40000
225531,40000
225532,58136
225533,50918
225534,40000
225535,40000
225536,40000
225537,43561
225538,59540
225539,40000
225540,40000
225541,57368
225542,67519
225543,40000
225544,40000
225545,49798
225546,55122
225547,55704
225548,78073
225549,68059
225550,58889
225551,40000
225552,48598
225553,58627
225554,40000
225555,51215
225556,62633
225557,70704
225558,52109
225559,40000
225560,53592
225561,56934
225562,67036
225563,40000
225564,56539
225565,53548
225566,50982
225567,76117
225568,68814
225569,63557
225570,61794
225571,87723
225572,40000
225573,45680
225574,40000
225575,40000
225576,48341
225577,52801
225578,83445
225579,60491
225580,64097
225581,69268
225582,53460
225583,40000
225584,60345
225585,40000
225586,45066
225587,48280
225588,69299
225589,71721
225590,45572
225591,93739
225592,40969
225593,64495
225594,54347
225595,40000
225596,43161
225597,45306
225598,75454
225599,61370
225600,59600
225601,40000
225602,49720
225603,40000
225604,75867
225605,40000
225606,40000
225607,67185
225608,114639
225609,40000
225610,47681
225611,40000
225612,60914
225613,55299
225614,44357
225615,70692
225616,60462
225617,40000
225618,40000
225619,48764
225620,44099
225621,40000
225622,40000
225623,40000
225624,41695
225625,40000
225626,67603
225627,40000
225628,64174
225629,69463
225630,40000
225631,43007
225632,40000
225633,82265
225634,40000
225635,43067
225636,43251
225637,42348
225638,40406
225639,61300
225640,53702
225641,55147
225642,53936
225643,40000
225644,46874
225645,50529
225646,40000
225647,40000
225648,40000
225649,40000
225650,43295
225651,40000
225652,40920
225653,46345
225654,40000
225655,49094
225656,53185
225657,67747
225658,66251
225659,77162
225660,54501
225661,71991
225662,43585
225663,40000
225664,40000
225665,45750
225666,40000
225667,49086
225668,79643
225669,53633
225670,40000
225671,79152
225672,40000
225673,40000
225674,40000
225675,55102
225676,62853
225677,43860
225678,57942
225679,48936
225680,46152
225681,40000
225682,63434
225683,40000
225684,40000
225685,40000
225686,40000
225687,40000
225688,40000
225689,40000
225690,62909
225691,40000
225692,59231
225693,40000
225694,86085
225695,67829
225696,56996
225697,40000
225698,60135
225699,66127
225700,40000
225701,40000
225702,51171
225703,47077
225704,54050
225705,68024
225706,93980
225707,71054
225708,53159
225709,68158
225710,51236
225711,46542
225712,53726
225713,45237
225714,43894
225715,48453
225716,78590
225717,76752
225718,41767
225719,40000
225720,40000
225721,40000
225722,67034
225723,70194
225724,43674
225725,83071
225726,66801
225727,45773
225728,40000
225729,72522
225730,88488
225731,40000
225732,60068
225733,77771
225734,42691
225735,40000
225736,40000
225737,58654
225738,71989
225739,44877
225740,45794
225741,51189
225742,73589
225743,40000
225744,44987
225745,66601
225746,66030
225747,48836
225748,62141
225749,40000
225750,40000
225751,40000
225752,101342
225753,45828
225754,40000
225755,40000
225756,54992
225757,43428
225758,45322
225759,40000
225760,47857
225761,43624
225762,58382
225763,40000
225764,40000
225765,51643
225766,59428
225767,54953
225768,69147
225769,87451
225770,61565
225771,67544
225772,43404
225773,40000
225774,47005
225775,47719
225776,40000
225777,40000
225778,53936
225779,40000
225780,44679
225781,44207
225782,41860
225783,87116
225784,40000
225785,93042
225786,81495
225787,40000
225788,40000
225789,43889
225790,75812
225791,49866
225792,82114
225793,63813
225794,40000
225795,40000
225796,40000
225797,66668
225798,40000
225799,47404
225800,65411
225801,47691
225802,96097
225803,40000
225804,40534
225805,59754
225806,87397
225807,40000
225808,40000
225809,40000
225810,53591
225811,40000
225812,46532
225813,48672
225814,43872
225815,40263
225816,65039
225817,40000
225818,46786
225819,73102
225820,66824
225821,48858
225822,49583
225823,40000
225824,41685
225825,40000
225826,41976
225827,66275
225828,40000
225829,61516
225830,63358
225831,52638
225832,40000
225833,58396
225834,55372
225835,40000
225836,82605
225837,40000
225838,70512
225839,40000
225840,44564
225841,53973
225842,40000
225843,68660
225844,61015
225845,41445
225846,45165
225847,79863
225848,56363
225849,40000
225850,55762
225851,45590
225852,40000
225853,76873
225854,44567
225855,78219
225856,62555
225857,72242
225858,40000
225859,40000
225860,40000
225861,47971
225862,43568
225863,40000
225864,40000
225865,43467
225866,41696
225867,40000
225868,40000
225869,40000
225870,42271
225871,59319
225872,40000
225873,49196
225874,70039
225875,50050
225876,40000
225877,56204
225878,53321
225879,40000
225880,40000
225881,62678
225882,59573
225883,66987
225884,50341
225885,40000
225886,69681
225887,44206
225888,45107
225889,40000
225890,40829
225891,71743
225892,58301
225893,56345
225894,94773
225895,81680
225896,40000
225897,40000
225898,40000
225899,49109
225900,40000
225901,71255
225902,40000
225903,40000
225904,40000
225905,76157
225906,40000
225907,40000
225908,79771
225909,40000
225910,40000
225911,43024
225912,40000
225913,40000
225914,80998
225915,76664
225916,66561
225917,41520
225918,67251
225919,40000
225920,59052
225921,40000
225922,40792
225923,40000
225924,93237
225925,52364
225926,97555
225927,53005
225928,62596
225929,69633
225930,43017
225931,41036
225932,54677
225933,40000
225934,40000
225935,41329
225936,40000
225937,40000
225938,58307
225939,40000
225940,42562
225941,86425
225942,40000
225943,40000
225944,69376
225945,45955
225946,61870
225947,40000
225948,40000
225949,57887
225950,46910
225951,73172
225952,40000
225953,40000
225954,40000
225955,41623
225956,40000
225957,54980
225958,58268
225959,40608
225960,40000
225961,53166
225962,58155
225963,49223
225964,52478
225965,47118
225966,57575
225967,45794
225968,40000
225969,72077
225970,45122
225971,48753
225972,66515
225973,43552
225974,48122
225975,40000
225976,52698
225977,45732
225978,77225
225979,40000
225980,40000
225981,43157
225982,40000
225983,40000
225984,40000
225985,73797
225986,42759
225987,40000
225988,56418
225989,44622
225990,40000
225991,40000
225992,58236
225993,43672
225994,47302
225995,47674
225996,40000
225997,56800
225998,40000
225999,40000
226000,75747
226001,40861
226002,46016
226003,58742
226004,68711
226005,77586
226006,45019
226007,50792
226008,49959
226009,43287
226010,40211
226011,62445
226012,41595
226013,40456
226014,58551
226015,40000
226016,56348
226017,59682
226018,70241
226019,65392
226020,40000
226021,51115
226022,78103
226023,40000
226024,84836
226025,72350
226026,94360
226027,61424
226028,68696
226029,40409
226030,69734
226031,51177
226032,50063
226033,40000
226034,40000
226035,40000
226036,40000
226037,45261
226038,53474
226039,51111
226040,58353
226041,76073
226042,40000
226043,58020
226044,40927
226045,40000
226046,45286
226047,40000
226048,65559
226049,49262
226050,64569
226051,59135
226052,40000
226053,64806
226054,70417
226055,40000
226056,40000
226057,57465
226058,54424
226059,67549
226060,40000
226061,58350
226062,40000
226063,50684
226064,40000
226065,56445
226066,40000
226067,101626
226068,55526
226069,40000
226070,56723
226071,44300
226072,70212
226073,57155
226074,40000
226075,40000
226076,50411
226077,50587
226078,60021
226079,40000
226080,40000
226081,57098
226082,46618
226083,40000
226084,47134
226085,63453
226086,40000
226087,52617
226088,50808
226089,74384
226090,50933
226091,40000
226092,52800
226093,60634
226094,40000
226095,70075
226096,58391
226097,82497
226098,56578
226099,52718
226100,50358
226101,40000
226102,45857
226103,40000
226104,40000
226105,40830
226106,40000
226107,41025
226108,46793
226109,63124
226110,44301
226111,41665
226112,84125
226113,72650
226114,43789
226115,45133
226116,45048
226117,51937
226118,57258
226119,76392
226120,49412
226121,40000
226122,55790
226123,58266
226124,65736
226125,71406
226126,40000
226127,40000
226128,40000
226129,43375
226130,51137
226131,55064
226132,40000
226133,40000
226134,40000
226135,72235
226136,40000
226137,48215
226138,45959
226139,48900
226140,40000
226141,73205
226142,40044
226143,54217
226144,40000
226145,40000
226146,54916
226147,63702
226148,40000
226149,48573
226150,48441
226151,90678
226152,40000
226153,43297
226154,80777
226155,40000
226156,41978
226157,54901
226158,40000
226159,49753
226160,40000
226161,40060
226162,57533
226163,40000
226164,73489
226165,68780
226166,92501
226167,40000
226168,48742
226169,98314
226170,48462
226171,40000
226172,52498
226173,64716
226174,52473
226175,59441
226176,64953
226177,40000
226178,54328
226179,53634
226180,61707
226181,40000
226182,40000
226183,40000
226184,53176
226185,40000
226186,51882
226187,66883
226188,43549
226189,54005
226190,40000
226191,64241
226192,51272
226193,95630
226194,46475
226195,40000
226196,50524
226197,55432
226198,68532
226199,48990
226200,55643
226201,40000
226202,61976
226203,43416
226204,45664
226205,69544
226206,59780
226207,50854
226208,44086
226209,40000
226210,71147
226211,47799
226212,40000
226213,40000
226214,46870
226215,55334
226216,40000
226217,40000
226218,72412
226219,76512
226220,71863
226221,74141
226222,40000
226223,65330
226224,40000
226225,54635
226226,57043
226227,55409
226228,69980
226229,40000
226230,40000
226231,40000
226232,53206
226233,46455
226234,40000
226235,40000
226236,42798
226237,40000
226238,68614
226239,55529
226240,40000
226241,78977
226242,40000
226243,57863
226244,90719
226245,40000
226246,47707
226247,40000
226248,58700
226249,51222
226250,50300
226251,40000
226252,40000
226253,71935
226254,57334
226255,67961
226256,60405
226257,40000
226258,75282
226259,40000
226260,46188
226261,60085
226262,43832
226263,55117
226264,64967
226265,49225
226266,40000
226267,48320
226268,69883
226269,85775
226270,50466
226271,69860
226272,68788
226273,40606
226274,82661
226275,77454
226276,40550
226277,57090
226278,57577
226279,41670
226280,40000
226281,40000
226282,73665
226283,43977
226284,42470
226285,40000
226286,40000
226287,58657
226288,52372
226289,60585
226290,40000
226291,40000
226292,78608
226293,40000
226294,56243
226295,65870
226296,52833
226297,49220
226298,40000
226299,40000
226300,53928
226301,82836
226302,40000
226303,60543
226304,55730
226305,64862
226306,52120
226307,47702
226308,94864
226309,66316
226310,40000
226311,40000
226312,40000
226313,44417
226314,49004
226315,40000
226316,40000
226317,53009
226318,40000
226319,40000
226320,60113
226321,40000
226322,50201
226323,40000
226324,40000
226325,97594
226326,69993
226327,77874
226328,75700
226329,57242
226330,40000
226331,51117
226332,57589
226333,65029
226334,65356
226335,40000
226336,65657
226337,41720
226338,76560
226339,62997
226340,81651
226341,40000
226342,40000
226343,44155
226344,40000
226345,40000
226346,54906
226347,44391
226348,49457
226349,49157
226350,57211
226351,41163
226352,40000
226353,40000
226354,66436
226355,40000
226356,40000
226357,40000
226358,40000
226359,56495
226360,69075
226361,44546
226362,52984
226363,45240
226364,89644
226365,40000
226366,68324
226367,71742
226368,73509
226369,113188
226370,40000
226371,56610
226372,51925
226373,42622
226374,63075
226375,40000
226376,46388
226377,43234
226378,42059
226379,47075
226380,57684
226381,54978
226382,71601
226383,40000
226384,73273
226385,53530
226386,40000
226387,63226
226388,50986
226389,40000
226390,62972
226391,60700
226392,53731
226393,47248
226394,40000
226395,40000
226396,40000
226397,41072
226398,40000
226399,78053
226400,67410
226401,66475
226402,56634
226403,46934
226404,58981
226405,45377
226406,66063
226407,48110
226408,48663
226409,68423
226410,66894
226411,69554
226412,55618
226413,64066
226414,50359
226415,74836
226416,40000
226417,82261
226418,40000
226419,40000
226420,57363
226421,56286
226422,76275
226423,55157
226424,53661
226425,40000
226426,40000
226427,40000
226428,49753
226429,66410
226430,78663
226431,60732
226432,40000
226433,40000
226434,76768
226435,40000
226436,40000
226437,53529
226438,85348
226439,40000
226440,40230
226441,47690
226442,40000
226443,82843
226444,77252
226445,66465
226446,60281
226447,46323
226448,64041
226449,40000
226450,43298
226451,70582
226452,89305
226453,49755
226454,40000
226455,85825
226456,63756
226457,47454
226458,40010
226459,40000
226460,43484
226461,48280
226462,47206
226463,47886
226464,52864
226465,41091
226466,51580
226467,57741
226468,40305
226469,51981
226470,67639
226471,47449
226472,55503
226473,61381
226474,40000
226475,43356
226476,61118
226477,63729
226478,55754
226479,62095
226480,47277
226481,50963
226482,54885
226483,40000
226484,49560
226485,70135
226486,96857
226487,69088
226488,46805
226489,49368
226490,40000
226491,44667
226492,49525
226493,40000
226494,61802
226495,80210
226496,53503
226497,40000
226498,50650
226499,73030
226500,40000
226501,53329
226502,76194
226503,48560
226504,63801
226505,57575
226506,40000
226507,40000
226508,40000
226509,40000
226510,53906
226511,40000
226512,40000
226513,58783
226514,41236
226515,42564
226516,53326
226517,73123
226518,49646
226519,67818
226520,54009
226521,40000
226522,40000
226523,40000
226524,75759
226525,64812
226526,66607
226527,40000
226528,40000
226529,41558
226530,48215
226531,45421
226532,53321
226533,44252
226534,40000
226535,50980
226536,70487
226537,40446
226538,40000
226539,50664
226540,52119
226541,80545
226542,41697
226543,40000
226544,40000
226545,60382
226546,40000
226547,50533
226548,40000
226549,94403
226550,48901
226551,41640
226552,40000
226553,80122
226554,73988
226555,50223
226556,48259
226557,58239
226558,51272
226559,40000
226560,48023
226561,40000
226562,69634
226563,57940
226564,40000
226565,46481
226566,60655
226567,53317
226568,52504
226569,40000
226570,40000
226571,40000
226572,41768
226573,40000
226574,40772
226575,40000
226576,76985
226577,40000
226578,53904
226579,40000
226580,40000
226581,64324
226582,86736
226583,45423
226584,55841
226585,41888
226586,64467
226587,43012
226588,42637
226589,40000
226590,64660
226591,54964
226592,40000
226593,41497
226594,40000
226595,53462
226596,40000
226597,72381
226598,40000
226599,61114
226600,59280
226601,57186
226602,60533
226603,40000
226604,40000
226605,56637
226606,54548
226607,40000
226608,84286
226609,40000
226610,40000
226611,40000
226612,40000
226613,40000
226614,71457
226615,47498
226616,49421
226617,62640
226618,40000
226619,77008
226620,59066
226621,48565
226622,40000
226623,55218
226624,51851
226625,40000
226626,40000
226627,48830
226628,40000
226629,47101
226630,87767
226631,53182
226632,40000
226633,48413
226634,45753
226635,50782
226636,68790
226637,58831
226638,40000
226639,40000
226640,46399
226641,48254
226642,60326
226643,40000
226644,41937
226645,55857
226646,40000
226647,40000
226648,59903
226649,63356
226650,40000
226651,40000
226652,40000
226653,40000
226654,40000
226655,40000
226656,44680
226657,72189
226658,52132
226659,50924
226660,49788
226661,40000
226662,84347
226663,50861
226664,49006
226665,46478
226666,50064
226667,46105
226668,40000
226669,43736
226670,50511
226671,40000
226672,50238
226673,76150
226674,40264
226675,41333
226676,40000
226677,57912
226678,57657
226679,40000
226680,42581
226681,59351
226682,40952
226683,75053
226684,46292
226685,40000
226686,75579
226687,40674
226688,76051
226689,59746
226690,95918
226691,64738
226692,45497
226693,44172
226694,51705
226695,61381
226696,50799
226697,40000
226698,40000
226699,70711
226700,40000
226701,47045
226702,46314
226703,62590
226704,40000
226705,57618
226706,83704
226707,56254
226708,52976
226709,40000
226710,41244
226711,40000
226712,47389
226713,40000
226714,40000
226715,60689
226716,44862
226717,47927
226718,46005
226719,62984
226720,58329
226721,40000
226722,51196
226723,40000
226724,45511
226725,47100
226726,40491
226727,67606
226728,49183
226729,43365
226730,54896
226731,46849
226732,79015
226733,40000
226734,47366
226735,40000
226736,40000
226737,45058
226738,40000
226739,45037
226740,40000
226741,40000
226742,40000
226743,60150
226744,40735
226745,48427
226746,45114
226747,76878
226748,72806
226749,40000
226750,48823
226751,42195
226752,49176
226753,55737
226754,71429
226755,40449
226756,40000
226757,71408
226758,59595
226759,40000
226760,64281
226761,40000
226762,46719
226763,57619
226764,40000
226765,72065
226766,43499
226767,45420
226768,40000
226769,40000
226770,40000
226771,40886
226772,40000
226773,40000
226774,49096
226775,48526
226776,49344
226777,71444
226778,40000
226779,89768
226780,40000
226781,41370
226782,98193
226783,40000
226784,67026
226785,47074
226786,72903
226787,61834
226788,60613
226789,57298
226790,62591
226791,43597
226792,42586
226793,52190
226794,43686
226795,40000
226796,58510
226797,40000
226798,40000
226799,44881
226800,50212
226801,40000
226802,40000
226803,76707
226804,40000
226805,80837
226806,58910
226807,40000
226808,45104
226809,40000
226810,40000
226811,73021
226812,44503
226813,40000
226814,46745
226815,74246
226816,70617
226817,40000
226818,60611
226819,40000
226820,42095
226821,40000
226822,45604
226823,40000
226824,69303
226825,48420
226826,50005
226827,67729
226828,80123
226829,45223
226830,40000
226831,62850
226832,50769
226833,42273
226834,40000
226835,86810
226836,64797
226837,41953
226838,45160
226839,78936
226840,41490
226841,40000
226842,54974
226843,61542
226844,52931
226845,40000
226846,40000
226847,56770
226848,73397
226849,63269
226850,40000
226851,54690
226852,49269
226853,40624
226854,71192
226855,63698
226856,40000
226857,114678
226858,58535
226859,58477
226860,70212
226861,76873
226862,43830
226863,58765
226864,43348
226865,44472
226866,40000
226867,40000
226868,66866
226869,50065
226870,66226
226871,40000
226872,44366
226873,40000
226874,62699
226875,74573
226876,61547
226877,40000
226878,86694
226879,44884
226880,68200
226881,40000
226882,40000
226883,41028
226884,40000
226885,77157
226886,70459
226887,55346
226888,65422
226889,42933
226890,40000
226891,82922
226892,54101
226893,40000
226894,62242
226895,70966
226896,63030
226897,40000
226898,96096
226899,40000
226900,45368
226901,45743
226902,42261
226903,40000
226904,47299
226905,61167
226906,44829
226907,61105
226908,40000
226909,40000
226910,63664
226911,40000
226912,66354
226913,79440
226914,40000
226915,61451
226916,40034
226917,52349
226918,70966
226919,47422
226920,57463
226921,42610
226922,40000
226923,40000
226924,40000
226925,52325
226926,40000
226927,40000
226928,42771
226929,40000
226930,40000
226931,41823
226932,49749
226933,40000
226934,51159
226935,55752
226936,40000
226937,61834
226938,51774
226939,84505
226940,40000
226941,50862
226942,68024
226943,70306
226944,65838
226945,69234
226946,59054
226947,40000
226948,50795
226949,61969
226950,40000
226951,40000
226952,51659
226953,40000
226954,42442
226955,75914
226956,40817
226957,79576
226958,40000
226959,61766
226960,45834
226961,40000
226962,91216
226963,44002
226964,72721
226965,54694
226966,40000
226967,45725
226968,65107
226969,40000
226970,40534
226971,40000
226972,43432
226973,57694
226974,40000
226975,44968
226976,40000
226977,66172
226978,56778
226979,67217
226980,40000
226981,50714
226982,99779
226983,70689
226984,53228
226985,41838
226986,54590
226987,55209
226988,51138
226989,59164
226990,75034
226991,62976
226992,40000
226993,48229
226994,76753
226995,40000
226996,40000
226997,49096
226998,56978
226999,41622
227000,40000
227001,40000
227002,44724
227003,43627
227004,40000
227005,64439
227006,60813
227007,40000
227008,40000
227009,43510
227010,40000
227011,40000
227012,87150
227013,74504
227014,53461
227015,40000
227016,42733
227017,42147
227018,40000
227019,40000
227020,90334
227021,40000
227022,51880
227023,60204
227024,40000
227025,40000
227026,71578
227027,65363
227028,40000
227029,52512
227030,55584
227031,83548
227032,62931
227033,59019
227034,57816
227035,43282
227036,71773
227037,59347
227038,56866
227039,61982
227040,57619
227041,45049
227042,75976
227043,40000
227044,73532
227045,41343
227046,40000
227047,79241
227048,46956
227049,40000
227050,72339
227051,89975
227052,91039
227053,40000
227054,48982
227055,85968
227056,40000
227057,60945
227058,53860
227059,40000
227060,58302
227061,56066
227062,42344
227063,80255
227064,40000
227065,49561
227066,42551
227067,51216
227068,40000
227069,66933
227070,40000
227071,40000
227072,73054
227073,41797
227074,54811
227075,45718
227076,46000
227077,93564
227078,40000
227079,40000
227080,41815
227081,44591
227082,40000
227083,52908
227084,47242
227085,67883
227086,40000
227087,91697
227088,70359
227089,70367
227090,40000
227091,40000
227092,42655
227093,56333
227094,60871
227095,40000
227096,54175
227097,69729
227098,66310
227099,40000
227100,40000
227101,68636
227102,54264
227103,73231
227104,48644
227105,51947
227106,46628
227107,49695
227108,40000
227109,44117
227110,48030
227111,55579
227112,57219
227113,75515
227114,40000
227115,49715
227116,41912
227117,59541
227118,49445
227119,40860
227120,42761
227121,40000
227122,47682
227123,71638
227124,40000
227125,79553
227126,40000
227127,40000
227128,62497
227129,47659
227130,41798
227131,57193
227132,46484
227133,76127
227134,40000
227135,53893
227136,63358
227137,40000
227138,40000
227139,40000
227140,88903
227141,40000
227142,61532
227143,40000
227144,65909
227145,46644
227146,43699
227147,56965
227148,73964
227149,87366
227150,75144
227151,50506
227152,40000
227153,40000
227154,51296
227155,68920
227156,40000
227157,40000
227158,40000
227159,76738
227160,52327
227161,56073
227162,48155
227163,54906
227164,40508
227165,47131
227166,57890
227167,50150
227168,44987
227169,40000
227170,40000
227171,48636
227172,40000
227173,54273
227174,40000
227175,42382
227176,73833
227177,50724
227178,41853
227179,40000
227180,40000
227181,40000
227182,57579
227183,40000
227184,42669
227185,40000
227186,71434
227187,87910
227188,40000
227189,60569
227190,52982
227191,40000
227192,60574
227193,58420
227194,40000
227195,64113
227196,61545
227197,51351
227198,50106
227199,40000
227200,40000
227201,50959
227202,61541
227203,67426
227204,47667
227205,43443
227206,55465
227207,54609
227208,72875
227209,40000
227210,40000
227211,49571
227212,51102
227213,40000
227214,69642
227215,47095
227216,40000
227217,40000
227218,59324
227219,40000
227220,54582
227221,76169
227222,47891
227223,53409
227224,63823
227225,45786
227226,40000
227227,54121
227228,44397
227229,40000
227230,44915
227231,46533
227232,40000
227233,67312
227234,84131
227235,40000
227236,66194
227237,62416
227238,40000
227239,50620
227240,62950
227241,65248
227242,72590
227243,57642
227244,91725
227245,96175
227246,64646
227247,42399
227248,52311
227249,82914
227250,40000
227251,46526
227252,40000
227253,53951
227254,40000
227255,50474
227256,107710
227257,40000
227258,40000
227259,47058
227260,40289
227261,50719
227262,40000
227263,47415
227264,59491
227265,40000
227266,40000
227267,47442
227268,47622
227269,63458
227270,45713
227271,40000
227272,40000
227273,40000
227274,56651
227275,51696
227276,58849
227277,40000
227278,49640
227279,40000
227280,40000
227281,40000
227282,40000
227283,64644
227284,60434
227285,40661
227286,54621
227287,44993
227288,49782
227289,60688
227290,49573
227291,53707
227292,61818
227293,63733
227294,55142
227295,50232
227296,40000
227297,40000
227298,47170
227299,40000
227300,40000
227301,59910
227302,40000
227303,40745
227304,55283
227305,51784
227306,40000
227307,40000
227308,46322
227309,40000
227310,66962
227311,67721
227312,40000
227313,40000
227314,41255
227315,40000
227316,46073
227317,87076
227318,40000
227319,56739
227320,91051
227321,44300
227322,40000
227323,57107
227324,40000
227325,49679
227326,67830
227327,40000
227328,83943
227329,72637
227330,40000
227331,40000
227332,40000
227333,40000
227334,40000
227335,40000
227336,40000
227337,40000
227338,41861
227339,40000
227340,45181
227341,53608
227342,69490
227343,78398
227344,43427
227345,69170
227346,40000
227347,40000
227348,40000
227349,64116
227350,41083
227351,65169
227352,55110
227353,45475
227354,49256
227355,49977
227356,40000
227357,70393
227358,48521
227359,64377
227360,41851
227361,51910
227362,62675
227363,46111
227364,40000
227365,42734
227366,40000
227367,58972
227368,65842
227369,40000
227370,40000
227371,40000
227372,66354
227373,40000
227374,40866
227375,51771
227376,65986
227377,40000
227378,42526
227379,40000
227380,61362
227381,40000
227382,50556
227383,40000
227384,52605
227385,40000
227386,48757
227387,40000
227388,48267
227389,94642
227390,75900
227391,40000
227392,40000
227393,40046
227394,40000
227395,49967
227396,49560
227397,40000
227398,68876
227399,40000
227400,45420
227401,70548
227402,40000
227403,48013
227404,60103
227405,41243
227406,47115
227407,43327
227408,73461
227409,65321
227410,40000
227411,40000
227412,64549
227413,40000
227414,66537
227415,42592
227416,49262
227417,71665
227418,76414
227419,40000
227420,40000
227421,40000
227422,40000
227423,40000
227424,67346
227425,61368
227426,40000
227427,47175
227428,63138
227429,73854
227430,69457
227431,52930
227432,40000
227433,71441
227434,77672
227435,52397
227436,58718
227437,49001
227438,40000
227439,40000
227440,70212
227441,71560
227442,40000
227443,67040
227444,40000
227445,55884
227446,40000
227447,45256
227448,58875
227449,49995
227450,40000
227451,59398
227452,49120
227453,55634
227454,40000
227455,40000
227456,40000
227457,40000
227458,65591
227459,85628
227460,73276
227461,40000
227462,49846
227463,40000
227464,74453
227465,55596
227466,40000
227467,40000
227468,40000
227469,40000
227470,45132
227471,40000
227472,40618
227473,40000
227474,80817
227475,40000
227476,73795
227477,40000
227478,40000
227479,79191
227480,40000
227481,41737
227482,73818
227483,45530
227484,40000
227485,40000
227486,57283
227487,43199
227488,47172
227489,57800
227490,50035
227491,48765
227492,54149
227493,62756
227494,40000
227495,66448
227496,40000
227497,40000
227498,78972
227499,40000
227500,61151
227501,40000
227502,40000
227503,40000
227504,44817
227505,40000
227506,41422
227507,87298
227508,78801
227509,80094
227510,45319
227511,44924
227512,46739
227513,85338
227514,40000
227515,82163
227516,47167
227517,75567
227518,40000
227519,58571
227520,40000
227521,56944
227522,83127
227523,66205
227524,40000
227525,72616
227526,47137
227527,42547
227528,50975
227529,40000
227530,58738
227531,40000
227532,57748
227533,60573
227534,66567
227535,58444
227536,50702
227537,40000
227538,40000
227539,49628
227540,40000
227541,40000
227542,71597
227543,40000
227544,40000
227545,40000
227546,55095
227547,56595
227548,70006
227549,47415
227550,52739
227551,59546
227552,77817
227553,69196
227554,66261
227555,73238
227556,62715
227557,44239
227558,73017
227559,72955
227560,50173
227561,96593
227562,67095
227563,41808
227564,60976
227565,52133
227566,54679
227567,40000
227568,40000
227569,50692
227570,68040
227571,40000
227572,74691
227573,40000
227574,57359
227575,54122
227576,64482
227577,56531
227578,53765
227579,80470
227580,83919
227581,40000
227582,63036
227583,75380
227584,75191
227585,40000
227586,40000
227587,59294
227588,40000
227589,65658
227590,43190
227591,48531
227592,50791
227593,49276
227594,40754
227595,64081
227596,40000
227597,40000
227598,45968
227599,56232
227600,42325
227601,54861
227602,58368
227603,40000
227604,62170
227605,77245
227606,69820
227607,43631
227608,49958
227609,61793
227610,40000
227611,42594
227612,79551
227613,40980
227614,55219
227615,70234
227616,40000
227617,51843
227618,40000
227619,40000
227620,40097
227621,64819
227622,66486
227623,79343
227624,58628
227625,53740
227626,42013
227627,57638
227628,40000
227629,57055
227630,93668
227631,53365
227632,54495
227633,64904
227634,62874
227635,94372
227636,40000
227637,40000
227638,40000
227639,40000
227640,54157
227641,40000
227642,87158
227643,77333
227644,49641
227645,40000
227646,55188
227647,54234
227648,40527
227649,40000
227650,57135
227651,59365
227652,74243
227653,66036
227654,41760
227655,53450
227656,65310
227657,40000
227658,56123
227659,59974
227660,41013
227661,40000
227662,82360
227663,50060
227664,72048
227665,41260
227666,63889
227667,43176
227668,57596
227669,40000
227670,40000
227671,73168
227672,46501
227673,43484
227674,57445
227675,45447
227676,55023
227677,40000
227678,84793
227679,84403
227680,40000
227681,45519
227682,51041
227683,53253
227684,45138
227685,40000
227686,52846
227687,60509
227688,46474
227689,71307
227690,56096
227691,72798
227692,44839
227693,53401
227694,73897
227695,48860
227696,40000
227697,72039
227698,40000
227699,56685
227700,40000
227701,40000
227702,64660
227703,62842
227704,40616
227705,40000
227706,49336
227707,42221
227708,40000
227709,40000
227710,44430
227711,90744
227712,66302
227713,42643
227714,44854
227715,40000
227716,40000
227717,76001
227718,40000
227719,50339
227720,43163
227721,40000
227722,40000
227723,40000
227724,43569
227725,52208
227726,40000
227727,98372
227728,40000
227729,68500
227730,45631
227731,40000
227732,40000
227733,41525
227734,48600
227735,46158
227736,40000
227737,40000
227738,80291
227739,72580
227740,84999
227741,48161
227742,45548
227743,40000
227744,40000
227745,41996
227746,44534
227747,40000
227748,81794
227749,70346
227750,56891
227751,70636
227752,40000
227753,87729
227754,53488
227755,48847
227756,53574
227757,43016
227758,42541
227759,40000
227760,49246
227761,48184
227762,47853
227763,40790
227764,76005
227765,43392
227766,49929
227767,45377
227768,53641
227769,40000
227770,40000
227771,73355
227772,63688
227773,74386
227774,92245
227775,54499
227776,53899
227777,40000
227778,48442
227779,43192
227780,58437
227781,40000
227782,49050
227783,72685
227784,66666
227785,40000
227786,40000
227787,58009
227788,61309
227789,95552
227790,40000
227791,47596
227792,76129
227793,40592
227794,55932
227795,53876
227796,40000
227797,69174
227798,40000
227799,63079
227800,73721
227801,58111
227802,40000
227803,49221
227804,58569
227805,40729
227806,51775
227807,54322
227808,40000
227809,44325
227810,51439
227811,40000
227812,40000
227813,43428
227814,61015
227815,76643
227816,45990
227817,40000
227818,52964
227819,45523
227820,40000
227821,40000
227822,40000
227823,58155
227824,58499
227825,40000
227826,40000
227827,94248
227828,63312
227829,48159
227830,40000
227831,58002
227832,85753
227833,90218
227834,40000
227835,55176
227836,47779
227837,83896
227838,50051
227839,40000
227840,57263
227841,40000
227842,68092
227843,40000
227844,62369
227845,61522
227846,40000
227847,53831
227848,92950
227849,46582
227850,44685
227851,63857
227852,41351
227853,75010
227854,40000
227855,75464
227856,40000
227857,40000
227858,60114
227859,51746
227860,67964
227861,65210
227862,58146
227863,48299
227864,45265
227865,49406
227866,47223
227867,50363
227868,45484
227869,42713
227870,81495
227871,40000
227872,40000
227873,40000
227874,65653
227875,40000
227876,57996
227877,68245
227878,40000
227879,40000
227880,57957
227881,66490
227882,86775
227883,66331
227884,45597
227885,66931
227886,48413
227887,40000
227888,40000
227889,40000
227890,51186
227891,46262
227892,55374
227893,70315
227894,71601
227895,40000
227896,46587
227897,40000
227898,62814
227899,61605
227900,40000
227901,40000
227902,40000
227903,49332
227904,75060
227905,40000
227906,40000
227907,40000
227908,49249
227909,52386
227910,70848
227911,85589
227912,86208
227913,40000
227914,57919
227915,40000
227916,45360
227917,40000
227918,89383
227919,40000
227920,74186
227921,40000
227922,40000
227923,49517
227924,40000
227925,40000
227926,46852
227927,40000
227928,41978
227929,42633
227930,40000
227931,44991
227932,57863
227933,61029
227934,59160
227935,54694
227936,40000
227937,40000
227938,46542
227939,40000
227940,40000
227941,66386
227942,42070
227943,45832
227944,42064
227945,40000
227946,42647
227947,70167
227948,40000
227949,40000
227950,64062
227951,40000
227952,40000
227953,52347
227954,52262
227955,74356
227956,40000
227957,68096
227958,47166
227959,70777
227960,64083
227961,47231
227962,74584
227963,40000
227964,66806
227965,46715
227966,63137
227967,56950
227968,80023
227969,82501
227970,40000
227971,40000
227972,42279
227973,49241
227974,40000
227975,40000
227976,57092
227977,40000
227978,40000
227979,66663
227980,40000
227981,49365
227982,40000
227983,64397
227984,48348
227985,40000
227986,40000
227987,78388
227988,81734
227989,40000
227990,54641
227991,40000
227992,62158
227993,52039
227994,50022
227995,40000
227996,84238
227997,40489
227998,47048
227999,57224
228000,45648
228001,40000
228002,45739
228003,40000
228004,46373
228005,40699
228006,41746
228007,71116
228008,40789
228009,51068
228010,62248
228011,44051
228012,40000
228013,60639
228014,42796
228015,52887
228016,46475
228017,46047
228018,40000
228019,53524
228020,46076
228021,71743
228022,58334
228023,46717
228024,73970
228025,56354
228026,40000
228027,40000
228028,62999
228029,57709
228030,72460
228031,94807
228032,44024
228033,52991
228034,68583
228035,48608
228036,50823
228037,43471
228038,40000
228039,49109
228040,47142
228041,44312
228042,59750
228043,60924
228044,40000
228045,53469
228046,50491
228047,40000
228048,68486
228049,58995
228050,70630
228051,51525
228052,88773
228053,81177
228054,67591
228055,59436
228056,42673
228057,89853
228058,40000
228059,59976
228060,40000
228061,58523
228062,53347
228063,45811
228064,75489
228065,48816
228066,77447
228067,45558
228068,40000
228069,43642
228070,68040
228071,74241
228072,74827
228073,49792
228074,47016
228075,56018
228076,72801
228077,56702
228078,43049
228079,56777
228080,68661
228081,40000
228082,41414
228083,85981
228084,41129
228085,40000
228086,40000
228087,46705
228088,43501
228089,40000
228090,56968
228091,47164
228092,40000
228093,57370
228094,45127
228095,40000
228096,57357
228097,40000
228098,40000
228099,40000
228100,43534
228101,40000
228102,40000
228103,40000
228104,48037
228105,92042
228106,72110
228107,48211
228108,60086
228109,40000
228110,45051
228111,40000
228112,40000
228113,69189
228114,40000
228115,64235
228116,40000
228117,60985
228118,40000
228119,73812
228120,40000
228121,40000
228122,40000
228123,52774
228124,40000
228125,84795
228126,42646
228127,60930
228128,65365
228129,90750
228130,40000
228131,56780
228132,42721
228133,56265
228134,40000
228135,40000
228136,58879
228137,40000
228138,57800
228139,65846
228140,76191
228141,50070
228142,77961
228143,83962
228144,56019
228145,54970
228146,67719
228147,40000
228148,61336
228149,55255
228150,40000
228151,40000
228152,79810
228153,50234
228154,40000
228155,40000
228156,46279
228157,61481
228158,48272
228159,40000
228160,40000
228161,40000
228162,40000
228163,40000
228164,40000
228165,55892
228166,43258
228167,49749
228168,69774
228169,48251
228170,59407
228171,57017
228172,51474
228173,42376
228174,40000
228175,40000
228176,42751
228177,40000
228178,41249
228179,60439
228180,66974
228181,46076
228182,40000
228183,40000
228184,70891
228185,48106
228186,84659
228187,40000
228188,50685
228189,83369
228190,40000
228191,44688
228192,65971
228193,57295
228194,65139
228195,41076
228196,58174
228197,77645
228198,40000
228199,40000
228200,44167
228201,80782
228202,48706
228203,58954
228204,40000
228205,56259
228206,40000
228207,40000
228208,54857
228209,58648
228210,40000
228211,46183
228212,56044
228213,65166
228214,57059
228215,40000
228216,43305
228217,80328
228218,66060
228219,40000
228220,45128
228221,45153
228222,55193
228223,53737
228224,60894
228225,54945
228226,40000
228227,54415
228228,48566
228229,40000
228230,75933
228231,40000
228232,89568
228233,44728
228234,60941
228235,40000
228236,55100
228237,47934
228238,68885
228239,69731
228240,40000
228241,56812
228242,104810
228243,88302
228244,54484
228245,94250
228246,71581
228247,71667
228248,54431
228249,59383
228250,40000
228251,40000
228252,40000
228253,40000
228254,41244
228255,77131
228256,40000
228257,40000
228258,51986
228259,40000
228260,40000
228261,61404
228262,64567
228263,40000
228264,58228
228265,61263
228266,40000
228267,46682
228268,54318
228269,40000
228270,40503
228271,40000
228272,40000
228273,72469
228274,40000
228275,65149
228276,40000
228277,66230
228278,50344
228279,54222
228280,41328
228281,63222
228282,65170
228283,40000
228284,63559
228285,40000
228286,40000
228287,41472
228288,63789
228289,44128
228290,77857
228291,40000
228292,41762
228293,48033
228294,50672
228295,40000
228296,90577
228297,40000
228298,45498
228299,40000
228300,56432
228301,41847
228302,58568
228303,47534
228304,56488
228305,43458
228306,43646
228307,53125
228308,47158
228309,61164
228310,46977
228311,40000
228312,55408
228313,75624
228314,40000
228315,48086
228316,44852
228317,42203
228318,47902
228319,40000
228320,60533
228321,41189
228322,61503
228323,57871
228324,40000
228325,62039
228326,54893
228327,43309
228328,58831
228329,47763
228330,40000
228331,41015
228332,40000
228333,56178
228334,40000
228335,40000
228336,68355
228337,75276
228338,80377
228339,40000
228340,40000
228341,57926
228342,73797
228343,53648
228344,43190
228345,54024
228346,40000
228347,40000
228348,40000
228349,40000
228350,41648
228351,40000
228352,70900
228353,40000
228354,61482
228355,57432
228356,40000
228357,62146
228358,40000
228359,90617
228360,53678
228361,40000
228362,40000
228363,40000
228364,40000
228365,93147
228366,72259
228367,43008
228368,40000
228369,46030
228370,40000
228371,71206
228372,75142
228373,71637
228374,40000
228375,55335
228376,40000
228377,40908
228378,70902
228379,40000
228380,62760
228381,40000
228382,40000
228383,42794
228384,40000
228385,40000
228386,59342
228387,40000
228388,72532
228389,41691
228390,40000
228391,43463
228392,49675
228393,40000
228394,65734
228395,52505
228396,40000
228397,42433
228398,40000
228399,43247
228400,40000
228401,57082
228402,51764
228403,52924
228404,40000
228405,52850
228406,40000
228407,61103
228408,76819
228409,49937
228410,57741
228411,45332
228412,62301
228413,68639
228414,40000
228415,54364
228416,51564
228417,40000
228418,40000
228419,40000
228420,42212
228421,40194
228422,74806
228423,56286
228424,46186
228425,40000
228426,40000
228427,40000
228428,57591
228429,40000
228430,42792
228431,42991
228432,46677
228433,73226
228434,40000
228435,40000
228436,40000
228437,82283
228438,44948
228439,95842
228440,58808
228441,45094
228442,51340
228443,56672
228444,67603
228445,42315
228446,40545
228447,43061
228448,51725
228449,64469
228450,40000
228451,43142
228452,81278
228453,62766
228454,40000
228455,43663
228456,60164
228457,50204
228458,49789
228459,72711
228460,40000
228461,40000
228462,40000
228463,55830
228464,40000
228465,76535
228466,40000
228467,40000
228468,57950
228469,40000
228470,71119
228471,44583
228472,40000
228473,42947
228474,68561
228475,41748
228476,57057
228477,40000
228478,40000
228479,40000
228480,76171
228481,53287
228482,65166
228483,45003
228484,69853
228485,40000
228486,43881
228487,40000
228488,42975
228489,65375
228490,45054
228491,40000
228492,70970
228493,51863
228494,42567
228495,40000
228496,40000
228497,40000
228498,85024
228499,68344
228500,50587
228501,60634
228502,62621
228503,61925
228504,46488
228505,40000
228506,40000
228507,64107
228508,82788
228509,48834
228510,45280
228511,40000
228512,40000
228513,40000
228514,73127
228515,40000
228516,64115
228517,87690
228518,55030
228519,59464
228520,40000
228521,64384
228522,40000
228523,43786
228524,40000
228525,66398
228526,40000
228527,49095
228528,58422
228529,40000
228530,40000
228531,40000
228532,40000
228533,49474
228534,57483
228535,74782
228536,40000
228537,40000
228538,46658
228539,60933
228540,41040
228541,40000
228542,51057
228543,47071
228544,48865
228545,40000
228546,67195
228547,45743
228548,68506
228549,56138
228550,58969
228551,45639
228552,57523
228553,40000
228554,71741
228555,40000
228556,45954
228557,62982
228558,42801
228559,69660
228560,40000
228561,73673
228562,45052
228563,54444
228564,49697
228565,48232
228566,40000
228567,41345
228568,45857
228569,55566
228570,40000
228571,67404
228572,40000
228573,40000
228574,86849
228575,40000
228576,96377
228577,40000
228578,50901
228579,57717
228580,70933
228581,40000
228582,51506
228583,40000
228584,70378
228585,43136
228586,40000
228587,67187
228588,52135
228589,88014
228590,72386
228591,87658
228592,53162
228593,40000
228594,71718
228595,46940
228596,46864
228597,41927
228598,40000
228599,40000
228600,49386
228601,62755
228602,40000
228603,78433
228604,41907
228605,40000
228606,67229
228607,56137
228608,40000
228609,100720
228610,46297
228611,40000
228612,40000
228613,56173
228614,41298
228615,43938
228616,40000
228617,42693
228618,40000
228619,65851
228620,40000
228621,68705
228622,40000
228623,41030
228624,56240
228625,62917
228626,47403
228627,57224
228628,57846
228629,51633
228630,42726
228631,51374
228632,68096
228633,71085
228634,55287
228635,66399
228636,42603
228637,60059
228638,58491
228639,42422
228640,40000
228641,48836
228642,61409
228643,54705
228644,40000
228645,66475
228646,48118
228647,40000
228648,76234
228649,50612
228650,46481
228651,40443
228652,43453
228653,57277
228654,56114
228655,71596
228656,40000
228657,40000
228658,43700
228659,49259
228660,40000
228661,48870
228662,65690
228663,40000
228664,40000
228665,45724
228666,51015
228667,71917
228668,67771
228669,66788
228670,40000
228671,85064
228672,47099
228673,40000
228674,46800
228675,60498
228676,41574
228677,76965
228678,40000
228679,40000
228680,40000
228681,44141
228682,68942
228683,40000
228684,50516
228685,43672
228686,40000
228687,40000
228688,59606
228689,40000
228690,40000
228691,41839
228692,61643
228693,51748
228694,58602
228695,69087
228696,40000
228697,77017
228698,40000
228699,52495
228700,45378
228701,40000
228702,40000
228703,40000
228704,82559
228705,43949
228706,49316
228707,66831
228708,70676
228709,40000
228710,84606
228711,96072
228712,68648
228713,85356
228714,40000
228715,40000
228716,45306
228717,40000
228718,40000
228719,40000
228720,85380
228721,40000
228722,40863
228723,45707
228724,50180
228725,72066
228726,54203
228727,40000
228728,40092
228729,40000
228730,70270
228731,40000
228732,47869
228733,55984
228734,53721
228735,53121
228736,90350
228737,45284
228738,40000
228739,40000
228740,47750
228741,64004
228742,40000
228743,46230
228744,40000
228745,46627
228746,61786
228747,58492
228748,40538
228749,52894
228750,58177
228751,68849
228752,44090
228753,40000
228754,92916
228755,80293
228756,63429
228757,44175
228758,40000
228759,58373
228760,43756
228761,55345
228762,56741
228763,40072
228764,40000
228765,46813
228766,86747
228767,40000
228768,64542
228769,66997
228770,70249
228771,46667
228772,42244
228773,40000
228774,40000
228775,55958
228776,44356
228777,66762
228778,73043
228779,58898
228780,47782
228781,42560
228782,40000
228783,57553
228784,72026
228785,42914
228786,40000
228787,48372
228788,50562
228789,64102
228790,45831
228791,40000
228792,40000
228793,46920
228794,50176
228795,79758
228796,46481
228797,58152
228798,82548
228799,59901
228800,40000
228801,40000
228802,54171
228803,40000
228804,52324
228805,61979
228806,41768
228807,73152
228808,40000
228809,88814
228810,42425
228811,67256
228812,82811
228813,60114
228814,40000
228815,57600
228816,40000
228817,47869
228818,58174
228819,49290
228820,49571
228821,74214
228822,40000
228823,46925
228824,43383
228825,40000
228826,48801
228827,54334
228828,53555
228829,46041
228830,44568
228831,52550
228832,40000
228833,56898
228834,67307
228835,40000
228836,40000
228837,40000
228838,45290
228839,40000
228840,40000
228841,56833
228842,40000
228843,46313
228844,51455
228845,40000
228846,40000
228847,40000
228848,49193
228849,61073
228850,54605
228851,46476
228852,58159
228853,41588
228854,47409
228855,61362
228856,64073
228857,66237
228858,40000
228859,40000
228860,48672
228861,40164
228862,40265
228863,40000
228864,40000
228865,45412
228866,52376
228867,45995
228868,40000
228869,40000
228870,40000
228871,63239
228872,51012
228873,74899
228874,47788
228875,57246
228876,40000
228877,40000
228878,52389
228879,58503
228880,40000
228881,55080
228882,89405
228883,59244
228884,54101
228885,40000
228886,59226
228887,40000
228888,50981
228889,40000
228890,40000
228891,42466
228892,40000
228893,40000
228894,63020
228895,58478
228896,40000
228897,40000
228898,74022
228899,62828
228900,68638
228901,44479
228902,40000
228903,57499
228904,58168
228905,83476
228906,71929
228907,43655
228908,40000
228909,41046
228910,58824
228911,44789
228912,53971
228913,42030
228914,42895
228915,52055
228916,76401
228917,42549
228918,40000
228919,69919
228920,44770
228921,42436
228922,51208
228923,46414
228924,40000
228925,54337
228926,52640
228927,55791
228928,40000
228929,40000
228930,51907
228931,69377
228932,54471
228933,40000
228934,60766
228935,40000
228936,40000
228937,41778
228938,41705
228939,66713
228940,46128
228941,40000
228942,84664
228943,76767
228944,47686
228945,68616
228946,52280
228947,47306
228948,73207
228949,41225
228950,41641
228951,40000
228952,81085
228953,40000
228954,59063
228955,41685
228956,40000
228957,57797
228958,62833
228959,40000
228960,63087
228961,40000
228962,48168
228963,40000
228964,40000
228965,49534
228966,40000
228967,45605
228968,51473
228969,40000
228970,75345
228971,40000
228972,51114
228973,52159
228974,47666
228975,49749
228976,40000
228977,47046
228978,47037
228979,89352
228980,93723
228981,40000
228982,60043
228983,41616
228984,40000
228985,47199
228986,48002
228987,40000
228988,40000
228989,40000
228990,53493
228991,40000
228992,83349
228993,50506
228994,40000
228995,44007
228996,50371
228997,40000
228998,40000
228999,58424
229000,41664
229001,83627
229002,40000
229003,93426
229004,40000
229005,71642
229006,40000
229007,45245
229008,40000
229009,46559
229010,40000
229011,44402
229012,67321
229013,40000
229014,42509
229015,40000
229016,65057
229017,40000
229018,58515
229019,50124
229020,43547
229021,46439
229022,61035
229023,51910
229024,40000
229025,70289
229026,67713
229027,40000
229028,43582
229029,56005
229030,44612
229031,66725
229032,66073
229033,52270
229034,98964
229035,62476
229036,40273
229037,79432
229038,62659
229039,61374
229040,40000
229041,65307
229042,41348
229043,44502
229044,94720
229045,40408
229046,77727
229047,44761
229048,44981
229049,70952
229050,53847
229051,52988
229052,59921
229053,40000
229054,62485
229055,44225
229056,40000
229057,55131
229058,44520
229059,50879
229060,40000
229061,75774
229062,43107
229063,41112
229064,46316
229065,63463
229066,56350
229067,74611
229068,70472
229069,61545
229070,40000
229071,40000
229072,40000
229073,57620
229074,46818
229075,76938
229076,40340
229077,41056
229078,43347
229079,40000
229080,40000
229081,64951
229082,52558
229083,40000
229084,58775
229085,70996
229086,78241
229087,45194
229088,54417
229089,62569
229090,44375
229091,43241
229092,40301
229093,52518
229094,52100
229095,40000
229096,40000
229097,59108
229098,41874
229099,40000
229100,68917
229101,44057
229102,51184
229103,40000
229104,40000
229105,67919
229106,40000
229107,40000
229108,88165
229109,43386
229110,88373
229111,40000
229112,41472
229113,53606
229114,40000
229115,40000
229116,78227
229117,59978
229118,40000
229119,53123
229120,67400
229121,40146
229122,40000
229123,48616
229124,64463
229125,60666
229126,46249
229127,66755
229128,40000
229129,43085
229130,40000
229131,58003
229132,40000
229133,93154
229134,105747
229135,90622
229136,92925
229137,40000
229138,64989
229139,43389
229140,44480
229141,40000
229142,41141
229143,67417
229144,50772
229145,40332
229146,40000
229147,40000
229148,40000
229149,77703
229150,59042
229151,40000
229152,48240
229153,67206
229154,40000
229155,44603
229156,52403
229157,57818
229158,76924
229159,52435
229160,40000
229161,40000
229162,42036
229163,61510
229164,42906
229165,70122
229166,45358
229167,41030
229168,68269
229169,61222
229170,40000
229171,72862
229172,51622
229173,40000
229174,42470
229175,40000
229176,65405
229177,40000
229178,54624
229179,65420
229180,77458
229181,75989
229182,40000
229183,49971
229184,48587
229185,42667
229186,52694
229187,49800
229188,40000
229189,68452
229190,67576
229191,59930
229192,40088
229193,40000
229194,45641
229195,69466
229196,40000
229197,76038
229198,40000
229199,54126
229200,40000
229201,42895
229202,42629
229203,48149
229204,80543
229205,40000
229206,92597
229207,40000
229208,70075
229209,40000
229210,42512
229211,54721
229212,45858
229213,40000
229214,71255
229215,40000
229216,40000
229217,40000
229218,49310
229219,55776
229220,40000
229221,40000
229222,62208
229223,70236
229224,52710
229225,43226
229226,40000
229227,71639
229228,51531
229229,93449
229230,63929
229231,66305
229232,65185
229233,63890
229234,40000
229235,52270
229236,68567
229237,56098
229238,77930
229239,40000
229240,44535
229241,47182
229242,63204
229243,40000
229244,43834
229245,40000
229246,40000
229247,47343
229248,40000
229249,50025
229250,58330
229251,83969
229252,40000
229253,78834
229254,62661
229255,64438
229256,44134
229257,40000
229258,49248
229259,56381
229260,74864
229261,40000
229262,77854
229263,40000
229264,40992
229265,62009
229266,52232
229267,69206
229268,64479
229269,63445
229270,54258
229271,43728
229272,40000
229273,76637
229274,57455
229275,70101
229276,61362
229277,81868
229278,40000
229279,47734
229280,40000
229281,85579
229282,43222
229283,53400
229284,62162
229285,76603
229286,63256
229287,40000
229288,58714
229289,54534
229290,48360
229291,55253
229292,65820
229293,40000
229294,79841
229295,57783
229296,83126
229297,40000
229298,66662
229299,75592
229300,50087
229301,40000
229302,40000
229303,40000
229304,57400
229305,60813
229306,48724
229307,43602
229308,49929
229309,56585
229310,61472
229311,80472
229312,44881
229313,74622
229314,40000
229315,81314
229316,93762
229317,47951
229318,51398
229319,58680
229320,40000
229321,40000
229322,51256
229323,56686
229324,40000
229325,40000
229326,58768
229327,42255
229328,50660
229329,40000
229330,43272
229331,52794
229332,54560
229333,40000
229334,56315
229335,69958
229336,63797
229337,40000
229338,40000
229339,68315
229340,40000
229341,41415
229342,44298
229343,40000
229344,40000
229345,68084
229346,68401
229347,40000
229348,55123
229349,40384
229350,40000
229351,40000
229352,60798
229353,45801
229354,56227
229355,54059
229356,69694
229357,65787
229358,40000
229359,50779
229360,40000
229361,47346
229362,53604
229363,51842
229364,65238
229365,55804
229366,66493
229367,55171
229368,80782
229369,71555
229370,54003
229371,40000
229372,66923
229373,78654
229374,73662
229375,57005
229376,89275
229377,50000
229378,68032
229379,44054
229380,40000
229381,69828
229382,56818
229383,66607
229384,47651
229385,48515
229386,60980
229387,40000
229388,56021
229389,49500
229390,78288
229391,50035
229392,45395
229393,40000
229394,70171
229395,40000
229396,62777
229397,52502
229398,52174
229399,73186
229400,48952
229401,60926
229402,40000
229403,53396
229404,55086
229405,57636
229406,55958
229407,53072
229408,45570
229409,65142
229410,40000
229411,44830
229412,40000
229413,54177
229414,42902
229415,48782
229416,84478
229417,43585
229418,40000
229419,76888
229420,40308
229421,66128
229422,40000
229423,72960
229424,40000
229425,40000
229426,88580
229427,90435
229428,40000
229429,49480
229430,87999
229431,72942
229432,99210
229433,40000
229434,51218
229435,43181
229436,40000
229437,48722
229438,52568
229439,53434
229440,40000
229441,56687
229442,40000
229443,57021
229444,72830
229445,40000
229446,49889
229447,53898
229448,40000
229449,40000
229450,48569
229451,41244
229452,40000
229453,63834
229454,54557
229455,45785
229456,61624
229457,40000
229458,53457
229459,68793
229460,40000
229461,77682
229462,55575
229463,67300
229464,40000
229465,46739
229466,61368
229467,40000
229468,60063
229469,40000
229470,60006
229471,81531
229472,57880
229473,71931
229474,40000
229475,57487
229476,43733
229477,57324
229478,54069
229479,54234
229480,40000
229481,56999
229482,40000
229483,40000
229484,52534
229485,56774
229486,40000
229487,62590
229488,69184
229489,48739
229490,57928
229491,67044
229492,57260
229493,40000
229494,86936
229495,60316
229496,40000
229497,57904
229498,73782
229499,44213
229500,54670
229501,40000
229502,40000
229503,40000
229504,40000
229505,72704
229506,40000
229507,73351
229508,40000
229509,51304
229510,40000
229511,49374
229512,40000
229513,47231
229514,53491
229515,40000
229516,47887
229517,40000
229518,40000
229519,42002
229520,75437
229521,47192
229522,40719
229523,41876
229524,53147
229525,86650
229526,40000
229527,42581
229528,59926
229529,43468
229530,46852
229531,40000
229532,40000
229533,67837
229534,40000
229535,53113
229536,54688
229537,56227
229538,51708
229539,78484
229540,61872
229541,42771
229542,40000
229543,61510
229544,48516
229545,59230
229546,54880
229547,61762
229548,44935
229549,40000
229550,40000
229551,45260
229552,87877
229553,41836
229554,47630
229555,81103
229556,43956
229557,47473
229558,40000
229559,55876
229560,40000
229561,40000
229562,63842
229563,50119
229564,60362
229565,40000
229566,88462
229567,55963
229568,43980
229569,52863
229570,69096
229571,49364
229572,40000
229573,40000
229574,55514
229575,71868
229576,49123
229577,40000
229578,80217
229579,42083
229580,40000
229581,50700
229582,81564
229583,40000
229584,40000
229585,78978
229586,47851
229587,40000
229588,40463
229589,47012
229590,72211
229591,40000
229592,40000
229593,40000
229594,45795
229595,42470
229596,46756
229597,40000
229598,40000
229599,56191
229600,40000
229601,51725
229602,40000
229603,71659
229604,40000
229605,41768
229606,82356
229607,40000
229608,70362
229609,65209
229610,49883
229611,42033
229612,63778
229613,48271
229614,40000
229615,59318
229616,46918
229617,40000
229618,50769
229619,54757
229620,66723
229621,40000
229622,62303
229623,59409
229624,58125
229625,40789
229626,41671
229627,40542
229628,40000
229629,40000
229630,40000
229631,51285
229632,40000
229633,40000
229634,40000
229635,59038
229636,73265
229637,76059
229638,50888
229639,53557
229640,58645
229641,51158
229642,40000
229643,50992
229644,47743
229645,41173
229646,44668
229647,57572
229648,60960
229649,40000
229650,91761
229651,40000
229652,53993
229653,90125
229654,55222
229655,64938
229656,40000
229657,67083
229658,64103
229659,40000
229660,40000
229661,46070
229662,50319
229663,40088
229664,40000
229665,57903
229666,48013
229667,53869
229668,72955
229669,40000
229670,40000
229671,40000
229672,73328
229673,72847
229674,61260
229675,40000
229676,65687
229677,40000
229678,83163
229679,40495
229680,63448
229681,40000
229682,72842
229683,50317
229684,50461
229685,52077
229686,55056
229687,66167
229688,40000
229689,46630
229690,60001
229691,88079
229692,40000
229693,94084
229694,40000
229695,41442
229696,44303
229697,40000
229698,40000
229699,40000
229700,46194
229701,45356
229702,42711
229703,40000
229704,100727
229705,56802
229706,42721
229707,79985
229708,44986
229709,47771
229710,66186
229711,45563
229712,40000
229713,40281
229714,83805
229715,40000
229716,42157
229717,40000
229718,66670
229719,40000
229720,75937
229721,66321
229722,40000
229723,40000
229724,40000
229725,40000
229726,75647
229727,43638
229728,61322
229729,65737
229730,68241
229731,53046
229732,40000
229733,72987
229734,40000
229735,51269
229736,62688
229737,40000
229738,40000
229739,68251
229740,40000
229741,55586
229742,49587
229743,40000
229744,40000
229745,40000
229746,44715
229747,40000
229748,40000
229749,58224
229750,46789
229751,40000
229752,63034
229753,42287
229754,46807
229755,82149
229756,72744
229757,50108
229758,41579
229759,40000
229760,44138
229761,40000
229762,57234
229763,40000
229764,72816
229765,60210
229766,41326
229767,40000
229768,40000
229769,50015
229770,60304
229771,56152
229772,45861
229773,64845
229774,55565
229775,78041
229776,40000
229777,61407
229778,74516
229779,40000
229780,66857
229781,40000
229782,59362
229783,90653
229784,66907
229785,41046
229786,65589
229787,64850
229788,40097
229789,57774
229790,63777
229791,53753
229792,40000
229793,97288
229794,40000
229795,49295
229796,75260
229797,53203
229798,47971
229799,40000
229800,60644
229801,76524
229802,60943
229803,40049
229804,47273
229805,58916
229806,41488
229807,52088
229808,40000
229809,43798
229810,65624
229811,86001
229812,64954
229813,40000
229814,76612
229815,54702
229816,48458
229817,40000
229818,53830
229819,53781
229820,49587
229821,62604
229822,77506
229823,48178
229824,62496
229825,40000
229826,50577
229827,47169
229828,62230
229829,73310
229830,54228
229831,40000
229832,60764
229833,50909
229834,74083
229835,63401
229836,44875
229837,49773
229838,40000
229839,61280
229840,40000
229841,47811
229842,59679
229843,40000
229844,52245
229845,40000
229846,67801
229847,71366
229848,40000
229849,40000
229850,47348
229851,40000
229852,60080
229853,51400
229854,61148
229855,47487
229856,40000
229857,40000
229858,40000
229859,42161
229860,62138
229861,41938
229862,62290
229863,63535
229864,61420
229865,67259
229866,40000
229867,56674
229868,58961
229869,40000
229870,40000
229871,40000
229872,48942
229873,63432
229874,52444
229875,40000
229876,47332
229877,43210
229878,59914
229879,40000
229880,40000
229881,59486
229882,51930
229883,40000
229884,62374
229885,67211
229886,40000
229887,63927
229888,57744
229889,55945
229890,40000
229891,85609
229892,61121
229893,81137
229894,59205
229895,40000
229896,40000
229897,40000
229898,40000
229899,88516
229900,76987
229901,76437
229902,77127
229903,41972
229904,40000
229905,47066
229906,48336
229907,40000
229908,45672
229909,50574
229910,53526
229911,71949
229912,40000
229913,68457
229914,62468
229915,56736
229916,44564
229917,74358
229918,63648
229919,40000
229920,54178
229921,79103
229922,57716
229923,45227
229924,64953
229925,48095
229926,71324
229927,57182
229928,60085
229929,54644
229930,64662
229931,40000
229932,40000
229933,40000
229934,64231
229935,40000
229936,40000
229937,42260
229938,51226
229939,65188
229940,84398
229941,44101
229942,94412
229943,43523
229944,90163
229945,46880
229946,44750
229947,62014
229948,62932
229949,50008
229950,40000
229951,63737
229952,66644
229953,63583
229954,40000
229955,40000
229956,40000
229957,40000
229958,70513
229959,55309
229960,81420
229961,62439
229962,54406
229963,49269
229964,58548
229965,75146
229966,50804
229967,40000
229968,49001
229969,83964
229970,75949
229971,40000
229972,75672
229973,40000
229974,40000
229975,74394
229976,51849
229977,40000
229978,63360
229979,45845
229980,49193
229981,56315
229982,62229
229983,40000
229984,65304
229985,59154
229986,61934
229987,40000
229988,40000
229989,43914
229990,40000
229991,90398
229992,40000
229993,40000
229994,40000
229995,72868
229996,61471
229997,76930
229998,40000
229999,51171
230000,40000
230001,42207
230002,84438
230003,40000
230004,41773
230005,40000
230006,72045
230007,57601
230008,51924
230009,58440
230010,52907
230011,49707
230012,66631
230013,46516
230014,61705
230015,40000
230016,71413
230017,42183
230018,40000
230019,45542
230020,40000
230021,40000
230022,72627
230023,48133
230024,45061
230025,66933
230026,40000
230027,82003
230028,48161
230029,40000
230030,52339
230031,70744
230032,68810
230033,40000
230034,61747
230035,74933
230036,40000
230037,42446
230038,40000
230039,65551
230040,78833
230041,72055
230042,64292
230043,58162
230044,40000
230045,41612
230046,40000
230047,51291
230048,40000
230049,63991
230050,59503
230051,46748
230052,45286
230053,40000
230054,67204
230055,40000
230056,60280
230057,58599
230058,40000
230059,72848
230060,40000
230061,66200
230062,52382
230063,41589
230064,57996
230065,41330
230066,54802
230067,55397
230068,50571
230069,40000
230070,40000
230071,53061
230072,40000
230073,54946
230074,54673
230075,79764
230076,52580
230077,45793
230078,59824
230079,47953
230080,80718
230081,85914
230082,60979
230083,40000
230084,48864
230085,84993
230086,40000
230087,40000
230088,63251
230089,40000
230090,40000
230091,81078
230092,40000
230093,76325
230094,77653
230095,48465
230096,40000
230097,40000
230098,49249
230099,40000
230100,85966
230101,76995
230102,40000
230103,40000
230104,40000
230105,70982
230106,48652
230107,40000
230108,40000
230109,40000
230110,48166
230111,48618
230112,40000
230113,40000
230114,71527
230115,40000
230116,41757
230117,51493
230118,60632
230119,40000
230120,55497
230121,53003
230122,40000
230123,40000
230124,69552
230125,53757
230126,40000
230127,49231
230128,60344
230129,73723
230130,51344
230131,61692
230132,40000
230133,40000
230134,79635
230135,61622
230136,67344
230137,40589
230138,61685
230139,65448
230140,50155
230141,40000
230142,58764
230143,51148
230144,60305
230145,59897
230146,40000
230147,61756
230148,43277
230149,73278
230150,40000
230151,60015
230152,40000
230153,40000
230154,40000
230155,45639
230156,72491
230157,49848
230158,40000
230159,40000
230160,48502
230161,63028
230162,40000
230163,94592
230164,53316
230165,62925
230166,40000
230167,60741
230168,56829
230169,78485
230170,71559
230171,40000
230172,85806
230173,86079
230174,40000
230175,40000
230176,41930
230177,40000
230178,52927
230179,57712
230180,64416
230181,51609
230182,52111
230183,40000
230184,40000
230185,40000
230186,46767
230187,54817
230188,40000
230189,65147
230190,73678
230191,40000
230192,47951
230193,52705
230194,60126
230195,71462
230196,46351
230197,40000
230198,59298
230199,54153
230200,40000
230201,71931
230202,64675
230203,61960
230204,60159
230205,48188
230206,50158
230207,51820
230208,49460
230209,40000
230210,48213
230211,40191
230212,46271
230213,40000
230214,56644
230215,66544
230216,63903
230217,48641
230218,59914
230219,57731
230220,73749
230221,47979
230222,66910
230223,40000
230224,50915
230225,50021
230226,40000
230227,45513
230228,40000
230229,45405
230230,45716
230231,60296
230232,40107
230233,40000
230234,45811
230235,40000
230236,40000
230237,55057
230238,54671
230239,64897
230240,52891
230241,43682
230242,40000
230243,40596
230244,43378
230245,40000
230246,41491
230247,40000
230248,56289
230249,51136
230250,62857
230251,40000
230252,40000
230253,40000
230254,78290
230255,82887
230256,40000
230257,74133
230258,69145
230259,40000
230260,67504
230261,88604
230262,51948
230263,59951
230264,51513
230265,57028
230266,56560
230267,64234
230268,45728
230269,55306
230270,40000
230271,40000
230272,67540
230273,58945
230274,40000
230275,51915
230276,40000
230277,50040
230278,40000
230279,46921
230280,50635
230281,54920
230282,40000
230283,77568
230284,82174
230285,41135
230286,74095
230287,40000
230288,53391
230289,65934
230290,55642
230291,40000
230292,70833
230293,68411
230294,83901
230295,46205
230296,63527
230297,40721
230298,85580
230299,49484
230300,51534
230301,40000
230302,41587
230303,45432
230304,46612
230305,67922
230306,40000
230307,54369
230308,45045
230309,40696
230310,89341
230311,67409
230312,43285
230313,40000
230314,55955
230315,55041
230316,49341
230317,79427
230318,42348
230319,40000
230320,76304
230321,50835
230322,40000
230323,40000
230324,40000
230325,40000
230326,40000
230327,40000
230328,40000
230329,54306
230330,45067
230331,40000
230332,54026
230333,73014
230334,40000
230335,60944
230336,48628
230337,65145
230338,42939
230339,69035
230340,75890
230341,45930
230342,52067
230343,40000
230344,40000
230345,46425
230346,74136
230347,40000
230348,46678
230349,57380
230350,41466
230351,63932
230352,43832
230353,67592
230354,40000
230355,42957
230356,69862
230357,40567
230358,62276
230359,57834
230360,40000
230361,99876
230362,58249
230363,44849
230364,40000
230365,57246
230366,52128
230367,83695
230368,52529
230369,40000
230370,40000
230371,40000
230372,40000
230373,74096
230374,53088
230375,40000
230376,40000
230377,40000
230378,56173
230379,40000
230380,40000
230381,49674
230382,40000
230383,86533
230384,55212
230385,40000
230386,45612
230387,40000
230388,40000
230389,40000
230390,40000
230391,68397
230392,62692
230393,70088
230394,60867
230395,40000
230396,62536
230397,69460
230398,46315
230399,84691
230400,40000
230401,67778
230402,40000
230403,77921
230404,98181
230405,48056
230406,40000
230407,40000
230408,65376
230409,40000
230410,44799
230411,40000
230412,40000
230413,48687
230414,50474
230415,40000
230416,40000
230417,49752
230418,74055
230419,40000
230420,52000
230421,47512
230422,40000
230423,80450
230424,43135
230425,43999
230426,40000
230427,52723
230428,91098
230429,49785
230430,54428
230431,68103
230432,56467
230433,74135
230434,72315
230435,40000
230436,40000
230437,40000
230438,47510
230439,85221
230440,43935
230441,60289
230442,43629
230443,72127
230444,40000
230445,66903
230446,40000
230447,40000
230448,47477
230449,40000
230450,46769
230451,40075
230452,53953
230453,74075
230454,40000
230455,40000
230456,40000
230457,55928
230458,64408
230459,61388
230460,40000
230461,40000
230462,66906
230463,40000
230464,59047
230465,50080
230466,47699
230467,40000
230468,44739
230469,40000
230470,40000
230471,61015
230472,81722
230473,40000
230474,40000
230475,60777
230476,40000
230477,40000
230478,40000
230479,55480
230480,84819
230481,45526
230482,54591
230483,51583
230484,52413
230485,49353
230486,40000
230487,50301
230488,64378
230489,46082
230490,93703
230491,41753
230492,50440
230493,49953
230494,40000
230495,40000
230496,40000
230497,78757
230498,40000
230499,40000
230500,55794
230501,40000
230502,44344
230503,40000
230504,40000
230505,52181
230506,88626
230507,40000
230508,58120
230509,80995
230510,46861
230511,70132
230512,72335
230513,40000
230514,40000
230515,45156
230516,59892
230517,62307
230518,109525
230519,75465
230520,58828
230521,54574
230522,49633
230523,57057
230524,84458
230525,68914
230526,74150
230527,40000
230528,40000
230529,40000
230530,71429
230531,51534
230532,40000
230533,59542
230534,66865
230535,40000
230536,61803
230537,45089
230538,63970
230539,68954
230540,40000
230541,53294
230542,40000
230543,64429
230544,60486
230545,53459
230546,45786
230547,77414
230548,40000
230549,69183
230550,46472
230551,43630
230552,49280
230553,53965
230554,46619
230555,50938
230556,40000
230557,40000
230558,68526
230559,56435
230560,40000
230561,69842
230562,74257
230563,40000
230564,63099
230565,47655
230566,40000
230567,40000
230568,40000
230569,40000
230570,40000
230571,40000
230572,69295
230573,40000
230574,60880
230575,40000
230576,58591
230577,54834
230578,40000
230579,60150
230580,40000
230581,56104
230582,55217
230583,46892
230584,42617
230585,40000
230586,40000
230587,45401
230588,40000
230589,57046
230590,60760
230591,64714
230592,60020
230593,40000
230594,60983
230595,61634
230596,44281
230597,57070
230598,40000
230599,40000
230600,84187
230601,94267
230602,40000
230603,40000
230604,40000
230605,68590
230606,62690
230607,56401
230608,40000
230609,40000
230610,88182
230611,63635
230612,44272
230613,65644
230614,41964
230615,57076
230616,40000
230617,43319
230618,40000
230619,40000
230620,57346
230621,51756
230622,40000
230623,40000
230624,67498
230625,40000
230626,45904
230627,58513
230628,40000
230629,43836
230630,56019
230631,40000
230632,44531
230633,40000
230634,93636
230635,89587
230636,40000
230637,50429
230638,63845
230639,44830
230640,50709
230641,48949
230642,40000
230643,67085
230644,53445
230645,40065
230646,44378
230647,50732
230648,51695
230649,75042
230650,40000
230651,40000
230652,71784
230653,60168
230654,43138
230655,48041
230656,40000
230657,73008
230658,40000
230659,40000
230660,57854
230661,54032
230662,40000
230663,40000
230664,53493
230665,66863
230666,40000
230667,40000
230668,56596
230669,71113
230670,62048
230671,49431
230672,41317
230673,40000
230674,60751
230675,64933
230676,64420
230677,61978
230678,43224
230679,50484
230680,57730
230681,40000
230682,63144
230683,40000
230684,40000
230685,40000
230686,43529
230687,40000
230688,40000
230689,45823
230690,40000
230691,65609
230692,40000
230693,44716
230694,69118
230695,40000
230696,41517
230697,40000
230698,40000
230699,40000
230700,59488
230701,40000
230702,41888
230703,40000
230704,40000
230705,59046
230706,85939
230707,49640
230708,51961
230709,45885
230710,79620
230711,90691
230712,99247
230713,40000
230714,72418
230715,40000
230716,77088
230717,40000
230718,40000
230719,40000
230720,40000
230721,40000
230722,41106
230723,60245
230724,46668
230725,42875
230726,40000
230727,40000
230728,40000
230729,57680
230730,68971
230731,47511
230732,40000
230733,46019
230734,75277
230735,66899
230736,40000
230737,76816
230738,40000
230739,41027
230740,40000
230741,56952
230742,40000
230743,40000
230744,65645
230745,59600
230746,40000
230747,42730
230748,40000
230749,74573
230750,64050
230751,40000
230752,40000
230753,70636
230754,40000
230755,40341
230756,40000
230757,72594
230758,69984
230759,73062
230760,51862
230761,40000
230762,40000
230763,52998
230764,60022
230765,57582
230766,55066
230767,77032
230768,61936
230769,67251
230770,40000
230771,40865
230772,52371
230773,40000
230774,64092
230775,51130
230776,40000
230777,62820
230778,79577
230779,61223
230780,40000
230781,55874
230782,40000
230783,45523
230784,52248
230785,45544
230786,40000
230787,47208
230788,93718
230789,40000
230790,40000
230791,77681
230792,61193
230793,47834
230794,40000
230795,56030
230796,53031
230797,40000
230798,65536
230799,53486
230800,48598
230801,102623
230802,83262
230803,55794
230804,40000
230805,104598
230806,43508
230807,63588
230808,40000
230809,58243
230810,42933
230811,72850
230812,65553
230813,78602
230814,40000
230815,40000
230816,40000
230817,42641
230818,59474
230819,58756
230820,40000
230821,74116
230822,77674
230823,40000
230824,78213
230825,40442
230826,40000
230827,44204
230828,40000
230829,40000
230830,101527
230831,53619
230832,65471
230833,41945
230834,81142
230835,71985
230836,40000
230837,48591
230838,62544
230839,51518
230840,40126
230841,76394
230842,44543
230843,79819
230844,66838
230845,54920
230846,40007
230847,64624
230848,47836
230849,40000
230850,49717
230851,71557
230852,75827
230853,64395
230854,51682
230855,61503
230856,40000
230857,40000
230858,57381
230859,40000
230860,42224
230861,64206
230862,40000
230863,41023
230864,76516
230865,61136
230866,64533
230867,40000
230868,63320
230869,40562
230870,41406
230871,40000
230872,47557
230873,50160
230874,49829
230875,40000
230876,46163
230877,64432
230878,74249
230879,43994
230880,40000
230881,62916
230882,66771
230883,44783
230884,58090
230885,50920
230886,43201
230887,44436
230888,42151
230889,43371
230890,40000
230891,45256
230892,62603
230893,78563
230894,52254
230895,68058
230896,40000
230897,60247
230898,65686
230899,40000
230900,40000
230901,72152
230902,40000
230903,46729
230904,40000
230905,61686
230906,50033
230907,84715
230908,48487
230909,40000
230910,97360
230911,45836
230912,40911
230913,52452
230914,76282
230915,64672
230916,40618
230917,52851
230918,59093
230919,48782
230920,86601
230921,63062
230922,63712
230923,40000
230924,40000
230925,75325
230926,40000
230927,40000
230928,41625
230929,40000
230930,41227
230931,42766
230932,66323
230933,40000
230934,50625
230935,47847
230936,45122
230937,52217
230938,40000
230939,55651
230940,52651
230941,43892
230942,77673
230943,40000
230944,40000
230945,94981
230946,49028
230947,81567
230948,41420
230949,64179
230950,42289
230951,54574
230952,40000
230953,40000
230954,41941
230955,60992
230956,40000
230957,40000
230958,40000
230959,64330
230960,40000
230961,56869
230962,62708
230963,45408
230964,78493
230965,40000
230966,43361
230967,40000
230968,53973
230969,40000
230970,40000
230971,67414
230972,103534
230973,61222
230974,40000
230975,45059
230976,54612
230977,40000
230978,46619
230979,47489
230980,40000
230981,48068
230982,40000
230983,56113
230984,40000
230985,40000
230986,88196
230987,47280
230988,88116
230989,55399
230990,54487
230991,44214
230992,40000
230993,76265
230994,66153
230995,45719
230996,45741
230997,40000
230998,40000
230999,45084
231000,80877
231001,63505
231002,62427
231003,65531
231004,40000
231005,54316
231006,40000
231007,80077
231008,40000
231009,46214
231010,40000
231011,56055
231012,65655
231013,40000
231014,47989
231015,40000
231016,57949
231017,61636
231018,40000
231019,40000
231020,40000
231021,64189
231022,76114
231023,40000
231024,67598
231025,56786
231026,40000
231027,51518
231028,50810
231029,40000
231030,40000
231031,86722
231032,91639
231033,40000
231034,67819
231035,51958
231036,53719
231037,54640
231038,51080
231039,50145
231040,91767
231041,43757
231042,70735
231043,52368
231044,57238
231045,40000
231046,40000
231047,40000
231048,40000
231049,41790
231050,59086
231051,60551
231052,40000
231053,42343
231054,40000
231055,40000
231056,40000
231057,73245
231058,42177
231059,61664
231060,58422
231061,47333
231062,40000
231063,59188
231064,40000
231065,40000
231066,40000
231067,90062
231068,40000
231069,88709
231070,68936
231071,66362
231072,60299
231073,50821
231074,70060
231075,42714
231076,68835
231077,67549
231078,40000
231079,40000
231080,40000
231081,45005
231082,62727
231083,40972
231084,40000
231085,48381
231086,78417
231087,61728
231088,41434
231089,40000
231090,41570
231091,53927
231092,40000
231093,61468
231094,51748
231095,67276
231096,69454
231097,75234
231098,48115
231099,42243
231100,48259
231101,65781
231102,40000
231103,40333
231104,61466
231105,61518
231106,44456
231107,60222
231108,56658
231109,44965
231110,40000
231111,53108
231112,40000
231113,52423
231114,58639
231115,57708
231116,45497
231117,66812
231118,42820
231119,42995
231120,51963
231121,96508
231122,47604
231123,44489
231124,40000
231125,47887
231126,40000
231127,73359
231128,51387
231129,43497
231130,45251
231131,40000
231132,40000
231133,40000
231134,52779
231135,41176
231136,57416
231137,40000
231138,56206
231139,42881
231140,53617
231141,43233
231142,44549
231143,46727
231144,40000
231145,46892
231146,40000
231147,64095
231148,42323
231149,53228
231150,82183
231151,44239
231152,58030
231153,49981
231154,40000
231155,66506
231156,74597
231157,60344
231158,66664
231159,56699
231160,40000
231161,41083
231162,40000
231163,76706
231164,49562
231165,84626
231166,74258
231167,40547
231168,54128
231169,48737
231170,50856
231171,54141
231172,69265
231173,73737
231174,40000
231175,40000
231176,54813
231177,75665
231178,58681
231179,42861
231180,56627
231181,57578
231182,56491
231183,50222
231184,54351
231185,45357
231186,40000
231187,48135
231188,83593
231189,40000
231190,55021
231191,47128
231192,40000
231193,40000
231194,40000
231195,55916
231196,41197
231197,58467
231198,52853
231199,43979
231200,53743
231201,70940
231202,40000
231203,89486
231204,40000
231205,63348
231206,74434
231207,40000
231208,51675
231209,78287
231210,40000
231211,40000
231212,40000
231213,73912
231214,61723
231215,53217
231216,54854
231217,40000
231218,40000
231219,62762
231220,52930
231221,40000
231222,83550
231223,43453
231224,73366
231225,72974
231226,62459
231227,59729
231228,67514
231229,40000
231230,75809
231231,47943
231232,77670
231233,53083
231234,40768
231235,40000
231236,40000
231237,40000
231238,40000
231239,57965
231240,40000
231241,46877
231242,69404
231243,40000
231244,48621
231245,40087
231246,53888
231247,61736
231248,46399
231249,99385
231250,47381
231251,40000
231252,50775
231253,92965
231254,40000
231255,40000
231256,75098
231257,41938
231258,49181
231259,49333
231260,51123
231261,40977
231262,56549
231263,51099
231264,69955
231265,59071
231266,75858
231267,40000
231268,49021
231269,60851
231270,40000
231271,40000
231272,40000
231273,57814
231274,65742
231275,46634
231276,69107
231277,56612
231278,56063
231279,67446
231280,40000
231281,51195
231282,40000
231283,73641
231284,58081
231285,42013
231286,47515
231287,56658
231288,71199
231289,40000
231290,40000
231291,40000
231292,55963
231293,49082
231294,40000
231295,88725
231296,40000
231297,70253
231298,40000
231299,40000
231300,61640
231301,61148
231302,71748
231303,40000
231304,40000
231305,63650
231306,85935
231307,55131
231308,62419
231309,68412
231310,82812
231311,40000
231312,61098
231313,42014
231314,54603
231315,46924
231316,40000
231317,59344
231318,46868
231319,67663
231320,40000
231321,43313
231322,56628
231323,50692
231324,40000
231325,76247
231326,42230
231327,40000
231328,40446
231329,40000
231330,70452
231331,42565
231332,81661
231333,40000
231334,52147
231335,40000
231336,40000
231337,40000
231338,40000
231339,48902
231340,53448
231341,45405
231342,67729
231343,44316
231344,42178
231345,41999
231346,40000
231347,40000
231348,58137
231349,50319
231350,41954
231351,48273
231352,81466
231353,42572
231354,42089
231355,40000
231356,40000
231357,42601
231358,40000
231359,40000
231360,40000
231361,56682
231362,50313
231363,40000
231364,60830
231365,40000
231366,80906
231367,57232
231368,50368
231369,40000
231370,40000
231371,63678
231372,48855
231373,54993
231374,40000
231375,40000
231376,40000
231377,45532
231378,60742
231379,56194
231380,67116
231381,70403
231382,47216
231383,51990
231384,40000
231385,46099
231386,52791
231387,52160
231388,40000
231389,59659
231390,40000
231391,47712
231392,40000
231393,50072
231394,41920
231395,47364
231396,60006
231397,55529
231398,50870
231399,42047
231400,45632
231401,40000
231402,63057
231403,40000
231404,40000
231405,68300
231406,58394
231407,40000
231408,45689
231409,53770
231410,62412
231411,69588
231412,48812
231413,42682
231414,42475
231415,40000
231416,54044
231417,44186
231418,40000
231419,59488
231420,100068
231421,40000
231422,46376
231423,76924
231424,69306
231425,40000
231426,40000
231427,40000
231428,71492
231429,63971
231430,80378
231431,40000
231432,61699
231433,40000
231434,68124
231435,40000
231436,40000
231437,40000
231438,40500
231439,85439
231440,69411
231441,40000
231442,84179
231443,70307
231444,44721
231445,40000
231446,40000
231447,51350
231448,57165
231449,40000
231450,58766
231451,75956
231452,40277
231453,40000
231454,61788
231455,50211
231456,76798
231457,62213
231458,40000
231459,55246
231460,47622
231461,40000
231462,79710
231463,58300
231464,68503
231465,40000
231466,48155
231467,48031
231468,40000
231469,40000
231470,49642
231471,48033
231472,40000
231473,40000
231474,40000
231475,77865
231476,41322
231477,48678
231478,43754
231479,52523
231480,40000
231481,40000
231482,53020
231483,40000
231484,44255
231485,73873
231486,55079
231487,65553
231488,47913
231489,48647
231490,41184
231491,64250
231492,63936
231493,63969
231494,71715
231495,66243
231496,40000
231497,40000
231498,40000
231499,48696
231500,40000
231501,58316
231502,40000
231503,40000
231504,81133
231505,46011
231506,40000
231507,40000
231508,42881
231509,40000
231510,41053
231511,66026
231512,40000
231513,48970
231514,51720
231515,66073
231516,70662
231517,65820
231518,73339
231519,58048
231520,40000
231521,40000
231522,40000
231523,83043
231524,74809
231525,82876
231526,93581
231527,60680
231528,56444
231529,40000
231530,67173
231531,52002
231532,40000
231533,40000
231534,42441
231535,40000
231536,40240
231537,40000
231538,47436
231539,40000
231540,63248
231541,52948
231542,83839
231543,71156
231544,78980
231545,40000
231546,40000
231547,58214
231548,68823
231549,52610
231550,41992
231551,54020
231552,40000
231553,48322
231554,67222
231555,67422
231556,56956
231557,40000
231558,64287
231559,61080
231560,65121
231561,46295
231562,48613
231563,54532
231564,45322
231565,49684
231566,50472
231567,45588
231568,40000
231569,44008
231570,56007
231571,68233
231572,47320
231573,40000
231574,62506
231575,65801
231576,63280
231577,80418
231578,96520
231579,40633
231580,40000
231581,45444
231582,87993
231583,40000
231584,40000
231585,51673
231586,71623
231587,40000
231588,40000
231589,57565
231590,55419
231591,84278
231592,51561
231593,40000
231594,45302
231595,80504
231596,43576
231597,60208
231598,80115
231599,67530
231600,49809
231601,45236
231602,40000
231603,72551
231604,53827
231605,87979
231606,43165
231607,54748
231608,40288
231609,102201
231610,66936
231611,53618
231612,53880
231613,69500
231614,48984
231615,46445
231616,40000
231617,42538
231618,54927
231619,40000
231620,40000
231621,40000
231622,66146
231623,74669
231624,82684
231625,40000
231626,40000
231627,59279
231628,45663
231629,49446
231630,58479
231631,45931
231632,48468
231633,50323
231634,59878
231635,40000
231636,40000
231637,68427
231638,40000
231639,51926
231640,51636
231641,40000
231642,75074
231643,48153
231644,41912
231645,70033
231646,40000
231647,73873
231648,40000
231649,54830
231650,40000
231651,75817
231652,51637
231653,45482
231654,54495
231655,58481
231656,40000
231657,51301
231658,40000
231659,40000
231660,45966
231661,57156
231662,40000
231663,78528
231664,66860
231665,40000
231666,79683
231667,40000
231668,83366
231669,93654
231670,72583
231671,40000
231672,70062
231673,70198
231674,40000
231675,56345
231676,40000
231677,40000
231678,52055
231679,40000
231680,43805
231681,54600
231682,46847
231683,49715
231684,63061
231685,40000
231686,66942
231687,40000
231688,61595
231689,40000
231690,70599
231691,70028
231692,66712
231693,65149
231694,101825
231695,40000
231696,82240
231697,44954
231698,79392
231699,40000
231700,41863
231701,40000
231702,56117
231703,72421
231704,40000
231705,55200
231706,57246
231707,68055
231708,69779
231709,73037
231710,40000
231711,87995
231712,68717
231713,63651
231714,63494
231715,40000
231716,56541
231717,40000
231718,58596
231719,65156
231720,51978
231721,64069
231722,47178
231723,40000
231724,44427
231725,40000
231726,40000
231727,40000
231728,40000
231729,54681
231730,40000
231731,40000
231732,45033
231733,70013
231734,49084
231735,40000
231736,40000
231737,46212
231738,54517
231739,40000
231740,72876
231741,40735
231742,40000
231743,67514
231744,70749
231745,47259
231746,40000
231747,62898
231748,47969
231749,40000
231750,68697
231751,40000
231752,61487
231753,40000
231754,80904
231755,40000
231756,40000
231757,59072
231758,40000
231759,75068
231760,53218
231761,40000
231762,40193
231763,40000
231764,45361
231765,44589
231766,58661
231767,68252
231768,42885
231769,42564
231770,71747
231771,40000
231772,51349
231773,40000
231774,51157
231775,40000
231776,60529
231777,40000
231778,55163
231779,58302
231780,76334
231781,72432
231782,44549
231783,63844
231784,40000
231785,67741
231786,40000
231787,51294
231788,46348
231789,62502
231790,40000
231791,53010
231792,78458
231793,40000
231794,71867
231795,62591
231796,54749
231797,40000
231798,46062
231799,44241
231800,40000
231801,40000
231802,76206
231803,40000
231804,76113
231805,40000
231806,75581
231807,63198
231808,55298
231809,59716
231810,40000
231811,49481
231812,40000
231813,41626
231814,46160
231815,59306
231816,41447
231817,55388
231818,60042
231819,46286
231820,40000
231821,40000
231822,41681
231823,47668
231824,61768
231825,54423
231826,53152
231827,40000
231828,64612
231829,40000
231830,88592
231831,40000
231832,40000
231833,40000
231834,74578
231835,40000
231836,47906
231837,40000
231838,59285
231839,40000
231840,40000
231841,63788
231842,40000
231843,47332
231844,40000
231845,53124
231846,41992
231847,40000
231848,63246
231849,55149
231850,83489
231851,81767
231852,40000
231853,40000
231854,40000
231855,93223
231856,40000
231857,40000
231858,62183
231859,62774
231860,78874
231861,52665
231862,63790
231863,40000
231864,40000
231865,45625
231866,40263
231867,40000
231868,80698
231869,46385
231870,63987
231871,40289
231872,40000
231873,43308
231874,50943
231875,40000
231876,40000
231877,74458
231878,61874
231879,61900
231880,43836
231881,66908
231882,75390
231883,57391
231884,40000
231885,80423
231886,40000
231887,88339
231888,53744
231889,79290
231890,40000
231891,74026
231892,53649
231893,66884
231894,40000
231895,40000
231896,40000
231897,40000
231898,40000
231899,40000
231900,74179
231901,53324
231902,40000
231903,67243
231904,40000
231905,55530
231906,59670
231907,57202
231908,42043
231909,82938
231910,46140
231911,61742
231912,62567
231913,40000
231914,40000
231915,43324
231916,40000
231917,50785
231918,62273
231919,45267
231920,59008
231921,55945
231922,50165
231923,44154
231924,40756
231925,41829
231926,48819
231927,71216
231928,40917
231929,40000
231930,40000
231931,78024
231932,77004
231933,40000
231934,40000
231935,40000
231936,40000
231937,72164
231938,40000
231939,52042
231940,40000
231941,40000
231942,40000
231943,43331
231944,40000
231945,64018
231946,78085
231947,50761
231948,86316
231949,56545
231950,52600
231951,56247
231952,52909
231953,40000
231954,61639
231955,68838
231956,54080
231957,48379
231958,40000
231959,66327
231960,40000
231961,40000
231962,71135
231963,44413
231964,59706
231965,40000
231966,40000
231967,41160
231968,50942
231969,40000
231970,40000
231971,40000
231972,40000
231973,40000
231974,40000
231975,40000
231976,66464
231977,73504
231978,40000
231979,67478
231980,40000
231981,52908
231982,53930
231983,40000
231984,42030
231985,53697
231986,40507
231987,62248
231988,40000
231989,70351
231990,41170
231991,74556
231992,40000
231993,40000
231994,61575
231995,73456
231996,52167
231997,40000
231998,40000
231999,54552
232000,41012
232001,85637
232002,40000
232003,58808
232004,40000
232005,40000
232006,77285
232007,50223
232008,58583
232009,40000
232010,45587
232011,40000
232012,79349
232013,80039
232014,76645
232015,60121
232016,40000
232017,41428
232018,45609
232019,40000
232020,40000
232021,40647
232022,40000
232023,52762
232024,40000
232025,52905
232026,45868
232027,53924
232028,69817
232029,65414
232030,40000
232031,58388
232032,40000
232033,55362
232034,40000
232035,40000
232036,46866
232037,57769
232038,40000
232039,74382
232040,52564
232041,54441
232042,40000
232043,40000
232044,58068
232045,40000
232046,40000
232047,40000
232048,47037
232049,57309
232050,55575
232051,40000
232052,52286
232053,40000
232054,40000
232055,43148
232056,84944
232057,40000
232058,40000
232059,40000
232060,40000
232061,55113
232062,81503
232063,54179
232064,40000
232065,46977
232066,40000
232067,55385
232068,51328
232069,40000
232070,41130
232071,42329
232072,48080
232073,46559
232074,46384
232075,59003
232076,79721
232077,40000
232078,88945
232079,67138
232080,63084
232081,40000
232082,40004
232083,40000
232084,45584
232085,60269
232086,64155
232087,40000
232088,40000
232089,40000
232090,58205
232091,52133
232092,40000
232093,47242
232094,67881
232095,40000
232096,40000
232097,63878
232098,56339
232099,40000
232100,79712
232101,40000
232102,61568
232103,40000
232104,40000
232105,52175
232106,71355
232107,47895
232108,40000
232109,40000
232110,62866
232111,42336
232112,40000
232113,71438
232114,73147
232115,40000
232116,40000
232117,40000
232118,67274
232119,40000
232120,73617
232121,40000
232122,52420
232123,40000
232124,42560
232125,50351
232126,40000
232127,67237
232128,40000
232129,40000
232130,59476
232131,63063
232132,40000
232133,71135
232134,48500
232135,40000
232136,50948
232137,40000
232138,41908
232139,40000
232140,40000
232141,64859
232142,40000
232143,40000
232144,74228
232145,40000
232146,40000
232147,40000
232148,78820
232149,40000
232150,46996
232151,40000
232152,60502
232153,46762
232154,67022
232155,40000
232156,40000
232157,44561
232158,51241
232159,50908
232160,43120
232161,51753
232162,52108
232163,74226
232164,72428
232165,40000
232166,40000
232167,40000
232168,40000
232169,40000
232170,50723
232171,45998
232172,74862
232173,40000
232174,54468
232175,64470
232176,64435
232177,40000
232178,40000
232179,43250
232180,40000
232181,76776
232182,60901
232183,46516
232184,40000
232185,62277
232186,60231
232187,40000
232188,66882
232189,76835
232190,47415
232191,40000
232192,40000
232193,64382
232194,40000
232195,69518
232196,63176
232197,82926
232198,53163
232199,79933
232200,40000
232201,81443
232202,72791
232203,40000
232204,65338
232205,44308
232206,40000
232207,76641
232208,40000
232209,46339
232210,58913
232211,83003
232212,66921
232213,40000
232214,40000
232215,60031
232216,68753
232217,64807
232218,40000
232219,95468
232220,73191
232221,46207
232222,40000
232223,40000
232224,62979
232225,51566
232226,48364
232227,62140
232228,56831
232229,74823
232230,40000
232231,40000
232232,54720
232233,69309
232234,44603
232235,51906
232236,40000
232237,40000
232238,40000
232239,45134
232240,74514
232241,71543
232242,40226
232243,49879
232244,62598
232245,40000
232246,68104
232247,40000
232248,40000
232249,61532
232250,58147
232251,40000
232252,40000
232253,56989
232254,42431
232255,83930
232256,40000
232257,40000
232258,40000
232259,40000
232260,47929
232261,40000
232262,58690
232263,40000
232264,40000
232265,40000
232266,40000
232267,47828
232268,66919
232269,63667
232270,40071
232271,40000
232272,40000
232273,61751
232274,42260
232275,40000
232276,40000
232277,47521
232278,40000
232279,84916
232280,54607
232281,65149
232282,58090
232283,51638
232284,60964
232285,48998
232286,47260
232287,40000
232288,53322
232289,66678
232290,47038
232291,47633
232292,40000
232293,88336
232294,40000
232295,41549
232296,47516
232297,40000
232298,40000
232299,62368
232300,72351
232301,73062
232302,50935
232303,52478
232304,43136
232305,43957
232306,61957
232307,70275
232308,40000
232309,50500
232310,45205
232311,60724
232312,49904
232313,80850
232314,40000
232315,41876
232316,40000
232317,40000
232318,40000
232319,42752
232320,40000
232321,40000
232322,40000
232323,54418
232324,64320
232325,88480
232326,55969
232327,40000
232328,40000
232329,68836
232330,70063
232331,80432
232332,58568
232333,55641
232334,40000
232335,40193
232336,40000
232337,40000
232338,54601
232339,40000
232340,65125
232341,90918
232342,40000
232343,40000
232344,60591
232345,47378
232346,53319
232347,40000
232348,51093
232349,85160
232350,54377
232351,40000
232352,46415
232353,40000
232354,49807
232355,47662
232356,84717
232357,51755
232358,84302
232359,44159
232360,62509
232361,46565
232362,40000
232363,50796
232364,43298
232365,50115
232366,40000
232367,52737
232368,52031
232369,40000
232370,47489
232371,44044
232372,59831
232373,40000
232374,50772
232375,40000
232376,57835
232377,41148
232378,70408
232379,51294
232380,40000
232381,70837
232382,69964
232383,72442
232384,40000
232385,47569
232386,79944
232387,40000
232388,40000
232389,68963
232390,40000
232391,40000
232392,74108
232393,57826
232394,40000
232395,42592
232396,53595
232397,61343
232398,45779
232399,40000
232400,53275
232401,60155
232402,89784
232403,61625
232404,76145
232405,40000
232406,53165
232407,63247
232408,53722
232409,80444
232410,58530
232411,64016
232412,40000
232413,40000
232414,44433
232415,52065
232416,59754
232417,40000
232418,41507
232419,51927
232420,45894
232421,40000
232422,40000
232423,40000
232424,86080
232425,40000
232426,52275
232427,40000
232428,76340
232429,40000
232430,40433
232431,71123
232432,40000
232433,42339
232434,53711
232435,47153
232436,68841
232437,65943
232438,60527
232439,72471
232440,40000
232441,40000
232442,78323
232443,53568
232444,42450
232445,47639
232446,44586
232447,61958
232448,40000
232449,52426
232450,40000
232451,46696
232452,40000
232453,65458
232454,40000
232455,40000
232456,60937
232457,40000
232458,69324
232459,69329
232460,42824
232461,40000
232462,88367
232463,71079
232464,48208
232465,47486
232466,52637
232467,58637
232468,46945
232469,82247
232470,40000
232471,80957
232472,60672
232473,40000
232474,68357
232475,50194
232476,55276
232477,55976
232478,64972
232479,40000
232480,43541
232481,46387
232482,63996
232483,51902
232484,63741
232485,40000
232486,71326
232487,54609
232488,69188
232489,57068
232490,40000
232491,59220
232492,40000
232493,46590
232494,65539
232495,78226
232496,52917
232497,74788
232498,72965
232499,53816
232500,40000
232501,43750
232502,91925
232503,40000
232504,68839
232505,56957
232506,70683
232507,63210
232508,48048
232509,95339
232510,40000
232511,75006
232512,40000
232513,40000
232514,40000
232515,49042
232516,40000
232517,57123
232518,61901
232519,40000
232520,44050
232521,42368
232522,70901
232523,68777
232524,40000
232525,44812
232526,57551
232527,62517
232528,54703
232529,40000
232530,81491
232531,40000
232532,40000
232533,40000
232534,50029
232535,49743
232536,58883
232537,42840
232538,40000
232539,40000
232540,76576
232541,40000
232542,60895
232543,45656
232544,92765
232545,46111
232546,40000
232547,50853
232548,78656
232549,45063
232550,63140
232551,40000
232552,40000
232553,53594
232554,40000
232555,46516
232556,55998
232557,40000
232558,73306
232559,54630
232560,46189
232561,61220
232562,50740
232563,49727
232564,83949
232565,56678
232566,44356
232567,49878
232568,80148
232569,67267
232570,47462
232571,72748
232572,40000
232573,50597
232574,75680
232575,93113
232576,51898
232577,64375
232578,40000
232579,69345
232580,40000
232581,69709
232582,61716
232583,40000
232584,56733
232585,40000
232586,40000
232587,55499
232588,88384
232589,40000
232590,45062
232591,40000
232592,40000
232593,40000
232594,75485
232595,61206
232596,44838
232597,40000
232598,67853
232599,92502
232600,40000
232601,40000
232602,49804
232603,56954
232604,48147
232605,82991
232606,49535
232607,40000
232608,44645
232609,48530
232610,47004
232611,40000
232612,40000
232613,40000
232614,40000
232615,66418
232616,51133
232617,62009
232618,64159
232619,80892
232620,44851
232621,40000
232622,48377
232623,40000
232624,40000
232625,47553
232626,40000
232627,40000
232628,61354
232629,40000
232630,46015
232631,40000
232632,47322
232633,50851
232634,42547
232635,40000
232636,60518
232637,40000
232638,46402
232639,50270
232640,40000
232641,47837
232642,40000
232643,55801
232644,45003
232645,79567
232646,40000
232647,40000
232648,41423
232649,65314
232650,40000
232651,58690
232652,40000
232653,40000
232654,40000
232655,40000
232656,88766
232657,72979
232658,68346
232659,62105
232660,40000
232661,40000
232662,49889
232663,45220
232664,40000
232665,84950
232666,56308
232667,76134
232668,40000
232669,50926
232670,40000
232671,49469
232672,68369
232673,56855
232674,46674
232675,50984
232676,47574
232677,40000
232678,40000
232679,40000
232680,44201
232681,47752
232682,44692
232683,60750
232684,46353
232685,68468
232686,52341
232687,77085
232688,40000
232689,40000
232690,92318
232691,51785
232692,64910
232693,43827
232694,40000
232695,65335
232696,72063
232697,40000
232698,66733
232699,40000
232700,66113
232701,40214
232702,40000
232703,40000
232704,40000
232705,40000
232706,47372
232707,40000
232708,43378
232709,44008
232710,40000
232711,40480
232712,50552
232713,83706
232714,45259
232715,40000
232716,66737
232717,40000
232718,40000
232719,40000
232720,59723
232721,40000
232722,55443
232723,40000
232724,59879
232725,76094
232726,46026
232727,64543
232728,40000
232729,56255
232730,42809
232731,47648
232732,58293
232733,83921
232734,40000
232735,40000
232736,46787
232737,40000
232738,46060
232739,58781
232740,54041
232741,55310
232742,40000
232743,40000
232744,40000
232745,59123
232746,40000
232747,73054
232748,40000
232749,40000
232750,50390
232751,40000
232752,44261
232753,100993
232754,58728
232755,72944
232756,56521
232757,40000
232758,65212
232759,40000
232760,40000
232761,84770
232762,55212
232763,40000
232764,54051
232765,66817
232766,40000
232767,59863
232768,40298
232769,44624
232770,40000
232771,40774
232772,74705
232773,63577
232774,65755
232775,55433
232776,40000
232777,47193
232778,96495
232779,40000
232780,40000
232781,71167
232782,47599
232783,40000
232784,40000
232785,50267
232786,54822
232787,42733
232788,69551
232789,40000
232790,48839
232791,40000
232792,54353
232793,40000
232794,40000
232795,40000
232796,44771
232797,66958
232798,42083
232799,72345
232800,40000
232801,96995
232802,47113
232803,83096
232804,46717
232805,53652
232806,40000
232807,111745
232808,40000
232809,73459
232810,59581
232811,67034
232812,40000
232813,40000
232814,55298
232815,57980
232816,40000
232817,40000
232818,40000
232819,40000
232820,40000
232821,89499
232822,40000
232823,51747
232824,51322
232825,51802
232826,54341
232827,40000
232828,40000
232829,40000
232830,45863
232831,40000
232832,66810
232833,89905
232834,40000
232835,66369
232836,56590
232837,66808
232838,55140
232839,45431
232840,62554
232841,52606
232842,56296
232843,56790
232844,40000
232845,40000
232846,63111
232847,70973
232848,56798
232849,40000
232850,63216
232851,40000
232852,75873
232853,56121
232854,44325
232855,63187
232856,73126
232857,76574
232858,40000
232859,40000
232860,42378
232861,85082
232862,69579
232863,85015
232864,40997
232865,40000
232866,106308
232867,47338
232868,53801
232869,40835
232870,62493
232871,72266
232872,45587
232873,40000
232874,40000
232875,54935
232876,40000
232877,74756
232878,40845
232879,43306
232880,40000
232881,44081
232882,82153
232883,62549
232884,55227
232885,40000
232886,68323
232887,40000
232888,43882
232889,67247
232890,40000
232891,47752
232892,59930
232893,40000
232894,80494
232895,62794
232896,64080
232897,45363
232898,69170
232899,43310
232900,40000
232901,49418
232902,40000
232903,76582
232904,58472
232905,74935
232906,53999
232907,47728
232908,61904
232909,40000
232910,63854
232911,47135
232912,42128
232913,75565
232914,56693
232915,40000
232916,43440
232917,40000
232918,64617
232919,45580
232920,40000
232921,58012
232922,77968
232923,40000
232924,40000
232925,73195
232926,72026
232927,80744
232928,40000
232929,60860
232930,51978
232931,61808
232932,40000
232933,60920
232934,47867
232935,70089
232936,48301
232937,55581
232938,40000
232939,55908
232940,40000
232941,56819
232942,64430
232943,40000
232944,40000
232945,57776
232946,53914
232947,58343
232948,65988
232949,40000
232950,60348
232951,67248
232952,76120
232953,49671
232954,40000
232955,47676
232956,61823
232957,54438
232958,76030
232959,55047
232960,40000
232961,40000
232962,47831
232963,56382
232964,42660
232965,40866
232966,46316
232967,98060
232968,47505
232969,69356
232970,85133
232971,50157
232972,62257
232973,44242
232974,52513
232975,83066
232976,74300
232977,54497
232978,72614
232979,60890
232980,56106
232981,40000
232982,65397
232983,65375
232984,40000
232985,40000
232986,40000
232987,52314
232988,40000
232989,63364
232990,40000
232991,40000
232992,40000
232993,40000
232994,64587
232995,82110
232996,40000
232997,46183
232998,41509
232999,67561
233000,40000
233001,58604
233002,53848
233003,51821
233004,65954
233005,40000
233006,40000
233007,40000
233008,40000
233009,40000
233010,43088
233011,55783
233012,40000
233013,54335
233014,42985
233015,64446
233016,48313
233017,50246
233018,58967
233019,45690
233020,63487
233021,69117
233022,65738
233023,40000
233024,40000
233025,46216
233026,40000
233027,48866
233028,50080
233029,40000
233030,53542
233031,48832
233032,45793
233033,63638
233034,40000
233035,40000
233036,40433
233037,43717
233038,48555
233039,40000
233040,45366
233041,45100
233042,40000
233043,47551
233044,57296
233045,40000
233046,40000
233047,40000
233048,86832
233049,61360
233050,77644
233051,71974
233052,40000
233053,60814
233054,61301
233055,45916
233056,84074
233057,46294
233058,50134
233059,62291
233060,40000
233061,55953
233062,40000
233063,71152
233064,40000
233065,45873
233066,56419
233067,40000
233068,40000
233069,40000
233070,68564
233071,47283
233072,77317
233073,57434
233074,74427
233075,48663
233076,42964
233077,58508
233078,69883
233079,40000
233080,64438
233081,54141
233082,58270
233083,77013
233084,43787
233085,77757
233086,52029
233087,88108
233088,40000
233089,90148
233090,49854
233091,60760
233092,45425
233093,40000
233094,40000
233095,42434
233096,40000
233097,62261
233098,73006
233099,73105
233100,40000
233101,74143
233102,40000
233103,40000
233104,40942
233105,47815
233106,73291
233107,52576
233108,65799
233109,66546
233110,40173
233111,71831
233112,40000
233113,84866
233114,78365
233115,56383
233116,60572
233117,77161
233118,40000
233119,75537
233120,40000
233121,40000
233122,40000
233123,83364
233124,62149
233125,49994
233126,40000
233127,72043
233128,45603
233129,40000
233130,40000
233131,63393
233132,53972
233133,65015
233134,40000
233135,44518
233136,48950
233137,42820
233138,62205
233139,40000
233140,40000
233141,49044
233142,46966
233143,42735
233144,48748
233145,49387
233146,45548
233147,44153
233148,40000
233149,54475
233150,52675
233151,41812
233152,40022
233153,63420
233154,56654
233155,40575
233156,71036
233157,48055
233158,61199
233159,77940
233160,52308
233161,55652
233162,78605
233163,81892
233164,40000
233165,40000
233166,44156
233167,63202
233168,63356
233169,64356
233170,40000
233171,52982
233172,49909
233173,58230
233174,49701
233175,40000
233176,45410
233177,96540
233178,62314
233179,86104
233180,40000
233181,40083
233182,40000
233183,87556
233184,50012
233185,47577
233186,66385
233187,58358
233188,55988
233189,62640
233190,64152
233191,86541
233192,66453
233193,40000
233194,41489
233195,67824
233196,58340
233197,40000
233198,91844
233199,45872
233200,40000
233201,40000
233202,44103
233203,63543
233204,45072
233205,40000
233206,58852
233207,47005
233208,75739
233209,40000
233210,75340
233211,40000
233212,43816
233213,59360
233214,52524
233215,40000
233216,40341
233217,44828
233218,48070
233219,40000
233220,52029
233221,58218
233222,72344
233223,40000
233224,40000
233225,40000
233226,45352
233227,40000
233228,54770
233229,62326
233230,40000
233231,61196
233232,40000
233233,40000
233234,40246
233235,40000
233236,56565
233237,72957
233238,54481
233239,40000
233240,40929
233241,40000
233242,54484
233243,40584
233244,40000
233245,49111
233246,67415
233247,40000
233248,69341
233249,40000
233250,96162
233251,60431
233252,48765
233253,45847
233254,53786
233255,40945
233256,43005
233257,86522
233258,71766
233259,40000
233260,83378
233261,49333
233262,66961
233263,42192
233264,65108
233265,44688
233266,77767
233267,49612
233268,42050
233269,71285
233270,53679
233271,49919
233272,40000
233273,43078
233274,52188
233275,53032
233276,40000
233277,55807
233278,44669
233279,84882
233280,44779
233281,66794
233282,40000
233283,44345
233284,56865
233285,40000
233286,63846
233287,40000
233288,40000
233289,54614
233290,73621
233291,57729
233292,41893
233293,67220
233294,80566
233295,40000
233296,40000
233297,47935
233298,49237
233299,67205
233300,48320
233301,78852
233302,55571
233303,54071
233304,61949
233305,57168
233306,41703
233307,45542
233308,43397
233309,40000
233310,52666
233311,63831
233312,48627
233313,47860
233314,40000
233315,53171
233316,40000
233317,40000
233318,50974
233319,40000
233320,60881
233321,68522
233322,43855
233323,90053
233324,59326
233325,40000
233326,40000
233327,58336
233328,40000
233329,40000
233330,51730
233331,62319
233332,59497
233333,66774
233334,40338
233335,40000
233336,54429
233337,60768
233338,40000
233339,80028
233340,54793
233341,40000
233342,40000
233343,40000
233344,40000
233345,62031
233346,40000
233347,40000
233348,61250
233349,69320
233350,43397
233351,40000
233352,41662
233353,58230
233354,40000
233355,51210
233356,40000
233357,40000
233358,84936
233359,41618
233360,73064
233361,49211
233362,53630
233363,40000
233364,44860
233365,42986
233366,53138
233367,63463
233368,40000
233369,40000
233370,47981
233371,40000
233372,40000
233373,65003
233374,40076
233375,46125
233376,40170
233377,40000
233378,40000
233379,49341
233380,40000
233381,40000
233382,59089
233383,42772
233384,40000
233385,40000
233386,52740
233387,63496
233388,50032
233389,66678
233390,40000
233391,59393
233392,54663
233393,66108
233394,40000
233395,40000
233396,40000
233397,63272
233398,56605
233399,43211
233400,53951
233401,40000
233402,40000
233403,59369
233404,42341
233405,55203
233406,46912
233407,57533
233408,68545
233409,62186
233410,72219
233411,40000
233412,40000
233413,40410
233414,42828
233415,40000
233416,44754
233417,40000
233418,41391
233419,70602
233420,44295
233421,40000
233422,69555
233423,53686
233424,51292
233425,40000
233426,40990
233427,90008
233428,50413
233429,50139
233430,40000
233431,49460
233432,104636
233433,40000
233434,40000
233435,62538
233436,40000
233437,42324
233438,57507
233439,54879
233440,49702
233441,54582
233442,69044
233443,40000
233444,71415
233445,57395
233446,57181
233447,49429
233448,74775
233449,65499
233450,71589
233451,43964
233452,43111
233453,68765
233454,67649
233455,40000
233456,49856
233457,68698
233458,97184
233459,47252
233460,45502
233461,54674
233462,40000
233463,40000
233464,50229
233465,55007
233466,51180
233467,56690
233468,40000
233469,40000
233470,44897
233471,58609
233472,45670
233473,85984
233474,41991
233475,52687
233476,49060
233477,58420
233478,66655
233479,91142
233480,42571
233481,40000
233482,57968
233483,40000
233484,42601
233485,42820
233486,40000
233487,76751
233488,40000
233489,41656
233490,87242
233491,62850
233492,57414
233493,80627
233494,40000
233495,55208
233496,48274
233497,55323
233498,40000
233499,40000
233500,40000
233501,40000
233502,40000
233503,42893
233504,57954
233505,52363
233506,40000
233507,40000
233508,40000
233509,69221
233510,48417
233511,64583
233512,54988
233513,48753
233514,47399
233515,40000
233516,45071
233517,40000
233518,45457
233519,43750
233520,82880
233521,41673
233522,43584
233523,80750
233524,41718
233525,53645
233526,40000
233527,49965
233528,85757
233529,40000
233530,40000
233531,40000
233532,61190
233533,40000
233534,44275
233535,40000
233536,61836
233537,46899
233538,44152
233539,52167
233540,40000
233541,64502
233542,40000
233543,40000
233544,107207
233545,40000
233546,51268
233547,97112
233548,40000
233549,50132
233550,64361
233551,40000
233552,75308
233553,47200
233554,51817
233555,51022
233556,78509
233557,40000
233558,40000
233559,87391
233560,60789
233561,60274
233562,72515
233563,40000
233564,51017
233565,73278
233566,45184
233567,46333
233568,48267
233569,70368
233570,51752
233571,40000
233572,51557
233573,40000
233574,40000
233575,43411
233576,50891
233577,66619
233578,44872
233579,85009
233580,45898
233581,40000
233582,81086
233583,71597
233584,51488
233585,79459
233586,60020
233587,40000
233588,89133
233589,40000
233590,40000
233591,44924
233592,77435
233593,52645
233594,80687
233595,59069
233596,72966
233597,48746
233598,60803
233599,65114
233600,76781
233601,72831
233602,59483
233603,68868
233604,40000
233605,40000
233606,86499
233607,40000
233608,67909
233609,81484
233610,80097
233611,40000
233612,44274
233613,69544
233614,49518
233615,64453
233616,64301
233617,67936
233618,53894
233619,54657
233620,47593
233621,59194
233622,100993
233623,55766
233624,40000
233625,78595
233626,42656
233627,40000
233628,55829
233629,60064
233630,61333
233631,57844
233632,77262
233633,40000
233634,45893
233635,40000
233636,40000
233637,41791
233638,68585
233639,53886
233640,80108
233641,76645
233642,40000
233643,44414
233644,48523
233645,83926
233646,54536
233647,84780
233648,54999
233649,40000
233650,54232
233651,40000
233652,66535
233653,40000
233654,59218
233655,62668
233656,41976
233657,49338
233658,60851
233659,47483
233660,70012
233661,62280
233662,80489
233663,75968
233664,81810
233665,68444
233666,53754
233667,40000
233668,53577
233669,40000
233670,68111
233671,59752
233672,49771
233673,40000
233674,40000
233675,40000
233676,65904
233677,40000
233678,47331
233679,40000
233680,42424
233681,40000
233682,49277
233683,62931
233684,40000
233685,43123
233686,68021
233687,40000
233688,76697
233689,63029
233690,47246
233691,47583
233692,40000
233693,40914
233694,40000
233695,40412
233696,47185
233697,40000
233698,64242
233699,47221
233700,40000
233701,76431
233702,40000
233703,40000
233704,64684
233705,59670
233706,40000
233707,51128
233708,40000
233709,64784
233710,46622
233711,106727
233712,40027
233713,40000
233714,75738
233715,49976
233716,62137
233717,47811
233718,50297
233719,63224
233720,40000
233721,42724
233722,49154
233723,72298
233724,98504
233725,70819
233726,40000
233727,40000
233728,47408
233729,95170
233730,40000
233731,90403
233732,68449
233733,40000
233734,49137
233735,71926
233736,71076
233737,73072
233738,60623
233739,62558
233740,43209
233741,40000
233742,40000
233743,40000
233744,40000
233745,40000
233746,40000
233747,40000
233748,73782
233749,69033
233750,40000
233751,85311
233752,57642
233753,53021
233754,40000
233755,61035
233756,58222
233757,40000
233758,40000
233759,40000
233760,55518
233761,57262
233762,40000
233763,64227
233764,76405
233765,47195
233766,40000
233767,94881
233768,40000
233769,40000
233770,52489
233771,40000
233772,40000
233773,49446
233774,40000
233775,54663
233776,48609
233777,40000
233778,50666
233779,40000
233780,55351
233781,63440
233782,40000
233783,40000
233784,40000
233785,88012
233786,40000
233787,40000
233788,40000
233789,47625
233790,40000
233791,53647
233792,72243
233793,43179
233794,67053
233795,47795
233796,60938
233797,40000
233798,81597
233799,40864
233800,73028
233801,67394
233802,45211
233803,52202
233804,93505
233805,74810
233806,56000
233807,57336
233808,43987
233809,58799
233810,45531
233811,45483
233812,73945
233813,40372
233814,45028
233815,40000
233816,63913
233817,66657
233818,40000
233819,54319
233820,49934
233821,78964
233822,40000
233823,46304
233824,42099
233825,40000
233826,49663
233827,79251
233828,66540
233829,42729
233830,40000
233831,43954
233832,40000
233833,40000
233834,49856
233835,62392
233836,45420
233837,40000
233838,66976
233839,40000
233840,78583
233841,67766
233842,46057
233843,47396
233844,40000
233845,40000
233846,40000
233847,57102
233848,46801
233849,52446
233850,63175
233851,40000
233852,43167
233853,53576
233854,40000
233855,40000
233856,68607
233857,78859
233858,51854
233859,40000
233860,40957
233861,62833
233862,67331
233863,62901
233864,82147
233865,40000
233866,78385
233867,40000
233868,40000
233869,44003
233870,64413
233871,53177
233872,59860
233873,69110
233874,43600
233875,40000
233876,40000
233877,61049
233878,57605
233879,62327
233880,40000
233881,50150
233882,43722
233883,55791
233884,51119
233885,40000
233886,40000
233887,67471
233888,66600
233889,47715
233890,79908
233891,76938
233892,44266
233893,59211
233894,43941
233895,48305
233896,58886
233897,52371
233898,40000
233899,68832
233900,40000
233901,40000
233902,48163
233903,40000
233904,43997
233905,53558
233906,80662
233907,69911
233908,66781
233909,40000
233910,55825
233911,64644
233912,51727
233913,40000
233914,77095
233915,40000
233916,46944
233917,43283
233918,43870
233919,40000
233920,43981
233921,50795
233922,40000
233923,65230
233924,66246
233925,57191
233926,52783
233927,56688
233928,49540
233929,50559
233930,40000
233931,75585
233932,89248
233933,40000
233934,53473
233935,51319
233936,48980
233937,52374
233938,42886
233939,40000
233940,40000
233941,76699
233942,68260
233943,57358
233944,47832
233945,47582
233946,56815
233947,57868
233948,60907
233949,40000
233950,45042
233951,59715
233952,72684
233953,40000
233954,40000
233955,40000
233956,68077
233957,44506
233958,59930
233959,57841
233960,40000
233961,72066
233962,40000
233963,96996
233964,52071
233965,52170
233966,89348
233967,40000
233968,48622
233969,45224
233970,48807
233971,70331
233972,65608
233973,52358
233974,55124
233975,57554
233976,93618
233977,58531
233978,75927
233979,61439
233980,69364
233981,52266
233982,40000
233983,40000
233984,40000
233985,40000
233986,40000
233987,40000
233988,54357
233989,61016
233990,46536
233991,72318
233992,68326
233993,51920
233994,40000
233995,41690
233996,55206
233997,40000
233998,56264
233999,40000
234000,40000
234001,93093
234002,56098
234003,59360
234004,53459
234005,42301
234006,76098
234007,40498
234008,43661
234009,40000
234010,40000
234011,40000
234012,77730
234013,61375
234014,58796
234015,47278
234016,67854
234017,58648
234018,40000
234019,51948
234020,55651
234021,40935
234022,52447
234023,40000
234024,63876
234025,40000
234026,44523
234027,62062
234028,40000
234029,41235
234030,61954
234031,70814
234032,56509
234033,69479
234034,57680
234035,48453
234036,40000
234037,40559
234038,62937
234039,40000
234040,40000
234041,40000
234042,46611
234043,41001
234044,40000
234045,56001
234046,70993
234047,40000
234048,43688
234049,46147
234050,48016
234051,43552
234052,76675
234053,42643
234054,64043
234055,65143
234056,75103
234057,41822
234058,58577
234059,40000
234060,54922
234061,40000
234062,40000
234063,51457
234064,47079
234065,62257
234066,42941
234067,51704
234068,40000
234069,40000
234070,69535
234071,42636
234072,60977
234073,40000
234074,70550
234075,53717
234076,52158
234077,58928
234078,69336
234079,56150
234080,47091
234081,42175
234082,47200
234083,79667
234084,62330
234085,40000
234086,72658
234087,73228
234088,60323
234089,40000
234090,43034
234091,47933
234092,41062
234093,40000
234094,49892
234095,43529
234096,51779
234097,40000
234098,73194
234099,46184
234100,56423
234101,57394
234102,61669
234103,56394
234104,40000
234105,68712
234106,48339
234107,54682
234108,43178
234109,40000
234110,58075
234111,40000
234112,60558
234113,58031
234114,66930
234115,50960
234116,86518
234117,63488
234118,45817
234119,59307
234120,60206
234121,54144
234122,40000
234123,60029
234124,66967
234125,66654
234126,40000
234127,44027
234128,48132
234129,68786
234130,40000
234131,58062
234132,40000
234133,54628
234134,67113
234135,40000
234136,47842
234137,41461
234138,40000
234139,40000
234140,47354
234141,40000
234142,84107
234143,45150
234144,48376
234145,40000
234146,40000
234147,81099
234148,44072
234149,40000
234150,45946
234151,40000
234152,55776
234153,40000
234154,72580
234155,40000
234156,60237
234157,51440
234158,40000
234159,40000
234160,45362
234161,50791
234162,54015
234163,86006
234164,40571
234165,40000
234166,81432
234167,40000
234168,40000
234169,65162
234170,59367
234171,85315
234172,51062
234173,52398
234174,52905
234175,69952
234176,40000
234177,49547
234178,40000
234179,56755
234180,90827
234181,40000
234182,80488
234183,40000
234184,51591
234185,40000
234186,61327
234187,49624
234188,84528
234189,40000
234190,40000
234191,45876
234192,67697
234193,70979
234194,69684
234195,50836
234196,40000
234197,46812
234198,40000
234199,40000
234200,55233
234201,55831
234202,73932
234203,68991
234204,41076
234205,72104
234206,40298
234207,40000
234208,52120
234209,64459
234210,46757
234211,91748
234212,43052
234213,40000
234214,40000
234215,47026
234216,46452
234217,55231
234218,56547
234219,52557
234220,40000
234221,47524
234222,40000
234223,40000
234224,40000
234225,42229
234226,53954
234227,84440
234228,40000
234229,40390
234230,47220
234231,40000
234232,41799
234233,40000
234234,40000
234235,44733
234236,40000
234237,50725
234238,50514
234239,40000
234240,85071
234241,69397
234242,51864
234243,50713
234244,69545
234245,40413
234246,40000
234247,46311
234248,66767
234249,79041
234250,58953
234251,40000
234252,87335
234253,76111
234254,40000
234255,45034
234256,49899
234257,48101
234258,40000
234259,44423
234260,40000
234261,95440
234262,67944
234263,45171
234264,40000
234265,66170
234266,40000
234267,52437
234268,41553
234269,51771
234270,40000
234271,40000
234272,40000
234273,40000
234274,53562
234275,58545
234276,57468
234277,50144
234278,47879
234279,72818
234280,54011
234281,40000
234282,50076
234283,76635
234284,89649
234285,40000
234286,40000
234287,40000
234288,66748
234289,40000
234290,58341
234291,49994
234292,88108
234293,51817
234294,50402
234295,40000
234296,40000
234297,82475
234298,60283
234299,69003
234300,55647
234301,56648
234302,81215
234303,41886
234304,46105
234305,40000
234306,102063
234307,40000
234308,61089
234309,40000
234310,68083
234311,63461
234312,55167
234313,40000
234314,40000
234315,40173
234316,40000
234317,40000
234318,56195
234319,40000
234320,43977
234321,73612
234322,44253
234323,50571
234324,82386
234325,67335
234326,40000
234327,61025
234328,71863
234329,44801
234330,55291
234331,40000
234332,41677
234333,56690
234334,72192
234335,83130
234336,63145
234337,56745
234338,40000
234339,40000
234340,40000
234341,40000
234342,44952
234343,40000
234344,41510
234345,45942
234346,50938
234347,40000
234348,40000
234349,87388
234350,68024
234351,40000
234352,42636
234353,40000
234354,53883
234355,66779
234356,40000
234357,51166
234358,47535
234359,81079
234360,54266
234361,48268
234362,58374
234363,80631
234364,64236
234365,60250
234366,52239
234367,49125
234368,41417
234369,52498
234370,40000
234371,48548
234372,53161
234373,76794
234374,66228
234375,48847
234376,87805
234377,40000
234378,42435
234379,67592
234380,69281
234381,69266
234382,40000
234383,47585
234384,49991
234385,40000
234386,40000
234387,60487
234388,40539
234389,40000
234390,54686
234391,49868
234392,41151
234393,73173
234394,84082
234395,69458
234396,63170
234397,40000
234398,40748
234399,40000
234400,62310
234401,72370
234402,40052
234403,40000
234404,40000
234405,67865
234406,49724
234407,49401
234408,88473
234409,55305
234410,40000
234411,40000
234412,87824
234413,85758
234414,47522
234415,40000
234416,55855
234417,52178
234418,43486
234419,47133
234420,57756
234421,55999
234422,40000
234423,40000
234424,40000
234425,40000
234426,93770
234427,58246
234428,91118
234429,60141
234430,43698
234431,40000
234432,52363
234433,40000
234434,42302
234435,70358
234436,73242
234437,40000
234438,59939
234439,55784
234440,52720
234441,43219
234442,46995
234443,40000
234444,52388
234445,49182
234446,40000
234447,84935
234448,59936
234449,52256
234450,42642
234451,40000
234452,53362
234453,47276
234454,79396
234455,40000
234456,49584
234457,52286
234458,40000
234459,84738
234460,55814
234461,40000
234462,61591
234463,90073
234464,42306
234465,63867
234466,65616
234467,40000
234468,46438
234469,47610
234470,69451
234471,51383
234472,48199
234473,40000
234474,62186
234475,43208
234476,40000
234477,49388
234478,40000
234479,77249
234480,56582
234481,40000
234482,72524
234483,40000
234484,40000
234485,72426
234486,48334
234487,52390
234488,60450
234489,40000
234490,40000
234491,58163
234492,83218
234493,40000
234494,65901
234495,40000
234496,60881
234497,55134
234498,53060
234499,40000
234500,66624
234501,40000
234502,52587
234503,40000
234504,53895
234505,60171
234506,50604
234507,40342
234508,40000
234509,82660
234510,40000
234511,66094
234512,51898
234513,40000
234514,45114
234515,42909
234516,64258
234517,53370
234518,40000
234519,53864
234520,69403
234521,40000
234522,40000
234523,71240
234524,40000
234525,50032
234526,55047
234527,60812
234528,64565
234529,66668
234530,40000
234531,40000
234532,40000
234533,47433
234534,79896
234535,63717
234536,40000
234537,78684
234538,44187
234539,82981
234540,68225
234541,61888
234542,61516
234543,40000
234544,57884
234545,40000
234546,43777
234547,61236
234548,40000
234549,42721
234550,64799
234551,57776
234552,40000
234553,51527
234554,53543
234555,46151
234556,40000
234557,59558
234558,40000
234559,50496
234560,79242
234561,42093
234562,50829
234563,40000
234564,40000
234565,40000
234566,40000
234567,46702
234568,48764
234569,69258
234570,45611
234571,45034
234572,40000
234573,40662
234574,58561
234575,60218
234576,40000
234577,40000
234578,51127
234579,40185
234580,40000
234581,68899
234582,41138
234583,40000
234584,61941
234585,49016
234586,47752
234587,58619
234588,69141
234589,40000
234590,40000
234591,40000
234592,47468
234593,45153
234594,59122
234595,67851
234596,40712
234597,78375
234598,40000
234599,70638
234600,57588
234601,40000
234602,46598
234603,40000
234604,47619
234605,61643
234606,40000
234607,53964
234608,46627
234609,77860
234610,40000
234611,40000
234612,57278
234613,45006
234614,73349
234615,40000
234616,40000
234617,40598
234618,40000
234619,40000
234620,47428
234621,66655
234622,77893
234623,63214
234624,40000
234625,54128
234626,40159
234627,90818
234628,68686
234629,41313
234630,46867
234631,40000
234632,60739
234633,40000
234634,57491
234635,40000
234636,40000
234637,47703
234638,63604
234639,50688
234640,42078
234641,49527
234642,40000
234643,40000
234644,71978
234645,65936
234646,40000
234647,40000
234648,40000
234649,85509
234650,52567
234651,85524
234652,40000
234653,82413
234654,40000
234655,51945
234656,40000
234657,66279
234658,50699
234659,42425
234660,68886
234661,40000
234662,40000
234663,48234
234664,67150
234665,40000
234666,41151
234667,40000
234668,53924
234669,42329
234670,49922
234671,93231
234672,59161
234673,43991
234674,47581
234675,105150
234676,56529
234677,53296
234678,42460
234679,55185
234680,46739
234681,52141
234682,53400
234683,56454
234684,59480
234685,63735
234686,68438
234687,40000
234688,40000
234689,53199
234690,61316
234691,40000
234692,62273
234693,49428
234694,40000
234695,40000
234696,44969
234697,43826
234698,43936
234699,40000
234700,40000
234701,76346
234702,40000
234703,58316
234704,62607
234705,72903
234706,52723
234707,54239
234708,40000
234709,58833
234710,51447
234711,48541
234712,40000
234713,66261
234714,40000
234715,40000
234716,40000
234717,44146
234718,40000
234719,40000
234720,48298
234721,77120
234722,54941
234723,40000
234724,68632
234725,64605
234726,61069
234727,40000
234728,47379
234729,40000
234730,65714
234731,40000
234732,77162
234733,46465
234734,74362
234735,80046
234736,60509
234737,64776
234738,40000
234739,40000
234740,45891
234741,57946
234742,47156
234743,40000
234744,88789
234745,40000
234746,40000
234747,56993
234748,67400
234749,44240
234750,47930
234751,66532
234752,40000
234753,60133
234754,90877
234755,56494
234756,57396
234757,46336
234758,63303
234759,49814
234760,54909
234761,40000
234762,68137
234763,66317
234764,73328
234765,40000
234766,44411
234767,52124
234768,70707
234769,40000
234770,48160
234771,40000
234772,52311
234773,51432
234774,59225
234775,40000
234776,40000
234777,62306
234778,62965
234779,40000
234780,61646
234781,88176
234782,73482
234783,68334
234784,70358
234785,45870
234786,59841
234787,43794
234788,40000
234789,40000
234790,48135
234791,78243
234792,40000
234793,59131
234794,81562
234795,67487
234796,70122
234797,40000
234798,43959
234799,47622
234800,40000
234801,57278
234802,40000
234803,48847
234804,40000
234805,52259
234806,60570
234807,44137
234808,67881
234809,43823
234810,63974
234811,40000
234812,40000
234813,46481
234814,40000
234815,70181
234816,51399
234817,40000
234818,50519
234819,67220
234820,73338
234821,40000
234822,88691
234823,62884
234824,84235
234825,40000
234826,66033
234827,51666
234828,45756
234829,41472
234830,43359
234831,59368
234832,46172
234833,64729
234834,64399
234835,51586
234836,50752
234837,40000
234838,60244
234839,49164
234840,40000
234841,89457
234842,40003
234843,41814
234844,62862
234845,40000
234846,66609
234847,40000
234848,40000
234849,40000
234850,48523
234851,48548
234852,64904
234853,40000
234854,86278
234855,46961
234856,40000
234857,48926
234858,76284
234859,67218
234860,40000
234861,40000
234862,45167
234863,50212
234864,40000
234865,59722
234866,40000
234867,54441
234868,62044
234869,49375
234870,70204
234871,79002
234872,52702
234873,40000
234874,53713
234875,43373
234876,40000
234877,56137
234878,40000
234879,52277
234880,40000
234881,45459
234882,40000
234883,50965
234884,40000
234885,58651
234886,78384
234887,40000
234888,73192
234889,64193
234890,40000
234891,42006
234892,40000
234893,40000
234894,40000
234895,69400
234896,82511
234897,47386
234898,40000
234899,44673
234900,40000
234901,65634
234902,75619
234903,40000
234904,48424
234905,43637
234906,40000
234907,40000
234908,41370
234909,53549
234910,40000
234911,43276
234912,71441
234913,40000
234914,41409
234915,40000
234916,51410
234917,67327
234918,60632
234919,68442
234920,40000
234921,89080
234922,60504
234923,50102
234924,59148
234925,43290
234926,40000
234927,61640
234928,42452
234929,65010
234930,52784
234931,40000
234932,80717
234933,75766
234934,52985
234935,60870
234936,61135
234937,53766
234938,53634
234939,40000
234940,40000
234941,66765
234942,45816
234943,68763
234944,69467
234945,56026
234946,40000
234947,59201
234948,44772
234949,46839
234950,60092
234951,58709
234952,71495
234953,40000
234954,46461
234955,50786
234956,54580
234957,40000
234958,40000
234959,75657
234960,40000
234961,40000
234962,49911
234963,48880
234964,40000
234965,64728
234966,40000
234967,40597
234968,63195
234969,40000
234970,48980
234971,40000
234972,43354
234973,40000
234974,40000
234975,40000
234976,42308
234977,62173
234978,76142
234979,40000
234980,41030
234981,40000
234982,65761
234983,51433
234984,63185
234985,40000
234986,49037
234987,52118
234988,47882
234989,40000
234990,61386
234991,94322
234992,67266
234993,40000
234994,58908
234995,42496
234996,40000
234997,61375
234998,46890
234999,40000
235000,55247
235001,40000
235002,42413
235003,60332
235004,40000
235005,40000
235006,75885
235007,76696
235008,40000
235009,40000
235010,40000
235011,48929
235012,64643
235013,40009
235014,52117
235015,51232
235016,45026
235017,66452
235018,40000
235019,71634
235020,40000
235021,40000
235022,49144
235023,61877
235024,74905
235025,41686
235026,40000
235027,98601
235028,40000
235029,69773
235030,44991
235031,85956
235032,46127
235033,40000
235034,75664
235035,66765
235036,40000
235037,63887
235038,40000
235039,46478
235040,41757
235041,55539
235042,40000
235043,56010
235044,89048
235045,40000
235046,54805
235047,40000
235048,40000
235049,61517
235050,77316
235051,40000
235052,41353
235053,50992
235054,66796
235055,74167
235056,40000
235057,69969
235058,80755
235059,40000
235060,67295
235061,56148
235062,41653
235063,70093
235064,40000
235065,75480
235066,84111
235067,44249
235068,61562
235069,61330
235070,67823
235071,56515
235072,78632
235073,43535
235074,44638
235075,58477
235076,91572
235077,62947
235078,48112
235079,86715
235080,52446
235081,91048
235082,60455
235083,66493
235084,40000
235085,52527
235086,62580
235087,52230
235088,73803
235089,57714
235090,68356
235091,40000
235092,47547
235093,40000
235094,58601
235095,47737
235096,75886
235097,40000
235098,63959
235099,47160
235100,40000
235101,46177
235102,77140
235103,86942
235104,59673
235105,57059
235106,74204
235107,67549
235108,72846
235109,71230
235110,56847
235111,40000
235112,79875
235113,49679
235114,40000
235115,44968
235116,47280
235117,73726
235118,74504
235119,45264
235120,40000
235121,41665
235122,51381
235123,78117
235124,53249
235125,40000
235126,67384
235127,52877
235128,40000
235129,58866
235130,68205
235131,40000
235132,40000
235133,69298
235134,92556
235135,46443
235136,43315
235137,40000
235138,40000
235139,40000
235140,60098
235141,69381
235142,78536
235143,41516
235144,40000
235145,67370
235146,40000
235147,41533
235148,79869
235149,66960
235150,75711
235151,44247
235152,94049
235153,40000
235154,44836
235155,47319
235156,69911
235157,40171
235158,40000
235159,40000
235160,43621
235161,40000
235162,100545
235163,49898
235164,40000
235165,49597
235166,53664
235167,87513
235168,49504
235169,75700
235170,90697
235171,75946
235172,61955
235173,48748
235174,52698
235175,55050
235176,40000
235177,65199
235178,60329
235179,47140
235180,59038
235181,61664
235182,66909
235183,40000
235184,40000
235185,63235
235186,40000
235187,71712
235188,56190
235189,43146
235190,64609
235191,43980
235192,53007
235193,71915
235194,63950
235195,44527
235196,48051
235197,46322
235198,44161
235199,40000
235200,101786
235201,47784
235202,70116
235203,41076
235204,87276
235205,49752
235206,68837
235207,40633
235208,56869
235209,40000
235210,40000
235211,40000
235212,87948
235213,40000
235214,61015
235215,40000
235216,41279
235217,49648
235218,59188
235219,56799
235220,51316
235221,46759
235222,40000
235223,61192
235224,76487
235225,49519
235226,40000
235227,43858
235228,52178
235229,40000
235230,57622
235231,68984
235232,53359
235233,40000
235234,40000
235235,86822
235236,66177
235237,40000
235238,58455
235239,50267
235240,50814
235241,40000
235242,40000
235243,74177
235244,40000
235245,47907
235246,40570
235247,40000
235248,46749
235249,56999
235250,54803
235251,58222
235252,83211
235253,44011
235254,67614
235255,47053
235256,49140
235257,40000
235258,92923
235259,43263
235260,89443
235261,75512
235262,40000
235263,40000
235264,53836
235265,40000
235266,40000
235267,51382
235268,66282
235269,40000
235270,40000
235271,54518
235272,40000
235273,55875
235274,40000
235275,40000
235276,65268
235277,63881
235278,40000
235279,45793
235280,40000
235281,40000
235282,40000
235283,40000
235284,40000
235285,45007
235286,46462
235287,41015
235288,52240
235289,46723
235290,68126
235291,45862
235292,40000
235293,40000
235294,82361
235295,60123
235296,72763
235297,85248
235298,72439
235299,40000
235300,44521
235301,40000
235302,51037
235303,40000
235304,49072
235305,40000
235306,43806
235307,40000
235308,42120
235309,84319
235310,56598
235311,46705
235312,40000
235313,68770
235314,70844
235315,63265
235316,40000
235317,79863
235318,40000
235319,48799
235320,54925
235321,40000
235322,40000
235323,46012
235324,49412
235325,40000
235326,66235
235327,62563
235328,55679
235329,45263
235330,68591
235331,40000
235332,54376
235333,44137
235334,40000
235335,47985
235336,74528
235337,40000
235338,90550
235339,79969
235340,51069
235341,40000
235342,45248
235343,40000
235344,40000
235345,40000
235346,72920
235347,40000
235348,69638
235349,58545
235350,58181
235351,45271
235352,54434
235353,62531
235354,80966
235355,56140
235356,40000
235357,72302
235358,53970
235359,60824
235360,42647
235361,59420
235362,40000
235363,72923
235364,88610
235365,40000
235366,40000
235367,70719
235368,40000
235369,55146
235370,40000
235371,49435
235372,40000
235373,40000
235374,71778
235375,40000
235376,52636
235377,83863
235378,40000
235379,88633
235380,56465
235381,40000
235382,74123
235383,40000
235384,89379
235385,40000
235386,40000
235387,64116
235388,66728
235389,40000
235390,69562
235391,40000
235392,40000
235393,57065
235394,40000
235395,40000
235396,41812
235397,92721
235398,53679
235399,52195
235400,40000
235401,51382
235402,40000
235403,56783
235404,68426
235405,40000
235406,40000
235407,44044
235408,40000
235409,40000
235410,42822
235411,81589
235412,43580
235413,40000
235414,68110
235415,68322
235416,53560
235417,40000
235418,89694
235419,46139
235420,61991
235421,40000
235422,46658
235423,55738
235424,40000
235425,49285
235426,64837
235427,40991
235428,57392
235429,43274
235430,40000
235431,40000
235432,71341
235433,40000
235434,64880
235435,40000
235436,53684
235437,77491
235438,64952
235439,40000
235440,52588
235441,45835
235442,73446
235443,102767
235444,44514
235445,67699
235446,55652
235447,93839
235448,40000
235449,56852
235450,56599
235451,40000
235452,40000
235453,79876
235454,51814
235455,40000
235456,84029
235457,63573
235458,46139
235459,92776
235460,57434
235461,46933
235462,40000
235463,40000
235464,40000
235465,83874
235466,73873
235467,51478
235468,49582
235469,44852
235470,41598
235471,40000
235472,63776
235473,68807
235474,58129
235475,62254
235476,59324
235477,49471
235478,53270
235479,59114
235480,40000
235481,40000
235482,65625
235483,40000
235484,55275
235485,54748
235486,44307
235487,73094
235488,40000
235489,41225
235490,77350
235491,40000
235492,51796
235493,40000
235494,72157
235495,46129
235496,40000
235497,47579
235498,78844
235499,51478
235500,40000
235501,50154
235502,63710
235503,59056
235504,40000
235505,55390
235506,40000
235507,40000
235508,55181
235509,43222
235510,40000
235511,64909
235512,40000
235513,40000
235514,40000
235515,40000
235516,57905
235517,40000
235518,51334
235519,49307
235520,40000
235521,75851
235522,54668
235523,65564
235524,90544
235525,40000
235526,40000
235527,42194
235528,40000
235529,44272
235530,46554
235531,40000
235532,71805
235533,40000
235534,63956
235535,73700
235536,45865
235537,49861
235538,72300
235539,64653
235540,40065
235541,40000
235542,66851
235543,40000
235544,58047
235545,40000
235546,77656
235547,40000
235548,40000
235549,40000
235550,40000
235551,52923
235552,48039
235553,40000
235554,40000
235555,40000
235556,42881
235557,40000
235558,40000
235559,52933
235560,44978
235561,40000
235562,70256
235563,80368
235564,40000
235565,40000
235566,61109
235567,53305
235568,61258
235569,40000
235570,50341
235571,49594
235572,57194
235573,62788
235574,46133
235575,40000
235576,40000
235577,40000
235578,40000
235579,40000
235580,40000
235581,68503
235582,46507
235583,52616
235584,40000
235585,44074
235586,83763
235587,51271
235588,81327
235589,62530
235590,59682
235591,40000
235592,73641
235593,84987
235594,48985
235595,73488
235596,79250
235597,40000
235598,40000
235599,60035
235600,62265
235601,40000
235602,73916
235603,42199
235604,44639
235605,40000
235606,58855
235607,65174
235608,40000
235609,53897
235610,41197
235611,50392
235612,40000
235613,43854
235614,82611
235615,67014
235616,65122
235617,40000
235618,50732
235619,87652
235620,40000
235621,47301
235622,40000
235623,71890
235624,51017
235625,69386
235626,65474
235627,40000
235628,50475
235629,74005
235630,40000
235631,61868
235632,40000
235633,81612
235634,68351
235635,47732
235636,69896
235637,40000
235638,52979
235639,76879
235640,40000
235641,52819
235642,84010
235643,58856
235644,40000
235645,107299
235646,43676
235647,86452
235648,40000
235649,45346
235650,42396
235651,57704
235652,47030
235653,75996
235654,64910
235655,47695
235656,55992
235657,40000
235658,57958
235659,51011
235660,59920
235661,81857
235662,70604
235663,41268
235664,54328
235665,41033
235666,75890
235667,64890
235668,40000
235669,40000
235670,44413
235671,40000
235672,40000
235673,64872
235674,40000
235675,99999
235676,46652
235677,40000
235678,79110
235679,50634
235680,54083
235681,40000
235682,83430
235683,40000
235684,48577
235685,56437
235686,45706
235687,40000
235688,40000
235689,40000
235690,40000
235691,40000
235692,54208
235693,50341
235694,95442
235695,40000
235696,47520
235697,58569
235698,40000
235699,40000
235700,48357
235701,41776
235702,40000
235703,45743
235704,40000
235705,40000
235706,40000
235707,61544
235708,40000
235709,40000
235710,82460
235711,40000
235712,40000
235713,43511
235714,41411
235715,62975
235716,86716
235717,43356
235718,40000
235719,40000
235720,40000
235721,43491
235722,54038
235723,58689
235724,66352
235725,69928
235726,40000
235727,50016
235728,40000
235729,52272
235730,55369
235731,40000
235732,40000
235733,40000
235734,47360
235735,40000
235736,88921
235737,40000
235738,40000
235739,54507
235740,86294
235741,40000
235742,83665
235743,52720
235744,66449
235745,40000
235746,40000
235747,40000
235748,61303
235749,41094
235750,72130
235751,40000
235752,40000
235753,76703
235754,52085
235755,40000
235756,40000
235757,46061
235758,88141
235759,60696
235760,40000
235761,67001
235762,40000
235763,56794
235764,65737
235765,67886
235766,61151
235767,40000
235768,43248
235769,56343
235770,53744
235771,77582
235772,40000
235773,47507
235774,40000
235775,90098
235776,40000
235777,66790
235778,50876
235779,56426
235780,40000
235781,58266
235782,58090
235783,56763
235784,40000
235785,40000
235786,73252
235787,62572
235788,40000
235789,43699
235790,44937
235791,49069
235792,40790
235793,61027
235794,88112
235795,45613
235796,50378
235797,64842
235798,49870
235799,40000
235800,40000
235801,58649
235802,40265
235803,41805
235804,74201
235805,40000
235806,43023
235807,53700
235808,42161
235809,40000
235810,45663
235811,40000
235812,53373
235813,40000
235814,69426
235815,56373
235816,62650
235817,68407
235818,50282
235819,40000
235820,42286
235821,65874
235822,42484
235823,73639
235824,47798
235825,77313
235826,67284
235827,64298
235828,48181
235829,67801
235830,58619
235831,49787
235832,40000
235833,41489
235834,65274
235835,40000
235836,51287
235837,40000
235838,43733
235839,67733
235840,67685
235841,40594
235842,50567
235843,53496
235844,40000
235845,40000
235846,60418
235847,46173
235848,52538
235849,47884
235850,40865
235851,57971
235852,51652
235853,70809
235854,54378
235855,40000
235856,40000
235857,45443
235858,40699
235859,40000
235860,40000
235861,40000
235862,68577
235863,61319
235864,73266
235865,69286
235866,72468
235867,69741
235868,43946
235869,40000
235870,40000
235871,68029
235872,40000
235873,50592
235874,40000
235875,70293
235876,40000
235877,58282
235878,40000
235879,58887
235880,64171
235881,45445
235882,66147
235883,40000
235884,44759
235885,58783
235886,51467
235887,45286
235888,76632
235889,91251
235890,57541
235891,40000
235892,40000
235893,56836
235894,58564
235895,40000
235896,55994
235897,41877
235898,75715
235899,49109
235900,61494
235901,40748
235902,46993
235903,63014
235904,90262
235905,79462
235906,48075
235907,69351
235908,40000
235909,40000
235910,50413
235911,88609
235912,40000
235913,59740
235914,64448
235915,52607
235916,43223
235917,40000
235918,40000
235919,53647
235920,58190
235921,60985
235922,40000
235923,61214
235924,82653
235925,54573
235926,40000
235927,40000
235928,47728
235929,46451
235930,40000
235931,47961
235932,46367
235933,40000
235934,40000
235935,43972
235936,54177
235937,48437
235938,51363
235939,63386
235940,89294
235941,70641
235942,40000
235943,70226
235944,75798
235945,46830
235946,40000
235947,65681
235948,40000
235949,56674
235950,61846
235951,44496
235952,46506
235953,40000
235954,40000
235955,65095
235956,49159
235957,57563
235958,51117
235959,65216
235960,57611
235961,62984
235962,40000
235963,40000
235964,45496
235965,53576
235966,40000
235967,40000
235968,40000
235969,57668
235970,55959
235971,70422
235972,40000
235973,42905
235974,74370
235975,40000
235976,40000
235977,80164
235978,40000
235979,41657
235980,57748
235981,76367
235982,49396
235983,40000
235984,46604
235985,40000
235986,44990
235987,40000
235988,59123
235989,61178
235990,40000
235991,56213
235992,51657
235993,45869
235994,62686
235995,55401
235996,43560
235997,45207
235998,52610
235999,54702
236000,40000
236001,43424
236002,77913
236003,40000
236004,43058
236005,75128
236006,62074
236007,80366
236008,41693
236009,40000
236010,43265
236011,40000
236012,68650
236013,43793
236014,40000
236015,52460
236016,62107
236017,40000
236018,79515
236019,66788
236020,46326
236021,40000
236022,54750
236023,60098
236024,57734
236025,64576
236026,54464
236027,40000
236028,40000
236029,40000
236030,53780
236031,40000
236032,40000
236033,66479
236034,40000
236035,75841
236036,70730
236037,61806
236038,40000
236039,70877
236040,42156
236041,66702
236042,52988
236043,40000
236044,50853
236045,40000
236046,40000
236047,40000
236048,42743
236049,40000
236050,64245
236051,85388
236052,54549
236053,40000
236054,47143
236055,45328
236056,56646
236057,65106
236058,40000
236059,48436
236060,84205
236061,43919
236062,40000
236063,66013
236064,90514
236065,85465
236066,71446
236067,47781
236068,40000
236069,49723
236070,40000
236071,40000
236072,75192
236073,63331
236074,56044
236075,47637
236076,43300
236077,77651
236078,42589
236079,40000
236080,40725
236081,40000
236082,75804
236083,48235
236084,40000
236085,48209
236086,40000
236087,40000
236088,49557
236089,40000
236090,71132
236091,40000
236092,40000
236093,57196
236094,40000
236095,63349
236096,56617
236097,64289
236098,41498
236099,64388
236100,62717
236101,57953
236102,40000
236103,69367
236104,40000
236105,40000
236106,46598
236107,54843
236108,64450
236109,63794
236110,57461
236111,70897
236112,40000
236113,68156
236114,41975
236115,51090
236116,54701
236117,48685
236118,41991
236119,84041
236120,46657
236121,59205
236122,40000
236123,40000
236124,40000
236125,59417
236126,43617
236127,78937
236128,40000
236129,40000
236130,52766
236131,57442
236132,48326
236133,47648
236134,51537
236135,40000
236136,40000
236137,40000
236138,45221
236139,54431
236140,79771
236141,40000
236142,79152
236143,45009
236144,63960
236145,55080
236146,40000
236147,40000
236148,40000
236149,45623
236150,56935
236151,82388
236152,40000
236153,70982
236154,65424
236155,40000
236156,42148
236157,45027
236158,58649
236159,69620
236160,49282
236161,40000
236162,78293
236163,55020
236164,40000
236165,46944
236166,40000
236167,47081
236168,50730
236169,54893
236170,64899
236171,55943
236172,40000
236173,51001
236174,40000
236175,40000
236176,61003
236177,63107
236178,41656
236179,52150
236180,48541
236181,40000
236182,85752
236183,56859
236184,40000
236185,65159
236186,40000
236187,45247
236188,58867
236189,95087
236190,49175
236191,55918
236192,49430
236193,43828
236194,58858
236195,53244
236196,41738
236197,40000
236198,61121
236199,49052
236200,49176
236201,89216
236202,52295
236203,40000
236204,40000
236205,40000
236206,40000
236207,48498
236208,55572
236209,40000
236210,40000
236211,40252
236212,40000
236213,80811
236214,40000
236215,57021
236216,59254
236217,46647
236218,75702
236219,40000
236220,68124
236221,49016
236222,59248
236223,40000
236224,41857
236225,56293
236226,52389
236227,40000
236228,40000
236229,51223
236230,67793
236231,40000
236232,40000
236233,40000
236234,43365
236235,72811
236236,40000
236237,60958
236238,40000
236239,88362
236240,49036
236241,41025
236242,76803
236243,60650
236244,51113
236245,44456
236246,51006
236247,48540
236248,77031
236249,61762
236250,40000
236251,57973
236252,51782
236253,47642
236254,76755
236255,64906
236256,40000
236257,40000
236258,49934
236259,79189
236260,72279
236261,40000
236262,40000
236263,79633
236264,60824
236265,40000
236266,52230
236267,45148
236268,62313
236269,40000
236270,40000
236271,40000
236272,40000
236273,40000
236274,53382
236275,40000
236276,60038
236277,64075
236278,40000
236279,82813
236280,40000
236281,63220
236282,43089
236283,55631
236284,57754
236285,40000
236286,45964
236287,54790
236288,51271
236289,62554
236290,40000
236291,47705
236292,67175
236293,40836
236294,47072
236295,40000
236296,103751
236297,43222
236298,58648
236299,59511
236300,61167
236301,56542
236302,40000
236303,40000
236304,40000
236305,40000
236306,56272
236307,45029
236308,40000
236309,74400
236310,40000
236311,49232
236312,40000
236313,48075
236314,40000
236315,40000
236316,47011
236317,53783
236318,48824
236319,40000
236320,40000
236321,56246
236322,44358
236323,65231
236324,42362
236325,42746
236326,53066
236327,60857
236328,40000
236329,46501
236330,40000
236331,75322
236332,61432
236333,44409
236334,56796
236335,45481
236336,76474
236337,40000
236338,65216
236339,40000
236340,40000
236341,85728
236342,46504
236343,43682
236344,42606
236345,43601
236346,47934
236347,57341
236348,60955
236349,40000
236350,80302
236351,66672
236352,48671
236353,89041
236354,92439
236355,68974
236356,53819
236357,53313
236358,47308
236359,40000
236360,40000
236361,73679
236362,44508
236363,42805
236364,40000
236365,45750
236366,40000
236367,68567
236368,50048
236369,40000
236370,40151
236371,40000
236372,40000
236373,59281
236374,54980
236375,63226
236376,45356
236377,73189
236378,54316
236379,45375
236380,40000
236381,72950
236382,50711
236383,40000
236384,40000
236385,40000
236386,40000
236387,81271
236388,41683
236389,44505
236390,40000
236391,42009
236392,58463
236393,40000
236394,40000
236395,87060
236396,54241
236397,64630
236398,43762
236399,63799
236400,40000
236401,64235
236402,69266
236403,40000
236404,75813
236405,40000
236406,40000
236407,41840
236408,40000
236409,46190
236410,72041
236411,66101
236412,49975
236413,59649
236414,40000
236415,40000
236416,40000
236417,68215
236418,48476
236419,40000
236420,53017
236421,57575
236422,40000
236423,48887
236424,60500
236425,40000
236426,40000
236427,40000
236428,55694
236429,44934
236430,78128
236431,40000
236432,57169
236433,57873
236434,40000
236435,40000
236436,61529
236437,84839
236438,69712
236439,40000
236440,72987
236441,58465
236442,59151
236443,73838
236444,85682
236445,46647
236446,40000
236447,59038
236448,40000
236449,77278
236450,95802
236451,40000
236452,40000
236453,40000
236454,55572
236455,74091
236456,62671
236457,66501
236458,66451
236459,40000
236460,55979
236461,110449
236462,50132
236463,59258
236464,40000
236465,93071
236466,54563
236467,47114
236468,40000
236469,40461
236470,53964
236471,40000
236472,58483
236473,48188
236474,40000
236475,54938
236476,54681
236477,58560
236478,45227
236479,77770
236480,55635
236481,40000
236482,40000
236483,40919
236484,40000
236485,71093
236486,44468
236487,40000
236488,65826
236489,60986
236490,72830
236491,50489
236492,41449
236493,55447
236494,40000
236495,64028
236496,40000
236497,40000
236498,41901
236499,40000
236500,87446
236501,40000
236502,40000
236503,48631
236504,46316
236505,59684
236506,53303
236507,40000
236508,42833
236509,78603
236510,40000
236511,59399
236512,40000
236513,69892
236514,40000
236515,51456
236516,55459
236517,55818
236518,46065
236519,78033
236520,73401
236521,64708
236522,57682
236523,44167
236524,75841
236525,40000
236526,55506
236527,66999
236528,42247
236529,40000
236530,63515
236531,79453
236532,53977
236533,40000
236534,64304
236535,60676
236536,68483
236537,59202
236538,40000
236539,55345
236540,48822
236541,66464
236542,80363
236543,63940
236544,72251
236545,62755
236546,71836
236547,40372
236548,77519
236549,51425
236550,40000
236551,49012
236552,65290
236553,51223
236554,63884
236555,61592
236556,75910
236557,41022
236558,40000
236559,40247
236560,63829
236561,61311
236562,90746
236563,47988
236564,40000
236565,40000
236566,40000
236567,67709
236568,40000
236569,58320
236570,81810
236571,40000
236572,40000
236573,64756
236574,54092
236575,41176
236576,40000
236577,60179
236578,50908
236579,40000
236580,40000
236581,75528
236582,53443
236583,63305
236584,40000
236585,40000
236586,49574
236587,58634
236588,40000
236589,48228
236590,70471
236591,63990
236592,53103
236593,55236
236594,48965
236595,49137
236596,68164
236597,40000
236598,53299
236599,61645
236600,55928
236601,40000
236602,75448
236603,40000
236604,46609
236605,66712
236606,61306
236607,75030
236608,40126
236609,52850
236610,40000
236611,42403
236612,40417
236613,63602
236614,62266
236615,58290
236616,78502
236617,40000
236618,52092
236619,41729
236620,61843
236621,90676
236622,44095
236623,68841
236624,40000
236625,53721
236626,76851
236627,46178
236628,40000
236629,40000
236630,64982
236631,58397
236632,59248
236633,40000
236634,54855
236635,71821
236636,55168
236637,53597
236638,44619
236639,61490
236640,104225
236641,40000
236642,44790
236643,49519
236644,45934
236645,49232
236646,46576
236647,71274
236648,85005
236649,40000
236650,40000
236651,91667
236652,69774
236653,48516
236654,40000
236655,90567
236656,90476
236657,52609
236658,48013
236659,95532
236660,40000
236661,40000
236662,45443
236663,87328
236664,55821
236665,43909
236666,53192
236667,70529
236668,61115
236669,72944
236670,74964
236671,41696
236672,54395
236673,65502
236674,40000
236675,47922
236676,41278
236677,44036
236678,43784
236679,78365
236680,87125
236681,40000
236682,56015
236683,72199
236684,95447
236685,52187
236686,77686
236687,41480
236688,81003
236689,86500
236690,59682
236691,40000
236692,51576
236693,58438
236694,53643
236695,40000
236696,51766
236697,77667
236698,40000
236699,40000
236700,40000
236701,40791
236702,62107
236703,61384
236704,40000
236705,40000
236706,58395
236707,63548
236708,70431
236709,46747
236710,40000
236711,46393
236712,55568
236713,57078
236714,46032
236715,40000
236716,55593
236717,50109
236718,40000
236719,41953
236720,40000
236721,40000
236722,40000
236723,40003
236724,52204
236725,47753
236726,40000
236727,78534
236728,64273
236729,51668
236730,55841
236731,51785
236732,43941
236733,58380
236734,54933
236735,40000
236736,40000
236737,56134
236738,40000
236739,40000
236740,41743
236741,40000
236742,51399
236743,40000
236744,41390
236745,50528
236746,51948
236747,101727
236748,105512
236749,40000
236750,40000
236751,69792
236752,71600
236753,87502
236754,41825
236755,53536
236756,41270
236757,41516
236758,40000
236759,40000
236760,63599
236761,42892
236762,40000
236763,40000
236764,46095
236765,56425
236766,40000
236767,40814
236768,78860
236769,85518
236770,43264
236771,98260
236772,53515
236773,90977
236774,40043
236775,86820
236776,40000
236777,48744
236778,64095
236779,43277
236780,40000
236781,45738
236782,40000
236783,52535
236784,69618
236785,45723
236786,106389
236787,63515
236788,49238
236789,58529
236790,40000
236791,42191
236792,45934
236793,72373
236794,65651
236795,41363
236796,40000
236797,46289
236798,40000
236799,80271
236800,77518
236801,53837
236802,55678
236803,40000
236804,95428
236805,40000
236806,64020
236807,40000
236808,40000
236809,49659
236810,58820
236811,53341
236812,64704
236813,40000
236814,40000
236815,46755
236816,47289
236817,43171
236818,55752
236819,63109
236820,40000
236821,87341
236822,40000
236823,62180
236824,48610
236825,45771
236826,65763
236827,40000
236828,43071
236829,78126
236830,49432
236831,40000
236832,43846
236833,40000
236834,40000
236835,40000
236836,40000
236837,49932
236838,40000
236839,46978
236840,67433
236841,89396
236842,93183
236843,68062
236844,40000
236845,58460
236846,48088
236847,44066
236848,40102
236849,47273
236850,51757
236851,50667
236852,58334
236853,40000
236854,40000
236855,48769
236856,45157
236857,40000
236858,40000
236859,40000
236860,55329
236861,47785
236862,62142
236863,61024
236864,52195
236865,67685
236866,45024
236867,59100
236868,48050
236869,51309
236870,67957
236871,40000
236872,51725
236873,67158
236874,51260
236875,58085
236876,40000
236877,40000
236878,75774
236879,52548
236880,40000
236881,58519
236882,40000
236883,72410
236884,40000
236885,56643
236886,56582
236887,55524
236888,46119
236889,40000
236890,41589
236891,40000
236892,45244
236893,58557
236894,50225
236895,82881
236896,56763
236897,40000
236898,40000
236899,64541
236900,55663
236901,44728
236902,80458
236903,40000
236904,41624
236905,40000
236906,49816
236907,40000
236908,40000
236909,40000
236910,65269
236911,40000
236912,59926
236913,40000
236914,63468
236915,40000
236916,51097
236917,56274
236918,53936
236919,83278
236920,72015
236921,65074
236922,40000
236923,66412
236924,40000
236925,74300
236926,40000
236927,72754
236928,59408
236929,63309
236930,49571
236931,69302
236932,57688
236933,69357
236934,40000
236935,48658
236936,40000
236937,51787
236938,70270
236939,47314
236940,81618
236941,54864
236942,47031
236943,45874
236944,40000
236945,40000
236946,44832
236947,60522
236948,61250
236949,60283
236950,69175
236951,40000
236952,40000
236953,106651
236954,65194
236955,40000
236956,40000
236957,50525
236958,56473
236959,62628
236960,80386
236961,40000
236962,40000
236963,52576
236964,85659
236965,43835
236966,57432
236967,49241
236968,57098
236969,40000
236970,71264
236971,40000
236972,69064
236973,68488
236974,62509
236975,40000
236976,44273
236977,82039
236978,54784
236979,45068
236980,57371
236981,59173
236982,41298
236983,46723
236984,41730
236985,57532
236986,45663
236987,46650
236988,75509
236989,40000
236990,49481
236991,76234
236992,74471
236993,66429
236994,51950
236995,40000
236996,43895
236997,57741
236998,40000
236999,47414
237000,40000
237001,57447
237002,40000
237003,59092
237004,40000
237005,55122
237006,57600
237007,40000
237008,40000
237009,47813
237010,57053
237011,40000
237012,43723
237013,48085
237014,56590
237015,60896
237016,64098
237017,43869
237018,46675
237019,52520
237020,68707
237021,77412
237022,40000
237023,40000
237024,40000
237025,91444
237026,40000
237027,69688
237028,40000
237029,70213
237030,68783
237031,59286
237032,40000
237033,51242
237034,40000
237035,40000
237036,62123
237037,64211
237038,44744
237039,71622
237040,40000
237041,53478
237042,40000
237043,45915
237044,60825
237045,40000
237046,40000
237047,85866
237048,57973
237049,40000
237050,54357
237051,44009
237052,40000
237053,40000
237054,40000
237055,55147
237056,55969
237057,40000
237058,75250
237059,40000
237060,40000
237061,47321
237062,67019
237063,56665
237064,49635
237065,67753
237066,84018
237067,40000
237068,40000
237069,102269
237070,67038
237071,49778
237072,66170
237073,40000
237074,40000
237075,88224
237076,61264
237077,60965
237078,40000
237079,72485
237080,67203
237081,40000
237082,57895
237083,45837
237084,47581
237085,40000
237086,68675
237087,47800
237088,49486
237089,58422
237090,40000
237091,40000
237092,57091
237093,40000
237094,59449
237095,40000
237096,45824
237097,62007
237098,54070
237099,65174
237100,65727
237101,68841
237102,40000
237103,77352
237104,40000
237105,40000
237106,47138
237107,48704
237108,40000
237109,40000
237110,40000
237111,54709
237112,40000
237113,58343
237114,83021
237115,40000
237116,60764
237117,53092
237118,40000
237119,67947
237120,40000
237121,65359
237122,46668
237123,93116
237124,45300
237125,47708
237126,40000
237127,40000
237128,46994
237129,68443
237130,61837
237131,66403
237132,40000
237133,97881
237134,48296
237135,49654
237136,60705
237137,83947
237138,59321
237139,47508
237140,40000
237141,42927
237142,40000
237143,63850
237144,40000
237145,40000
237146,49037
237147,54478
237148,40000
237149,64867
237150,48659
237151,52227
237152,48548
237153,40000
237154,61073
237155,40000
237156,40000
237157,49622
237158,66731
237159,40000
237160,83546
237161,40000
237162,40000
237163,68458
237164,61995
237165,40000
237166,40000
237167,40000
237168,62872
237169,46776
237170,44922
237171,40000
237172,64929
237173,49561
237174,79867
237175,53992
237176,71763
237177,53183
237178,48903
237179,54027
237180,60502
237181,60107
237182,40000
237183,51993
237184,47489
237185,40000
237186,55573
237187,70522
237188,40000
237189,46210
237190,60586
237191,59761
237192,69438
237193,40000
237194,62555
237195,51115
237196,98658
237197,69086
237198,40000
237199,52403
237200,46823
237201,73915
237202,67823
237203,64271
237204,40000
237205,58944
237206,40000
237207,42196
237208,65696
237209,40000
237210,62675
237211,69014
237212,67123
237213,40000
237214,64557
237215,76228
237216,40000
237217,40000
237218,41934
237219,40000
237220,58070
237221,40000
237222,40000
237223,50368
237224,40000
237225,57228
237226,73746
237227,40000
237228,59904
237229,42684
237230,40000
237231,42740
237232,40000
237233,64022
237234,53757
237235,58000
237236,62268
237237,56184
237238,40000
237239,40000
237240,56743
237241,40000
237242,53690
237243,56913
237244,74919
237245,93361
237246,58214
237247,61322
237248,40000
237249,46759
237250,54382
237251,69535
237252,54653
237253,74532
237254,56894
237255,51492
237256,55969
237257,53687
237258,50718
237259,52912
237260,40000
237261,89975
237262,56928
237263,40000
237264,54591
237265,44055
237266,82730
237267,65794
237268,40000
237269,51266
237270,43350
237271,40000
237272,47744
237273,40000
237274,40000
237275,59890
237276,42162
237277,82440
237278,64643
237279,40000
237280,89459
237281,73209
237282,40000
237283,40000
237284,48373
237285,58203
237286,68233
237287,45898
237288,68536
237289,83375
237290,40000
237291,44109
237292,54771
237293,78829
237294,51945
237295,53786
237296,48124
237297,51712
237298,57221
237299,43174
237300,73742
237301,40000
237302,40000
237303,40000
237304,68301
237305,40000
237306,60267
237307,52764
237308,40000
237309,47534
237310,40000
237311,40000
237312,46433
237313,40000
237314,67279
237315,40000
237316,56913
237317,48191
237318,55075
237319,70661
237320,78662
237321,73571
237322,46886
237323,40000
237324,50399
237325,62274
237326,45685
237327,75331
237328,48271
237329,40000
237330,41171
237331,40000
237332,42858
237333,48764
237334,42592
237335,40000
237336,48742
237337,69278
237338,70240
237339,40068
237340,75163
237341,57375
237342,40000
237343,58778
237344,49358
237345,48853
237346,48907
237347,40000
237348,40000
237349,42108
237350,40000
237351,40000
237352,40000
237353,60280
237354,74887
237355,55674
237356,55921
237357,40000
237358,54723
237359,85754
237360,94293
237361,73013
237362,45260
237363,51546
237364,40000
237365,40000
237366,40000
237367,65467
237368,62006
237369,52560
237370,40000
237371,40000
237372,40984
237373,40000
237374,40000
237375,40000
237376,49056
237377,40000
237378,46422
237379,40000
237380,40000
237381,84013
237382,41175
237383,62247
237384,48054
237385,42628
237386,45524
237387,59523
237388,47270
237389,40000
237390,40000
237391,52106
237392,95055
237393,80589
237394,40000
237395,67745
237396,59095
237397,40000
237398,43834
237399,55992
237400,49391
237401,40000
237402,40000
237403,40000
237404,47818
237405,40000
237406,44378
237407,46392
237408,40000
237409,46502
237410,46223
237411,62330
237412,78600
237413,46545
237414,53534
237415,53039
237416,40000
237417,77070
237418,72517
237419,53503
237420,87096
237421,40000
237422,42784
237423,77495
237424,49092
237425,58696
237426,69027
237427,40000
237428,53560
237429,83608
237430,40000
237431,71120
237432,40000
237433,43281
237434,49069
237435,40000
237436,42403
237437,64403
237438,91224
237439,86286
237440,40000
237441,63173
237442,69674
237443,74727
237444,40000
237445,49551
237446,43790
237447,40881
237448,40000
237449,40000
237450,46083
237451,54197
237452,40000
237453,99691
237454,52158
237455,84735
237456,40000
237457,41216
237458,56164
237459,41100
237460,43009
237461,42884
237462,65462
237463,52885
237464,52569
237465,79660
237466,48995
237467,47430
237468,59589
237469,40000
237470,72326
237471,65136
237472,40000
237473,40000
237474,41814
237475,40000
237476,52035
237477,53183
237478,50016
237479,41618
237480,40000
237481,40448
237482,40000
237483,40000
237484,60524
237485,40000
237486,68215
237487,42606
237488,51911
237489,72056
237490,40000
237491,40025
237492,80605
237493,47362
237494,40000
237495,68257
237496,55794
237497,40000
237498,69046
237499,55887
237500,54630
237501,40000
237502,40000
237503,40000
237504,88240
237505,42093
237506,56564
237507,40000
237508,40000
237509,63761
237510,56027
237511,40000
237512,68339
237513,52436
237514,46901
237515,49729
237516,45766
237517,54217
237518,44323
237519,52770
237520,56590
237521,40000
237522,40000
237523,52912
237524,41918
237525,45599
237526,56536
237527,53144
237528,40000
237529,65781
237530,40000
237531,59428
237532,69279
237533,76151
237534,48005
237535,60740
237536,40000
237537,44606
237538,40000
237539,87906
237540,40000
237541,40000
237542,108963
237543,40000
237544,66876
237545,56055
237546,61298
237547,48068
237548,61731
237549,43429
237550,58555
237551,40000
237552,40000
237553,65984
237554,79783
237555,56367
237556,67937
237557,40000
237558,56979
237559,86042
237560,40000
237561,76693
237562,40748
237563,71329
237564,40000
237565,90820
237566,42455
237567,42282
237568,61796
237569,57559
237570,55597
237571,45528
237572,59249
237573,40000
237574,44530
237575,45113
237576,40000
237577,56102
237578,67620
237579,40000
237580,64222
237581,76279
237582,85088
237583,40000
237584,75112
237585,81223
237586,40000
237587,47338
237588,63679
237589,40000
237590,40000
237591,40000
237592,69389
237593,42125
237594,40000
237595,47167
237596,73243
237597,42714
237598,43050
237599,40000
237600,40000
237601,40000
237602,48698
237603,40000
237604,40000
237605,52668
237606,40000
237607,62047
237608,49412
237609,40000
237610,40000
237611,64996
237612,40000
237613,47967
237614,40000
237615,40000
237616,57801
237617,40000
237618,69137
237619,56982
237620,81486
237621,57036
237622,43942
237623,65897
237624,64331
237625,75503
237626,40000
237627,61939
237628,40000
237629,64594
237630,46746
237631,49948
237632,52304
237633,40000
237634,52830
237635,40000
237636,49622
237637,94878
237638,40000
237639,64223
237640,63289
237641,58415
237642,73806
237643,71029
237644,40000
237645,51598
237646,77718
237647,45591
237648,84389
237649,42077
237650,106966
237651,59820
237652,40000
237653,50316
237654,63265
237655,40000
237656,40000
237657,40000
237658,52856
237659,54054
237660,48516
237661,40000
237662,79296
237663,65958
237664,40000
237665,50371
237666,63937
237667,46942
237668,52011
237669,50840
237670,56940
237671,59199
237672,71968
237673,40000
237674,119370
237675,40000
237676,42861
237677,55223
237678,40000
237679,44361
237680,73753
237681,46689
237682,60615
237683,47284
237684,40000
237685,40000
237686,51192
237687,46870
237688,40000
237689,57834
237690,54520
237691,48322
237692,61679
237693,51130
237694,99699
237695,71794
237696,73842
237697,72728
237698,65130
237699,40000
237700,48660
237701,52210
237702,49744
237703,65314
237704,40000
237705,66554
237706,40000
237707,43105
237708,40000
237709,60486
237710,40000
237711,48971
237712,40000
237713,68841
237714,40000
237715,67828
237716,71109
237717,40000
237718,65636
237719,40000
237720,52333
237721,40000
237722,40000
237723,60353
237724,40000
237725,86091
237726,53488
237727,40000
237728,81752
237729,78727
237730,40000
237731,41378
237732,40000
237733,89452
237734,43540
237735,81427
237736,40000
237737,40000
237738,40000
237739,76080
237740,41659
237741,40000
237742,63682
237743,48430
237744,40000
237745,40000
237746,40000
237747,42242
237748,54706
237749,56269
237750,54550
237751,40000
237752,49171
237753,56677
237754,40000
237755,40000
237756,68854
237757,40000
237758,47557
237759,40000
237760,40000
237761,43678
237762,59599
237763,67195
237764,65167
237765,55718
237766,40000
237767,47865
237768,44421
237769,55234
237770,40000
237771,60225
237772,40000
237773,50863
237774,52107
237775,69568
237776,40000
237777,70035
237778,40308
237779,56115
237780,83042
237781,40000
237782,40000
237783,40000
237784,40000
237785,44610
237786,40000
237787,40000
237788,40000
237789,40000
237790,41788
237791,42466
237792,60299
237793,40000
237794,94146
237795,40000
237796,101722
237797,40000
237798,59474
237799,83861
237800,40000
237801,40000
237802,64908
237803,49449
237804,62961
237805,59193
237806,54459
237807,40000
237808,49996
237809,46719
237810,40000
237811,40000
237812,63218
237813,55450
237814,40000
237815,53101
237816,59944
237817,60511
237818,52157
237819,80229
237820,78384
237821,40000
237822,47412
237823,40000
237824,45028
237825,87355
237826,40000
237827,69368
237828,40000
237829,41684
237830,40000
237831,45187
237832,40400
237833,43513
237834,40000
237835,40515
237836,47979
237837,47311
237838,69593
237839,73369
237840,47050
237841,55731
237842,62524
237843,40000
237844,41565
237845,40000
237846,40598
237847,69826
237848,46502
237849,76769
237850,40000
237851,64378
237852,40000
237853,63493
237854,68185
237855,46167
237856,40000
237857,64010
237858,40000
237859,66335
237860,80672
237861,40000
237862,40000
237863,40000
237864,40000
237865,59623
237866,40000
237867,73241
237868,46144
237869,80878
237870,49673
237871,40000
237872,63403
237873,59314
237874,48262
237875,49953
237876,51593
237877,59561
237878,40000
237879,61227
237880,56369
237881,41816
237882,50852
237883,66045
237884,40000
237885,65228
237886,68593
237887,71722
237888,56734
237889,45357
237890,40000
237891,67773
237892,52594
237893,40000
237894,78749
237895,66620
237896,44896
237897,51905
237898,43680
237899,40000
237900,40000
237901,51537
237902,60223
237903,79190
237904,40000
237905,41667
237906,77959
237907,58696
237908,95808
237909,40000
237910,40000
237911,42059
237912,75547
237913,58573
237914,40000
237915,40000
237916,56527
237917,51828
237918,40000
237919,55030
237920,40000
237921,49783
237922,64464
237923,40000
237924,40000
237925,40000
237926,59688
237927,65505
237928,40000
237929,51893
237930,61991
237931,51258
237932,62444
237933,40000
237934,95930
237935,44032
237936,40000
237937,40000
237938,50862
237939,61063
237940,72162
237941,60605
237942,40000
237943,45755
237944,76077
237945,40000
237946,62456
237947,50024
237948,51101
237949,48054
237950,85781
237951,41046
237952,40000
237953,43030
237954,40000
237955,60803
237956,40000
237957,64440
237958,40000
237959,46953
237960,40000
237961,47924
237962,53996
237963,54853
237964,68260
237965,40000
237966,44623
237967,47470
237968,40000
237969,40000
237970,44284
237971,45975
237972,77316
237973,40000
237974,49684
237975,40000
237976,54801
237977,40000
237978,40000
237979,40378
237980,40000
237981,40000
237982,40000
237983,71432
237984,40000
237985,40000
237986,68068
237987,62450
237988,48934
237989,64899
237990,59573
237991,40000
237992,92739
237993,63520
237994,52043
237995,56629
237996,40000
237997,50513
237998,61268
237999,40000
238000,57295
238001,46406
238002,70236
238003,40000
238004,64928
238005,73979
238006,40000
238007,40701
238008,47094
238009,40000
238010,72459
238011,40000
238012,59326
238013,49178
238014,65004
238015,49001
238016,40000
238017,40000
238018,40000
238019,40000
238020,52578
238021,40000
238022,50081
238023,40000
238024,65152
238025,75267
238026,55306
238027,40000
238028,107297
238029,46026
238030,48870
238031,58373
238032,41111
238033,74022
238034,79878
238035,40000
238036,75583
238037,40000
238038,44994
238039,68800
238040,51071
238041,40000
238042,40000
238043,40000
238044,56898
238045,40000
238046,50895
238047,50648
238048,57630
238049,72718
238050,69858
238051,73740
238052,47637
238053,92059
238054,47109
238055,67596
238056,54771
238057,70108
238058,61524
238059,55965
238060,65077
238061,40000
238062,40226
238063,57241
238064,77464
238065,85649
238066,40000
238067,50238
238068,40000
238069,40000
238070,45551
238071,40000
238072,40000
238073,46984
238074,84239
238075,40000
238076,40000
238077,44817
238078,61433
238079,59217
238080,40000
238081,40000
238082,83838
238083,40000
238084,40000
238085,61833
238086,59951
238087,78833
238088,40000
238089,52232
238090,40000
238091,104522
238092,55347
238093,48968
238094,40000
238095,80202
238096,90736
238097,72911
238098,49545
238099,40000
238100,40000
238101,45867
238102,47298
238103,40000
238104,45389
238105,40885
238106,89320
238107,40000
238108,40000
238109,40000
238110,62562
238111,72633
238112,40000
238113,51121
238114,40000
238115,67805
238116,54390
238117,121617
238118,56983
238119,79106
238120,60001
238121,70510
238122,40000
238123,40000
238124,51544
238125,40000
238126,60648
238127,42604
238128,47507
238129,50677
238130,40000
238131,74787
238132,45581
238133,48616
238134,40000
238135,45165
238136,40773
238137,58667
238138,78227
238139,43373
238140,40000
238141,40000
238142,40000
238143,44408
238144,40000
238145,77728
238146,85985
238147,40000
238148,59747
238149,42785
238150,72373
238151,63107
238152,103401
238153,108343
238154,60644
238155,50513
238156,54734
238157,50245
238158,55609
238159,64433
238160,87115
238161,62038
238162,79153
238163,47865
238164,88301
238165,78121
238166,40000
238167,40249
238168,40000
238169,40000
238170,71423
238171,67514
238172,85072
238173,45008
238174,56941
238175,50397
238176,55907
238177,52270
238178,43176
238179,70366
238180,64710
238181,65981
238182,41177
238183,40000
238184,40000
238185,43039
238186,58932
238187,47118
238188,54489
238189,69934
238190,40000
238191,46305
238192,54677
238193,54482
238194,69821
238195,64158
238196,40000
238197,57332
238198,61816
238199,41499
238200,48211
238201,92838
238202,67058
238203,41626
238204,64114
238205,40000
238206,73040
238207,43097
238208,58576
238209,40000
238210,46110
238211,40000
238212,40000
238213,51433
238214,69734
238215,89855
238216,40000
238217,40000
238218,49899
238219,61683
238220,40000
238221,40000
238222,45440
238223,66966
238224,43714
238225,80700
238226,57699
238227,66284
238228,48392
238229,93535
238230,59430
238231,54017
238232,63406
238233,80613
238234,83027
238235,91294
238236,44069
238237,40000
238238,61180
238239,58762
238240,50942
238241,40000
238242,51114
238243,73046
238244,64012
238245,45251
238246,86285
238247,61670
238248,40000
238249,55612
238250,64068
238251,83329
238252,48008
238253,40000
238254,41157
238255,87712
238256,59150
238257,46979
238258,40000
238259,49481
238260,40000
238261,40000
238262,53112
238263,71138
238264,40000
238265,59986
238266,44935
238267,71131
238268,57051
238269,75725
238270,40000
238271,40088
238272,62257
238273,42742
238274,40000
238275,40000
238276,52307
238277,59849
238278,45501
238279,40000
238280,40000
238281,55896
238282,40000
238283,40000
238284,40000
238285,40000
238286,73901
238287,41711
238288,53137
238289,40000
238290,41309
238291,40000
238292,40000
238293,67119
238294,40000
238295,60042
238296,51422
238297,57191
238298,40000
238299,53885
238300,67836
238301,52260
238302,40000
238303,70465
238304,40000
238305,87208
238306,56940
238307,40000
238308,47642
238309,40000
238310,40000
238311,59132
238312,40000
238313,40000
238314,40000
238315,53465
238316,43709
238317,64602
238318,42893
238319,58721
238320,73119
238321,46761
238322,40000
238323,40000
238324,40000
238325,58548
238326,40000
238327,50496
238328,60668
238329,65347
238330,58940
238331,42926
238332,40411
238333,67496
238334,48766
238335,67344
238336,73466
238337,60040
238338,58067
238339,64192
238340,47628
238341,57091
238342,56521
238343,42382
238344,75925
238345,53362
238346,62656
238347,40000
238348,42816
238349,40000
238350,40000
238351,60848
238352,40000
238353,53304
238354,76930
238355,40342
238356,40000
238357,43461
238358,54774
238359,40000
238360,104716
238361,40000
238362,47265
238363,72778
238364,55429
238365,47591
238366,54073
238367,41207
238368,40000
238369,60867
238370,40000
238371,40000
238372,40000
238373,40000
238374,67120
238375,69386
238376,40000
238377,46684
238378,76353
238379,41387
238380,63608
238381,71924
238382,88265
238383,70124
238384,48250
238385,40000
238386,53862
238387,61651
238388,61805
238389,74957
238390,43535
238391,40000
238392,40000
238393,40000
238394,63712
238395,40000
238396,65589
238397,53397
238398,66092
238399,40000
238400,73210
238401,45714
238402,64841
238403,40000
238404,56517
238405,40000
238406,99364
238407,40000
238408,41129
238409,85268
238410,40000
238411,40000
238412,40000
238413,40000
238414,60056
238415,65033
238416,90981
238417,40000
238418,40000
238419,40402
238420,40000
238421,51133
238422,40000
238423,42944
238424,40000
238425,44212
238426,64961
238427,84968
238428,58876
238429,50103
238430,72487
238431,40000
238432,51922
238433,45787
238434,40000
238435,40000
238436,41475
238437,67531
238438,65131
238439,47605
238440,40000
238441,40000
238442,45245
238443,55660
238444,40000
238445,40000
238446,42582
238447,40000
238448,40000
238449,49730
238450,41961
238451,40000
238452,68184
238453,40882
238454,52381
238455,45225
238456,40000
238457,52818
238458,43697
238459,40000
238460,40000
238461,44326
238462,40000
238463,54079
238464,59681
238465,57496
238466,54288
238467,77978
238468,40000
238469,85465
238470,63983
238471,40000
238472,51326
238473,40000
238474,48158
238475,59655
238476,59421
238477,74224
238478,57149
238479,82710
238480,45387
238481,51528
238482,54925
238483,47916
238484,105147
238485,52540
238486,53559
238487,80577
238488,50509
238489,46264
238490,40000
238491,40000
238492,57516
238493,70990
238494,54621
238495,65819
238496,48594
238497,42039
238498,50126
238499,64368
238500,40000
238501,80413
238502,54276
238503,56056
238504,61484
238505,71621
238506,71170
238507,40000
238508,45912
238509,40000
238510,40000
238511,46511
238512,57291
238513,49468
238514,47468
238515,90872
238516,72111
238517,42428
238518,68130
238519,40852
238520,45952
238521,66414
238522,66066
238523,45141
238524,40000
238525,81760
238526,40000
238527,49183
238528,47839
238529,53287
238530,40000
238531,48884
238532,40000
238533,43806
238534,68852
238535,40000
238536,40000
238537,50604
238538,52769
238539,46882
238540,64198
238541,48328
238542,40000
238543,46793
238544,46299
238545,47959
238546,73726
238547,62807
238548,40000
238549,58919
238550,40000
238551,54722
238552,40000
238553,51956
238554,40000
238555,75864
238556,71094
238557,48549
238558,83653
238559,40223
238560,40284
238561,40000
238562,40000
238563,43459
238564,40000
238565,73508
238566,68237
238567,53588
238568,46483
238569,40000
238570,40000
238571,40000
238572,68953
238573,40000
238574,40000
238575,48007
238576,67358
238577,49604
238578,75247
238579,63934
238580,40000
238581,40000
238582,51103
238583,40000
238584,40000
238585,71668
238586,59416
238587,40000
238588,77273
238589,50874
238590,41960
238591,53876
238592,76478
238593,54658
238594,61651
238595,42258
238596,47526
238597,40000
238598,78660
238599,58429
238600,54255
238601,54543
238602,40000
238603,57777
238604,50385
238605,43410
238606,75303
238607,65293
238608,54663
238609,41307
238610,62998
238611,47336
238612,40000
238613,57607
238614,40050
238615,40000
238616,56461
238617,41158
238618,43689
238619,44724
238620,40628
238621,65146
238622,40000
238623,44614
238624,99048
238625,40000
238626,53882
238627,40000
238628,44014
238629,45071
238630,75046
238631,60169
238632,87125
238633,58404
238634,51098
238635,56633
238636,40000
238637,40000
238638,40000
238639,53686
238640,67315
238641,64399
238642,65484
238643,40000
238644,40000
238645,44812
238646,62311
238647,87306
238648,82742
238649,52772
238650,49505
238651,40000
238652,40000
238653,41804
238654,42375
238655,40413
238656,40000
238657,40622
238658,40000
238659,40000
238660,74855
238661,57646
238662,40000
238663,45091
238664,59081
238665,40000
238666,48210
238667,60986
238668,40000
238669,46456
238670,58624
238671,53912
238672,50377
238673,43519
238674,71169
238675,46339
238676,53417
238677,67565
238678,63204
238679,40000
238680,43818
238681,40571
238682,40000
238683,44672
238684,40955
238685,40000
238686,74909
238687,40000
238688,60390
238689,51046
238690,40000
238691,40000
238692,40000
238693,46211
238694,40000
238695,45535
238696,69344
238697,40000
238698,40000
238699,40000
238700,72769
238701,55113
238702,96531
238703,40000
238704,60578
238705,40000
238706,42384
238707,40000
238708,52228
238709,55332
238710,56208
238711,77131
238712,40000
238713,58223
238714,45270
238715,40000
238716,40000
238717,47018
238718,40000
238719,50558
238720,62213
238721,40000
238722,44930
238723,48441
238724,44315
238725,40000
238726,40000
238727,42805
238728,40000
238729,56642
238730,46264
238731,56585
238732,64309
238733,46407
238734,74806
238735,78809
238736,40000
238737,79331
238738,51257
238739,81816
238740,40000
238741,40000
238742,40000
238743,73071
238744,62470
238745,43354
238746,40000
238747,40000
238748,78378
238749,40000
238750,40045
238751,46904
238752,53403
238753,79918
238754,75552
238755,40000
238756,40000
238757,40000
238758,53694
238759,48675
238760,83751
238761,41191
238762,67823
238763,50568
238764,46643
238765,86452
238766,54512
238767,93704
238768,77819
238769,40000
238770,40000
238771,40000
238772,60698
238773,45880
238774,46107
238775,59115
238776,56608
238777,53249
238778,78514
238779,65732
238780,40000
238781,59884
238782,48631
238783,44108
238784,53006
238785,48755
238786,73516
238787,45136
238788,53319
238789,40000
238790,68971
238791,40000
238792,65619
238793,40000
238794,40000
238795,76764
238796,40000
238797,80551
238798,40000
238799,40000
238800,52691
238801,40000
238802,59918
238803,56299
238804,40000
238805,40000
238806,41005
238807,87562
238808,47587
238809,40000
238810,40000
238811,40000
238812,40000
238813,40000
238814,40000
238815,40000
238816,77906
238817,66848
238818,45133
238819,48364
238820,64511
238821,42151
238822,42698
238823,65048
238824,40000
238825,40000
238826,63520
238827,40000
238828,40000
238829,49557
238830,40000
238831,56537
238832,55374
238833,40000
238834,40000
238835,49852
238836,61992
238837,80251
238838,40000
238839,45789
238840,75252
238841,48868
238842,40000
238843,60504
238844,61342
238845,53962
238846,40000
238847,40000
238848,40000
238849,40000
238850,51659
238851,68215
238852,75083
238853,63240
238854,40000
238855,48195
238856,47617
238857,56075
238858,42932
238859,77339
238860,41429
238861,55626
238862,54877
238863,47267
238864,57500
238865,58889
238866,61742
238867,72604
238868,40000
238869,41307
238870,40000
238871,40000
238872,51955
238873,71477
238874,40000
238875,40000
238876,89907
238877,40000
238878,40000
238879,40000
238880,42721
238881,59562
238882,40878
238883,40000
238884,40000
238885,40260
238886,54234
238887,42264
238888,52172
238889,48469
238890,40000
238891,40000
238892,57194
238893,40000
238894,62523
238895,41391
238896,65763
238897,48109
238898,63471
238899,45985
238900,40000
238901,65730
238902,50203
238903,55522
238904,40000
238905,57005
238906,40000
238907,48046
238908,81471
238909,40000
238910,41936
238911,53899
238912,41525
238913,60954
238914,54768
238915,40000
238916,40000
238917,40000
238918,43540
238919,40000
238920,40000
238921,60509
238922,40000
238923,62120
238924,59777
238925,55206
238926,79668
238927,53192
238928,54645
238929,53151
238930,40000
238931,42343
238932,56978
238933,40000
238934,40000
238935,66668
238936,67116
238937,67455
238938,40000
238939,40000
238940,70024
238941,40000
238942,58236
238943,40000
238944,75499
238945,78874
238946,52953
238947,40000
238948,45776
238949,55007
238950,46740
238951,40000
238952,63656
238953,66811
238954,43463
238955,83062
238956,40000
238957,85008
238958,40000
238959,42973
238960,41692
238961,41577
238962,44665
238963,69980
238964,55077
238965,83081
238966,40000
238967,40000
238968,40000
238969,57715
238970,40000
238971,47779
238972,46010
238973,50226
238974,40000
238975,40894
238976,64873
238977,40000
238978,42646
238979,60470
238980,55483
238981,50667
238982,40000
238983,55724
238984,89989
238985,40000
238986,60536
238987,72148
238988,51266
238989,75934
238990,75699
238991,79296
238992,54017
238993,40000
238994,40000
238995,49289
238996,49593
238997,66761
238998,53179
238999,40000
239000,40000
239001,40000
239002,56600
239003,40000
239004,40000
239005,40000
239006,96628
239007,75897
239008,48410
239009,47010
239010,40000
239011,40000
239012,51298
239013,40000
239014,64730
239015,57104
239016,43400
239017,41849
239018,41535
239019,40337
239020,41497
239021,74128
239022,42561
239023,40000
239024,70762
239025,56132
239026,46769
239027,40000
239028,50454
239029,40000
239030,40000
239031,97184
239032,41562
239033,41000
239034,40000
239035,53377
239036,40000
239037,91990
239038,40000
239039,49362
239040,52692
239041,42463
239042,40000
239043,40000
239044,42886
239045,57677
239046,65324
239047,70332
239048,40000
239049,62279
239050,70143
239051,51333
239052,56310
239053,40000
239054,40000
239055,40000
239056,40000
239057,67177
239058,40000
239059,61353
239060,49395
239061,40000
239062,40000
239063,51653
239064,54115
239065,70888
239066,47299
239067,90988
239068,44518
239069,43363
239070,71426
239071,44507
239072,40188
239073,47743
239074,53772
239075,40000
239076,43842
239077,61871
239078,47445
239079,42685
239080,40000
239081,76873
239082,55337
239083,40000
239084,73467
239085,44719
239086,59407
239087,83757
239088,69426
239089,83153
239090,47050
239091,40000
239092,40746
239093,67369
239094,52357
239095,50779
239096,40467
239097,40000
239098,50937
239099,69888
239100,40000
239101,45085
239102,40952
239103,40000
239104,40000
239105,40000
239106,60300
239107,60378
239108,73118
239109,72790
239110,40000
239111,72674
239112,52002
239113,58419
239114,40000
239115,40000
239116,40000
239117,42771
239118,45751
239119,68254
239120,67418
239121,41401
239122,60347
239123,73114
239124,79016
239125,52887
239126,58723
239127,40000
239128,75383
239129,57411
239130,50963
239131,53389
239132,58831
239133,72868
239134,52313
239135,40000
239136,40000
239137,42858
239138,40000
239139,97856
239140,56261
239141,61183
239142,40000
239143,60791
239144,55417
239145,40000
239146,65736
239147,40000
239148,40000
239149,53446
239150,67739
239151,60082
239152,52902
239153,40000
239154,45401
239155,40000
239156,55789
239157,47777
239158,71032
239159,40000
239160,40000
239161,46611
239162,65250
239163,40000
239164,67259
239165,73560
239166,41388
239167,40000
239168,65463
239169,50163
239170,47799
239171,41665
239172,42065
239173,79202
239174,48019
239175,40000
239176,72070
239177,90491
239178,82039
239179,75855
239180,40000
239181,40000
239182,58732
239183,40000
239184,63460
239185,81931
239186,40000
239187,42860
239188,40000
239189,40000
239190,40000
239191,40814
239192,40000
239193,40000
239194,46971
239195,43768
239196,40000
239197,40597
239198,71995
239199,40000
239200,40000
239201,40000
239202,68581
239203,40000
239204,64354
239205,64647
239206,83472
239207,40000
239208,46854
239209,43575
239210,40576
239211,59726
239212,48276
239213,67601
239214,66906
239215,78906
239216,77927
239217,40000
239218,40000
239219,62176
239220,40000
239221,40000
239222,40000
239223,54471
239224,40000
239225,66937
239226,41505
239227,42745
239228,49508
239229,40000
239230,49227
239231,53969
239232,63076
239233,42586
239234,51024
239235,40000
239236,61001
239237,78969
239238,40000
239239,46306
239240,40000
239241,61459
239242,85264
239243,62560
239244,58738
239245,67090
239246,52037
239247,40000
239248,40000
239249,40000
239250,59543
239251,40000
239252,40000
239253,42421
239254,60176
239255,68972
239256,51317
239257,46943
239258,66914
239259,47333
239260,66615
239261,43824
239262,65041
239263,44108
239264,40000
239265,62909
239266,45038
239267,48200
239268,52463
239269,41267
239270,50521
239271,40000
239272,46190
239273,47458
239274,47508
239275,56754
239276,41941
239277,40069
239278,54298
239279,65249
239280,40000
239281,82943
239282,63322
239283,40000
239284,58387
239285,67095
239286,63116
239287,48533
239288,40000
239289,50543
239290,40000
239291,49688
239292,82156
239293,50674
239294,50842
239295,83047
239296,40000
239297,49591
239298,40000
239299,82175
239300,80477
239301,40000
239302,40000
239303,56023
239304,40000
239305,40000
239306,40000
239307,40000
239308,40000
239309,63327
239310,49136
239311,100873
239312,41465
239313,52714
239314,40000
239315,63438
239316,43853
239317,40000
239318,40000
239319,76568
239320,40000
239321,47719
239322,43751
239323,61136
239324,63639
239325,47648
239326,41251
239327,52536
239328,48444
239329,46575
239330,40000
239331,41007
239332,79509
239333,93510
239334,45668
239335,40000
239336,40000
239337,40000
239338,71983
239339,47247
239340,40000
239341,63056
239342,52683
239343,52888
239344,40000
239345,68575
239346,40000
239347,45774
239348,40000
239349,68221
239350,88001
239351,83161
239352,66993
239353,52917
239354,40000
239355,67952
239356,45380
239357,40000
239358,75451
239359,40000
239360,54989
239361,54269
239362,71392
239363,68996
239364,41801
239365,76744
239366,60803
239367,69546
239368,83308
239369,40000
239370,40000
239371,40000
239372,47281
239373,54003
239374,40000
239375,40000
239376,40000
239377,76568
239378,57466
239379,50205
239380,45488
239381,83769
239382,40072
239383,58310
239384,62155
239385,90510
239386,55275
239387,49692
239388,40000
239389,55232
239390,49109
239391,40000
239392,40958
239393,40000
239394,68851
239395,41940
239396,40000
239397,50674
239398,67814
239399,82557
239400,66218
239401,40000
239402,40000
239403,68655
239404,45228
239405,64804
239406,54426
239407,46018
239408,40000
239409,64480
239410,75638
239411,40000
239412,82801
239413,40000
239414,98361
239415,48404
239416,40000
239417,47899
239418,62051
239419,44549
239420,40000
239421,40000
239422,56185
239423,66899
239424,59900
239425,59933
239426,40000
239427,40000
239428,48610
239429,40000
239430,40000
239431,51981
239432,58712
239433,47553
239434,64160
239435,75084
239436,71012
239437,40000
239438,80041
239439,51110
239440,40000
239441,56780
239442,40000
239443,49950
239444,44010
239445,56535
239446,79344
239447,51577
239448,62861
239449,40000
239450,40000
239451,40000
239452,50086
239453,102159
239454,41399
239455,40000
239456,54917
239457,41389
239458,76698
239459,45393
239460,40000
239461,40000
239462,40475
239463,57877
239464,40000
239465,63006
239466,53827
239467,55917
239468,40000
239469,54529
239470,40000
239471,48697
239472,52133
239473,88833
239474,63738
239475,70398
239476,42456
239477,40813
239478,43285
239479,43494
239480,44070
239481,40000
239482,51665
239483,54198
239484,40000
239485,40000
239486,40363
239487,66081
239488,64952
239489,40000
239490,68417
239491,59292
239492,60159
239493,76826
239494,40000
239495,68937
239496,55617
239497,59470
239498,66734
239499,84394
239500,43945
239501,63032
239502,54673
239503,44240
239504,60164
239505,71091
239506,48589
239507,52144
239508,40000
239509,40000
239510,49738
239511,48467
239512,47586
239513,44333
239514,59625
239515,74439
239516,66285
239517,64152
239518,43229
239519,47771
239520,76268
239521,71962
239522,40000
239523,80532
239524,40000
239525,69304
239526,68770
239527,81584
239528,49588
239529,43156
239530,40000
239531,75583
239532,50968
239533,58326
239534,55306
239535,49077
239536,56359
239537,49306
239538,40000
239539,40000
239540,40000
239541,60735
239542,57033
239543,68927
239544,40483
239545,62386
239546,40000
239547,91943
239548,54241
239549,80604
239550,42043
239551,44772
239552,40000
239553,40000
239554,64284
239555,40000
239556,43879
239557,40000
239558,50793
239559,57831
239560,44252
239561,40000
239562,40000
239563,62525
239564,40000
239565,42250
239566,46520
239567,40000
239568,72203
239569,43676
239570,62021
239571,64205
239572,48672
239573,53202
239574,45686
239575,97258
239576,87724
239577,71944
239578,58037
239579,94754
239580,60890
239581,86683
239582,67204
239583,42076
239584,45800
239585,48420
239586,47987
239587,77134
239588,49449
239589,64337
239590,40000
239591,40000
239592,50093
239593,43135
239594,48436
239595,40000
239596,45131
239597,55201
239598,56485
239599,54356
239600,64313
239601,76022
239602,63686
239603,49056
239604,57763
239605,52184
239606,50745
239607,44191
239608,44885
239609,72493
239610,61350
239611,40000
239612,45907
239613,84802
239614,40000
239615,40000
239616,48836
239617,53849
239618,40000
239619,62170
239620,53599
239621,80081
239622,66282
239623,40000
239624,40000
239625,79540
239626,40000
239627,92018
239628,55290
239629,43862
239630,40000
239631,80253
239632,42888
239633,52345
239634,56457
239635,67506
239636,40000
239637,40000
239638,58194
239639,40000
239640,77715
239641,60357
239642,49364
239643,71361
239644,40000
239645,47982
239646,56753
239647,40000
239648,81152
239649,40000
239650,51774
239651,40000
239652,58476
239653,53138
239654,48077
239655,40000
239656,87188
239657,40000
239658,40000
239659,40000
239660,71123
239661,40000
239662,40000
239663,80435
239664,40000
239665,40000
239666,49590
239667,40000
239668,45197
239669,49556
239670,40000
239671,63547
239672,50731
239673,46447
239674,61694
239675,64143
239676,81019
239677,64859
239678,109395
239679,75508
239680,40000
239681,40000
239682,64673
239683,51001
239684,76333
239685,41550
239686,40000
239687,40000
239688,87259
239689,61273
239690,58347
239691,40000
239692,54309
239693,64815
239694,40048
239695,70005
239696,40000
239697,53326
239698,40000
239699,40000
239700,40000
239701,54542
239702,40000
239703,45932
239704,60246
239705,40000
239706,58498
239707,41447
239708,40000
239709,73854
239710,40000
239711,51399
239712,55900
239713,59241
239714,64408
239715,78010
239716,40000
239717,51696
239718,79853
239719,50882
239720,56228
239721,40000
239722,40000
239723,40000
239724,55859
239725,62945
239726,40000
239727,65698
239728,70132
239729,84211
239730,49036
239731,40000
239732,45340
239733,40000
239734,43057
239735,40000
239736,40000
239737,57698
239738,40000
239739,46447
239740,77966
239741,40000
239742,68197
239743,59439
239744,40000
239745,40000
239746,40000
239747,40000
239748,69092
239749,44938
239750,61919
239751,41750
239752,65989
239753,101692
239754,52965
239755,49735
239756,40000
239757,76303
239758,40000
239759,60458
239760,92542
239761,40000
239762,65637
239763,85473
239764,42549
239765,64230
239766,71139
239767,40000
239768,40000
239769,66081
239770,57645
239771,91053
239772,40000
239773,88741
239774,40000
239775,64293
239776,60961
239777,55084
239778,53350
239779,40874
239780,40000
239781,42764
239782,66165
239783,40000
239784,41348
239785,40000
239786,77423
239787,40000
239788,66078
239789,55441
239790,78375
239791,40000
239792,45048
239793,63125
239794,44628
239795,40000
239796,40697
239797,72260
239798,89892
239799,75863
239800,73109
239801,74392
239802,48731
239803,40000
239804,41489
239805,43796
239806,89284
239807,55122
239808,40000
239809,52604
239810,40000
239811,44355
239812,40000
239813,64717
239814,40000
239815,56587
239816,51868
239817,40000
239818,68232
239819,42702
239820,72812
239821,58658
239822,50073
239823,40000
239824,75339
239825,76033
239826,55144
239827,40000
239828,56228
239829,40000
239830,40000
239831,63703
239832,61302
239833,101738
239834,55764
239835,40000
239836,47017
239837,55106
239838,57715
239839,57067
239840,50710
239841,53006
239842,40564
239843,43041
239844,40000
239845,44293
239846,40000
239847,57488
239848,76914
239849,55930
239850,40000
239851,40000
239852,47454
239853,52352
239854,69109
239855,46882
239856,40000
239857,40000
239858,40000
239859,75225
239860,40000
239861,40000
239862,40000
239863,54364
239864,72019
239865,40000
239866,40000
239867,65377
239868,40000
239869,41698
239870,43218
239871,58777
239872,90502
239873,47475
239874,46477
239875,65824
239876,57002
239877,53119
239878,40000
239879,40000
239880,53680
239881,40000
239882,42436
239883,53962
239884,40000
239885,59101
239886,40000
239887,68433
239888,62566
239889,40000
239890,65182
239891,73051
239892,51323
239893,80146
239894,84167
239895,40000
239896,81360
239897,40000
239898,96057
239899,40000
239900,75244
239901,40000
239902,77016
239903,40000
239904,42585
239905,40000
239906,48481
239907,53641
239908,51845
239909,93235
239910,48198
239911,42121
239912,63804
239913,58281
239914,78565
239915,70479
239916,68652
239917,40000
239918,42882
239919,40000
239920,40000
239921,56241
239922,46861
239923,40000
239924,51197
239925,40000
239926,64814
239927,74609
239928,58454
239929,40000
239930,54630
239931,42478
239932,40000
239933,40000
239934,47428
239935,71928
239936,59032
239937,79571
239938,72170
239939,65164
239940,52272
239941,46748
239942,48179
239943,40000
239944,80002
239945,55516
239946,40000
239947,69107
239948,40000
239949,49293
239950,61202
239951,50465
239952,50223
239953,46036
239954,40000
239955,56387
239956,42243
239957,45411
239958,51898
239959,82536
239960,40000
239961,43143
239962,52670
239963,40000
239964,40000
239965,61312
239966,65030
239967,70923
239968,40000
239969,40000
239970,52462
239971,84737
239972,56550
239973,40000
239974,41463
239975,59067
239976,40000
239977,48250
239978,40000
239979,54720
239980,40000
239981,40000
239982,46576
239983,41515
239984,47166
239985,40000
239986,41218
239987,66053
239988,40000
239989,40000
239990,74832
239991,51125
239992,40000
239993,42518
239994,45823
239995,40000
239996,62549
239997,52365
239998,40000
239999,61005
240000,63784
240001,51554
240002,40000
240003,81994
240004,79703
240005,80044
240006,49998
240007,50168
240008,43081
240009,40000
240010,40000
240011,51685
240012,48626
240013,40000
240014,40000
240015,40000
240016,40000
240017,40000
240018,47940
240019,45769
240020,61471
240021,40000
240022,45060
240023,40000
240024,48305
240025,40000
240026,42782
240027,45723
240028,75367
240029,72139
240030,40000
240031,41807
240032,43398
240033,48245
240034,40000
240035,40010
240036,45170
240037,40000
240038,40000
240039,40000
240040,42179
240041,40000
240042,72133
240043,53634
240044,40667
240045,54852
240046,40000
240047,57430
240048,70959
240049,78377
240050,93841
240051,40000
240052,60465
240053,69218
240054,40000
240055,57982
240056,56260
240057,78446
240058,40000
240059,64344
240060,56785
240061,41947
240062,67436
240063,40000
240064,46925
240065,53292
240066,47734
240067,87291
240068,55102
240069,40085
240070,40378
240071,86391
240072,40000
240073,60559
240074,40000
240075,45621
240076,40000
240077,80017
240078,51775
240079,69983
240080,48250
240081,47883
240082,40000
240083,40726
240084,69735
240085,40000
240086,61367
240087,55454
240088,40000
240089,54981
240090,50930
240091,40000
240092,40000
240093,40728
240094,68034
240095,40000
240096,40000
240097,46014
240098,40000
240099,43251
240100,40000
240101,40000
240102,61810
240103,40000
240104,54849
240105,40000
240106,40000
240107,40000
240108,40000
240109,55725
240110,58091
240111,79275
240112,41670
240113,54359
240114,40000
240115,68834
240116,40000
240117,57898
240118,83981
240119,40000
240120,66231
240121,53124
240122,40000
240123,65955
240124,50827
240125,57532
240126,46310
240127,58134
240128,70040
240129,43548
240130,48428
240131,40000
240132,56439
240133,50503
240134,56591
240135,41527
240136,44514
240137,40000
240138,44691
240139,40000
240140,40000
240141,73338
240142,46565
240143,68828
240144,55078
240145,40000
240146,40000
240147,60690
240148,40000
240149,42402
240150,54478
240151,42096
240152,50465
240153,40000
240154,40000
240155,51809
240156,45301
240157,69780
240158,73657
240159,47064
240160,43851
240161,40000
240162,74210
240163,46598
240164,40000
240165,74070
240166,51420
240167,42412
240168,56677
240169,52064
240170,41386
240171,40000
240172,60749
240173,48514
240174,40000
240175,40000
240176,60799
240177,40000
240178,51595
240179,57326
240180,71871
240181,64332
240182,59560
240183,65894
240184,58644
240185,40000
240186,55851
240187,65120
240188,44520
240189,81347
240190,48399
240191,40000
240192,67055
240193,52598
240194,52863
240195,50558
240196,65414
240197,49794
240198,77443
240199,55861
240200,69299
240201,50767
240202,60612
240203,78329
240204,40000
240205,40000
240206,40000
240207,87834
240208,71173
240209,79502
240210,86075
240211,40685
240212,64079
240213,42250
240214,50110
240215,40000
240216,42134
240217,73188
240218,40138
240219,52820
240220,60995
240221,40000
240222,40000
240223,57907
240224,40000
240225,40000
240226,45496
240227,62027
240228,62552
240229,40000
240230,40000
240231,40000
240232,54596
240233,57593
240234,98770
240235,66912
240236,40000
240237,55126
240238,68046
240239,40000
240240,44057
240241,56169
240242,40000
240243,103647
240244,79617
240245,40000
240246,40000
240247,88405
240248,60741
240249,40000
240250,69716
240251,55790
240252,58587
240253,40000
240254,67241
240255,61274
240256,50502
240257,46918
240258,68045
240259,63084
240260,55067
240261,75559
240262,45136
240263,62373
240264,98126
240265,40000
240266,71378
240267,59809
240268,40000
240269,66897
240270,43827
240271,61796
240272,40000
240273,40289
240274,40368
240275,40000
240276,59882
240277,40000
240278,59809
240279,97778
240280,40000
240281,40000
240282,40000
240283,40000
240284,50158
240285,45885
240286,45442
240287,40426
240288,40000
240289,53173
240290,40000
240291,40000
240292,40000
240293,40000
240294,76171
240295,57218
240296,71856
240297,68290
240298,40482
240299,47428
240300,40000
240301,40000
240302,55454
240303,85384
240304,41028
240305,79765
240306,55449
240307,40000
240308,40000
240309,46108
240310,40000
240311,83789
240312,50589
240313,48287
240314,62165
240315,61748
240316,77456
240317,45440
240318,40000
240319,48220
240320,57697
240321,42746
240322,51680
240323,40000
240324,50186
240325,56121
240326,40000
240327,40000
240328,40000
240329,59037
240330,58490
240331,60393
240332,56788
240333,71221
240334,40000
240335,40000
240336,73618
240337,59403
240338,60781
240339,47434
240340,40000
240341,40000
240342,40000
240343,63194
240344,40000
240345,48484
240346,44723
240347,40000
240348,40000
240349,53973
240350,57502
240351,44144
240352,40000
240353,61444
240354,48768
240355,50635
240356,40000
240357,40000
240358,60863
240359,40000
240360,66575
240361,48003
240362,40000
240363,40243
240364,52738
240365,57729
240366,40000
240367,74917
240368,41315
240369,75075
240370,57331
240371,42501
240372,40000
240373,88728
240374,71228
240375,46040
240376,67088
240377,40000
240378,46466
240379,52411
240380,45329
240381,40874
240382,40000
240383,60602
240384,71356
240385,40000
240386,40000
240387,44599
240388,64497
240389,80361
240390,54759
240391,40000
240392,40000
240393,56573
240394,53247
240395,41192
240396,40000
240397,40000
240398,42636
240399,62502
240400,55583
240401,50576
240402,40000
240403,41677
240404,40000
240405,40000
240406,40000
240407,43917
240408,40000
240409,40000
240410,47217
240411,40000
240412,40000
240413,40000
240414,40000
240415,40000
240416,64130
240417,44264
240418,40000
240419,40000
240420,89319
240421,45960
240422,76264
240423,54746
240424,62730
240425,40000
240426,49923
240427,51908
240428,40000
240429,40491
240430,51724
240431,40000
240432,59879
240433,102539
240434,40000
240435,44074
240436,49672
240437,50956
240438,62140
240439,40000
240440,47842
240441,62999
240442,53922
240443,40000
240444,59226
240445,40000
240446,40000
240447,88271
240448,65376
240449,46751
240450,68167
240451,41020
240452,40000
240453,40000
240454,70878
240455,47212
240456,40000
240457,68135
240458,40000
240459,40000
240460,40183
240461,49777
240462,40000
240463,40405
240464,60833
240465,40000
240466,53054
240467,45036
240468,40000
240469,89534
240470,40000
240471,54216
240472,40000
240473,55751
240474,40000
240475,46379
240476,57195
240477,40000
240478,53090
240479,40000
240480,53389
240481,40009
240482,54429
240483,48723
240484,71052
240485,43017
240486,75786
240487,40000
240488,47552
240489,41141
240490,62568
240491,49847
240492,43988
240493,45149
240494,40808
240495,42391
240496,54400
240497,40000
240498,59541
240499,48189
240500,49034
240501,40000
240502,57662
240503,40000
240504,40000
240505,57992
240506,41761
240507,48845
240508,48450
240509,40000
240510,40000
240511,40000
240512,41272
240513,40000
240514,49765
240515,41565
240516,89795
240517,40937
240518,40000
240519,40000
240520,69381
240521,40541
240522,74775
240523,67614
240524,40000
240525,45923
240526,59774
240527,52533
240528,40573
240529,41793
240530,69301
240531,40000
240532,55513
240533,63760
240534,42896
240535,40000
240536,67207
240537,65695
240538,45735
240539,73976
240540,88079
240541,60911
240542,40000
240543,48721
240544,57966
240545,68085
240546,50003
240547,61632
240548,40000
240549,68857
240550,41751
240551,83502
240552,40000
240553,98538
240554,53085
240555,40000
240556,76735
240557,52955
240558,40000
240559,74315
240560,40000
240561,48001
240562,58652
240563,44284
240564,58968
240565,40000
240566,48322
240567,77334
240568,48591
240569,66193
240570,44429
240571,84669
240572,88471
240573,58840
240574,40000
240575,58976
240576,66501
240577,40000
240578,40000
240579,40155
240580,66712
240581,40000
240582,93026
240583,55843
240584,44966
240585,40000
240586,40000
240587,74060
240588,40000
240589,67089
240590,55870
240591,40000
240592,40000
240593,44783
240594,60612
240595,57412
240596,51884
240597,66675
240598,60295
240599,40000
240600,53371
240601,52361
240602,40000
240603,60239
240604,58084
240605,40000
240606,66964
240607,40000
240608,64249
240609,40000
240610,40000
240611,55747
240612,61015
240613,44027
240614,40228
240615,69269
240616,92495
240617,69349
240618,80176
240619,40000
240620,58819
240621,62068
240622,40000
240623,76084
240624,40000
240625,49953
240626,40000
240627,61106
240628,46590
240629,40000
240630,42059
240631,52612
240632,40000
240633,40241
240634,55928
240635,68328
240636,41951
240637,40000
240638,40000
240639,102549
240640,84325
240641,40000
240642,76770
240643,55240
240644,43541
240645,46136
240646,46313
240647,54873
240648,42667
240649,40000
240650,80629
240651,40000
240652,40000
240653,40000
240654,40000
240655,55431
240656,52812
240657,40000
240658,84837
240659,79731
240660,40000
240661,56348
240662,58645
240663,40000
240664,40000
240665,40000
240666,40000
240667,46282
240668,40000
240669,76460
240670,101262
240671,52891
240672,41250
240673,40000
240674,46941
240675,43072
240676,69248
240677,72300
240678,55414
240679,40000
240680,61948
240681,55884
240682,77532
240683,40000
240684,43169
240685,40000
240686,57642
240687,61630
240688,85331
240689,40000
240690,53586
240691,52657
240692,68011
240693,40000
240694,40000
240695,71382
240696,60385
240697,47858
240698,40000
240699,43650
240700,40000
240701,67421
240702,40000
240703,47033
240704,53784
240705,64915
240706,56412
240707,61379
240708,40000
240709,40000
240710,40000
240711,48524
240712,40000
240713,41120
240714,40000
240715,52326
240716,45117
240717,40000
240718,50748
240719,43529
240720,53247
240721,54805
240722,40000
240723,70320
240724,47019
240725,71537
240726,74726
240727,40000
240728,40000
240729,47338
240730,71622
240731,40000
240732,68426
240733,45665
240734,40215
240735,72428
240736,40000
240737,81958
240738,73496
240739,41881
240740,51954
240741,91867
240742,40000
240743,40000
240744,88767
240745,40000
240746,62950
240747,90334
240748,40000
240749,60585
240750,76789
240751,61129
240752,40000
240753,51298
240754,40000
240755,69119
240756,58440
240757,67685
240758,74255
240759,52005
240760,76875
240761,49445
240762,40000
240763,40000
240764,42556
240765,62520
240766,60065
240767,62566
240768,40000
240769,62305
240770,47878
240771,49767
240772,65315
240773,40000
240774,46904
240775,40000
240776,56407
240777,59555
240778,75147
240779,50270
240780,54366
240781,40000
240782,40000
240783,40000
240784,72945
240785,77313
240786,55817
240787,62850
240788,50704
240789,40000
240790,40000
240791,40000
240792,58852
240793,64428
240794,42965
240795,64805
240796,55163
240797,91637
240798,47341
240799,44428
240800,69582
240801,40000
240802,71177
240803,40000
240804,52452
240805,49658
240806,56121
240807,41803
240808,61628
240809,40000
240810,62350
240811,47144
240812,45128
240813,40000
240814,87448
240815,40000
240816,91307
240817,52766
240818,40000
240819,52921
240820,57389
240821,40000
240822,80526
240823,40000
240824,65117
240825,95090
240826,87407
240827,52604
240828,41966
240829,87339
240830,40000
240831,45427
240832,40133
240833,58928
240834,40000
240835,63237
240836,61251
240837,75306
240838,63494
240839,88962
240840,61142
240841,40474
240842,40000
240843,40000
240844,40000
240845,40000
240846,68256
240847,46623
240848,40000
240849,40000
240850,52838
240851,41532
240852,40000
240853,69958
240854,41058
240855,45263
240856,40000
240857,49113
240858,54462
240859,58060
240860,69684
240861,41151
240862,41426
240863,43130
240864,89437
240865,69552
240866,46698
240867,40000
240868,66907
240869,82152
240870,40000
240871,47586
240872,78704
240873,40000
240874,69942
240875,58826
240876,52554
240877,52427
240878,84443
240879,45463
240880,40000
240881,40000
240882,40625
240883,78939
240884,45708
240885,40000
240886,48697
240887,56003
240888,42283
240889,40000
240890,65516
240891,42502
240892,60823
240893,76816
240894,46614
240895,54178
240896,83983
240897,40296
240898,48710
240899,43667
240900,99509
240901,67167
240902,40000
240903,87169
240904,63305
240905,53318
240906,62780
240907,83369
240908,53725
240909,52419
240910,40000
240911,40000
240912,40000
240913,40000
240914,50762
240915,45246
240916,63024
240917,40000
240918,40000
240919,68764
240920,40000
240921,60923
240922,45457
240923,40000
240924,47875
240925,51247
240926,73741
240927,47712
240928,67852
240929,40000
240930,40000
240931,40000
240932,40000
240933,53318
240934,40000
240935,63899
240936,51120
240937,58128
240938,51164
240939,85881
240940,45072
240941,43777
240942,40000
240943,40000
240944,52431
240945,90585
240946,63821
240947,40000
240948,40000
240949,55949
240950,40000
240951,52237
240952,40000
240953,54049
240954,40000
240955,63440
240956,76571
240957,87810
240958,40000
240959,70119
240960,82042
240961,75245
240962,40000
240963,40000
240964,56595
240965,48168
240966,70607
240967,81727
240968,40000
240969,45104
240970,57406
240971,40000
240972,62484
240973,65385
240974,69814
240975,60319
240976,46709
240977,56067
240978,40000
240979,40000
240980,40000
240981,92501
240982,40000
240983,45188
240984,57005
240985,40000
240986,40000
240987,56162
240988,52688
240989,57817
240990,73519
240991,41785
240992,67842
240993,40000
240994,40000
240995,43025
240996,63669
240997,68086
240998,40000
240999,77202
241000,48289
241001,54643
241002,63132
241003,40000
241004,72636
241005,46417
241006,47401
241007,51392
241008,60562
241009,54677
241010,40694
241011,40000
241012,40000
241013,41372
241014,42264
241015,74673
241016,40000
241017,40000
241018,51230
241019,71221
241020,40000
241021,41905
241022,40000
241023,40000
241024,53144
241025,40000
241026,48805
241027,40000
241028,56866
241029,48375
241030,40682
241031,79002
241032,87504
241033,46872
241034,59228
241035,40000
241036,40000
241037,55842
241038,40000
241039,40000
241040,40000
241041,40000
241042,72733
241043,64008
241044,41220
241045,40000
241046,56887
241047,40000
241048,64088
241049,77141
241050,82117
241051,72681
241052,40385
241053,40811
241054,71444
241055,57946
241056,40000
241057,47848
241058,57753
241059,40000
241060,47689
241061,40000
241062,62743
241063,73697
241064,56046
241065,40000
241066,41834
241067,45905
241068,62512
241069,40000
241070,40000
241071,77183
241072,64419
241073,70200
241074,43603
241075,71739
241076,72654
241077,69307
241078,48146
241079,52514
241080,50818
241081,54619
241082,40000
241083,44514
241084,79130
241085,44077
241086,40000
241087,74233
241088,43273
241089,52173
241090,55750
241091,41452
241092,40179
241093,40000
241094,43310
241095,50519
241096,40000
241097,40798
241098,40445
241099,52076
241100,40000
241101,44129
241102,52663
241103,94035
241104,40000
241105,40000
241106,68561
241107,47007
241108,40000
241109,40015
241110,46006
241111,40000
241112,40000
241113,74857
241114,59577
241115,42251
241116,40000
241117,42070
241118,63318
241119,40000
241120,45819
241121,40000
241122,73574
241123,64480
241124,40000
241125,54615
241126,87358
241127,53911
241128,63499
241129,40000
241130,57039
241131,40000
241132,50191
241133,40000
241134,44090
241135,49032
241136,40589
241137,74418
241138,57906
241139,40000
241140,45741
241141,40000
241142,68856
241143,40000
241144,40000
241145,55895
241146,47608
241147,40000
241148,88839
241149,40000
241150,75390
241151,61789
241152,40000
241153,40000
241154,42501
241155,40000
241156,40000
241157,66322
241158,40000
241159,55409
241160,77290
241161,54777
241162,44394
241163,40000
241164,40000
241165,43726
241166,40915
241167,70786
241168,48516
241169,73891
241170,61450
241171,40000
241172,51961
241173,42695
241174,91010
241175,52122
241176,40000
241177,40000
241178,65075
241179,40837
241180,60883
241181,67514
241182,45799
241183,54815
241184,67212
241185,41277
241186,86410
241187,43453
241188,48546
241189,40000
241190,83004
241191,42106
241192,54638
241193,40000
241194,40000
241195,49610
241196,47628
241197,74025
241198,43347
241199,40045
241200,40000
241201,54604
241202,40000
241203,40000
241204,40000
241205,51119
241206,80720
241207,40000
241208,81793
241209,40000
241210,46970
241211,52732
241212,40000
241213,71401
241214,40000
241215,40000
241216,40000
241217,40000
241218,40000
241219,40000
241220,41389
241221,40000
241222,100265
241223,44981
241224,40000
241225,40000
241226,40000
241227,40000
241228,40000
241229,40000
241230,42249
241231,51095
241232,86604
241233,60527
241234,43199
241235,52551
241236,66857
241237,40000
241238,40000
241239,57105
241240,52125
241241,40000
241242,42894
241243,62510
241244,44445
241245,40000
241246,45157
241247,55914
241248,53189
241249,46857
241250,82179
241251,57990
241252,40000
241253,40000
241254,40000
241255,48724
241256,62815
241257,40000
241258,55243
241259,40000
241260,40000
241261,66402
241262,40000
241263,51301
241264,40000
241265,86796
241266,46903
241267,44005
241268,51853
241269,40000
241270,40000
241271,77618
241272,40000
241273,63178
241274,49262
241275,59445
241276,43504
241277,47793
241278,75328
241279,40000
241280,65155
241281,69163
241282,40000
241283,40000
241284,40000
241285,40000
241286,50580
241287,41565
241288,40000
241289,54919
241290,40000
241291,57608
241292,42997
241293,54129
241294,58014
241295,40000
241296,40000
241297,41217
241298,44116
241299,40000
241300,40000
241301,52502
241302,40000
241303,77199
241304,54031
241305,40000
241306,54982
241307,67660
241308,60371
241309,40000
241310,61289
241311,51281
241312,40000
241313,72718
241314,46013
241315,63482
241316,70832
241317,73086
241318,59961
241319,47994
241320,50151
241321,45157
241322,40000
241323,53740
241324,67252
241325,77629
241326,74588
241327,55605
241328,40000
241329,43456
241330,51531
241331,40882
241332,40000
241333,40000
241334,40307
241335,40000
241336,40000
241337,40000
241338,40000
241339,40733
241340,40240
241341,83466
241342,67332
241343,40000
241344,40748
241345,45471
241346,51445
241347,44642
241348,87370
241349,69145
241350,45232
241351,40000
241352,44866
241353,40000
241354,47102
241355,46399
241356,40000
241357,60799
241358,61606
241359,40647
241360,44124
241361,40000
241362,45672
241363,47833
241364,40000
241365,67362
241366,63734
241367,67699
241368,44039
241369,60628
241370,57869
241371,40000
241372,54706
241373,40000
241374,40000
241375,40000
241376,40000
241377,67181
241378,58701
241379,84899
241380,49345
241381,52770
241382,42586
241383,78441
241384,76072
241385,50745
241386,40000
241387,46342
241388,46851
241389,51306
241390,40000
241391,40000
241392,40000
241393,43304
241394,40000
241395,80608
241396,64920
241397,74973
241398,40000
241399,43798
241400,68759
241401,89920
241402,64113
241403,40000
241404,41857
241405,44654
241406,40000
241407,40000
241408,40000
241409,58117
241410,54607
241411,81065
241412,40000
241413,44339
241414,40000
241415,53946
241416,40685
241417,55020
241418,59201
241419,48046
241420,82856
241421,40851
241422,55354
241423,40000
241424,72404
241425,44950
241426,43285
241427,40000
241428,59398
241429,66634
241430,59865
241431,53718
241432,40000
241433,57616
241434,41475
241435,42156
241436,81564
241437,42281
241438,81822
241439,40000
241440,57574
241441,40000
241442,40000
241443,40000
241444,54604
241445,40000
241446,40295
241447,50001
241448,40000
241449,45331
241450,48427
241451,49633
241452,73081
241453,40000
241454,61170
241455,58634
241456,40000
241457,51198
241458,57716
241459,40000
241460,67379
241461,49381
241462,48905
241463,40000
241464,40000
241465,40000
241466,56765
241467,60731
241468,78718
241469,40000
241470,84353
241471,49903
241472,40000
241473,57128
241474,53750
241475,41474
241476,46213
241477,86578
241478,76767
241479,47425
241480,40000
241481,52671
241482,74808
241483,40000
241484,52984
241485,40000
241486,60654
241487,59895
241488,45978
241489,55767
241490,40000
241491,48483
241492,40000
241493,48855
241494,78628
241495,81759
241496,50377
241497,40000
241498,44953
241499,56378
241500,40000
241501,41337
241502,43481
241503,40000
241504,53589
241505,40000
241506,50900
241507,46325
241508,57112
241509,40000
241510,69484
241511,60873
241512,40000
241513,40000
241514,41400
241515,43609
241516,40263
241517,58980
241518,40000
241519,40000
241520,40000
241521,50035
241522,54256
241523,46034
241524,64784
241525,46200
241526,40000
241527,57515
241528,48450
241529,58870
241530,40286
241531,40000
241532,40037
241533,58549
241534,41037
241535,58102
241536,68773
241537,69517
241538,72978
241539,53931
241540,93723
241541,45669
241542,48620
241543,53377
241544,50037
241545,51520
241546,40000
241547,40000
241548,41193
241549,48034
241550,50643
241551,83850
241552,80394
241553,76559
241554,40000
241555,40000
241556,40000
241557,40000
241558,45885
241559,51515
241560,78084
241561,58937
241562,40000
241563,41975
241564,45452
241565,85394
241566,62843
241567,40000
241568,59334
241569,40000
241570,53907
241571,50422
241572,40000
241573,69952
241574,40000
241575,51274
241576,58598
241577,66968
241578,58819
241579,40000
241580,40000
241581,71518
241582,40000
241583,78157
241584,41369
241585,79707
241586,40000
241587,59988
241588,58339
241589,42143
241590,40000
241591,75364
241592,80033
241593,40000
241594,75060
241595,47382
241596,49133
241597,42189
241598,78892
241599,75406
241600,52364
241601,58216
241602,44837
241603,56030
241604,82943
241605,44992
241606,45180
241607,62236
241608,45660
241609,58834
241610,54587
241611,40000
241612,40557
241613,47707
241614,56691
241615,53021
241616,47998
241617,40000
241618,77569
241619,42972
241620,54223
241621,59424
241622,68151
241623,84031
241624,40000
241625,62048
241626,63215
241627,40000
241628,40000
241629,61463
241630,67421
241631,56980
241632,40000
241633,40000
241634,40000
241635,56271
241636,40000
241637,58429
241638,55081
241639,61083
241640,48101
241641,41512
241642,49515
241643,40000
241644,40000
241645,40000
241646,40000
241647,40000
241648,55198
241649,40000
241650,65376
241651,40000
241652,40000
241653,41152
241654,47765
241655,76380
241656,40000
241657,74623
241658,58366
241659,67608
241660,54917
241661,66464
241662,57018
241663,40000
241664,88492
241665,40838
241666,40000
241667,56580
241668,40000
241669,47717
241670,50080
241671,40000
241672,60521
241673,71588
241674,53991
241675,87484
241676,80003
241677,40000
241678,41772
241679,61449
241680,40000
241681,40150
241682,66167
241683,40000
241684,51416
241685,40000
241686,40000
241687,60568
241688,49184
241689,48553
241690,40000
241691,40000
241692,40000
241693,60222
241694,59315
241695,52626
241696,48175
241697,64906
241698,40000
241699,76934
241700,49371
241701,52240
241702,50477
241703,58484
241704,46448
241705,70693
241706,70833
241707,83852
241708,40000
241709,41527
241710,40000
241711,64592
241712,57606
241713,45216
241714,43287
241715,40000
241716,54970
241717,40000
241718,40000
241719,40000
241720,69675
241721,40000
241722,42767
241723,40000
241724,40609
241725,64882
241726,40869
241727,41729
241728,52540
241729,47236
241730,71710
241731,40000
241732,51625
241733,40000
241734,56397
241735,51537
241736,58270
241737,40000
241738,51116
241739,55287
241740,40057
241741,40000
241742,82735
241743,40000
241744,40000
241745,57500
241746,56805
241747,68390
241748,40368
241749,40000
241750,40000
241751,40000
241752,42298
241753,40000
241754,40000
241755,52264
241756,54057
241757,63597
241758,40000
241759,52352
241760,40000
241761,42147
241762,55417
241763,48958
241764,85539
241765,52939
241766,72064
241767,52694
241768,72528
241769,40000
241770,51969
241771,40000
241772,43455
241773,62997
241774,58448
241775,40000
241776,48721
241777,53052
241778,43336
241779,92798
241780,40000
241781,40000
241782,40000
241783,50278
241784,57408
241785,40000
241786,40000
241787,40813
241788,60123
241789,40000
241790,42525
241791,40000
241792,51302
241793,76786
241794,40000
241795,51789
241796,59917
241797,40000
241798,60476
241799,57530
241800,40000
241801,40859
241802,67250
241803,40000
241804,55312
241805,70876
241806,52130
241807,51547
241808,40000
241809,45464
241810,48765
241811,75134
241812,49164
241813,40000
241814,74778
241815,40000
241816,43928
241817,40000
241818,78893
241819,52035
241820,40000
241821,40000
241822,40000
241823,51326
241824,50810
241825,40000
241826,55537
241827,52051
241828,72600
241829,83332
241830,43112
241831,89172
241832,40000
241833,40000
241834,40000
241835,81008
241836,40000
241837,68928
241838,40000
241839,48667
241840,40697
241841,40000
241842,50975
241843,58495
241844,67382
241845,58699
241846,53290
241847,58095
241848,50488
241849,40000
241850,59776
241851,49707
241852,40023
241853,48505
241854,71214
241855,59676
241856,40000
241857,74144
241858,56145
241859,47766
241860,40000
241861,50415
241862,40000
241863,47533
241864,40000
241865,40000
241866,81425
241867,40000
241868,42157
241869,40000
241870,40000
241871,85309
241872,40000
241873,40000
241874,54464
241875,68143
241876,63575
241877,40000
241878,45093
241879,43538
241880,66915
241881,57414
241882,43935
241883,77082
241884,81069
241885,92029
241886,40000
241887,40000
241888,40000
241889,40793
241890,40000
241891,60060
241892,57054
241893,45019
241894,78531
241895,40000
241896,72587
241897,72180
241898,61159
241899,51070
241900,46034
241901,55657
241902,40000
241903,43179
241904,40000
241905,47732
241906,55344
241907,50265
241908,76009
241909,62161
241910,40000
241911,51703
241912,43519
241913,40000
241914,61549
241915,40000
241916,46303
241917,56900
241918,40000
241919,40000
241920,51713
241921,67025
241922,65795
241923,52751
241924,49018
241925,54808
241926,97901
241927,49520
241928,69978
241929,52709
241930,53063
241931,52551
241932,40000
241933,68697
241934,40000
241935,59964
241936,40000
241937,48599
241938,46017
241939,73637
241940,72100
241941,59609
241942,72036
241943,46193
241944,50564
241945,40000
241946,40000
241947,54526
241948,40000
241949,52699
241950,67623
241951,47071
241952,61869
241953,49106
241954,40000
241955,40000
241956,78207
241957,52256
241958,51126
241959,40000
241960,46146
241961,48797
241962,40000
241963,44838
241964,40174
241965,93324
241966,69560
241967,48432
241968,40000
241969,62389
241970,40000
241971,40000
241972,40000
241973,40000
241974,40000
241975,46877
241976,50498
241977,40000
241978,46618
241979,59625
241980,40000
241981,40000
241982,61708
241983,40000
241984,61084
241985,40000
241986,40000
241987,55749
241988,53313
241989,40000
241990,40000
241991,40000
241992,47666
241993,55754
241994,51644
241995,72398
241996,40411
241997,85776
241998,67212
241999,40000
242000,44297
242001,40000
242002,67441
242003,40000
242004,43479
242005,61347
242006,40000
242007,65302
242008,61991
242009,64603
242010,71204
242011,53248
242012,40000
242013,40000
242014,40000
242015,59181
242016,49754
242017,44126
242018,40000
242019,50527
242020,67464
242021,40000
242022,58465
242023,40000
242024,40000
242025,40000
242026,57762
242027,40000
242028,65523
242029,40000
242030,54626
242031,53032
242032,40000
242033,57567
242034,40000
242035,40000
242036,66962
242037,59243
242038,95406
242039,110437
242040,40000
242041,63727
242042,40000
242043,83791
242044,55357
242045,40000
242046,40000
242047,64571
242048,40000
242049,61830
242050,57517
242051,77939
242052,51630
242053,40000
242054,40000
242055,62097
242056,68781
242057,40000
242058,55675
242059,70501
242060,40000
242061,56751
242062,40000
242063,40640
242064,40000
242065,40000
242066,56434
242067,77784
242068,51071
242069,40000
242070,50447
242071,46377
242072,41276
242073,44179
242074,56298
242075,40000
242076,65836
242077,40000
242078,57032
242079,40000
242080,64731
242081,50182
242082,40000
242083,79569
242084,69478
242085,65337
242086,102195
242087,40000
242088,48772
242089,52251
242090,46338
242091,40000
242092,42926
242093,40000
242094,41152
242095,74387
242096,59621
242097,95638
242098,40000
242099,40000
242100,59705
242101,68625
242102,40000
242103,55789
242104,57772
242105,58745
242106,42803
242107,51612
242108,40000
242109,56757
242110,40690
242111,41844
242112,40000
242113,43189
242114,42583
242115,64156
242116,40000
242117,45895
242118,69828
242119,40000
242120,47638
242121,40000
242122,61776
242123,40000
242124,48199
242125,72436
242126,40000
242127,40000
242128,40000
242129,40000
242130,84731
242131,43892
242132,70950
242133,40000
242134,40000
242135,61792
242136,40000
242137,62966
242138,54883
242139,57923
242140,68725
242141,69613
242142,40000
242143,50110
242144,56226
242145,54141
242146,64422
242147,42161
242148,85071
242149,47082
242150,40000
242151,60532
242152,40000
242153,45896
242154,78346
242155,40000
242156,52878
242157,62179
242158,63319
242159,67125
242160,51340
242161,79539
242162,61455
242163,40000
242164,105518
242165,59603
242166,48113
242167,57277
242168,40000
242169,50710
242170,59228
242171,40000
242172,52627
242173,49750
242174,82446
242175,40000
242176,49477
242177,40000
242178,52550
242179,53857
242180,40000
242181,40000
242182,60458
242183,63386
242184,40000
242185,40000
242186,62239
242187,57251
242188,46912
242189,66091
242190,88613
242191,40000
242192,53772
242193,40000
242194,40024
242195,40000
242196,65429
242197,49649
242198,68153
242199,55318
242200,63276
242201,76353
242202,63401
242203,40000
242204,99937
242205,41317
242206,40000
242207,55252
242208,43569
242209,40000
242210,52191
242211,64517
242212,74213
242213,76020
242214,40000
242215,71890
242216,51517
242217,40000
242218,54512
242219,65800
242220,64103
242221,40000
242222,54518
242223,68159
242224,40000
242225,65945
242226,93614
242227,55061
242228,69308
242229,65658
242230,40000
242231,40000
242232,40000
242233,72499
242234,50801
242235,50740
242236,40000
242237,80038
242238,59676
242239,96167
242240,71891
242241,73126
242242,80144
242243,57920
242244,46057
242245,40000
242246,41111
242247,40000
242248,73397
242249,40000
242250,62230
242251,40000
242252,40000
242253,47003
242254,52534
242255,52105
242256,40000
242257,51313
242258,40000
242259,40000
242260,40000
242261,57626
242262,40000
242263,40000
242264,79458
242265,86825
242266,52758
242267,69341
242268,58086
242269,45111
242270,40000
242271,45890
242272,57145
242273,40000
242274,40000
242275,40000
242276,40000
242277,40000
242278,40000
242279,41292
242280,40000
242281,55751
242282,79521
242283,54296
242284,41781
242285,40000
242286,79783
242287,58925
242288,40000
242289,40000
242290,40000
242291,40000
242292,40000
242293,58500
242294,44865
242295,58569
242296,46608
242297,40000
242298,40000
242299,40000
242300,92359
242301,40000
242302,40000
242303,40000
242304,62502
242305,43538
242306,61225
242307,69215
242308,46344
242309,59131
242310,40000
242311,48641
242312,45159
242313,40000
242314,45492
242315,43102
242316,65144
242317,50566
242318,62635
242319,72821
242320,40000
242321,40000
242322,44960
242323,40000
242324,60975
242325,46655
242326,40000
242327,40000
242328,55414
242329,40000
242330,46352
242331,61879
242332,86649
242333,58386
242334,68245
242335,40000
242336,59583
242337,85751
242338,73917
242339,40000
242340,47919
242341,40425
242342,40000
242343,40000
242344,63385
242345,59072
242346,44287
242347,68828
242348,40000
242349,71564
242350,89372
242351,40000
242352,40000
242353,40000
242354,40925
242355,40000
242356,65209
242357,63148
242358,59569
242359,50022
242360,40000
242361,40000
242362,57923
242363,59500
242364,63537
242365,61888
242366,66871
242367,56578
242368,55402
242369,78195
242370,40000
242371,51432
242372,40000
242373,65965
242374,49766
242375,67644
242376,78295
242377,45184
242378,56287
242379,53737
242380,54224
242381,62344
242382,40000
242383,65339
242384,55725
242385,73896
242386,40000
242387,53723
242388,40000
242389,40000
242390,47629
242391,53203
242392,42612
242393,40000
242394,60339
242395,40000
242396,56836
242397,46701
242398,83565
242399,117206
242400,40000
242401,72420
242402,40000
242403,41238
242404,51891
242405,40000
242406,40000
242407,40000
242408,40000
242409,69979
242410,40000
242411,67146
242412,40000
242413,52872
242414,40000
242415,71819
242416,56559
242417,73521
242418,73318
242419,53091
242420,40000
242421,88546
242422,82602
242423,73059
242424,53468
242425,49572
242426,61908
242427,52514
242428,67230
242429,48253
242430,59274
242431,40000
242432,66714
242433,63903
242434,40000
242435,78440
242436,47399
242437,40000
242438,43222
242439,45688
242440,55141
242441,48962
242442,63985
242443,90762
242444,41184
242445,40000
242446,71558
242447,40000
242448,49510
242449,40000
242450,59182
242451,40527
242452,40000
242453,40000
242454,49334
242455,40000
242456,77792
242457,61920
242458,59403
242459,40000
242460,41889
242461,40000
242462,40000
242463,101091
242464,41782
242465,40000
242466,45498
242467,40000
242468,40000
242469,51842
242470,46372
242471,42971
242472,55905
242473,49337
242474,60161
242475,49111
242476,58205
242477,89623
242478,46297
242479,71116
242480,48502
242481,40000
242482,44653
242483,82304
242484,40000
242485,40000
242486,99108
242487,56163
242488,46676
242489,83726
242490,40000
242491,40000
242492,40055
242493,41664
242494,40000
242495,40000
242496,45820
242497,51598
242498,40000
242499,40000
242500,76979
242501,62354
242502,49181
242503,75888
242504,58766
242505,51417
242506,64010
242507,76303
242508,40000
242509,68302
242510,51135
242511,40000
242512,40000
242513,46517
242514,40000
242515,61921
242516,63453
242517,40000
242518,94290
242519,47476
242520,46727
242521,60856
242522,40000
242523,76527
242524,58393
242525,40000
242526,55469
242527,40000
242528,45349
242529,63573
242530,46166
242531,55758
242532,70163
242533,49841
242534,54709
242535,79725
242536,40000
242537,45186
242538,52711
242539,73676
242540,47761
242541,54520
242542,70627
242543,40000
242544,41061
242545,51947
242546,52225
242547,60436
242548,75039
242549,68591
242550,40000
242551,42088
242552,60587
242553,40000
242554,40000
242555,40000
242556,46271
242557,71991
242558,40000
242559,40000
242560,48290
242561,51815
242562,80351
242563,40422
242564,60851
242565,41185
242566,51670
242567,40000
242568,40000
242569,61076
242570,50267
242571,79994
242572,40000
242573,69162
242574,40000
242575,44295
242576,43772
242577,42324
242578,72182
242579,57567
242580,68507
242581,40230
242582,75251
242583,66297
242584,82640
242585,40000
242586,57051
242587,60759
242588,53427
242589,55165
242590,74226
242591,40000
242592,40000
242593,91040
242594,40000
242595,40000
242596,69110
242597,40000
242598,64913
242599,64076
242600,51092
242601,53736
242602,41751
242603,43053
242604,66732
242605,48180
242606,60136
242607,59001
242608,71044
242609,40000
242610,56991
242611,70053
242612,66781
242613,52688
242614,55329
242615,40000
242616,45699
242617,63774
242618,58814
242619,44881
242620,52754
242621,40000
242622,65788
242623,60561
242624,56767
242625,40000
242626,64505
242627,40000
242628,65785
242629,40000
242630,56906
242631,74896
242632,52636
242633,40000
242634,41995
242635,53286
242636,45978
242637,44147
242638,51120
242639,51572
242640,43950
242641,63614
242642,54192
242643,40000
242644,40000
242645,40000
242646,46724
242647,59152
242648,40000
242649,60528
242650,96843
242651,59322
242652,40917
242653,40000
242654,40000
242655,42113
242656,40000
242657,45583
242658,42927
242659,40517
242660,48846
242661,40000
242662,47055
242663,40000
242664,40000
242665,40000
242666,53191
242667,87300
242668,47203
242669,40000
242670,40000
242671,40000
242672,82098
242673,42743
242674,40000
242675,62399
242676,76716
242677,54783
242678,59693
242679,85443
242680,40000
242681,40000
242682,45574
242683,49143
242684,67163
242685,40000
242686,75904
242687,72027
242688,40000
242689,60262
242690,63894
242691,66992
242692,55557
242693,42795
242694,86858
242695,59078
242696,44001
242697,104466
242698,55216
242699,49130
242700,62386
242701,68916
242702,40000
242703,52275
242704,64192
242705,78438
242706,40000
242707,71335
242708,40000
242709,60002
242710,66538
242711,71079
242712,55021
242713,54636
242714,71415
242715,40000
242716,41718
242717,41670
242718,40000
242719,54572
242720,48858
242721,61335
242722,40000
242723,40000
242724,40000
242725,67588
242726,46363
242727,40000
242728,40000
242729,74342
242730,40000
242731,49080
242732,57772
242733,40000
242734,80248
242735,69118
242736,66022
242737,41671
242738,70711
242739,62046
242740,40000
242741,83978
242742,40000
242743,56436
242744,69641
242745,42204
242746,58144
242747,40000
242748,65229
242749,55680
242750,40000
242751,58492
242752,69170
242753,59373
242754,78924
242755,48717
242756,59295
242757,62318
242758,69626
242759,51601
242760,40000
242761,40000
242762,40000
242763,53198
242764,43629
242765,81837
242766,44232
242767,40000
242768,40000
242769,52677
242770,64882
242771,40000
242772,66741
242773,47666
242774,65621
242775,79235
242776,49767
242777,49514
242778,96834
242779,50870
242780,51409
242781,79424
242782,54662
242783,55315
242784,51801
242785,62998
242786,41301
242787,40000
242788,58198
242789,40000
242790,51664
242791,40000
242792,73745
242793,49215
242794,40175
242795,66854
242796,52480
242797,42097
242798,43531
242799,46877
242800,46401
242801,40000
242802,75262
242803,40000
242804,68695
242805,40000
242806,43151
242807,40000
242808,62822
242809,40000
242810,48818
242811,40000
242812,45144
242813,74354
242814,69598
242815,40018
242816,40000
242817,57945
242818,40000
242819,48708
242820,73485
242821,92594
242822,59196
242823,62912
242824,44794
242825,67485
242826,40000
242827,74677
242828,40000
242829,47847
242830,49182
242831,40000
242832,42450
242833,58597
242834,49772
242835,59906
242836,40000
242837,72477
242838,45744
242839,80782
242840,40000
242841,68379
242842,40000
242843,61050
242844,40000
242845,59403
242846,49465
242847,40000
242848,40596
242849,73618
242850,40211
242851,46003
242852,66822
242853,40000
242854,55531
242855,74470
242856,53919
242857,40000
242858,72644
242859,87938
242860,88324
242861,53761
242862,75500
242863,55529
242864,75436
242865,52317
242866,51997
242867,40133
242868,52098
242869,46635
242870,40145
242871,53388
242872,87917
242873,40000
242874,62469
242875,40123
242876,70175
242877,40000
242878,48718
242879,40000
242880,74062
242881,40000
242882,40000
242883,52490
242884,96320
242885,78744
242886,40004
242887,40638
242888,53557
242889,50444
242890,51519
242891,55038
242892,49302
242893,46940
242894,50153
242895,40000
242896,63912
242897,46941
242898,40000
242899,52832
242900,40000
242901,40000
242902,41773
242903,48888
242904,59697
242905,47152
242906,67817
242907,41911
242908,49912
242909,52887
242910,40000
242911,40000
242912,57288
242913,58575
242914,84839
242915,48789
242916,40000
242917,43760
242918,82436
242919,58093
242920,49707
242921,41297
242922,88591
242923,40000
242924,98891
242925,59506
242926,54219
242927,40000
242928,44532
242929,40000
242930,66682
242931,47516
242932,41568
242933,58451
242934,40000
242935,71145
242936,41132
242937,40000
242938,40000
242939,51212
242940,43113
242941,48251
242942,41867
242943,40000
242944,41628
242945,63056
242946,40000
242947,40000
242948,56230
242949,40000
242950,46805
242951,40000
242952,40000
242953,40000
242954,74379
242955,57296
242956,40578
242957,45546
242958,65996
242959,65857
242960,40000
242961,40000
242962,42579
242963,93468
242964,40000
242965,51248
242966,40000
242967,74754
242968,40656
242969,40000
242970,40000
242971,64334
242972,54798
242973,61634
242974,40000
242975,40000
242976,40000
242977,40000
242978,41336
242979,43114
242980,42900
242981,65489
242982,59164
242983,40000
242984,71468
242985,80849
242986,40000
242987,42457
242988,76824
242989,63722
242990,79446
242991,40000
242992,74869
242993,70425
242994,52898
242995,40000
242996,72139
242997,89412
242998,46645
242999,43784
243000,52868
243001,40000
243002,92181
243003,80939
243004,40000
243005,56289
243006,40000
243007,62412
243008,48520
243009,53018
243010,40000
243011,75362
243012,64068
243013,46032
243014,48145
243015,40000
243016,49298
243017,77805
243018,62716
243019,51735
243020,40000
243021,64360
243022,42715
243023,56448
243024,102385
243025,63447
243026,57886
243027,40000
243028,65063
243029,69477
243030,71285
243031,40289
243032,47262
243033,40000
243034,51813
243035,40343
243036,40000
243037,43580
243038,59253
243039,89049
243040,40000
243041,57441
243042,41940
243043,77824
243044,52250
243045,71494
243046,40000
243047,73478
243048,78459
243049,40000
243050,70751
243051,62272
243052,71138
243053,40000
243054,56021
243055,49657
243056,57994
243057,40000
243058,46763
243059,62018
243060,40000
243061,57598
243062,75456
243063,40000
243064,57995
243065,47711
243066,40000
243067,40000
243068,76251
243069,40000
243070,53205
243071,49297
243072,56072
243073,66378
243074,40000
243075,66065
243076,40000
243077,54935
243078,81963
243079,40000
243080,40000
243081,76637
243082,49302
243083,40000
243084,45238
243085,62132
243086,72244
243087,60823
243088,41687
243089,81929
243090,40642
243091,46447
243092,76860
243093,53934
243094,40000
243095,62284
243096,40000
243097,47419
243098,40000
243099,40000
243100,65527
243101,76490
243102,49536
243103,45225
243104,90681
243105,45889
243106,63127
243107,60970
243108,45499
243109,55539
243110,42429
243111,42865
243112,40000
243113,51215
243114,74322
243115,40000
243116,73464
243117,73093
243118,40000
243119,48388
243120,40000
243121,80599
243122,40000
243123,40969
243124,68546
243125,40000
243126,72446
243127,40540
243128,53946
243129,73853
243130,50584
243131,91441
243132,54173
243133,59340
243134,40000
243135,79017
243136,59698
243137,42381
243138,53078
243139,52381
243140,66293
243141,40000
243142,80961
243143,48066
243144,68658
243145,68470
243146,64992
243147,42856
243148,40000
243149,40000
243150,63819
243151,40000
243152,67280
243153,56956
243154,64626
243155,56835
243156,40000
243157,74589
243158,40000
243159,40000
243160,40000
243161,59241
243162,44404
243163,74535
243164,43743
243165,54298
243166,40000
243167,60313
243168,67061
243169,60333
243170,41443
243171,56389
243172,76493
243173,47791
243174,40000
243175,55151
243176,40000
243177,59592
243178,69073
243179,46129
243180,58536
243181,40000
243182,44350
243183,69636
243184,71906
243185,40000
243186,52484
243187,56081
243188,43951
243189,56432
243190,40000
243191,59440
243192,53706
243193,57213
243194,46027
243195,58944
243196,49014
243197,61560
243198,60278
243199,57564
243200,77787
243201,44912
243202,63692
243203,40000
243204,52275
243205,84053
243206,53988
243207,45374
243208,40000
243209,61955
243210,53079
243211,63375
243212,57785
243213,64721
243214,49407
243215,68901
243216,40000
243217,46902
243218,40000
243219,50367
243220,40000
243221,40000
243222,49238
243223,49625
243224,47339
243225,54968
243226,44024
243227,71980
243228,82354
243229,76400
243230,67013
243231,68453
243232,40000
243233,84409
243234,40000
243235,48959
243236,63592
243237,40000
243238,65965
243239,40000
243240,52284
243241,78985
243242,59971
243243,60683
243244,40000
243245,40000
243246,69087
243247,40000
243248,40000
243249,52694
243250,40524
243251,52122
243252,40000
243253,50173
243254,40000
243255,40000
243256,40000
243257,51709
243258,45910
243259,53767
243260,62284
243261,52091
243262,66696
243263,44422
243264,40000
243265,42170
243266,68073
243267,61662
243268,40000
243269,85690
243270,46095
243271,40860
243272,61654
243273,40000
243274,74744
243275,67721
243276,42026
243277,54194
243278,40000
243279,54046
243280,78430
243281,40814
243282,77101
243283,63282
243284,40000
243285,45553
243286,40000
243287,44294
243288,40000
243289,95555
243290,56413
243291,50591
243292,58976
243293,55049
243294,91146
243295,59269
243296,43415
243297,77538
243298,84626
243299,63606
243300,40000
243301,61798
243302,53847
243303,63371
243304,53649
243305,40000
243306,58109
243307,55994
243308,71109
243309,40000
243310,47659
243311,80666
243312,57913
243313,52873
243314,43228
243315,40000
243316,72420
243317,61484
243318,59977
243319,44506
243320,45066
243321,47957
243322,46465
243323,57519
243324,40000
243325,72805
243326,40000
243327,40000
243328,40000
243329,52002
243330,84017
243331,40000
243332,76191
243333,45024
243334,85730
243335,40000
243336,92914
243337,60814
243338,90867
243339,43686
243340,62012
243341,49671
243342,61080
243343,58081
243344,44730
243345,40000
243346,48583
243347,40000
243348,43604
243349,40000
243350,54553
243351,56475
243352,89611
243353,44925
243354,40000
243355,40000
243356,48427
243357,73216
243358,41710
243359,46807
243360,40000
243361,52558
243362,55718
243363,64053
243364,40000
243365,47890
243366,40000
243367,40000
243368,40000
243369,47081
243370,61826
243371,69235
243372,40000
243373,69795
243374,62032
243375,40000
243376,50732
243377,50632
243378,60221
243379,40000
243380,40000
243381,51043
243382,40000
243383,44276
243384,52327
243385,40000
243386,49476
243387,55966
243388,40000
243389,57501
243390,40000
243391,40000
243392,54316
243393,40000
243394,40000
243395,40000
243396,62445
243397,79987
243398,54212
243399,75349
243400,41592
243401,82349
243402,51236
243403,40000
243404,72585
243405,61092
243406,47560
243407,40000
243408,56154
243409,58050
243410,51798
243411,60204
243412,71493
243413,40000
243414,40000
243415,40000
243416,40000
243417,40000
243418,55800
243419,104452
243420,40000
243421,69981
243422,51894
243423,57418
243424,44382
243425,40000
243426,78625
243427,40000
243428,43740
243429,41630
243430,91037
243431,41164
243432,81328
243433,45991
243434,52416
243435,66075
243436,40000
243437,52763
243438,40000
243439,92661
243440,76578
243441,44636
243442,49982
243443,40000
243444,46941
243445,48330
243446,64041
243447,40000
243448,40000
243449,59591
243450,56187
243451,40000
243452,40000
243453,40000
243454,40000
243455,44917
243456,88380
243457,66740
243458,75013
243459,40324
243460,60841
243461,40000
243462,75006
243463,44487
243464,77536
243465,53738
243466,40000
243467,44058
243468,40000
243469,54735
243470,95563
243471,40000
243472,58205
243473,40000
243474,86301
243475,49648
243476,40000
243477,40000
243478,54312
243479,77976
243480,40000
243481,40000
243482,54495
243483,48692
243484,56368
243485,40000
243486,53120
243487,40000
243488,57167
243489,40000
243490,50358
243491,40000
243492,42630
243493,40000
243494,59969
243495,51453
243496,40000
243497,58575
243498,40000
243499,44247
243500,75552
243501,64922
243502,47577
243503,45427
243504,46866
243505,40000
243506,72221
243507,40000
243508,78786
243509,40000
243510,40000
243511,71646
243512,52340
243513,42573
243514,42092
243515,66759
243516,50686
243517,40000
243518,40000
243519,70666
243520,42534
243521,40000
243522,44497
243523,48478
243524,40000
243525,40000
243526,94286
243527,65144
243528,42472
243529,40000
243530,62040
243531,67939
243532,40000
243533,68115
243534,50776
243535,69339
243536,43918
243537,99271
243538,60775
243539,68783
243540,40000
243541,50922
243542,40000
243543,40000
243544,40623
243545,40000
243546,67779
243547,45438
243548,40000
243549,40179
243550,40000
243551,41502
243552,55618
243553,76874
243554,64003
243555,40000
243556,45786
243557,40000
243558,45082
243559,40000
243560,66115
243561,40000
243562,41114
243563,60855
243564,56660
243565,40000
243566,54293
243567,47562
243568,40000
243569,67150
243570,86220
243571,44301
243572,40000
243573,40118
243574,60704
243575,71527
243576,60593
243577,42224
243578,40000
243579,54397
243580,69281
243581,40000
243582,56615
243583,40412
243584,43836
243585,92439
243586,57294
243587,64376
243588,40000
243589,40000
243590,52347
243591,52151
243592,59404
243593,63033
243594,40000
243595,76920
243596,56979
243597,40000
243598,46676
243599,40000
243600,63645
243601,43604
243602,52406
243603,68243
243604,40000
243605,58495
243606,40000
243607,44008
243608,42539
243609,48660
243610,40000
243611,40000
243612,40000
243613,40000
243614,40000
243615,41319
243616,58159
243617,46011
243618,78382
243619,68580
243620,43976
243621,40000
243622,53439
243623,44083
243624,89507
243625,40000
243626,89303
243627,40000
243628,60449
243629,41481
243630,72026
243631,51104
243632,40000
243633,40000
243634,40000
243635,47316
243636,40000
243637,60619
243638,61800
243639,42592
243640,51522
243641,40000
243642,40000
243643,40000
243644,50647
243645,46876
243646,49320
243647,41164
243648,71353
243649,40000
243650,49466
243651,54825
243652,40000
243653,68692
243654,40000
243655,43170
243656,64822
243657,42527
243658,49030
243659,48514
243660,40000
243661,85136
243662,40000
243663,40000
243664,53352
243665,60998
243666,51233
243667,45691
243668,49169
243669,41692
243670,57321
243671,41761
243672,40000
243673,67090
243674,62854
243675,81249
243676,40000
243677,62631
243678,59604
243679,54838
243680,47773
243681,53575
243682,63011
243683,57517
243684,55562
243685,48123
243686,56801
243687,40000
243688,71553
243689,65917
243690,40000
243691,67226
243692,40000
243693,41596
243694,40000
243695,58833
243696,49267
243697,68726
243698,62854
243699,42459
243700,40000
243701,43283
243702,52021
243703,66509
243704,70825
243705,40000
243706,46747
243707,40000
243708,60113
243709,78516
243710,46011
243711,54404
243712,40000
243713,64852
243714,40000
243715,40000
243716,44261
243717,40000
243718,70619
243719,40000
243720,63421
243721,69577
243722,88153
243723,50276
243724,79382
243725,45885
243726,41155
243727,48668
243728,58638
243729,60099
243730,40000
243731,45924
243732,40159
243733,40000
243734,74669
243735,65118
243736,65844
243737,44605
243738,76185
243739,47781
243740,49804
243741,40000
243742,44328
243743,40000
243744,66885
243745,66352
243746,42534
243747,40000
243748,61381
243749,40000
243750,45846
243751,40000
243752,59448
243753,74437
243754,70574
243755,41387
243756,48200
243757,40000
243758,40000
243759,75934
243760,56558
243761,40000
243762,45038
243763,50901
243764,40000
243765,40000
243766,50444
243767,70993
243768,52302
243769,40000
243770,49168
243771,49845
243772,78082
243773,40000
243774,40000
243775,40000
243776,40000
243777,56984
243778,40000
243779,43769
243780,71879
243781,73988
243782,76540
243783,40000
243784,40000
243785,96006
243786,41896
243787,54601
243788,49592
243789,40000
243790,40000
243791,90634
243792,44536
243793,78332
243794,44401
243795,59695
243796,40000
243797,63667
243798,87769
243799,80546
243800,54749
243801,40000
243802,45496
243803,54650
243804,64903
243805,40000
243806,40000
243807,77790
243808,82137
243809,40000
243810,40000
243811,40000
243812,56262
243813,70767
243814,56141
243815,46326
243816,45622
243817,40000
243818,80871
243819,40000
243820,59961
243821,66909
243822,40000
243823,42517
243824,40000
243825,40000
243826,40000
243827,49126
243828,55284
243829,63406
243830,65311
243831,40000
243832,74623
243833,40516
243834,48528
243835,62287
243836,53263
243837,40000
243838,40000
243839,47874
243840,40000
243841,40000
243842,42315
243843,82895
243844,68027
243845,89464
243846,40000
243847,40000
243848,61653
243849,54495
243850,52379
243851,65116
243852,45895
243853,69470
243854,63006
243855,45003
243856,40000
243857,63959
243858,40000
243859,53239
243860,59366
243861,40000
243862,84444
243863,40000
243864,40000
243865,53672
243866,40000
243867,64764
243868,55297
243869,64603
243870,40000
243871,54521
243872,42182
243873,40000
243874,40000
243875,40000
243876,80612
243877,40000
243878,40000
243879,57489
243880,43557
243881,58536
243882,67743
243883,67895
243884,99531
243885,80896
243886,40000
243887,40000
243888,40000
243889,54900
243890,40000
243891,45995
243892,89224
243893,48140
243894,40000
243895,40000
243896,68773
243897,67792
243898,58876
243899,40000
243900,65263
243901,69830
243902,61246
243903,40000
243904,62334
243905,40000
243906,40000
243907,54196
243908,51907
243909,49946
243910,46668
243911,50999
243912,40000
243913,74444
243914,62499
243915,40000
243916,81819
243917,43336
243918,93577
243919,47847
243920,91034
243921,40000
243922,58655
243923,40000
243924,52697
243925,40000
243926,69856
243927,55381
243928,68165
243929,40000
243930,45268
243931,75181
243932,46119
243933,40000
243934,68182
243935,52978
243936,52077
243937,40000
243938,40000
243939,40000
243940,40000
243941,53667
243942,74800
243943,54027
243944,40000
243945,76201
243946,82401
243947,63266
243948,48062
243949,40000
243950,40000
243951,65801
243952,64382
243953,43752
243954,40000
243955,65953
243956,64473
243957,68349
243958,40000
243959,40000
243960,40000
243961,65095
243962,44103
243963,44381
243964,99108
243965,51308
243966,40063
243967,40000
243968,45970
243969,62663
243970,70731
243971,86567
243972,51077
243973,54261
243974,57725
243975,40000
243976,40000
243977,68528
243978,67709
243979,62099
243980,74678
243981,41386
243982,42619
243983,40000
243984,61427
243985,40000
243986,40000
243987,40000
243988,61137
243989,68402
243990,54925
243991,47524
243992,52873
243993,40000
243994,70215
243995,40000
243996,93869
243997,52601
243998,47583
243999,82853
244000,40000
244001,76279
244002,40000
244003,40000
244004,54646
244005,47097
244006,86634
244007,56654
244008,42857
244009,41344
244010,40000
244011,74096
244012,57862
244013,56654
244014,78573
244015,40000
244016,77775
244017,65675
244018,47360
244019,40000
244020,70841
244021,73689
244022,59014
244023,40270
244024,52151
244025,52242
244026,77413
244027,67779
244028,69378
244029,50471
244030,65729
244031,55660
244032,49885
244033,62610
244034,63777
244035,40000
244036,40000
244037,67354
244038,43295
244039,41819
244040,54922
244041,42952
244042,42396
244043,40000
244044,41425
244045,61937
244046,40000
244047,43986
244048,40000
244049,40000
244050,45236
244051,56385
244052,43085
244053,40000
244054,40000
244055,47963
244056,52662
244057,74414
244058,52414
244059,44383
244060,44962
244061,49404
244062,75134
244063,65547
244064,65628
244065,40000
244066,73803
244067,42674
244068,63591
244069,43821
244070,46916
244071,81770
244072,73795
244073,46284
244074,50799
244075,61385
244076,57020
244077,40000
244078,57846
244079,60165
244080,56636
244081,61715
244082,58008
244083,51159
244084,40000
244085,58241
244086,40000
244087,40000
244088,54808
244089,57866
244090,52960
244091,46264
244092,40000
244093,40000
244094,44544
244095,40000
244096,46276
244097,47053
244098,40000
244099,53996
244100,64369
244101,56388
244102,54032
244103,43329
244104,40564
244105,55687
244106,64289
244107,71854
244108,53971
244109,57240
244110,40580
244111,78264
244112,40000
244113,48992
244114,52881
244115,50236
244116,59062
244117,48524
244118,66313
244119,61700
244120,78372
244121,53317
244122,68377
244123,45350
244124,40000
244125,43472
244126,86156
244127,44429
244128,43436
244129,75167
244130,55545
244131,61708
244132,47946
244133,42305
244134,40000
244135,72051
244136,40000
244137,57880
244138,40000
244139,53102
244140,47987
244141,46682
244142,58324
244143,87472
244144,40000
244145,40000
244146,42970
244147,40000
244148,75530
244149,57436
244150,41380
244151,41742
244152,46618
244153,92715
244154,40000
244155,50623
244156,67080
244157,66917
244158,43500
244159,66463
244160,46854
244161,47941
244162,49416
244163,65382
244164,52282
244165,61362
244166,71018
244167,40000
244168,63537
244169,73178
244170,74094
244171,51687
244172,49159
244173,56556
244174,40000
244175,53970
244176,80449
244177,54939
244178,64731
244179,40000
244180,72366
244181,40000
244182,60077
244183,55113
244184,62846
244185,68309
244186,110636
244187,63627
244188,92497
244189,67101
244190,65600
244191,63068
244192,42388
244193,77809
244194,63548
244195,40000
244196,75662
244197,41245
244198,71282
244199,87078
244200,43992
244201,52741
244202,40000
244203,40000
244204,40000
244205,40000
244206,40000
244207,63518
244208,40000
244209,47410
244210,67251
244211,50490
244212,80682
244213,50217
244214,64115
244215,54068
244216,40000
244217,57296
244218,40000
244219,76855
244220,40000
244221,45686
244222,47009
244223,40000
244224,40000
244225,51768
244226,74024
244227,40000
244228,40000
244229,40000
244230,40000
244231,44200
244232,54306
244233,52114
244234,40000
244235,43532
244236,49674
244237,61312
244238,45342
244239,40000
244240,40000
244241,40000
244242,40000
244243,54357
244244,48030
244245,54019
244246,69336
244247,46553
244248,40000
244249,40078
244250,53836
244251,70387
244252,64282
244253,42950
244254,68689
244255,46632
244256,51568
244257,57535
244258,73682
244259,53635
244260,76062
244261,40000
244262,45078
244263,45679
244264,75233
244265,40000
244266,109320
244267,48925
244268,69279
244269,71010
244270,54532
244271,45977
244272,68995
244273,40000
244274,46211
244275,42353
244276,43868
244277,49823
244278,78599
244279,50901
244280,48725
244281,71142
244282,48450
244283,93563
244284,50282
244285,56158
244286,56266
244287,77680
244288,67884
244289,48609
244290,102517
244291,40000
244292,41171
244293,40000
244294,40000
244295,40678
244296,47002
244297,64874
244298,40000
244299,44936
244300,40000
244301,40000
244302,40000
244303,65066
244304,45956
244305,64013
244306,55085
244307,40000
244308,51276
244309,40000
244310,40000
244311,50880
244312,40000
244313,48500
244314,40000
244315,52312
244316,82344
244317,74814
244318,76915
244319,40000
244320,45764
244321,73000
244322,96614
244323,97456
244324,40000
244325,42919
244326,40000
244327,40000
244328,73394
244329,82706
244330,40000
244331,40000
244332,40000
244333,40229
244334,40000
244335,110648
244336,62792
244337,56762
244338,40000
244339,77230
244340,60302
244341,58247
244342,68123
244343,40000
244344,40000
244345,40000
244346,85649
244347,40000
244348,71404
244349,60152
244350,45960
244351,42361
244352,40000
244353,40000
244354,90344
244355,57685
244356,40000
244357,40000
244358,59636
244359,47458
244360,56531
244361,40000
244362,40000
244363,60594
244364,49701
244365,60520
244366,69514
244367,48038
244368,54852
244369,57758
244370,66170
244371,82303
244372,48052
244373,54333
244374,40000
244375,40000
244376,77341
244377,58118
244378,50623
244379,42391
244380,46936
244381,46434
244382,44370
244383,70323
244384,62221
244385,57694
244386,40000
244387,55170
244388,70750
244389,48546
244390,40000
244391,46424
244392,74767
244393,40000
244394,50638
244395,59806
244396,46749
244397,46168
244398,59584
244399,40000
244400,48641
244401,83390
244402,57608
244403,60006
244404,40000
244405,42556
244406,40000
244407,40000
244408,62728
244409,67932
244410,40000
244411,40000
244412,61649
244413,40000
244414,45630
244415,51207
244416,41387
244417,42851
244418,40000
244419,40941
244420,41756
244421,40000
244422,45907
244423,40000
244424,54068
244425,62672
244426,87192
244427,40000
244428,43290
244429,77733
244430,46398
244431,40000
244432,40000
244433,86832
244434,58752
244435,50344
244436,40000
244437,40000
244438,57865
244439,62764
244440,40000
244441,59024
244442,50221
244443,40000
244444,40000
244445,44253
244446,56388
244447,73959
244448,45391
244449,70677
244450,68559
244451,40728
244452,40000
244453,40000
244454,41628
244455,83642
244456,42754
244457,41291
244458,55147
244459,63327
244460,56861
244461,67146
244462,42562
244463,76915
244464,40189
244465,75748
244466,49873
244467,55042
244468,73081
244469,50904
244470,58380
244471,40000
244472,40000
244473,41324
244474,40000
244475,49206
244476,40000
244477,68393
244478,40000
244479,40000
244480,40000
244481,67244
244482,40000
244483,40000
244484,49765
244485,51690
244486,59130
244487,58927
244488,81977
244489,91636
244490,40000
244491,65307
244492,63685
244493,67244
244494,40000
244495,61575
244496,40000
244497,40000
244498,40345
244499,89468
244500,54616
244501,40000
244502,60132
244503,63896
244504,43531
244505,40000
244506,40000
244507,46003
244508,40000
244509,40000
244510,59721
244511,53462
244512,40000
244513,40000
244514,65301
244515,58440
244516,52127
244517,62549
244518,76532
244519,67082
244520,53759
244521,55713
244522,40000
244523,40000
244524,40000
244525,58060
244526,49937
244527,40000
244528,48688
244529,40000
244530,54582
244531,68721
244532,58832
244533,56204
244534,40000
244535,46124
244536,54605
244537,46529
244538,60004
244539,57092
244540,67191
244541,48285
244542,62357
244543,40000
244544,55404
244545,40000
244546,49165
244547,40000
244548,71533
244549,55247
244550,70537
244551,80879
244552,40087
244553,66025
244554,49673
244555,67243
244556,40000
244557,63608
244558,40000
244559,48798
244560,40000
244561,97611
244562,61174
244563,40000
244564,94278
244565,40199
244566,45071
244567,46630
244568,57632
244569,45935
244570,57659
244571,45400
244572,64182
244573,47256
244574,50579
244575,40000
244576,48386
244577,40611
244578,46523
244579,49651
244580,40000
244581,104661
244582,40000
244583,40000
244584,44985
244585,40000
244586,43396
244587,55178
244588,40000
244589,45181
244590,40000
244591,40000
244592,67503
244593,68426
244594,58294
244595,48868
244596,49867
244597,40000
244598,71989
244599,81743
244600,87073
244601,53988
244602,40000
244603,46489
244604,57711
244605,40000
244606,73187
244607,40000
244608,52158
244609,56961
244610,40000
244611,48185
244612,40000
244613,85119
244614,40000
244615,71174
244616,44792
244617,54181
244618,42933
244619,50998
244620,40000
244621,79286
244622,62619
244623,40000
244624,40000
244625,70633
244626,40000
244627,40000
244628,63423
244629,55575
244630,40000
244631,97729
244632,95167
244633,59162
244634,40000
244635,40000
244636,43351
244637,40000
244638,40000
244639,40000
244640,68174
244641,40368
244642,51180
244643,72357
244644,46558
244645,40000
244646,49036
244647,40000
244648,70590
244649,40000
244650,81760
244651,44860
244652,40000
244653,40000
244654,55724
244655,40000
244656,59672
244657,89065
244658,55166
244659,81384
244660,42276
244661,47970
244662,40000
244663,47149
244664,40000
244665,41894
244666,55568
244667,40000
244668,41384
244669,50962
244670,40000
244671,44003
244672,83743
244673,40000
244674,80556
244675,43003
244676,65252
244677,47466
244678,40000
244679,47426
244680,47770
244681,40000
244682,40000
244683,51696
244684,63670
244685,40000
244686,40532
244687,60095
244688,65188
244689,40000
244690,53281
244691,46789
244692,40000
244693,55332
244694,62880
244695,42816
244696,55265
244697,76756
244698,78997
244699,40000
244700,40000
244701,40000
244702,75430
244703,40000
244704,41659
244705,49654
244706,40000
244707,40000
244708,72682
244709,51705
244710,61490
244711,56130
244712,49662
244713,40000
244714,50839
244715,40000
244716,53528
244717,40000
244718,80065
244719,40000
244720,43188
244721,47759
244722,40000
244723,40000
244724,40000
244725,50383
244726,57112
244727,40000
244728,82542
244729,67031
244730,70694
244731,48745
244732,65668
244733,79903
244734,75383
244735,68712
244736,58171
244737,40000
244738,44412
244739,40000
244740,40000
244741,48411
244742,43913
244743,68846
244744,65277
244745,40000
244746,40000
244747,55034
244748,46173
244749,40000
244750,40000
244751,40000
244752,69516
244753,54257
244754,65381
244755,52428
244756,40000
244757,51856
244758,66103
244759,52203
244760,64159
244761,42867
244762,65845
244763,72699
244764,40000
244765,55980
244766,56008
244767,75638
244768,51989
244769,40000
244770,41129
244771,41472
244772,66162
244773,40000
244774,104560
244775,40000
244776,41824
244777,40000
244778,40000
244779,57147
244780,67177
244781,66694
244782,87882
244783,54666
244784,72321
244785,40000
244786,65917
244787,85669
244788,51437
244789,40000
244790,69113
244791,102160
244792,74034
244793,62747
244794,40000
244795,60426
244796,40000
244797,40000
244798,40000
244799,53237
244800,47465
244801,40000
244802,75542
244803,60851
244804,49348
244805,40000
244806,58622
244807,40000
244808,80181
244809,95417
244810,40000
244811,90596
244812,65767
244813,40000
244814,44218
244815,40000
244816,74241
244817,85285
244818,53633
244819,75215
244820,54013
244821,52219
244822,40000
244823,40000
244824,44652
244825,54019
244826,40000
244827,40000
244828,81706
244829,54503
244830,60985
244831,49335
244832,73693
244833,60429
244834,40000
244835,40000
244836,47409
244837,40000
244838,55724
244839,40000
244840,58130
244841,40000
244842,59305
244843,44703
244844,41045
244845,40000
244846,40000
244847,96074
244848,40000
244849,40000
244850,62368
244851,84868
244852,91349
244853,40000
244854,40000
244855,64974
244856,51145
244857,40000
244858,83174
244859,45462
244860,40000
244861,54205
244862,61501
244863,40000
244864,45454
244865,45574
244866,53336
244867,66266
244868,40000
244869,64471
244870,62564
244871,40000
244872,40000
244873,82148
244874,40000
244875,40000
244876,40000
244877,49491
244878,40000
244879,40000
244880,40000
244881,65794
244882,64310
244883,56609
244884,42920
244885,48101
244886,66012
244887,63919
244888,52079
244889,40000
244890,40000
244891,93979
244892,60354
244893,40000
244894,42493
244895,40000
244896,70927
244897,40845
244898,40000
244899,40000
244900,40000
244901,71162
244902,40000
244903,88614
244904,46208
244905,59303
244906,47238
244907,40000
244908,78344
244909,53096
244910,47753
244911,88769
244912,46613
244913,51583
244914,40000
244915,51333
244916,42923
244917,82750
244918,49944
244919,67523
244920,71617
244921,40986
244922,40000
244923,44334
244924,46708
244925,57337
244926,65105
244927,63242
244928,40000
244929,70398
244930,76618
244931,40731
244932,46995
244933,40000
244934,49399
244935,75248
244936,56087
244937,40000
244938,55710
244939,70701
244940,75662
244941,56163
244942,51807
244943,40000
244944,50834
244945,66761
244946,40000
244947,57390
244948,61677
244949,61587
244950,78748
244951,40000
244952,79071
244953,62760
244954,49682
244955,40000
244956,44919
244957,53422
244958,40000
244959,63207
244960,62406
244961,47134
244962,62940
244963,53016
244964,72033
244965,40000
244966,56897
244967,79513
244968,48699
244969,40000
244970,54396
244971,40000
244972,53182
244973,45198
244974,41149
244975,45625
244976,40000
244977,78262
244978,60335
244979,62653
244980,51834
244981,40000
244982,47410
244983,73639
244984,53698
244985,58293
244986,74326
244987,54961
244988,40000
244989,55928
244990,40000
244991,47330
244992,64521
244993,72246
244994,45369
244995,65230
244996,59437
244997,40000
244998,52142
244999,86586
245000,40000
245001,52207
245002,40000
245003,74702
245004,40000
245005,62053
245006,48835
245007,90528
245008,40000
245009,61322
245010,40000
245011,40000
245012,52207
245013,70099
245014,40000
245015,40000
245016,58241
245017,40000
245018,66643
245019,77793
245020,67474
245021,40000
245022,90377
245023,80990
245024,44500
245025,87877
245026,65379
245027,40000
245028,40000
245029,64368
245030,69820
245031,59646
245032,40000
245033,58097
245034,49543
245035,40000
245036,61771
245037,69331
245038,85881
245039,40000
245040,67272
245041,40000
245042,40000
245043,54878
245044,76699
245045,95191
245046,40000
245047,50011
245048,48074
245049,83598
245050,52032
245051,62648
245052,83740
245053,54956
245054,40000
245055,40000
245056,77290
245057,42387
245058,86240
245059,40000
245060,50487
245061,40000
245062,43276
245063,54601
245064,40000
245065,68279
245066,60046
245067,53312
245068,65041
245069,40000
245070,80038
245071,40000
245072,40000
245073,66608
245074,51644
245075,73050
245076,54354
245077,71620
245078,43062
245079,40000
245080,50059
245081,42138
245082,40000
245083,40000
245084,87953
245085,54703
245086,40000
245087,46135
245088,40000
245089,41921
245090,55111
245091,40000
245092,75678
245093,79860
245094,40000
245095,40000
245096,68648
245097,62380
245098,40000
245099,40000
245100,40000
245101,40000
245102,55543
245103,40000
245104,40000
245105,98912
245106,59757
245107,41091
245108,63279
245109,40000
245110,40000
245111,68309
245112,50285
245113,41728
245114,62314
245115,45073
245116,57500
245117,68990
245118,54363
245119,63063
245120,40000
245121,44916
245122,40000
245123,40000
245124,55762
245125,40000
245126,56894
245127,65236
245128,40000
245129,47185
245130,40000
245131,81212
245132,54114
245133,40000
245134,58111
245135,40000
245136,64095
245137,40000
245138,72959
245139,40000
245140,56899
245141,70245
245142,74909
245143,47884
245144,77452
245145,48193
245146,40000
245147,60814
245148,40000
245149,40000
245150,79648
245151,56932
245152,40000
245153,40000
245154,40000
245155,40000
245156,40000
245157,51271
245158,88596
245159,40000
245160,40000
245161,40000
245162,47214
245163,53313
245164,57847
245165,40000
245166,62917
245167,40000
245168,70290
245169,59247
245170,54245
245171,40000
245172,46312
245173,40000
245174,40000
245175,81955
245176,87098
245177,51031
245178,71415
245179,60106
245180,59443
245181,80893
245182,40000
245183,79813
245184,78785
245185,51346
245186,75488
245187,79088
245188,42933
245189,46327
245190,50865
245191,63853
245192,44062
245193,52135
245194,40000
245195,43296
245196,69757
245197,54911
245198,40000
245199,46364
245200,41777
245201,40000
245202,40000
245203,47801
245204,40000
245205,40000
245206,40000
245207,68040
245208,52841
245209,69415
245210,65665
245211,56892
245212,51821
245213,40000
245214,44191
245215,40000
245216,40000
245217,40000
245218,41429
245219,54332
245220,50763
245221,59848
245222,51365
245223,59712
245224,91232
245225,40000
245226,67846
245227,94129
245228,49205
245229,41651
245230,40000
245231,40000
245232,51739
245233,51027
245234,56662
245235,55762
245236,40000
245237,75468
245238,41915
245239,40000
245240,44509
245241,92458
245242,53574
245243,53958
245244,44861
245245,40000
245246,50224
245247,40000
245248,43024
245249,52565
245250,65534
245251,71258
245252,40000
245253,45391
245254,51076
245255,40000
245256,40000
245257,40000
245258,60118
245259,40000
245260,40000
245261,40000
245262,40000
245263,40000
245264,71189
245265,70650
245266,63360
245267,43117
245268,42126
245269,40000
245270,48364
245271,54232
245272,97967
245273,44102
245274,40000
245275,40000
245276,53892
245277,40000
245278,40000
245279,73315
245280,62927
245281,40000
245282,40000
245283,61943
245284,47695
245285,40000
245286,48220
245287,69153
245288,40000
245289,40000
245290,55879
245291,47210
245292,62493
245293,42463
245294,40000
245295,40000
245296,40000
245297,41528
245298,61593
245299,48331
245300,75595
245301,48943
245302,44233
245303,40000
245304,51244
245305,40000
245306,40000
245307,40000
245308,40000
245309,50350
245310,40315
245311,74282
245312,40000
245313,68096
245314,40000
245315,41132
245316,60892
245317,42814
245318,77043
245319,57917
245320,40824
245321,40317
245322,45219
245323,40000
245324,54501
245325,40000
245326,58478
245327,58332
245328,47344
245329,40000
245330,65313
245331,40000
245332,56715
245333,49432
245334,56234
245335,40000
245336,53532
245337,57705
245338,41300
245339,43620
245340,40000
245341,53552
245342,40000
245343,48799
245344,57863
245345,50480
245346,64558
245347,40000
245348,70751
245349,47411
245350,42504
245351,43985
245352,87975
245353,59333
245354,43880
245355,40000
245356,65496
245357,55404
245358,40000
245359,57431
245360,64274
245361,48555
245362,62577
245363,40000
245364,40000
245365,40000
245366,52967
245367,70717
245368,57760
245369,61141
245370,68379
245371,112422
245372,41009
245373,44907
245374,51717
245375,40000
245376,84482
245377,40000
245378,40000
245379,55783
245380,40000
245381,44805
245382,70975
245383,64815
245384,40000
245385,40000
245386,40000
245387,55143
245388,40000
245389,61263
245390,43776
245391,51145
245392,40000
245393,45089
245394,59014
245395,80026
245396,40000
245397,58984
245398,47502
245399,81629
245400,40000
245401,47134
245402,50041
245403,40328
245404,69079
245405,64262
245406,71014
245407,62398
245408,40000
245409,71917
245410,77777
245411,83278
245412,91134
245413,70808
245414,64721
245415,55769
245416,49713
245417,42455
245418,40000
245419,88935
245420,77691
245421,40000
245422,41710
245423,40000
245424,60781
245425,60310
245426,40000
245427,40000
245428,40000
245429,55568
245430,40000
245431,40000
245432,40000
245433,54153
245434,52082
245435,50883
245436,44099
245437,106394
245438,40000
245439,55552
245440,97260
245441,44175
245442,40000
245443,59479
245444,68157
245445,57841
245446,59542
245447,45799
245448,40000
245449,40000
245450,71031
245451,76989
245452,40000
245453,46433
245454,40000
245455,42870
245456,48067
245457,44602
245458,62336
245459,54394
245460,40000
245461,43371
245462,40000
245463,59781
245464,67801
245465,42221
245466,58175
245467,55335
245468,40000
245469,84142
245470,58274
245471,40000
245472,40515
245473,40000
245474,40000
245475,60380
245476,69989
245477,40000
245478,40000
245479,40000
245480,42980
245481,40000
245482,43734
245483,40000
245484,59348
245485,71648
245486,40000
245487,58501
245488,73151
245489,70730
245490,40000
245491,40000
245492,40000
245493,48954
245494,40000
245495,45126
245496,78071
245497,40000
245498,52012
245499,40000
245500,69733
245501,50637
245502,47959
245503,50226
245504,58861
245505,54096
245506,45203
245507,40000
245508,49709
245509,74161
245510,44194
245511,45702
245512,58812
245513,44803
245514,49395
245515,59276
245516,45847
245517,49841
245518,40000
245519,40000
245520,40000
245521,60310
245522,40000
245523,40000
245524,50129
245525,42827
245526,45369
245527,47425
245528,67161
245529,71268
245530,40000
245531,40000
245532,40000
245533,40000
245534,40000
245535,40000
245536,41981
245537,40000
245538,53933
245539,40000
245540,40000
245541,55161
245542,66630
245543,76149
245544,40000
245545,40000
245546,40000
245547,40000
245548,70699
245549,59678
245550,40000
245551,83828
245552,59060
245553,40000
245554,40000
245555,47227
245556,72689
245557,63555
245558,40000
245559,50957
245560,40000
245561,51993
245562,79337
245563,86511
245564,40000
245565,73446
245566,40000
245567,85851
245568,40500
245569,66391
245570,58136
245571,40000
245572,40000
245573,40000
245574,40000
245575,40000
245576,40000
245577,40000
245578,43092
245579,47509
245580,40000
245581,40000
245582,70328
245583,40000
245584,43394
245585,72143
245586,40000
245587,55067
245588,76424
245589,40000
245590,40000
245591,45017
245592,48939
245593,75312
245594,77225
245595,49110
245596,40000
245597,68676
245598,54900
245599,40000
245600,48077
245601,48616
245602,49802
245603,74876
245604,47379
245605,40000
245606,55124
245607,49492
245608,49247
245609,49914
245610,40000
245611,70881
245612,40000
245613,40254
245614,40000
245615,48395
245616,46486
245617,40000
245618,40000
245619,48246
245620,40837
245621,50057
245622,40000
245623,62562
245624,58074
245625,59452
245626,52347
245627,94930
245628,46576
245629,64801
245630,51924
245631,40000
245632,42156
245633,53109
245634,52121
245635,40000
245636,40000
245637,63055
245638,49270
245639,64864
245640,40000
245641,40000
245642,67047
245643,57572
245644,81778
245645,40000
245646,51316
245647,51448
245648,40000
245649,66944
245650,40000
245651,57475
245652,75561
245653,40000
245654,40000
245655,45174
245656,61003
245657,57735
245658,71751
245659,58871
245660,62897
245661,40000
245662,77010
245663,40000
245664,68558
245665,43205
245666,54717
245667,40000
245668,48186
245669,50467
245670,49108
245671,56584
245672,43945
245673,45635
245674,47010
245675,40000
245676,63382
245677,67336
245678,53689
245679,60256
245680,40000
245681,43173
245682,56659
245683,59219
245684,48086
245685,40000
245686,62123
245687,40000
245688,49561
245689,68807
245690,75035
245691,40000
245692,40000
245693,55271
245694,40000
245695,76862
245696,40000
245697,40000
245698,45616
245699,40000
245700,40000
245701,54394
245702,43207
245703,67039
245704,44663
245705,80950
245706,40000
245707,46501
245708,60328
245709,64468
245710,84880
245711,40000
245712,40000
245713,40000
245714,54759
245715,61786
245716,40000
245717,41074
245718,40000
245719,58905
245720,40000
245721,45113
245722,40000
245723,59862
245724,40000
245725,83373
245726,48753
245727,40000
245728,40000
245729,67684
245730,72386
245731,40000
245732,42734
245733,89813
245734,51074
245735,74128
245736,40000
245737,41895
245738,40946
245739,40000
245740,40000
245741,44175
245742,57783
245743,40151
245744,46806
245745,91988
245746,64537
245747,57594
245748,46803
245749,40000
245750,40000
245751,40000
245752,81515
245753,65082
245754,69536
245755,42208
245756,67654
245757,55213
245758,41728
245759,100920
245760,40000
245761,40000
245762,49008
245763,40000
245764,40000
245765,43528
245766,40451
245767,42986
245768,56774
245769,40000
245770,40693
245771,40000
245772,40000
245773,58720
245774,40000
245775,72569
245776,50455
245777,40000
245778,40000
245779,54014
245780,40000
245781,42422
245782,40000
245783,64121
245784,53763
245785,44596
245786,80818
245787,41230
245788,50056
245789,40000
245790,57246
245791,43895
245792,47506
245793,53705
245794,49018
245795,47527
245796,40662
245797,68216
245798,46493
245799,40000
245800,55366
245801,92298
245802,70264
245803,40000
245804,40000
245805,55955
245806,40000
245807,59360
245808,47420
245809,58129
245810,40000
245811,83513
245812,53765
245813,58289
245814,40000
245815,40000
245816,40000
245817,59070
245818,78749
245819,46511
245820,53127
245821,40000
245822,53837
245823,94440
245824,41098
245825,44444
245826,51510
245827,92321
245828,70781
245829,40000
245830,40000
245831,40000
245832,40000
245833,40000
245834,62288
245835,65441
245836,40000
245837,40000
245838,47833
245839,49187
245840,68335
245841,47735
245842,53452
245843,40000
245844,53704
245845,53555
245846,57135
245847,61621
245848,62699
245849,69177
245850,110554
245851,56578
245852,50090
245853,40000
245854,40000
245855,78387
245856,46217
245857,51478
245858,40000
245859,40000
245860,51520
245861,52414
245862,67900
245863,40000
245864,54539
245865,44674
245866,40000
245867,72330
245868,57918
245869,40000
245870,41621
245871,54480
245872,54215
245873,66696
245874,58324
245875,57448
245876,51471
245877,47397
245878,64552
245879,43948
245880,72013
245881,71517
245882,66200
245883,48145
245884,43642
245885,54958
245886,49132
245887,51256
245888,40000
245889,40000
245890,40000
245891,46899
245892,40000
245893,40000
245894,40000
245895,82305
245896,75334
245897,51086
245898,42508
245899,40000
245900,79335
245901,40000
245902,40000
245903,57148
245904,40000
245905,40000
245906,40000
245907,40000
245908,40000
245909,88380
245910,46638
245911,40000
245912,75219
245913,40000
245914,42005
245915,40000
245916,59946
245917,86195
245918,40561
245919,49314
245920,44276
245921,69732
245922,43584
245923,40000
245924,90548
245925,44663
245926,42913
245927,41793
245928,40000
245929,40397
245930,59187
245931,40000
245932,44358
245933,63172
245934,40000
245935,73458
245936,40000
245937,48859
245938,40000
245939,40000
245940,46427
245941,65171
245942,78007
245943,67611
245944,52038
245945,75206
245946,71053
245947,40000
245948,40000
245949,62301
245950,61604
245951,69882
245952,60146
245953,40000
245954,40000
245955,63791
245956,50449
245957,53668
245958,40000
245959,40000
245960,74336
245961,52333
245962,93178
245963,42658
245964,59144
245965,40000
245966,40000
245967,40000
245968,40000
245969,72956
245970,54384
245971,64397
245972,40000
245973,66493
245974,58748
245975,40000
245976,56990
245977,40000
245978,40000
245979,67539
245980,40000
245981,47026
245982,40000
245983,81037
245984,42945
245985,47734
245986,58471
245987,40000
245988,40000
245989,40000
245990,57548
245991,40000
245992,76274
245993,45276
245994,73964
245995,65483
245996,54791
245997,51278
245998,58221
245999,81380
246000,56527
246001,58335
246002,64612
246003,40000
246004,54805
246005,78790
246006,66368
246007,40000
246008,61641
246009,40000
246010,60454
246011,41160
246012,62161
246013,100771
246014,53552
246015,67250
246016,77613
246017,81875
246018,60473
246019,69188
246020,40000
246021,52716
246022,47643
246023,48152
246024,46677
246025,50370
246026,40000
246027,61340
246028,40000
246029,49175
246030,55049
246031,66643
246032,47572
246033,40000
246034,78106
246035,50736
246036,60109
246037,50915
246038,48906
246039,50446
246040,106829
246041,48832
246042,40000
246043,40000
246044,49858
246045,52223
246046,40000
246047,78328
246048,86112
246049,76170
246050,40000
246051,104411
246052,57521
246053,57981
246054,59040
246055,52477
246056,58911
246057,40000
246058,40000
246059,40000
246060,77118
246061,55297
246062,40000
246063,51282
246064,47570
246065,70152
246066,40000
246067,86532
246068,40000
246069,40000
246070,40000
246071,81987
246072,40000
246073,40000
246074,40000
246075,62124
246076,47532
246077,40000
246078,53000
246079,40000
246080,67675
246081,69982
246082,60010
246083,40000
246084,40038
246085,62569
246086,76573
246087,40000
246088,47203
246089,51607
246090,40000
246091,58916
246092,40000
246093,40000
246094,58768
246095,55650
246096,40000
246097,49799
246098,47338
246099,40000
246100,40000
246101,59782
246102,84643
246103,49045
246104,40000
246105,48545
246106,49891
246107,40000
246108,40000
246109,65262
246110,40000
246111,66959
246112,40000
246113,40000
246114,65178
246115,40000
246116,50774
246117,40000
246118,40000
246119,45589
246120,106312
246121,40000
246122,41050
246123,47989
246124,65458
246125,47514
246126,40000
246127,40000
246128,72981
246129,58607
246130,41252
246131,45017
246132,40000
246133,40000
246134,55929
246135,40000
246136,49504
246137,66907
246138,42743
246139,57033
246140,85500
246141,48353
246142,40000
246143,47117
246144,44823
246145,57706
246146,57332
246147,40000
246148,41757
246149,50136
246150,40000
246151,67953
246152,85725
246153,60863
246154,40000
246155,69432
246156,66691
246157,40047
246158,40000
246159,40796
246160,52282
246161,56952
246162,57371
246163,40000
246164,40000
246165,51826
246166,59157
246167,53645
246168,64458
246169,49834
246170,67552
246171,40000
246172,53824
246173,40000
246174,59002
246175,40000
246176,73000
246177,68143
246178,70649
246179,46662
246180,67598
246181,40000
246182,43952
246183,61527
246184,74818
246185,57160
246186,65868
246187,67889
246188,40000
246189,56764
246190,54422
246191,58674
246192,83188
246193,88899
246194,50989
246195,97272
246196,78735
246197,42286
246198,47276
246199,40000
246200,61175
246201,44752
246202,62972
246203,77585
246204,45240
246205,53891
246206,44024
246207,62025
246208,40000
246209,49111
246210,40000
246211,40000
246212,59032
246213,58896
246214,52829
246215,40000
246216,40000
246217,40000
246218,40000
246219,74913
246220,48190
246221,43829
246222,58894
246223,40059
246224,51921
246225,47474
246226,71346
246227,48727
246228,40083
246229,72600
246230,53866
246231,54170
246232,47934
246233,73970
246234,44672
246235,40000
246236,71936
246237,40000
246238,40000
246239,42518
246240,45920
246241,53844
246242,82760
246243,68180
246244,53305
246245,57992
246246,40000
246247,61597
246248,49234
246249,60760
246250,61752
246251,54121
246252,50133
246253,43176
246254,40000
246255,40000
246256,61990
246257,42565
246258,48143
246259,43541
246260,80121
246261,40000
246262,40000
246263,76876
246264,70529
246265,61941
246266,40000
246267,40000
246268,40000
246269,45779
246270,75478
246271,64983
246272,49383
246273,54720
246274,64834
246275,40000
246276,59126
246277,42911
246278,51449
246279,40000
246280,63978
246281,55707
246282,71306
246283,46620
246284,40000
246285,65299
246286,72145
246287,57290
246288,61115
246289,40000
246290,40000
246291,54382
246292,91740
246293,58259
246294,62082
246295,52741
246296,95631
246297,40000
246298,58958
246299,62116
246300,40000
246301,57739
246302,44279
246303,40000
246304,40000
246305,55934
246306,90185
246307,40000
246308,51092
246309,40000
246310,61356
246311,40000
246312,56778
246313,40000
246314,40000
246315,40000
246316,64175
246317,63701
246318,40000
246319,78854
246320,40000
246321,57636
246322,40000
246323,40000
246324,52827
246325,40000
246326,40000
246327,56339
246328,69568
246329,45046
246330,75435
246331,49508
246332,51487
246333,53271
246334,55806
246335,40000
246336,42247
246337,41996
246338,45848
246339,52776
246340,63505
246341,56879
246342,62065
246343,69295
246344,54251
246345,40000
246346,43808
246347,83824
246348,94919
246349,81770
246350,40000
246351,44673
246352,40000
246353,93032
246354,57040
246355,64950
246356,43067
246357,62199
246358,40000
246359,51520
246360,40000
246361,40000
246362,40000
246363,62746
246364,72695
246365,65869
246366,78626
246367,40000
246368,81182
246369,40000
246370,40000
246371,40000
246372,40000
246373,40000
246374,44168
246375,40000
246376,44590
246377,40000
246378,63709
246379,40000
246380,40000
246381,66768
246382,51506
246383,40000
246384,59326
246385,61347
246386,40000
246387,50102
246388,49591
246389,53331
246390,53275
246391,65358
246392,60420
246393,41166
246394,40000
246395,40000
246396,40000
246397,43975
246398,63527
246399,40000
246400,53204
246401,40000
246402,40000
246403,40000
246404,41854
246405,53775
246406,40000
246407,64353
246408,74915
246409,40000
246410,71188
246411,67244
246412,67569
246413,56474
246414,46681
246415,59848
246416,57053
246417,79885
246418,71284
246419,40000
246420,63364
246421,40000
246422,40000
246423,40000
246424,72284
246425,42203
246426,56571
246427,40500
246428,84867
246429,52506
246430,40000
246431,40862
246432,40000
246433,40000
246434,78248
246435,40093
246436,47402
246437,44705
246438,47546
246439,59569
246440,40000
246441,50142
246442,50124
246443,40000
246444,42049
246445,73567
246446,40000
246447,52409
246448,40000
246449,87084
246450,40000
246451,75367
246452,43940
246453,48691
246454,58333
246455,65952
246456,73335
246457,53304
246458,40000
246459,84266
246460,40000
246461,54449
246462,66866
246463,41411
246464,46439
246465,105086
246466,49845
246467,56408
246468,50070
246469,40000
246470,40000
246471,55662
246472,59394
246473,40000
246474,46163
246475,61558
246476,53548
246477,40000
246478,40000
246479,46269
246480,40000
246481,40000
246482,53310
246483,75618
246484,91258
246485,51566
246486,53902
246487,49784
246488,64347
246489,48864
246490,50716
246491,58904
246492,52434
246493,58717
246494,43343
246495,73628
246496,45880
246497,63531
246498,51937
246499,40000
246500,46163
246501,40000
246502,40000
246503,50777
246504,40000
246505,56450
246506,40000
246507,76622
246508,52919
246509,44686
246510,42650
246511,41462
246512,69644
246513,40000
246514,66015
246515,40000
246516,40000
246517,53295
246518,40000
246519,57003
246520,55298
246521,40000
246522,56544
246523,60714
246524,51619
246525,64120
246526,40000
246527,40000
246528,69824
246529,40000
246530,40000
246531,44387
246532,60688
246533,40000
246534,40000
246535,42058
246536,52870
246537,40000
246538,55818
246539,63329
246540,40000
246541,80657
246542,40000
246543,55064
246544,53702
246545,47605
246546,62661
246547,63052
246548,47939
246549,40000
246550,40000
246551,55149
246552,40000
246553,45957
246554,45006
246555,41967
246556,80933
246557,52003
246558,95266
246559,102936
246560,69307
246561,44467
246562,69614
246563,47816
246564,40000
246565,40000
246566,40000
246567,50444
246568,47539
246569,57483
246570,40000
246571,54869
246572,79554
246573,40000
246574,50471
246575,58040
246576,40000
246577,62056
246578,49899
246579,40000
246580,48275
246581,51350
246582,57743
246583,42992
246584,56345
246585,40000
246586,57065
246587,40000
246588,44227
246589,46484
246590,40000
246591,40000
246592,43793
246593,45401
246594,53705
246595,40000
246596,53200
246597,54591
246598,63957
246599,40000
246600,46944
246601,63294
246602,40000
246603,46745
246604,80837
246605,65801
246606,44240
246607,41959
246608,49618
246609,46397
246610,40000
246611,73412
246612,45246
246613,47013
246614,45302
246615,41548
246616,40000
246617,40000
246618,46433
246619,61194
246620,53947
246621,74821
246622,40000
246623,40000
246624,76562
246625,56717
246626,40000
246627,82822
246628,47976
246629,50164
246630,69702
246631,40000
246632,44975
246633,40000
246634,51026
246635,40000
246636,56157
246637,58840
246638,40000
246639,43451
246640,59133
246641,40000
246642,40000
246643,43064
246644,49217
246645,40000
246646,40000
246647,40000
246648,56689
246649,49735
246650,57951
246651,56221
246652,75177
246653,40000
246654,40000
246655,63749
246656,65430
246657,40000
246658,40000
246659,55372
246660,84562
246661,47893
246662,40187
246663,47670
246664,40000
246665,40000
246666,89997
246667,61757
246668,87279
246669,74577
246670,71761
246671,63128
246672,64055
246673,40000
246674,40000
246675,47071
246676,64312
246677,60645
246678,83418
246679,55441
246680,40000
246681,40000
246682,51943
246683,48973
246684,40000
246685,41639
246686,40000
246687,78808
246688,40000
246689,40000
246690,40107
246691,50513
246692,75889
246693,40000
246694,46155
246695,40126
246696,52578
246697,40000
246698,40000
246699,40000
246700,51502
246701,40000
246702,97342
246703,40000
246704,49120
246705,43677
246706,63946
246707,55385
246708,52279
246709,51883
246710,78233
246711,40000
246712,40000
246713,59156
246714,61236
246715,67068
246716,79110
246717,74346
246718,54413
246719,40000
246720,44891
246721,40847
246722,51488
246723,47872
246724,55744
246725,45082
246726,40000
246727,40000
246728,40000
246729,82185
246730,67941
246731,70031
246732,40000
246733,84218
246734,40000
246735,40000
246736,60987
246737,41170
246738,54330
246739,59226
246740,40000
246741,40000
246742,62691
246743,40000
246744,40000
246745,40000
246746,40000
246747,66244
246748,60781
246749,65552
246750,74370
246751,60757
246752,40000
246753,40000
246754,76410
246755,55871
246756,89251
246757,72439
246758,40000
246759,40000
246760,79791
246761,86738
246762,42885
246763,66000
246764,71627
246765,43510
246766,40000
246767,57662
246768,40000
246769,67027
246770,40000
246771,40000
246772,54364
246773,60132
246774,64903
246775,75809
246776,40000
246777,47896
246778,45599
246779,40000
246780,40000
246781,40000
246782,40000
246783,40000
246784,40509
246785,42211
246786,55695
246787,40000
246788,65013
246789,46788
246790,75422
246791,74590
246792,41617
246793,40000
246794,48232
246795,40000
246796,86893
246797,44068
246798,96152
246799,40000
246800,88680
246801,40000
246802,40000
246803,56116
246804,78367
246805,61725
246806,40000
246807,58105
246808,58145
246809,50109
246810,40000
246811,48278
246812,55097
246813,40000
246814,68141
246815,64464
246816,58047
246817,66343
246818,40000
246819,42046
246820,67294
246821,56233
246822,40000
246823,40000
246824,57548
246825,57357
246826,49527
246827,58472
246828,40000
246829,54375
246830,40000
246831,55512
246832,40000
246833,40000
246834,40000
246835,40000
246836,48337
246837,49718
246838,67468
246839,52341
246840,56730
246841,42566
246842,57569
246843,40000
246844,49440
246845,55223
246846,52955
246847,63191
246848,53666
246849,40000
246850,40000
246851,51836
246852,58962
246853,49317
246854,46342
246855,40000
246856,57587
246857,40000
246858,40000
246859,67678
246860,40000
246861,58291
246862,40000
246863,40000
246864,42079
246865,40000
246866,59700
246867,40000
246868,40000
246869,40000
246870,40000
246871,40000
246872,40000
246873,51585
246874,73129
246875,49506
246876,53291
246877,40000
246878,40833
246879,40000
246880,61597
246881,63585
246882,40000
246883,79323
246884,66427
246885,80406
246886,50571
246887,55451
246888,59093
246889,60036
246890,55227
246891,62012
246892,40000
246893,66554
246894,48706
246895,47978
246896,60075
246897,60044
246898,40000
246899,46863
246900,45315
246901,42847
246902,40000
246903,44524
246904,66527
246905,60628
246906,78197
246907,106062
246908,51864
246909,40000
246910,40000
246911,61368
246912,43614
246913,43049
246914,78341
246915,40000
246916,60340
246917,57318
246918,60439
246919,107316
246920,41948
246921,40000
246922,49181
246923,71482
246924,44276
246925,56578
246926,45473
246927,62673
246928,88097
246929,62227
246930,67266
246931,41500
246932,93046
246933,61583
246934,50617
246935,40000
246936,40000
246937,61647
246938,59948
246939,55540
246940,40184
246941,58796
246942,47990
246943,40000
246944,75842
246945,54241
246946,47788
246947,43073
246948,84099
246949,53948
246950,40000
246951,40000
246952,61325
246953,40000
246954,40000
246955,66020
246956,44487
246957,46708
246958,40000
246959,51849
246960,52893
246961,40000
246962,41641
246963,43964
246964,52639
246965,40000
246966,67660
246967,40000
246968,57261
246969,50854
246970,80768
246971,40685
246972,40000
246973,76399
246974,40000
246975,59151
246976,40000
246977,40000
246978,93218
246979,66557
246980,52336
246981,43182
246982,40000
246983,40000
246984,40000
246985,40000
246986,40000
246987,77160
246988,40000
246989,86963
246990,40000
246991,40000
246992,60551
246993,52985
246994,56785
246995,59457
246996,40000
246997,40000
246998,62045
246999,40927
247000,40000
247001,70520
247002,40000
247003,40000
247004,41330
247005,76273
247006,85080
247007,82169
247008,74393
247009,40000
247010,71020
247011,40000
247012,73486
247013,85379
247014,40000
247015,80311
247016,46657
247017,46905
247018,62484
247019,66529
247020,40000
247021,40000
247022,83888
247023,40000
247024,40000
247025,73175
247026,40000
247027,53383
247028,53923
247029,53951
247030,62807
247031,58517
247032,44473
247033,40000
247034,59420
247035,40000
247036,89046
247037,43642
247038,40000
247039,64202
247040,52178
247041,40000
247042,40000
247043,40000
247044,40000
247045,86686
247046,72905
247047,40000
247048,49323
247049,73835
247050,40000
247051,40000
247052,48134
247053,67917
247054,47032
247055,52756
247056,72384
247057,49177
247058,40000
247059,40000
247060,40000
247061,40000
247062,40000
247063,57843
247064,40000
247065,87808
247066,43284
247067,80275
247068,61106
247069,40000
247070,40000
247071,40000
247072,40000
247073,76461
247074,40000
247075,47145
247076,72794
247077,64106
247078,66421
247079,41516
247080,40000
247081,40000
247082,40000
247083,40000
247084,40000
247085,69951
247086,53028
247087,68465
247088,107907
247089,66089
247090,61875
247091,71293
247092,61414
247093,47196
247094,51348
247095,52190
247096,72994
247097,40000
247098,44415
247099,47102
247100,49202
247101,41299
247102,69345
247103,75597
247104,46014
247105,40264
247106,54456
247107,40000
247108,49309
247109,54683
247110,58965
247111,69941
247112,49754
247113,56368
247114,67229
247115,58269
247116,40000
247117,40000
247118,44592
247119,48686
247120,52852
247121,40000
247122,40000
247123,45031
247124,40908
247125,40000
247126,40000
247127,40000
247128,40000
247129,40000
247130,51950
247131,40000
247132,42876
247133,40000
247134,68837
247135,44320
247136,40000
247137,52977
247138,48688
247139,51302
247140,48781
247141,42758
247142,50736
247143,40000
247144,56616
247145,49942
247146,59755
247147,40000
247148,80631
247149,40000
247150,40000
247151,40000
247152,46419
247153,74372
247154,45991
247155,40000
247156,40000
247157,67486
247158,47966
247159,59020
247160,59944
247161,82678
247162,78227
247163,63279
247164,61666
247165,40000
247166,64047
247167,47109
247168,47569
247169,72111
247170,40000
247171,54503
247172,52092
247173,48245
247174,40000
247175,40000
247176,46736
247177,40222
247178,40000
247179,40000
247180,40000
247181,48553
247182,61663
247183,40000
247184,60971
247185,54430
247186,48853
247187,58612
247188,40000
247189,61913
247190,68970
247191,50045
247192,42373
247193,57046
247194,40000
247195,40000
247196,90349
247197,48280
247198,48391
247199,55744
247200,66810
247201,41108
247202,40000
247203,49034
247204,52839
247205,40000
247206,70886
247207,40000
247208,40000
247209,40000
247210,49246
247211,50389
247212,64668
247213,41030
247214,42664
247215,47498
247216,40000
247217,76499
247218,40000
247219,40000
247220,72579
247221,40000
247222,45543
247223,40351
247224,40000
247225,48703
247226,40000
247227,63794
247228,49461
247229,40000
247230,68436
247231,49906
247232,40000
247233,52440
247234,40000
247235,40000
247236,69096
247237,43434
247238,57866
247239,42097
247240,63905
247241,74019
247242,74002
247243,66809
247244,49139
247245,48748
247246,46625
247247,40000
247248,61673
247249,71218
247250,51319
247251,50403
247252,83664
247253,61311
247254,40000
247255,50586
247256,102719
247257,40000
247258,58171
247259,40000
247260,65077
247261,71295
247262,63632
247263,40000
247264,50897
247265,40000
247266,71223
247267,82036
247268,44885
247269,75058
247270,42681
247271,55277
247272,49389
247273,51660
247274,73180
247275,68260
247276,40000
247277,51940
247278,77909
247279,42908
247280,74115
247281,47636
247282,61852
247283,53631
247284,58804
247285,47923
247286,40000
247287,40000
247288,95065
247289,46034
247290,40000
247291,40000
247292,40856
247293,64371
247294,51129
247295,40000
247296,41929
247297,76079
247298,71639
247299,40313
247300,57913
247301,42506
247302,64280
247303,40000
247304,48013
247305,40474
247306,40000
247307,58171
247308,47655
247309,83979
247310,62721
247311,40000
247312,65589
247313,62718
247314,67470
247315,55144
247316,40000
247317,83305
247318,64082
247319,45877
247320,55724
247321,73656
247322,41757
247323,46312
247324,77394
247325,89760
247326,63284
247327,87613
247328,64017
247329,51021
247330,80621
247331,40000
247332,43849
247333,59333
247334,58958
247335,70959
247336,46186
247337,47336
247338,50605
247339,41479
247340,85878
247341,101958
247342,40000
247343,82367
247344,89579
247345,55164
247346,72440
247347,40000
247348,67023
247349,40161
247350,69974
247351,40000
247352,71383
247353,43515
247354,48635
247355,71006
247356,40000
247357,40000
247358,44747
247359,74835
247360,58850
247361,61059
247362,40000
247363,82025
247364,40000
247365,53127
247366,40000
247367,40000
247368,40000
247369,76775
247370,61521
247371,42898
247372,45902
247373,40000
247374,48093
247375,40000
247376,78916
247377,44802
247378,50466
247379,57059
247380,51538
247381,40000
247382,52150
247383,64374
247384,40000
247385,41183
247386,47212
247387,50023
247388,41996
247389,40000
247390,42434
247391,52174
247392,80344
247393,49723
247394,40000
247395,40000
247396,60356
247397,52131
247398,42227
247399,40000
247400,40000
247401,49364
247402,40000
247403,42847
247404,56891
247405,51058
247406,40000
247407,56802
247408,54944
247409,60783
247410,55660
247411,67972
247412,51201
247413,50981
247414,49115
247415,40000
247416,44304
247417,49588
247418,69302
247419,40000
247420,40000
247421,49294
247422,61521
247423,40000
247424,53164
247425,43068
247426,67941
247427,55784
247428,54283
247429,54039
247430,68831
247431,40000
247432,40000
247433,40000
247434,80765
247435,60552
247436,40000
247437,44336
247438,60161
247439,47631
247440,47179
247441,40000
247442,40000
247443,70838
247444,79668
247445,53545
247446,40000
247447,45800
247448,40000
247449,40000
247450,40000
247451,50437
247452,57235
247453,71454
247454,40000
247455,57463
247456,61394
247457,40000
247458,40000
247459,57136
247460,82290
247461,73764
247462,66492
247463,40000
247464,56388
247465,40000
247466,40000
247467,40000
247468,61410
247469,44911
247470,41785
247471,40000
247472,46274
247473,71310
247474,51527
247475,40000
247476,48402
247477,101744
247478,63795
247479,42867
247480,71319
247481,54922
247482,71249
247483,40000
247484,40000
247485,56637
247486,58912
247487,42328
247488,65283
247489,65845
247490,69309
247491,72247
247492,40000
247493,41182
247494,42621
247495,61412
247496,68509
247497,40000
247498,50086
247499,40000
247500,45164
247501,40000
247502,88889
247503,85534
247504,47923
247505,53568
247506,56446
247507,40000
247508,75829
247509,48048
247510,49939
247511,81712
247512,40000
247513,40000
247514,40000
247515,79317
247516,68818
247517,40000
247518,56006
247519,60208
247520,40000
247521,54896
247522,40000
247523,63836
247524,55707
247525,42022
247526,40000
247527,73551
247528,42266
247529,58612
247530,40000
247531,59276
247532,40000
247533,40000
247534,40000
247535,40000
247536,49621
247537,47016
247538,70226
247539,40000
247540,81111
247541,51582
247542,65946
247543,40000
247544,65746
247545,40000
247546,41545
247547,40000
247548,62530
247549,54961
247550,49206
247551,73422
247552,43656
247553,42687
247554,69053
247555,40000
247556,40000
247557,40000
247558,58881
247559,70081
247560,45271
247561,40000
247562,47924
247563,40000
247564,40000
247565,62518
247566,72988
247567,62323
247568,49863
247569,40000
247570,40000
247571,41609
247572,40000
247573,40000
247574,58402
247575,89421
247576,41617
247577,59459
247578,78623
247579,59053
247580,40000
247581,40000
247582,46890
247583,62620
247584,40000
247585,71097
247586,58692
247587,65812
247588,44764
247589,94765
247590,43530
247591,40000
247592,45086
247593,49321
247594,47190
247595,76468
247596,77913
247597,49067
247598,40000
247599,40919
247600,53381
247601,40000
247602,65296
247603,70827
247604,67386
247605,43723
247606,87698
247607,51856
247608,69108
247609,40000
247610,40000
247611,40000
247612,40000
247613,44975
247614,65367
247615,40000
247616,40000
247617,77984
247618,63913
247619,67914
247620,41613
247621,67309
247622,42861
247623,40000
247624,48081
247625,57507
247626,40000
247627,40000
247628,40000
247629,40000
247630,64822
247631,86251
247632,46558
247633,61133
247634,40000
247635,40000
247636,58093
247637,49766
247638,40000
247639,40000
247640,40000
247641,42376
247642,86599
247643,75258
247644,45586
247645,40000
247646,57433
247647,58282
247648,50580
247649,67982
247650,40000
247651,40000
247652,40000
247653,64848
247654,40691
247655,56193
247656,48972
247657,47299
247658,40000
247659,40000
247660,74095
247661,48185
247662,49734
247663,47194
247664,40000
247665,58207
247666,40000
247667,58836
247668,40000
247669,40000
247670,55307
247671,40000
247672,45318
247673,64051
247674,40000
247675,44196
247676,61575
247677,44528
247678,45231
247679,49019
247680,40000
247681,40000
247682,48583
247683,82150
247684,50112
247685,50917
247686,65947
247687,40000
247688,40000
247689,43909
247690,78996
247691,40000
247692,40000
247693,63309
247694,61448
247695,43946
247696,49051
247697,40000
247698,46917
247699,84348
247700,40000
247701,40000
247702,40000
247703,58254
247704,68763
247705,45622
247706,52775
247707,79931
247708,57772
247709,40671
247710,40000
247711,40000
247712,42782
247713,40000
247714,80889
247715,81381
247716,70028
247717,67515
247718,40000
247719,64451
247720,40000
247721,41950
247722,40000
247723,40000
247724,40000
247725,77437
247726,47633
247727,52125
247728,89535
247729,51795
247730,42553
247731,40000
247732,40000
247733,49935
247734,40000
247735,49319
247736,40000
247737,67973
247738,58383
247739,40000
247740,42770
247741,40000
247742,46559
247743,48936
247744,64977
247745,40000
247746,44095
247747,56102
247748,72303
247749,79720
247750,56395
247751,54932
247752,46492
247753,92142
247754,40000
247755,40000
247756,52039
247757,87758
247758,43213
247759,44396
247760,61505
247761,46434
247762,57506
247763,55402
247764,40000
247765,56353
247766,40000
247767,58006
247768,40000
247769,40000
247770,40000
247771,40000
247772,48771
247773,68551
247774,69832
247775,50012
247776,70347
247777,40000
247778,63145
247779,40000
247780,90826
247781,48400
247782,71602
247783,40000
247784,45089
247785,73177
247786,40000
247787,50315
247788,50091
247789,50559
247790,60397
247791,40000
247792,40000
247793,40000
247794,40000
247795,40000
247796,61329
247797,68089
247798,40000
247799,79227
247800,68990
247801,62103
247802,48525
247803,67857
247804,43927
247805,49218
247806,40000
247807,40000
247808,40000
247809,45668
247810,41698
247811,81194
247812,40000
247813,44417
247814,51120
247815,45904
247816,55614
247817,55393
247818,47839
247819,65551
247820,53664
247821,63668
247822,40000
247823,55874
247824,73427
247825,40000
247826,40000
247827,82733
247828,75581
247829,58823
247830,60107
247831,40000
247832,78366
247833,65408
247834,40000
247835,40000
247836,71798
247837,40000
247838,40000
247839,44566
247840,48185
247841,42944
247842,52613
247843,69644
247844,40000
247845,65527
247846,40000
247847,63224
247848,60420
247849,40000
247850,86858
247851,40000
247852,40000
247853,40000
247854,52081
247855,53566
247856,97377
247857,40000
247858,70843
247859,65618
247860,68643
247861,40000
247862,45140
247863,40000
247864,62849
247865,40000
247866,40000
247867,42618
247868,45171
247869,40576
247870,40000
247871,66116
247872,71823
247873,50692
247874,40000
247875,77461
247876,58680
247877,49858
247878,54955
247879,62924
247880,66704
247881,48860
247882,40000
247883,40000
247884,65124
247885,40000
247886,52240
247887,91473
247888,40000
247889,42541
247890,65923
247891,52926
247892,67980
247893,92161
247894,77356
247895,62496
247896,59539
247897,64885
247898,41154
247899,72981
247900,68940
247901,74252
247902,93852
247903,64406
247904,40000
247905,67534
247906,43018
247907,73731
247908,40000
247909,40000
247910,46059
247911,40000
247912,45638
247913,50846
247914,57611
247915,40000
247916,40000
247917,55805
247918,40000
247919,48862
247920,40000
247921,40000
247922,40000
247923,42168
247924,40000
247925,77062
247926,40000
247927,40000
247928,44281
247929,62054
247930,40000
247931,49203
247932,40000
247933,57057
247934,66912
247935,40000
247936,70216
247937,55219
247938,40000
247939,64219
247940,71722
247941,40000
247942,63464
247943,52998
247944,52368
247945,40000
247946,59278
247947,65133
247948,51634
247949,43475
247950,59971
247951,73051
247952,42262
247953,92854
247954,49165
247955,70352
247956,40000
247957,50307
247958,56683
247959,40000
247960,40000
247961,68277
247962,65227
247963,40000
247964,47983
247965,49214
247966,46674
247967,49881
247968,61772
247969,53354
247970,40000
247971,73441
247972,47702
247973,40000
247974,43587
247975,40012
247976,40000
247977,47392
247978,60619
247979,76451
247980,40000
247981,40000
247982,86252
247983,51371
247984,40000
247985,59399
247986,93458
247987,47434
247988,60350
247989,69357
247990,80821
247991,40000
247992,40000
247993,40000
247994,55598
247995,40000
247996,40758
247997,40000
247998,68916
247999,75795
248000,40000
248001,67521
248002,60175
248003,40000
248004,86817
248005,71584
248006,40000
248007,66926
248008,49589
248009,50482
248010,56353
248011,40000
248012,40000
248013,91118
248014,40000
248015,51347
248016,40000
248017,44573
248018,68284
248019,44341
248020,67449
248021,40000
248022,50129
248023,45706
248024,54787
248025,47294
248026,93903
248027,40000
248028,40000
248029,58065
248030,40866
248031,40000
248032,73037
248033,50508
248034,40000
248035,45760
248036,45438
248037,40000
248038,52235
248039,67228
248040,53264
248041,40000
248042,70518
248043,40000
248044,82583
248045,54184
248046,40000
248047,41287
248048,42800
248049,40000
248050,40000
248051,67761
248052,55009
248053,48106
248054,73921
248055,40000
248056,49021
248057,76085
248058,40000
248059,47160
248060,40000
248061,40000
248062,40000
248063,56626
248064,40000
248065,40000
248066,40000
248067,69220
248068,52652
248069,40000
248070,52199
248071,74459
248072,67763
248073,40000
248074,56770
248075,53642
248076,40000
248077,62403
248078,55912
248079,54139
248080,83424
248081,43035
248082,55239
248083,40043
248084,60370
248085,46341
248086,42422
248087,40000
248088,40989
248089,40000
248090,48497
248091,40000
248092,70442
248093,40000
248094,67350
248095,58472
248096,56186
248097,50728
248098,40000
248099,64102
248100,68875
248101,51384
248102,55813
248103,40000
248104,59798
248105,40000
248106,40000
248107,64587
248108,48238
248109,48107
248110,56961
248111,40000
248112,40000
248113,40000
248114,55717
248115,46618
248116,64180
248117,50138
248118,40000
248119,40000
248120,48982
248121,43537
248122,40000
248123,40000
248124,64668
248125,51912
248126,40000
248127,40000
248128,40000
248129,40000
248130,53992
248131,51543
248132,53799
248133,46626
248134,40000
248135,60923
248136,40000
248137,40000
248138,69248
248139,55072
248140,40000
248141,50528
248142,40000
248143,55782
248144,57176
248145,43712
248146,44589
248147,40000
248148,40000
248149,75989
248150,57872
248151,40000
248152,40000
248153,78889
248154,48336
248155,40000
248156,41309
248157,62194
248158,55206
248159,40000
248160,45229
248161,40000
248162,66685
248163,40000
248164,57740
248165,61836
248166,49447
248167,60977
248168,83149
248169,40000
248170,40000
248171,47379
248172,48284
248173,41517
248174,40000
248175,40000
248176,40000
248177,40000
248178,40000
248179,74463
248180,59035
248181,43320
248182,62660
248183,65335
248184,80513
248185,83457
248186,40000
248187,40000
248188,75430
248189,58112
248190,49959
248191,50410
248192,75637
248193,77610
248194,66985
248195,55325
248196,73248
248197,44280
248198,48976
248199,40000
248200,94983
248201,40000
248202,75125
248203,51290
248204,40000
248205,48918
248206,46441
248207,40000
248208,53446
248209,49115
248210,76673
248211,52773
248212,65482
248213,40000
248214,74048
248215,40000
248216,47405
248217,44659
248218,44688
248219,54045
248220,66685
248221,40000
248222,54264
248223,45415
248224,87363
248225,40000
248226,92650
248227,40000
248228,40000
248229,60792
248230,53067
248231,40000
248232,81411
248233,54015
248234,40000
248235,65982
248236,40000
248237,40000
248238,51306
248239,66903
248240,40000
248241,79024
248242,40000
248243,59819
248244,78956
248245,52657
248246,69314
248247,53524
248248,40000
248249,68356
248250,65174
248251,40000
248252,40000
248253,70660
248254,42217
248255,51893
248256,68786
248257,62247
248258,58287
248259,40000
248260,59185
248261,40000
248262,51096
248263,55112
248264,44543
248265,43835
248266,40000
248267,43918
248268,86422
248269,44605
248270,60513
248271,69151
248272,68238
248273,40000
248274,74534
248275,65386
248276,40000
248277,45872
248278,40000
248279,72606
248280,40000
248281,50666
248282,42394
248283,95167
248284,63654
248285,40000
248286,52589
248287,54228
248288,41308
248289,86375
248290,59880
248291,40000
248292,52830
248293,83259
248294,42322
248295,48665
248296,55819
248297,60053
248298,105217
248299,71119
248300,52965
248301,55379
248302,56715
248303,50157
248304,56773
248305,43612
248306,69140
248307,40000
248308,54515
248309,40000
248310,69869
248311,40000
248312,44257
248313,52088
248314,40000
248315,47977
248316,74620
248317,51891
248318,58213
248319,69241
248320,40000
248321,65248
248322,43713
248323,59717
248324,46534
248325,51289
248326,70058
248327,40000
248328,40000
248329,40000
248330,40000
248331,74005
248332,48499
248333,50317
248334,40000
248335,40000
248336,76219
248337,40000
248338,46145
248339,77430
248340,40000
248341,40000
248342,43119
248343,85942
248344,40000
248345,40000
248346,40000
248347,64862
248348,46660
248349,40721
248350,40000
248351,55386
248352,96760
248353,90729
248354,56916
248355,41471
248356,46006
248357,40515
248358,40000
248359,53794
248360,40292
248361,40000
248362,40000
248363,40000
248364,54055
248365,87101
248366,72698
248367,40000
248368,50687
248369,53590
248370,40000
248371,40000
248372,66048
248373,42373
248374,51583
248375,42665
248376,44596
248377,40000
248378,40000
248379,40000
248380,40000
248381,47136
248382,64587
248383,48701
248384,40000
248385,40000
248386,49574
248387,57351
248388,40000
248389,40000
248390,40000
248391,44656
248392,40000
248393,57709
248394,48476
248395,52375
248396,40000
248397,45407
248398,80917
248399,40000
248400,40000
248401,40000
248402,41512
248403,55610
248404,40000
248405,40000
248406,40000
248407,40000
248408,76232
248409,40000
248410,77748
248411,64164
248412,55605
248413,62659
248414,57497
248415,40000
248416,56420
248417,44813
248418,40000
248419,57484
248420,65367
248421,40000
248422,53110
248423,40964
248424,40000
248425,42892
248426,51393
248427,92396
248428,50986
248429,61143
248430,70978
248431,58479
248432,56315
248433,40000
248434,40002
248435,58427
248436,40000
248437,71767
248438,67397
248439,84356
248440,61159
248441,54080
248442,40000
248443,40729
248444,40000
248445,40000
248446,40000
248447,43599
248448,44882
248449,71388
248450,68735
248451,44908
248452,65880
248453,40000
248454,51717
248455,40000
248456,58465
248457,44164
248458,60814
248459,55221
248460,56280
248461,47458
248462,55603
248463,60476
248464,56614
248465,49596
248466,50496
248467,75388
248468,40000
248469,51935
248470,40000
248471,68798
248472,41093
248473,61334
248474,40000
248475,47060
248476,40000
248477,40000
248478,48784
248479,71652
248480,40000
248481,82368
248482,40000
248483,40000
248484,40000
248485,40000
248486,52833
248487,57322
248488,53421
248489,40000
248490,40000
248491,40000
248492,109530
248493,40000
248494,40000
248495,40000
248496,40000
248497,65152
248498,64674
248499,43473
248500,86626
248501,40000
248502,53222
248503,40000
248504,40000
248505,42067
248506,40000
248507,62480
248508,84597
248509,42628
248510,82334
248511,58542
248512,48649
248513,40000
248514,46860
248515,77147
248516,57520
248517,40000
248518,40423
248519,40000
248520,66141
248521,50431
248522,61791
248523,53532
248524,44888
248525,40000
248526,40000
248527,66159
248528,50158
248529,49146
248530,40000
248531,55697
248532,40000
248533,46000
248534,59743
248535,49714
248536,40000
248537,52564
248538,55338
248539,49210
248540,40000
248541,40000
248542,63887
248543,44737
248544,65252
248545,40000
248546,40000
248547,58720
248548,63255
248549,58771
248550,71882
248551,86524
248552,40000
248553,63562
248554,45200
248555,65146
248556,40000
248557,40000
248558,40000
248559,76165
248560,44831
248561,40000
248562,40000
248563,75430
248564,61697
248565,74359
248566,40000
248567,98143
248568,70434
248569,46176
248570,45242
248571,62435
248572,95759
248573,45050
248574,40000
248575,85453
248576,40000
248577,46807
248578,46020
248579,61598
248580,40000
248581,55188
248582,40000
248583,56643
248584,45039
248585,65816
248586,40000
248587,47296
248588,88904
248589,84481
248590,47808
248591,40000
248592,82710
248593,40000
248594,55617
248595,93057
248596,40000
248597,40000
248598,50238
248599,80295
248600,46533
248601,40000
248602,55500
248603,48469
248604,71078
248605,83860
248606,88597
248607,40000
248608,63101
248609,46767
248610,66703
248611,64575
248612,40000
248613,66281
248614,48798
248615,64234
248616,40000
248617,67198
248618,48499
248619,40415
248620,86316
248621,40000
248622,72552
248623,50415
248624,73468
248625,40000
248626,44424
248627,40000
248628,56651
248629,78814
248630,92055
248631,63144
248632,74584
248633,67268
248634,67448
248635,40000
248636,40000
248637,58082
248638,68058
248639,40000
248640,43486
248641,40000
248642,40000
248643,71015
248644,49402
248645,40682
248646,50715
248647,93405
248648,40000
248649,66243
248650,40000
248651,48450
248652,45157
248653,65780
248654,56500
248655,43814
248656,40000
248657,49759
248658,68059
248659,40000
248660,40000
248661,57896
248662,79692
248663,77595
248664,60152
248665,44531
248666,50417
248667,43182
248668,40000
248669,74539
248670,40000
248671,82171
248672,48862
248673,43754
248674,50624
248675,48764
248676,50839
248677,56238
248678,60117
248679,40000
248680,54465
248681,85041
248682,42195
248683,75153
248684,72515
248685,56903
248686,40000
248687,40000
248688,45640
248689,40000
248690,40000
248691,53156
248692,90709
248693,53296
248694,68499
248695,52055
248696,40000
248697,93634
248698,52075
248699,48724
248700,40000
248701,50547
248702,70700
248703,83649
248704,47442
248705,61301
248706,81045
248707,40000
248708,40000
248709,78139
248710,63763
248711,56381
248712,58392
248713,40000
248714,63264
248715,40000
248716,57279
248717,43533
248718,40000
248719,70743
248720,77523
248721,40000
248722,40000
248723,58119
248724,40000
248725,50054
248726,43617
248727,68288
248728,50225
248729,65802
248730,43803
248731,40258
248732,59713
248733,46977
248734,41595
248735,43418
248736,56335
248737,64259
248738,68237
248739,74566
248740,52256
248741,57870
248742,53539
248743,40000
248744,58592
248745,57529
248746,72274
248747,40000
248748,46401
248749,40414
248750,57834
248751,55451
248752,40000
248753,40000
248754,40000
248755,45761
248756,40000
248757,65027
248758,79398
248759,46056
248760,40000
248761,40000
248762,80380
248763,72946
248764,71114
248765,46066
248766,105687
248767,40000
248768,40000
248769,53064
248770,40000
248771,40000
248772,40000
248773,47429
248774,50240
248775,61649
248776,40000
248777,40000
248778,40096
248779,53903
248780,43364
248781,62058
248782,47950
248783,40000
248784,40000
248785,73549
248786,46303
248787,40000
248788,77387
248789,60031
248790,40000
248791,40000
248792,40000
248793,40494
248794,53040
248795,58954
248796,42716
248797,52070
248798,63389
248799,40000
248800,40000
248801,52107
248802,40000
248803,76711
248804,40000
248805,66556
248806,40000
248807,43099
248808,57694
248809,66603
248810,40000
248811,59080
248812,75475
248813,40000
248814,66400
248815,40000
248816,69079
248817,73743
248818,50354
248819,40000
248820,55115
248821,55695
248822,60588
248823,70217
248824,41078
248825,88336
248826,40000
248827,40000
248828,42055
248829,40000
248830,45058
248831,57209
248832,40000
248833,57211
248834,40000
248835,40000
248836,53235
248837,40549
248838,57804
248839,48232
248840,40000
248841,66848
248842,40000
248843,96307
248844,72575
248845,47611
248846,62741
248847,64382
248848,46408
248849,40000
248850,65398
248851,58723
248852,62920
248853,86248
248854,74822
248855,41424
248856,51877
248857,57137
248858,44475
248859,58958
248860,42988
248861,64632
248862,45271
248863,49358
248864,74926
248865,49767
248866,52721
248867,51263
248868,46108
248869,65680
248870,40000
248871,45827
248872,40000
248873,47115
248874,57915
248875,40000
248876,40000
248877,72076
248878,40000
248879,55888
248880,44307
248881,54762
248882,66059
248883,40000
248884,40000
248885,82421
248886,40000
248887,51076
248888,55705
248889,40000
248890,40000
248891,40000
248892,40000
248893,65057
248894,90671
248895,79908
248896,40000
248897,54225
248898,40688
248899,50029
248900,40000
248901,58075
248902,40000
248903,47736
248904,40000
248905,69154
248906,43746
248907,46853
248908,45468
248909,66828
248910,40000
248911,40077
248912,52057
248913,43697
248914,71692
248915,60829
248916,40000
248917,65679
248918,61276
248919,68982
248920,42716
248921,87802
248922,43498
248923,50669
248924,40000
248925,69988
248926,82138
248927,100022
248928,45309
248929,49977
248930,79204
248931,92688
248932,74193
248933,40000
248934,55260
248935,60644
248936,40000
248937,50595
248938,40000
248939,85101
248940,86485
248941,43390
248942,49604
248943,40000
248944,41211
248945,45561
248946,86428
248947,40000
248948,40000
248949,81087
248950,56782
248951,47357
248952,43338
248953,47201
248954,48712
248955,80421
248956,58339
248957,59820
248958,40000
248959,62838
248960,40000
248961,40000
248962,40000
248963,53420
248964,48959
248965,69156
248966,52318
248967,55017
248968,40629
248969,40000
248970,49502
248971,63122
248972,69133
248973,56807
248974,40000
248975,40000
248976,40000
248977,40000
248978,40000
248979,90062
248980,77515
248981,55490
248982,76688
248983,92092
248984,40000
248985,43416
248986,41283
248987,51780
248988,65731
248989,40000
248990,68071
248991,40000
248992,48964
248993,51826
248994,65894
248995,52249
248996,40000
248997,42603
248998,45801
248999,40000
249000,71272
249001,66003
249002,58815
249003,40000
249004,40839
249005,73271
249006,40000
249007,58386
249008,40000
249009,40000
249010,62043
249011,42644
249012,42415
249013,46176
249014,40000
249015,70668
249016,40000
249017,59335
249018,52907
249019,63754
249020,40000
249021,69284
249022,40000
249023,48275
249024,40000
249025,40000
249026,46417
249027,40000
249028,50732
249029,40000
249030,40000
249031,64914
249032,82994
249033,51509
249034,47627
249035,65304
249036,52430
249037,40000
249038,40000
249039,51628
249040,40000
249041,42674
249042,40000
249043,66600
249044,40000
249045,48246
249046,65708
249047,58060
249048,93451
249049,80858
249050,98775
249051,40000
249052,40000
249053,51502
249054,40000
249055,46872
249056,57758
249057,48237
249058,40000
249059,66616
249060,42730
249061,52512
249062,70138
249063,58169
249064,81668
249065,48134
249066,49074
249067,41079
249068,51883
249069,42454
249070,53886
249071,53986
249072,49308
249073,40000
249074,51196
249075,40000
249076,40000
249077,47847
249078,49049
249079,40000
249080,40000
249081,59178
249082,40000
249083,57700
249084,74263
249085,43697
249086,75066
249087,49317
249088,40000
249089,40000
249090,47812
249091,49554
249092,59304
249093,40000
249094,64641
249095,66647
249096,85863
249097,50210
249098,40000
249099,80582
249100,40000
249101,45679
249102,56680
249103,40000
249104,40000
249105,60554
249106,40000
249107,83836
249108,40000
249109,54975
249110,59664
249111,50841
249112,40000
249113,40000
249114,40000
249115,40000
249116,40000
249117,67615
249118,40000
249119,44531
249120,57484
249121,51340
249122,40000
249123,57201
249124,40258
249125,40000
249126,55355
249127,54906
249128,51097
249129,73402
249130,59497
249131,40000
249132,40000
249133,78324
249134,76169
249135,66847
249136,67001
249137,62370
249138,40000
249139,62005
249140,40000
249141,61459
249142,100376
249143,64687
249144,40000
249145,57000
249146,59556
249147,59735
249148,43995
249149,40788
249150,43908
249151,40000
249152,52233
249153,40000
249154,40000
249155,41784
249156,60644
249157,51300
249158,61907
249159,69111
249160,72860
249161,40000
249162,58345
249163,40000
249164,48754
249165,40000
249166,40000
249167,66534
249168,58062
249169,73282
249170,76490
249171,88145
249172,67839
249173,46703
249174,89375
249175,40000
249176,46585
249177,40000
249178,48993
249179,54599
249180,42549
249181,40000
249182,53230
249183,54775
249184,51479
249185,65009
249186,69320
249187,80998
249188,72492
249189,40258
249190,73826
249191,54090
249192,46629
249193,58936
249194,41609
249195,40000
249196,46566
249197,67355
249198,40000
249199,79913
249200,40000
249201,77597
249202,51680
249203,63875
249204,40000
249205,44323
249206,43937
249207,40000
249208,40000
249209,75889
249210,40000
249211,40000
249212,80969
249213,83058
249214,61908
249215,40000
249216,40640
249217,40000
249218,56524
249219,68104
249220,66350
249221,92091
249222,40000
249223,54537
249224,50381
249225,40000
249226,52120
249227,41634
249228,40000
249229,40000
249230,94001
249231,47570
249232,40000
249233,42914
249234,40000
249235,42421
249236,41596
249237,40000
249238,47039
249239,40000
249240,40000
249241,40000
249242,66038
249243,70247
249244,62719
249245,64553
249246,47180
249247,51979
249248,82737
249249,45941
249250,44861
249251,40000
249252,48808
249253,52352
249254,62586
249255,55553
249256,40000
249257,40000
249258,43555
249259,40000
249260,40000
249261,70545
249262,82626
249263,40000
249264,55138
249265,44846
249266,45927
249267,85719
249268,86781
249269,49252
249270,40000
249271,40754
249272,70127
249273,40000
249274,40000
249275,76610
249276,62183
249277,66590
249278,54961
249279,53392
249280,40000
249281,48960
249282,56468
249283,40000
249284,76336
249285,68799
249286,77198
249287,40000
249288,67652
249289,67080
249290,53458
249291,71737
249292,47645
249293,40000
249294,51598
249295,87042
249296,68192
249297,47069
249298,42211
249299,53262
249300,40000
249301,62552
249302,71494
249303,72351
249304,40000
249305,61226
249306,63854
249307,55072
249308,53308
249309,61448
249310,41215
249311,58862
249312,58142
249313,59958
249314,56093
249315,40000
249316,40000
249317,44967
249318,66971
249319,61533
249320,61862
249321,57300
249322,40000
249323,56055
249324,40000
249325,82809
249326,40000
249327,40000
249328,70292
249329,40000
249330,40000
249331,40000
249332,44056
249333,40000
249334,41341
249335,57318
249336,55934
249337,54371
249338,40000
249339,59037
249340,79839
249341,74912
249342,40000
249343,40000
249344,40000
249345,89803
249346,66692
249347,40000
249348,40000
249349,53417
249350,59521
249351,41414
249352,66224
249353,40000
249354,67856
249355,85370
249356,70808
249357,40000
249358,40000
249359,41034
249360,40000
249361,40000
249362,53725
249363,67254
249364,40000
249365,80356
249366,54633
249367,81895
249368,40000
249369,72202
249370,68493
249371,43651
249372,71651
249373,71949
249374,61974
249375,54394
249376,65523
249377,71678
249378,72809
249379,40000
249380,55101
249381,40000
249382,53689
249383,50703
249384,72072
249385,53465
249386,40000
249387,70177
249388,40000
249389,40000
249390,52721
249391,40000
249392,51232
249393,40000
249394,40000
249395,53713
249396,49735
249397,50791
249398,52987
249399,40000
249400,40000
249401,56295
249402,76795
249403,40000
249404,60731
249405,80406
249406,49636
249407,73342
249408,40000
249409,53668
249410,46630
249411,84575
249412,40000
249413,43276
249414,40000
249415,46429
249416,68409
249417,40000
249418,96420
249419,40000
249420,56942
249421,40000
249422,89373
249423,40000
249424,47948
249425,65886
249426,58716
249427,58017
249428,60579
249429,48628
249430,51894
249431,50439
249432,99020
249433,50915
249434,40000
249435,50166
249436,41275
249437,63761
249438,43531
249439,65081
249440,43431
249441,51181
249442,54739
249443,40844
249444,59449
249445,40000
249446,48694
249447,65379
249448,40000
249449,40000
249450,40000
249451,80722
249452,74296
249453,40000
249454,40000
249455,73944
249456,47394
249457,40000
249458,40000
249459,45274
249460,40000
249461,48595
249462,97901
249463,47923
249464,40266
249465,40000
249466,50180
249467,40000
249468,55927
249469,40000
249470,40000
249471,62567
249472,46673
249473,40000
249474,76946
249475,40000
249476,41002
249477,86806
249478,55123
249479,40000
249480,53764
249481,66735
249482,53772
249483,51215
249484,53893
249485,68015
249486,40000
249487,57363
249488,40000
249489,62084
249490,40000
249491,61542
249492,40438
249493,49405
249494,65591
249495,58393
249496,40000
249497,40000
249498,40000
249499,40000
249500,40000
249501,96672
249502,63729
249503,56596
249504,40000
249505,40000
249506,58916
249507,48088
249508,40455
249509,40000
249510,40000
249511,78292
249512,60819
249513,41040
249514,51290
249515,40000
249516,44258
249517,87008
249518,40000
249519,40000
249520,52651
249521,40000
249522,62191
249523,40000
249524,49602
249525,99708
249526,56497
249527,40000
249528,40000
249529,40077
249530,62917
249531,56049
249532,78777
249533,44558
249534,44630
249535,40000
249536,40000
249537,40962
249538,89475
249539,40000
249540,54154
249541,40000
249542,60233
249543,46326
249544,42953
249545,40329
249546,40000
249547,40000
249548,63507
249549,49196
249550,40000
249551,69439
249552,106090
249553,40000
249554,40000
249555,61204
249556,46424
249557,53895
249558,40000
249559,40000
249560,40000
249561,40000
249562,40000
249563,57310
249564,94858
249565,40000
249566,40000
249567,46671
249568,40000
249569,40000
249570,54547
249571,40000
249572,55338
249573,80304
249574,50853
249575,40000
249576,40000
249577,53281
249578,44196
249579,43023
249580,46649
249581,54297
249582,62315
249583,56826
249584,40000
249585,40000
249586,51105
249587,52672
249588,58448
249589,58436
249590,48107
249591,45815
249592,41377
249593,57903
249594,84598
249595,41751
249596,40000
249597,48710
249598,45848
249599,42859
249600,48739
249601,62421
249602,40000
249603,43340
249604,58048
249605,40000
249606,76928
249607,40974
249608,41234
249609,64249
249610,40000
249611,40423
249612,40000
249613,50443
249614,55823
249615,40000
249616,40000
249617,48457
249618,40000
249619,79436
249620,86686
249621,40000
249622,52163
249623,46761
249624,65649
249625,40000
249626,68520
249627,54009
249628,41262
249629,40000
249630,42483
249631,100148
249632,42605
249633,40000
249634,44008
249635,74143
249636,71008
249637,42156
249638,40000
249639,40000
249640,47343
249641,40000
249642,59298
249643,54077
249644,40000
249645,40194
249646,49232
249647,40000
249648,48847
249649,56590
249650,57776
249651,56320
249652,47746
249653,40000
249654,91034
249655,64325
249656,40000
249657,40000
249658,54388
249659,40000
249660,40000
249661,40000
249662,57300
249663,71103
249664,82452
249665,41315
249666,40000
249667,70280
249668,48469
249669,45551
249670,57527
249671,40000
249672,72654
249673,74464
249674,82522
249675,40000
249676,45234
249677,82862
249678,51863
249679,80707
249680,67719
249681,68342
249682,42231
249683,53818
249684,41058
249685,55490
249686,54972
249687,67623
249688,58014
249689,40000
249690,79251
249691,54323
249692,40000
249693,53783
249694,51914
249695,40000
249696,50602
249697,43164
249698,44773
249699,45809
249700,51955
249701,40000
249702,89266
249703,40000
249704,40000
249705,51075
249706,48304
249707,52643
249708,54049
249709,40828
249710,60158
249711,65758
249712,67402
249713,60663
249714,43251
249715,61120
249716,53485
249717,77640
249718,40238
249719,40000
249720,86813
249721,62255
249722,47973
249723,40000
249724,57722
249725,40000
249726,40000
249727,40000
249728,40000
249729,40000
249730,48157
249731,59580
249732,48458
249733,80671
249734,46366
249735,45414
249736,58937
249737,54660
249738,51725
249739,47170
249740,65029
249741,43879
249742,74620
249743,40000
249744,81522
249745,56394
249746,45027
249747,41887
249748,46946
249749,40000
249750,51167
249751,53743
249752,69312
249753,40000
249754,60181
249755,75215
249756,44738
249757,40000
249758,46877
249759,53648
249760,76397
249761,53240
249762,40000
249763,52128
249764,78803
249765,61674
249766,55581
249767,65960
249768,42073
249769,55065
249770,40000
249771,40000
249772,58293
249773,52540
249774,45824
249775,40000
249776,45415
249777,40000
249778,40000
249779,62224
249780,56733
249781,44601
249782,40000
249783,92746
249784,42146
249785,40000
249786,85483
249787,40000
249788,40000
249789,40000
249790,72279
249791,49134
249792,40000
249793,42904
249794,67327
249795,40000
249796,55178
249797,57888
249798,54320
249799,41338
249800,45329
249801,49661
249802,46619
249803,40000
249804,69791
249805,63973
249806,40000
249807,40000
249808,40000
249809,40000
249810,54353
249811,41036
249812,41363
249813,46558
249814,40000
249815,50950
249816,71198
249817,40000
249818,40000
249819,40000
249820,40000
249821,58401
249822,84741
249823,54625
249824,40000
249825,40000
249826,40000
249827,69504
249828,60593
249829,40000
249830,68635
249831,50843
249832,42846
249833,79649
249834,47285
249835,78463
249836,64650
249837,40000
249838,41322
249839,40000
249840,49692
249841,40000
249842,48622
249843,63710
249844,40000
249845,40000
249846,40000
249847,63637
249848,40000
249849,40000
249850,40000
249851,106334
249852,94722
249853,56506
249854,40000
249855,63774
249856,40000
249857,52319
249858,45043
249859,84596
249860,57211
249861,40000
249862,43757
249863,40000
249864,58456
249865,41470
249866,49410
249867,40000
249868,51387
249869,76753
249870,43556
249871,54849
249872,70746
249873,79756
249874,42758
249875,40863
249876,57329
249877,62297
249878,40000
249879,65594
249880,47278
249881,46500
249882,40000
249883,40000
249884,50120
249885,54401
249886,63142
249887,48430
249888,54162
249889,40000
249890,77162
249891,48215
249892,68510
249893,40944
249894,40000
249895,40000
249896,50521
249897,40000
249898,40000
249899,58101
249900,46563
249901,73129
249902,71184
249903,40000
249904,40584
249905,40000
249906,76814
249907,47031
249908,40000
249909,48626
249910,40000
249911,71822
249912,51376
249913,55109
249914,71235
249915,56464
249916,65034
249917,40000
249918,57673
249919,40000
249920,45573
249921,40000
249922,71257
249923,59199
249924,53995
249925,57386
249926,40000
249927,40000
249928,46065
249929,102924
249930,40000
249931,45632
249932,55244
249933,79841
249934,58699
249935,43832
249936,40000
249937,40000
249938,73187
249939,66626
249940,40000
249941,40000
249942,40000
249943,40000
249944,83591
249945,51664
249946,40000
249947,70544
249948,80343
249949,54824
249950,40000
249951,73235
249952,40000
249953,77515
249954,52746
249955,73011
249956,40000
249957,40000
249958,61788
249959,77434
249960,70593
249961,48989
249962,52286
249963,50917
249964,52830
249965,45950
249966,48067
249967,40000
249968,40000
249969,73578
249970,40000
249971,57150
249972,57068
249973,62836
249974,40000
249975,40267
249976,40000
249977,47005
249978,40000
249979,41887
249980,52177
249981,61722
249982,50951
249983,45581
249984,40000
249985,40839
249986,47660
249987,66306
249988,77921
249989,70342
249990,48930
249991,57172
249992,58362
249993,46148
249994,40000
249995,40000
249996,49047
249997,55015
249998,46610
249999,44309
250000,50402
250001,53113
250002,47604
250003,47651
250004,45540
250005,40000
250006,84272
250007,46943
250008,54656
250009,80185
250010,50225
250011,71959
250012,53002
250013,44355
250014,65931
250015,63339
250016,47795
250017,40000
250018,68003
250019,49367
250020,69311
250021,69395
250022,68955
250023,40000
250024,57099
250025,40000
250026,40789
250027,47812
250028,40000
250029,40000
250030,40412
250031,49729
250032,52518
250033,40000
250034,45102
250035,47469
250036,40670
250037,56689
250038,52653
250039,50165
250040,40000
250041,71540
250042,52531
250043,48557
250044,68253
250045,41851
250046,40000
250047,59887
250048,60760
250049,81381
250050,52954
250051,40000
250052,51751
250053,49377
250054,40000
250055,40000
250056,40000
250057,62942
250058,52606
250059,76238
250060,78669
250061,40009
250062,62064
250063,42728
250064,51745
250065,65644
250066,40000
250067,86539
250068,78666
250069,46505
250070,49052
250071,64809
250072,60772
250073,72543
250074,47528
250075,62046
250076,59228
250077,40000
250078,42035
250079,61346
250080,50189
250081,40000
250082,40000
250083,49788
250084,55109
250085,49836
250086,71956
250087,60438
250088,85218
250089,63039
250090,64293
250091,67213
250092,54483
250093,40000
250094,48863
250095,40000
250096,44527
250097,40000
250098,40000
250099,51540
250100,67867
250101,64972
250102,82014
250103,40000
250104,66358
250105,76417
250106,44741
250107,70781
250108,40000
250109,57135
250110,48509
250111,41091
250112,47737
250113,54277
250114,40000
250115,85204
250116,73017
250117,50086
250118,82242
250119,43986
250120,53731
250121,51305
250122,47364
250123,41792
250124,40000
250125,47549
250126,41857
250127,58136
250128,60384
250129,40000
250130,50868
250131,44939
250132,50921
250133,72524
250134,40000
250135,68817
250136,43897
250137,50052
250138,40000
250139,40000
250140,40000
250141,46120
250142,40000
250143,43459
250144,61978
250145,47799
250146,40000
250147,58770
250148,52864
250149,49316
250150,44104
250151,55498
250152,40000
250153,40000
250154,44112
250155,40000
250156,40000
250157,68638
250158,51935
250159,40000
250160,63736
250161,62445
250162,52757
250163,40000
250164,76147
250165,41511
250166,40000
250167,43626
250168,40000
250169,41737
250170,52755
250171,40000
250172,40000
250173,55455
250174,78805
250175,84275
250176,59452
250177,40426
250178,46275
250179,56707
250180,40000
250181,51310
250182,40000
250183,47739
250184,40700
250185,40000
250186,40000
250187,86547
250188,96046
250189,58760
250190,58517
250191,40000
250192,48741
250193,63239
250194,70635
250195,74558
250196,40000
250197,54909
250198,82961
250199,40000
250200,46429
250201,40000
250202,40000
250203,42345
250204,82405
250205,40000
250206,66381
250207,76116
250208,65397
250209,46367
250210,56433
250211,40000
250212,99055
250213,40000
250214,40000
250215,42925
250216,40000
250217,84830
250218,41127
250219,75775
250220,59644
250221,40000
250222,40000
250223,40000
250224,40000
250225,50176
250226,78395
250227,47711
250228,63146
250229,40000
250230,62174
250231,64071
250232,40000
250233,83643
250234,41731
250235,50144
250236,51683
250237,59595
250238,71193
250239,42678
250240,40000
250241,40000
250242,40000
250243,61199
250244,86983
250245,40395
250246,40000
250247,57951
250248,40000
250249,45292
250250,60036
250251,58738
250252,41502
250253,43035
250254,41067
250255,51869
250256,54327
250257,40000
250258,40000
250259,40000
250260,58362
250261,40000
250262,58392
250263,51273
250264,55929
250265,58624
250266,90655
250267,67759
250268,46810
250269,68390
250270,52595
250271,41701
250272,49754
250273,80871
250274,52049
250275,48457
250276,40000
250277,44299
250278,40000
250279,104566
250280,49540
250281,45811
250282,53687
250283,59818
250284,44313
250285,40000
250286,45453
250287,50349
250288,40000
250289,40000
250290,52794
250291,40000
250292,82334
250293,51663
250294,40000
250295,63757
250296,45707
250297,64949
250298,54054
250299,41240
250300,72112
250301,40000
250302,68993
250303,57582
250304,40000
250305,77858
250306,40088
250307,66601
250308,40000
250309,72538
250310,40000
250311,55380
250312,40000
250313,51619
250314,68712
250315,40000
250316,40000
250317,40000
250318,40000
250319,40000
250320,81136
250321,63427
250322,55178
250323,44190
250324,70650
250325,40000
250326,48827
250327,47419
250328,56473
250329,40000
250330,72496
250331,40236
250332,40000
250333,65188
250334,40000
250335,44118
250336,59112
250337,45805
250338,68575
250339,54198
250340,44487
250341,47051
250342,63178
250343,40000
250344,70691
250345,48687
250346,49804
250347,40000
250348,40000
250349,48716
250350,61670
250351,51788
250352,81418
250353,71407
250354,40992
250355,41304
250356,59273
250357,57370
250358,78909
250359,40000
250360,40000
250361,40000
250362,72379
250363,40000
250364,64266
250365,40000
250366,40178
250367,71339
250368,44868
250369,66003
250370,40000
250371,40000
250372,44050
250373,46236
250374,40282
250375,40000
250376,88891
250377,52935
250378,40000
250379,40000
250380,57485
250381,40000
250382,40000
250383,54896
250384,40000
250385,40000
250386,40000
250387,43196
250388,81636
250389,47454
250390,76267
250391,59786
250392,74122
250393,72815
250394,40000
250395,40840
250396,41689
250397,87412
250398,75663
250399,65366
250400,40000
250401,56998
250402,41364
250403,46690
250404,78696
250405,43014
250406,40000
250407,40000
250408,41657
250409,61106
250410,90223
250411,54722
250412,73007
250413,40197
250414,40000
250415,47845
250416,40000
250417,40000
250418,71357
250419,40000
250420,49702
250421,74349
250422,51635
250423,43880
250424,78234
250425,55371
250426,58511
250427,40000
250428,40000
250429,57445
250430,43975
250431,40000
250432,72852
250433,40000
250434,57413
250435,64476
250436,70428
250437,43489
250438,40000
250439,40000
250440,42248
250441,53428
250442,53436
250443,57012
250444,40000
250445,40000
250446,43095
250447,54191
250448,51531
250449,68206
250450,54750
250451,40000
250452,55615
250453,55637
250454,74164
250455,40000
250456,56368
250457,51215
250458,50744
250459,40000
250460,40000
250461,40000
250462,41223
250463,50216
250464,85561
250465,57712
250466,46904
250467,45583
250468,51904
250469,67906
250470,40000
250471,67271
250472,63363
250473,45298
250474,40000
250475,55537
250476,63198
250477,83282
250478,62935
250479,92576
250480,51671
250481,89891
250482,40000
250483,63839
250484,73936
250485,43804
250486,78089
250487,40000
250488,40000
250489,83140
250490,40000
250491,40000
250492,40000
250493,47561
250494,41425
250495,44762
250496,72952
250497,67054
250498,68077
250499,97241
250500,40000
250501,63268
250502,40000
250503,60664
250504,64477
250505,59125
250506,40000
250507,73656
250508,59321
250509,60517
250510,46191
250511,40000
250512,51875
250513,42170
250514,57436
250515,41651
250516,40000
250517,40000
250518,40479
250519,51733
250520,40000
250521,60628
250522,40000
250523,44525
250524,55977
250525,47437
250526,40000
250527,40000
250528,41455
250529,40000
250530,55599
250531,60116
250532,50036
250533,40000
250534,62319
250535,40000
250536,40000
250537,40000
250538,40000
250539,65624
250540,64009
250541,87182
250542,67794
250543,57162
250544,40000
250545,40000
250546,57689
250547,42414
250548,40000
250549,75070
250550,48809
250551,40000
250552,54290
250553,90096
250554,98525
250555,47661
250556,71283
250557,63894
250558,46742
250559,40000
250560,91042
250561,52341
250562,68036
250563,40708
250564,40000
250565,80598
250566,40000
250567,65332
250568,40000
250569,66606
250570,42819
250571,80547
250572,42636
250573,48502
250574,61597
250575,53710
250576,40000
250577,40000
250578,45555
250579,40000
250580,40000
250581,69559
250582,88341
250583,64167
250584,41664
250585,40278
250586,54180
250587,40000
250588,40000
250589,49056
250590,40000
250591,78647
250592,70282
250593,51505
250594,67082
250595,80515
250596,40000
250597,61084
250598,40000
250599,90102
250600,63419
250601,58150
250602,40000
250603,40000
250604,40000
250605,46376
250606,53180
250607,61733
250608,40000
250609,68175
250610,40000
250611,41239
250612,79248
250613,46421
250614,40000
250615,45751
250616,40000
250617,40000
250618,40000
250619,40000
250620,69024
250621,56226
250622,74058
250623,69153
250624,86552
250625,51958
250626,51109
250627,67013
250628,59056
250629,43491
250630,55924
250631,65167
250632,40000
250633,63272
250634,45152
250635,58278
250636,40000
250637,40000
250638,49799
250639,61751
250640,106950
250641,70744
250642,46848
250643,40000
250644,52708
250645,68876
250646,40000
250647,40000
250648,75247
250649,50550
250650,48604
250651,48021
250652,42728
250653,76198
250654,48929
250655,40000
250656,40000
250657,67574
250658,94208
250659,40000
250660,40000
250661,65593
250662,40000
250663,40000
250664,40000
250665,40000
250666,44818
250667,40000
250668,60136
250669,45131
250670,54293
250671,44892
250672,68000
250673,40000
250674,50649
250675,51097
250676,46911
250677,40000
250678,46040
250679,55903
250680,49203
250681,64644
250682,80723
250683,64523
250684,40000
250685,40000
250686,40000
250687,84847
250688,40000
250689,40000
250690,40000
250691,40000
250692,64233
250693,60511
250694,78149
250695,57032
250696,40000
250697,66658
250698,40000
250699,40000
250700,87265
250701,40000
250702,40000
250703,47402
250704,40000
250705,44960
250706,40000
250707,40000
250708,40000
250709,64795
250710,40000
250711,45505
250712,40000
250713,54657
250714,54322
250715,74802
250716,55978
250717,69748
250718,57532
250719,67057
250720,40000
250721,52973
250722,68529
250723,61403
250724,50474
250725,74488
250726,40142
250727,80261
250728,40000
250729,40000
250730,69215
250731,83135
250732,55307
250733,66839
250734,40000
250735,44968
250736,40000
250737,40000
250738,42009
250739,63848
250740,47615
250741,40000
250742,72031
250743,40000
250744,60658
250745,40000
250746,57110
250747,44632
250748,40000
250749,42559
250750,66920
250751,53216
250752,77986
250753,56328
250754,40000
250755,40000
250756,68423
250757,61455
250758,81772
250759,57097
250760,40000
250761,78654
250762,44870
250763,66396
250764,40000
250765,40000
250766,58499
250767,40000
250768,45925
250769,48740
250770,59775
250771,44003
250772,74420
250773,70119
250774,76302
250775,50652
250776,94394
250777,80385
250778,40000
250779,77069
250780,61110
250781,40000
250782,47303
250783,40000
250784,55019
250785,85479
250786,85665
250787,40000
250788,44067
250789,40000
250790,57409
250791,47983
250792,44465
250793,56088
250794,106553
250795,40000
250796,40000
250797,40000
250798,55198
250799,89545
250800,40000
250801,40000
250802,40000
250803,54199
250804,42108
250805,47747
250806,40000
250807,97123
250808,40000
250809,40000
250810,59508
250811,53804
250812,41608
250813,43418
250814,93497
250815,58594
250816,40344
250817,59105
250818,40000
250819,79004
250820,40000
250821,40000
250822,50592
250823,74092
250824,40000
250825,80146
250826,40000
250827,56545
250828,41840
250829,72034
250830,40308
250831,40000
250832,70326
250833,44863
250834,49178
250835,40000
250836,64822
250837,62814
250838,41510
250839,40000
250840,66387
250841,43801
250842,64003
250843,49254
250844,82695
250845,70543
250846,43706
250847,40000
250848,44801
250849,40000
250850,60023
250851,44644
250852,65199
250853,71636
250854,64986
250855,40000
250856,41503
250857,71030
250858,42108
250859,48994
250860,62024
250861,40000
250862,40000
250863,41853
250864,40000
250865,61343
250866,64281
250867,44063
250868,50188
250869,42393
250870,44893
250871,52471
250872,78577
250873,66622
250874,40000
250875,40000
250876,48734
250877,40000
250878,48012
250879,64159
250880,40000
250881,51958
250882,76848
250883,44216
250884,40000
250885,54639
250886,64747
250887,66148
250888,41709
250889,40000
250890,60878
250891,40000
250892,67856
250893,53726
250894,40000
250895,40000
250896,41951
250897,40224
250898,50202
250899,48387
250900,64165
250901,42619
250902,49405
250903,49821
250904,40000
250905,40000
250906,40000
250907,61141
250908,40000
250909,40000
250910,42673
250911,40000
250912,86343
250913,65206
250914,40000
250915,40000
250916,67052
250917,54221
250918,50160
250919,45222
250920,52655
250921,40000
250922,58565
250923,46990
250924,52829
250925,40000
250926,40000
250927,40000
250928,64127
250929,46454
250930,55141
250931,52549
250932,40000
250933,42928
250934,40000
250935,40000
250936,46872
250937,60503
250938,40000
250939,40000
250940,40000
250941,61058
250942,44746
250943,66855
250944,61245
250945,80757
250946,54680
250947,64375
250948,40000
250949,87309
250950,40000
250951,40000
250952,52328
250953,60860
250954,56663
250955,63994
250956,74107
250957,58294
250958,40000
250959,41991
250960,40000
250961,52477
250962,50605
250963,53050
250964,40000
250965,61814
250966,47880
250967,59307
250968,49973
250969,45325
250970,67510
250971,46557
250972,71992
250973,40000
250974,47450
250975,77768
250976,48645
250977,40000
250978,63385
250979,84888
250980,40000
250981,41703
250982,40000
250983,40000
250984,40000
250985,41500
250986,40000
250987,52286
250988,47472
250989,55819
250990,80752
250991,56406
250992,50581
250993,40000
250994,58655
250995,40000
250996,40000
250997,40000
250998,65003
250999,67291
251000,52928
251001,40000
251002,51774
251003,40000
251004,53110
251005,40000
251006,40000
251007,57532
251008,72249
251009,53722
251010,40000
251011,40000
251012,81843
251013,40000
251014,40000
251015,50329
251016,55179
251017,106201
251018,61818
251019,50178
251020,69882
251021,51149
251022,52658
251023,62785
251024,77104
251025,41778
251026,41238
251027,60687
251028,71539
251029,66655
251030,41171
251031,44753
251032,47491
251033,52465
251034,54533
251035,40000
251036,56280
251037,40000
251038,40000
251039,68372
251040,46698
251041,47326
251042,40000
251043,58266
251044,42665
251045,40000
251046,40000
251047,40000
251048,48393
251049,65099
251050,67960
251051,40000
251052,40000
251053,40000
251054,58794
251055,62683
251056,40000
251057,40000
251058,54563
251059,40000
251060,63867
251061,63948
251062,69818
251063,55053
251064,52631
251065,43462
251066,54876
251067,52755
251068,50782
251069,40000
251070,69993
251071,40000
251072,81526
251073,40000
251074,46276
251075,44080
251076,50010
251077,46368
251078,40000
251079,40000
251080,54811
251081,79208
251082,51415
251083,40000
251084,40000
251085,40000
251086,40000
251087,57202
251088,49471
251089,46652
251090,40000
251091,55190
251092,59201
251093,40000
251094,41395
251095,43786
251096,40000
251097,41393
251098,56606
251099,51550
251100,40000
251101,56812
251102,67400
251103,43554
251104,40000
251105,40000
251106,46844
251107,40000
251108,62267
251109,40000
251110,40000
251111,67196
251112,40000
251113,40000
251114,63971
251115,40000
251116,47852
251117,40191
251118,63880
251119,40646
251120,53348
251121,43522
251122,40000
251123,40000
251124,53964
251125,40000
251126,81666
251127,40000
251128,59035
251129,74217
251130,46988
251131,43763
251132,40000
251133,54620
251134,40000
251135,77426
251136,40000
251137,66849
251138,40000
251139,40000
251140,40000
251141,52168
251142,40337
251143,51014
251144,82540
251145,40000
251146,40000
251147,40000
251148,78809
251149,40954
251150,68449
251151,47349
251152,97053
251153,40000
251154,40000
251155,51191
251156,70464
251157,40000
251158,56282
251159,40000
251160,41672
251161,97143
251162,84154
251163,44098
251164,52462
251165,58802
251166,74699
251167,40000
251168,46324
251169,40000
251170,64684
251171,40443
251172,53293
251173,67165
251174,51943
251175,55439
251176,40000
251177,76317
251178,57178
251179,53487
251180,88370
251181,69783
251182,82238
251183,46132
251184,40000
251185,40000
251186,57289
251187,73735
251188,67645
251189,75682
251190,53573
251191,55041
251192,40000
251193,62147
251194,40000
251195,50320
251196,75386
251197,58229
251198,40000
251199,40000
251200,43024
251201,66971
251202,40000
251203,60487
251204,42216
251205,43767
251206,88843
251207,72423
251208,48891
251209,51325
251210,40000
251211,40000
251212,40000
251213,79729
251214,40000
251215,53274
251216,66261
251217,40000
251218,40000
251219,58813
251220,69373
251221,100398
251222,74664
251223,82696
251224,54790
251225,53471
251226,42761
251227,50532
251228,71050
251229,40000
251230,56587
251231,85042
251232,59465
251233,47919
251234,41604
251235,40000
251236,42072
251237,66887
251238,50571
251239,40000
251240,72660
251241,89559
251242,40000
251243,82912
251244,54817
251245,40000
251246,84440
251247,40000
251248,71066
251249,52057
251250,40000
251251,48752
251252,60602
251253,58513
251254,66952
251255,40000
251256,52042
251257,62663
251258,40000
251259,40000
251260,53970
251261,61063
251262,56444
251263,40000
251264,48639
251265,52565
251266,40000
251267,61899
251268,63828
251269,62623
251270,44141
251271,40000
251272,40000
251273,40000
251274,40000
251275,53170
251276,40000
251277,40000
251278,40000
251279,69582
251280,48464
251281,55806
251282,83526
251283,59602
251284,42520
251285,79569
251286,55626
251287,55557
251288,40000
251289,40000
251290,53050
251291,58538
251292,63717
251293,73158
251294,40000
251295,40000
251296,46627
251297,49782
251298,40000
251299,59707
251300,86788
251301,51640
251302,40000
251303,74597
251304,62420
251305,53650
251306,40000
251307,66736
251308,49235
251309,40000
251310,91599
251311,40000
251312,75239
251313,45816
251314,43161
251315,40000
251316,40000
251317,40000
251318,40000
251319,40000
251320,57588
251321,40000
251322,55256
251323,40000
251324,64611
251325,40000
251326,40000
251327,40000
251328,40000
251329,56181
251330,45001
251331,43134
251332,66322
251333,42617
251334,40000
251335,46341
251336,72658
251337,51808
251338,40632
251339,68988
251340,64758
251341,40000
251342,40000
251343,40000
251344,58980
251345,49998
251346,40000
251347,66915
251348,40000
251349,53326
251350,82443
251351,81439
251352,40000
251353,40000
251354,40000
251355,46152
251356,60068
251357,82227
251358,60821
251359,40000
251360,60574
251361,88040
251362,57493
251363,40000
251364,89818
251365,52524
251366,64322
251367,40000
251368,40000
251369,40000
251370,82166
251371,54421
251372,49205
251373,40000
251374,53905
251375,61216
251376,58296
251377,44758
251378,48085
251379,57748
251380,42331
251381,57567
251382,73073
251383,79764
251384,56038
251385,46150
251386,44923
251387,40000
251388,40000
251389,73461
251390,41105
251391,40000
251392,49829
251393,67025
251394,70416
251395,59047
251396,52249
251397,75733
251398,40000
251399,40000
251400,40000
251401,40000
251402,62303
251403,40000
251404,89837
251405,40000
251406,40000
251407,56770
251408,77380
251409,53783
251410,40000
251411,71042
251412,60527
251413,41130
251414,40000
251415,41493
251416,47727
251417,59970
251418,70468
251419,40000
251420,43111
251421,40000
251422,74064
251423,67467
251424,40000
251425,40000
251426,49526
251427,41957
251428,40000
251429,46214
251430,56599
251431,40109
251432,41911
251433,40000
251434,40000
251435,42093
251436,40000
251437,40000
251438,40000
251439,59108
251440,40000
251441,61209
251442,40000
251443,69621
251444,40000
251445,48001
251446,40000
251447,46173
251448,64971
251449,46583
251450,56422
251451,45135
251452,40000
251453,60834
251454,43622
251455,61592
251456,86599
251457,68496
251458,40000
251459,67469
251460,64427
251461,43714
251462,40000
251463,69796
251464,70706
251465,60907
251466,55902
251467,51270
251468,64939
251469,67379
251470,59253
251471,71442
251472,61197
251473,40000
251474,64458
251475,40000
251476,62174
251477,40000
251478,52510
251479,40000
251480,40000
251481,43029
251482,40000
251483,68817
251484,67827
251485,40000
251486,40512
251487,45950
251488,55704
251489,67019
251490,46492
251491,68296
251492,57133
251493,71366
251494,47075
251495,80367
251496,69643
251497,78635
251498,66047
251499,85295
251500,50744
251501,41041
251502,68021
251503,43264
251504,53958
251505,40000
251506,51252
251507,89755
251508,79950
251509,40000
251510,50651
251511,40000
251512,83226
251513,64831
251514,62755
251515,52462
251516,64917
251517,49961
251518,59217
251519,40000
251520,59808
251521,44861
251522,40000
251523,40000
251524,46779
251525,43783
251526,58125
251527,43646
251528,41225
251529,40000
251530,80487
251531,78117
251532,40000
251533,88026
251534,40000
251535,40000
251536,50034
251537,40000
251538,40000
251539,65588
251540,40000
251541,58690
251542,49188
251543,40000
251544,55736
251545,40000
251546,55588
251547,49314
251548,40000
251549,44014
251550,53647
251551,40000
251552,63161
251553,81224
251554,57913
251555,40000
251556,80859
251557,40000
251558,44990
251559,70102
251560,67730
251561,56136
251562,57518
251563,40000
251564,45015
251565,68433
251566,40000
251567,63241
251568,40000
251569,42236
251570,54446
251571,65038
251572,40000
251573,40000
251574,40000
251575,58041
251576,69394
251577,45937
251578,40000
251579,40000
251580,40000
251581,54608
251582,73512
251583,40000
251584,56899
251585,40000
251586,40000
251587,47729
251588,56367
251589,68011
251590,83295
251591,40000
251592,40000
251593,40000
251594,40000
251595,46134
251596,56031
251597,40800
251598,40000
251599,40000
251600,73039
251601,74759
251602,40000
251603,70417
251604,74920
251605,58965
251606,40000
251607,62866
251608,62298
251609,49122
251610,40000
251611,66961
251612,81896
251613,40000
251614,64932
251615,40000
251616,51596
251617,57315
251618,62749
251619,47878
251620,54546
251621,50179
251622,50751
251623,59206
251624,40000
251625,80284
251626,58081
251627,40000
251628,40000
251629,57331
251630,63960
251631,53920
251632,58537
251633,40000
251634,82959
251635,58842
251636,40000
251637,45140
251638,40000
251639,62794
251640,69223
251641,40265
251642,75291
251643,40000
251644,45205
251645,54614
251646,40000
251647,42058
251648,51293
251649,48697
251650,40000
251651,47294
251652,52465
251653,53845
251654,59438
251655,51814
251656,49101
251657,53474
251658,51340
251659,40000
251660,57498
251661,79100
251662,51648
251663,50953
251664,72398
251665,86458
251666,57781
251667,40000
251668,40000
251669,55298
251670,43715
251671,75498
251672,68958
251673,59738
251674,57071
251675,40000
251676,62990
251677,51640
251678,92869
251679,53046
251680,54883
251681,44627
251682,59788
251683,44022
251684,61132
251685,69927
251686,45860
251687,46676
251688,44343
251689,68579
251690,62490
251691,40000
251692,71389
251693,55397
251694,59996
251695,40000
251696,40000
251697,40000
251698,50244
251699,59014
251700,40000
251701,40000
251702,40000
251703,45965
251704,91570
251705,51014
251706,40000
251707,59143
251708,40000
251709,40000
251710,40000
251711,48399
251712,51552
251713,40000
251714,75728
251715,40000
251716,44534
251717,57685
251718,40000
251719,65339
251720,40000
251721,42550
251722,42686
251723,44526
251724,40000
251725,83083
251726,42046
251727,40000
251728,85292
251729,65933
251730,83626
251731,42680
251732,49425
251733,40000
251734,52648
251735,40000
251736,58452
251737,68586
251738,59163
251739,45156
251740,56874
251741,70855
251742,66930
251743,62536
251744,50227
251745,89080
251746,41758
251747,55917
251748,67309
251749,58129
251750,40000
251751,40958
251752,45117
251753,45750
251754,53820
251755,40000
251756,40000
251757,51555
251758,88365
251759,43943
251760,40000
251761,40000
251762,63528
251763,55550
251764,69719
251765,40000
251766,45953
251767,40000
251768,47998
251769,47692
251770,40000
251771,40000
251772,40000
251773,61359
251774,48098
251775,76013
251776,68637
251777,71703
251778,40000
251779,64951
251780,44140
251781,40000
251782,73675
251783,42721
251784,64710
251785,67852
251786,87741
251787,59267
251788,77646
251789,49636
251790,40000
251791,65447
251792,42723
251793,40000
251794,54761
251795,46644
251796,55793
251797,40000
251798,54522
251799,60816
251800,47606
251801,40000
251802,40000
251803,40377
251804,40000
251805,46865
251806,65002
251807,53933
251808,40000
251809,60640
251810,40000
251811,52765
251812,57487
251813,112155
251814,42555
251815,41658
251816,44116
251817,43498
251818,40000
251819,71067
251820,40275
251821,66294
251822,63226
251823,40137
251824,55186
251825,45714
251826,62345
251827,55810
251828,59028
251829,51188
251830,61362
251831,46578
251832,72183
251833,40000
251834,40000
251835,40000
251836,52665
251837,95772
251838,40000
251839,58529
251840,65677
251841,40000
251842,75676
251843,40000
251844,55025
251845,40000
251846,40000
251847,41553
251848,40000
251849,40000
251850,57745
251851,54109
251852,62527
251853,40000
251854,40000
251855,45252
251856,40000
251857,69632
251858,63921
251859,63567
251860,40000
251861,67849
251862,40000
251863,54088
251864,66154
251865,40000
251866,94334
251867,55278
251868,74151
251869,52429
251870,40000
251871,53159
251872,48414
251873,40000
251874,82805
251875,40000
251876,40000
251877,40000
251878,71948
251879,57133
251880,51775
251881,40000
251882,69355
251883,84163
251884,40000
251885,44924
251886,72028
251887,42676
251888,40000
251889,54959
251890,52038
251891,69641
251892,46913
251893,45661
251894,56801
251895,64599
251896,76579
251897,40000
251898,54687
251899,49328
251900,40000
251901,42737
251902,62036
251903,56310
251904,40000
251905,88339
251906,40000
251907,71330
251908,47454
251909,45861
251910,40000
251911,40000
251912,48577
251913,49131
251914,59846
251915,59929
251916,61658
251917,45448
251918,94520
251919,72121
251920,72531
251921,55264
251922,41327
251923,57116
251924,63621
251925,46402
251926,40000
251927,42225
251928,64991
251929,40000
251930,49340
251931,62900
251932,60170
251933,49433
251934,40000
251935,40000
251936,46266
251937,84786
251938,46295
251939,49218
251940,69899
251941,40000
251942,66154
251943,68448
251944,54359
251945,59538
251946,42826
251947,40000
251948,81075
251949,56030
251950,71310
251951,40000
251952,50189
251953,61109
251954,40660
251955,63935
251956,40000
251957,53392
251958,89027
251959,44605
251960,84859
251961,56263
251962,42953
251963,50597
251964,80563
251965,40000
251966,43419
251967,81584
251968,54718
251969,40000
251970,67171
251971,64062
251972,68228
251973,40000
251974,40000
251975,55381
251976,78834
251977,68626
251978,40000
251979,72486
251980,51234
251981,61217
251982,72800
251983,40000
251984,40000
251985,56725
251986,40000
251987,40000
251988,79973
251989,45924
251990,52781
251991,44337
251992,69052
251993,40000
251994,48593
251995,40000
251996,71081
251997,40000
251998,43766
251999,56057
252000,40000
252001,41859
252002,97227
252003,61265
252004,40000
252005,46310
252006,40000
252007,40000
252008,85554
252009,40000
252010,55394
252011,62918
252012,40000
252013,42982
252014,50130
252015,51172
252016,105395
252017,40000
252018,40000
252019,72921
252020,70234
252021,48546
252022,52451
252023,63528
252024,59879
252025,42784
252026,49618
252027,40000
252028,41841
252029,54587
252030,67508
252031,40000
252032,47104
252033,81485
252034,77161
252035,52493
252036,55836
252037,40000
252038,55367
252039,56098
252040,40000
252041,69062
252042,72912
252043,40000
252044,40000
252045,63216
252046,54912
252047,80688
252048,56806
252049,50857
252050,42492
252051,46974
252052,47045
252053,53166
252054,40000
252055,43056
252056,54806
252057,59183
252058,64965
252059,40000
252060,40000
252061,54538
252062,59138
252063,52455
252064,40000
252065,52123
252066,59382
252067,40000
252068,40000
252069,40000
252070,66223
252071,40000
252072,40161
252073,40000
252074,46009
252075,50153
252076,44624
252077,57638
252078,49431
252079,40000
252080,40000
252081,50460
252082,40000
252083,66022
252084,63167
252085,66238
252086,60557
252087,73781
252088,45874
252089,50367
252090,40000
252091,63088
252092,71587
252093,58078
252094,40000
252095,57560
252096,70169
252097,40000
252098,40000
252099,57029
252100,40000
252101,40000
252102,67893
252103,45436
252104,56772
252105,64658
252106,40000
252107,65805
252108,78143
252109,40000
252110,75837
252111,40000
252112,40000
252113,86049
252114,40000
252115,79568
252116,50192
252117,40000
252118,40000
252119,43894
252120,50732
252121,54316
252122,40000
252123,40000
252124,57414
252125,47367
252126,40000
252127,40000
252128,40000
252129,49668
252130,40000
252131,40000
252132,40000
252133,44062
252134,56958
252135,71374
252136,40000
252137,78717
252138,51965
252139,40000
252140,57905
252141,76334
252142,46841
252143,54245
252144,83292
252145,96701
252146,45572
252147,40000
252148,40000
252149,40000
252150,40000
252151,40000
252152,72255
252153,66388
252154,40000
252155,40000
252156,63043
252157,42135
252158,40000
252159,53265
252160,40000
252161,65027
252162,40000
252163,40000
252164,71811
252165,40012
252166,40000
252167,41808
252168,65294
252169,49544
252170,49895
252171,40000
252172,40000
252173,40000
252174,57041
252175,49698
252176,40000
252177,62870
252178,45503
252179,70498
252180,40000
252181,62214
252182,40000
252183,40000
252184,62187
252185,44552
252186,40751
252187,63127
252188,40000
252189,96694
252190,57865
252191,42885
252192,41945
252193,71956
252194,42975
252195,40000
252196,71471
252197,56690
252198,57280
252199,65263
252200,62720
252201,64179
252202,40000
252203,86949
252204,40000
252205,61612
252206,73055
252207,64177
252208,66360
252209,40000
252210,82267
252211,92419
252212,40000
252213,40000
252214,62689
252215,47147
252216,76090
252217,40000
252218,40000
252219,40000
252220,45969
252221,46226
252222,40000
252223,40000
252224,47034
252225,75438
252226,40000
252227,75144
252228,92060
252229,43102
252230,72744
252231,81658
252232,55169
252233,42926
252234,75948
252235,40000
252236,48956
252237,40000
252238,72403
252239,40885
252240,45970
252241,40000
252242,40000
252243,40000
252244,52113
252245,49248
252246,43399
252247,53445
252248,87693
252249,40000
252250,77149
252251,52549
252252,60231
252253,56145
252254,52550
252255,57688
252256,40000
252257,54201
252258,40000
252259,42845
252260,40000
252261,52886
252262,55047
252263,67611
252264,50424
252265,40000
252266,47973
252267,84862
252268,42666
252269,52849
252270,66610
252271,47963
252272,65282
252273,46163
252274,70571
252275,40000
252276,40000
252277,40000
252278,40000
252279,41730
252280,40000
252281,70236
252282,40000
252283,56516
252284,46417
252285,43632
252286,65055
252287,51926
252288,51523
252289,40000
252290,40000
252291,85131
252292,49405
252293,54091
252294,55954
252295,61276
252296,53351
252297,62335
252298,42640
252299,43543
252300,40000
252301,40000
252302,61447
252303,70296
252304,40000
252305,40000
252306,60825
252307,70012
252308,66314
252309,68697
252310,66862
252311,40000
252312,49783
252313,83828
252314,67195
252315,56434
252316,46232
252317,75172
252318,40000
252319,86561
252320,42258
252321,51438
252322,44475
252323,40000
252324,65857
252325,61915
252326,47921
252327,40000
252328,78229
252329,50089
252330,60413
252331,66762
252332,40000
252333,69946
252334,64896
252335,40000
252336,40000
252337,40000
252338,43382
252339,48898
252340,45734
252341,40000
252342,40297
252343,54870
252344,40000
252345,44493
252346,56603
252347,40261
252348,40000
252349,50697
252350,40000
252351,40000
252352,40000
252353,40000
252354,60757
252355,40000
252356,40000
252357,53105
252358,40000
252359,93105
252360,88336
252361,58852
252362,50570
252363,40000
252364,40000
252365,40000
252366,88145
252367,46231
252368,83051
252369,40000
252370,54122
252371,69677
252372,47301
252373,42612
252374,40000
252375,40000
252376,40000
252377,69996
252378,56711
252379,40000
252380,42420
252381,45687
252382,70209
252383,40000
252384,49192
252385,45421
252386,40000
252387,40000
252388,40000
252389,47456
252390,40000
252391,40000
252392,40000
252393,53014
252394,40000
252395,40000
252396,40000
252397,49407
252398,55149
252399,78208
252400,52248
252401,44479
252402,56649
252403,67263
252404,42181
252405,44152
252406,40000
252407,44947
252408,40000
252409,40000
252410,40000
252411,85867
252412,40000
252413,40000
252414,83299
252415,46824
252416,46301
252417,49399
252418,67489
252419,48963
252420,40000
252421,82118
252422,42195
252423,54190
252424,47575
252425,65269
252426,40743
252427,40000
252428,82109
252429,41208
252430,40000
252431,44818
252432,40000
252433,40000
252434,56089
252435,40000
252436,40000
252437,40000
252438,53169
252439,60853
252440,40000
252441,84505
252442,64925
252443,46593
252444,56882
252445,44380
252446,54813
252447,63781
252448,60343
252449,44009
252450,42495
252451,40000
252452,78267
252453,91907
252454,40000
252455,45589
252456,71715
252457,47989
252458,40000
252459,47212
252460,57691
252461,50671
252462,40000
252463,47493
252464,55647
252465,41451
252466,40000
252467,40000
252468,68032
252469,55276
252470,40000
252471,40000
252472,67234
252473,82388
252474,40000
252475,51205
252476,47916
252477,41272
252478,43567
252479,40000
252480,85514
252481,84281
252482,40000
252483,48973
252484,79613
252485,40000
252486,85763
252487,77186
252488,40000
252489,55202
252490,40000
252491,66267
252492,46224
252493,64910
252494,40000
252495,40000
252496,40000
252497,40000
252498,78483
252499,40000
252500,82141
252501,59497
252502,40000
252503,56293
252504,49009
252505,40000
252506,51492
252507,58755
252508,44116
252509,48412
252510,44094
252511,40000
252512,49601
252513,63791
252514,65271
252515,42068
252516,40000
252517,40000
252518,40000
252519,43378
252520,59463
252521,46910
252522,49214
252523,41870
252524,40000
252525,40000
252526,48606
252527,43523
252528,40000
252529,45789
252530,77911
252531,40000
252532,41192
252533,40000
252534,87319
252535,43704
252536,45377
252537,40000
252538,40000
252539,58098
252540,40000
252541,71814
252542,40000
252543,81247
252544,52728
252545,59491
252546,65083
252547,40000
252548,40000
252549,40000
252550,68246
252551,74849
252552,40000
252553,46164
252554,40000
252555,40423
252556,56749
252557,40000
252558,40000
252559,40000
252560,57425
252561,82858
252562,64705
252563,40000
252564,64374
252565,76204
252566,40000
252567,40000
252568,71792
252569,49373
252570,40000
252571,79664
252572,40000
252573,80352
252574,59165
252575,40000
252576,85508
252577,47692
252578,65475
252579,65626
252580,55462
252581,63219
252582,40000
252583,67049
252584,51929
252585,40000
252586,40000
252587,40703
252588,48946
252589,40000
252590,49243
252591,40000
252592,51711
252593,40000
252594,51963
252595,40000
252596,70483
252597,45291
252598,74655
252599,40000
252600,40000
252601,40000
252602,40000
252603,65265
252604,40000
252605,74367
252606,40000
252607,40000
252608,40000
252609,40000
252610,89484
252611,40000
252612,43604
252613,76085
252614,62944
252615,50935
252616,93122
252617,40000
252618,43771
252619,40000
252620,63170
252621,40455
252622,52480
252623,40000
252624,40000
252625,44337
252626,40000
252627,40000
252628,65154
252629,44637
252630,40000
252631,49458
252632,48584
252633,40000
252634,55062
252635,40000
252636,64404
252637,49416
252638,52429
252639,59204
252640,69878
252641,84755
252642,40000
252643,72312
252644,40000
252645,40000
252646,40000
252647,43228
252648,65351
252649,45100
252650,40000
252651,48092
252652,47501
252653,61161
252654,40942
252655,40000
252656,41629
252657,47906
252658,40000
252659,40000
252660,42602
252661,52260
252662,40000
252663,50359
252664,40000
252665,40000
252666,55819
252667,62923
252668,40000
252669,49042
252670,40000
252671,74411
252672,41022
252673,48483
252674,40000
252675,52048
252676,40000
252677,45253
252678,54786
252679,40000
252680,40000
252681,40000
252682,79657
252683,47599
252684,42460
252685,48772
252686,50022
252687,40000
252688,40000
252689,40000
252690,48739
252691,43478
252692,53399
252693,49390
252694,40000
252695,59435
252696,41298
252697,57395
252698,40000
252699,42803
252700,40000
252701,40000
252702,40281
252703,73872
252704,56835
252705,42642
252706,40000
252707,40000
252708,57388
252709,55751
252710,58866
252711,40000
252712,41616
252713,65941
252714,66662
252715,48062
252716,40000
252717,57810
252718,58839
252719,40002
252720,58611
252721,40745
252722,76236
252723,44035
252724,57442
252725,55324
252726,47886
252727,40000
252728,78294
252729,49216
252730,56043
252731,68122
252732,48169
252733,49138
252734,66213
252735,49858
252736,53803
252737,58662
252738,58482
252739,66768
252740,40000
252741,69636
252742,41425
252743,40000
252744,40000
252745,47284
252746,40000
252747,58257
252748,105438
252749,72212
252750,65981
252751,40000
252752,40000
252753,71285
252754,40000
252755,42830
252756,40000
252757,40000
252758,50326
252759,52973
252760,65091
252761,40000
252762,40000
252763,40000
252764,44498
252765,56076
252766,41157
252767,46848
252768,66096
252769,46551
252770,55286
252771,51282
252772,40000
252773,44783
252774,48370
252775,69925
252776,76952
252777,43161
252778,48058
252779,54981
252780,62848
252781,54794
252782,44794
252783,40000
252784,66048
252785,74071
252786,44499
252787,44586
252788,40000
252789,47843
252790,71179
252791,42906
252792,40000
252793,49869
252794,50488
252795,57737
252796,44557
252797,41627
252798,61913
252799,45818
252800,40000
252801,40000
252802,89542
252803,40000
252804,104743
252805,40000
252806,76258
252807,40442
252808,41657
252809,40802
252810,55117
252811,45360
252812,54905
252813,43045
252814,45807
252815,59618
252816,65964
252817,60007
252818,58427
252819,43912
252820,67212
252821,50903
252822,40000
252823,40000
252824,50784
252825,40000
252826,82371
252827,40000
252828,62254
252829,68942
252830,48164
252831,64730
252832,60431
252833,57051
252834,40000
252835,73622
252836,40000
252837,40000
252838,86846
252839,40000
252840,48366
252841,40000
252842,70629
252843,48764
252844,49350
252845,40000
252846,53738
252847,55522
252848,40000
252849,81519
252850,42935
252851,40000
252852,40000
252853,55591
252854,41186
252855,40000
252856,40000
252857,47072
252858,40000
252859,40000
252860,43265
252861,40000
252862,59519
252863,40000
252864,68709
252865,62961
252866,40000
252867,70807
252868,40000
252869,40897
252870,49566
252871,50553
252872,58640
252873,68521
252874,61961
252875,71901
252876,42515
252877,40000
252878,47921
252879,44701
252880,40000
252881,41097
252882,59878
252883,55084
252884,40000
252885,40000
252886,75297
252887,60314
252888,57348
252889,42749
252890,40000
252891,43637
252892,40000
252893,48895
252894,65194
252895,79091
252896,51827
252897,72828
252898,47856
252899,84953
252900,40000
252901,40000
252902,40000
252903,51299
252904,71241
252905,40000
252906,65902
252907,48777
252908,40000
252909,90646
252910,40000
252911,50977
252912,76381
252913,67556
252914,40000
252915,60875
252916,53655
252917,56362
252918,40000
252919,40000
252920,41176
252921,59757
252922,40000
252923,40000
252924,72797
252925,52139
252926,40000
252927,53284
252928,63889
252929,85487
252930,40000
252931,48861
252932,40000
252933,41981
252934,52755
252935,41768
252936,40000
252937,86219
252938,56433
252939,75307
252940,77401
252941,53184
252942,51580
252943,61347
252944,53110
252945,55887
252946,43433
252947,76417
252948,40000
252949,58134
252950,40000
252951,42570
252952,58699
252953,40000
252954,40000
252955,42341
252956,67863
252957,42982
252958,87838
252959,40000
252960,55229
252961,87856
252962,60015
252963,61733
252964,53591
252965,42780
252966,60709
252967,71260
252968,44682
252969,73023
252970,46089
252971,81380
252972,50226
252973,40000
252974,40000
252975,40000
252976,44565
252977,86843
252978,50121
252979,71078
252980,52980
252981,40000
252982,51014
252983,40000
252984,88981
252985,44732
252986,40000
252987,40000
252988,40000
252989,40000
252990,43200
252991,40000
252992,40000
252993,79426
252994,41097
252995,55140
252996,49191
252997,51917
252998,56813
252999,45416
253000,47320
253001,46677
253002,40000
253003,40000
253004,40000
253005,43250
253006,54823
253007,48641
253008,40000
253009,77597
253010,40000
253011,40000
253012,40000
253013,40000
253014,43209
253015,66391
253016,40000
253017,51642
253018,40999
253019,40208
253020,40000
253021,60062
253022,48134
253023,40000
253024,45627
253025,40000
253026,44716
253027,45460
253028,65415
253029,40000
253030,89165
253031,41009
253032,47079
253033,64352
253034,51787
253035,56391
253036,40000
253037,51595
253038,57133
253039,61416
253040,47909
253041,67916
253042,59191
253043,40000
253044,52742
253045,40000
253046,57379
253047,40000
253048,40000
253049,42173
253050,50786
253051,84757
253052,40000
253053,40000
253054,40000
253055,56225
253056,62971
253057,41966
253058,59990
253059,50411
253060,80930
253061,69131
253062,40000
253063,73739
253064,87467
253065,40000
253066,53853
253067,55552
253068,40000
253069,40000
253070,70352
253071,40000
253072,40000
253073,40862
253074,67611
253075,54695
253076,59122
253077,45596
253078,57377
253079,40000
253080,84939
253081,40000
253082,51733
253083,40000
253084,44857
253085,40000
253086,40000
253087,40000
253088,61642
253089,40000
253090,40000
253091,59277
253092,44812
253093,40000
253094,84628
253095,49992
253096,40000
253097,51699
253098,40000
253099,40000
253100,40000
253101,63333
253102,71064
253103,49577
253104,75108
253105,52045
253106,54700
253107,40000
253108,44939
253109,49806
253110,40000
253111,43096
253112,48293
253113,51749
253114,73049
253115,40000
253116,52053
253117,40000
253118,61193
253119,40000
253120,91770
253121,81013
253122,43716
253123,68552
253124,51189
253125,40000
253126,56589
253127,61195
253128,72966
253129,51798
253130,50223
253131,67466
253132,53393
253133,60355
253134,60861
253135,42464
253136,43600
253137,53537
253138,40000
253139,40000
253140,40000
253141,40000
253142,41678
253143,43995
253144,43011
253145,71205
253146,52608
253147,40000
253148,65291
253149,85753
253150,42989
253151,57203
253152,47154
253153,40000
253154,45592
253155,40000
253156,40000
253157,76809
253158,40000
253159,49339
253160,55907
253161,40000
253162,46212
253163,52663
253164,40000
253165,40000
253166,40000
253167,49689
253168,66826
253169,40000
253170,55370
253171,51727
253172,66697
253173,46395
253174,74129
253175,40000
253176,61452
253177,61978
253178,40000
253179,49693
253180,58787
253181,54557
253182,80648
253183,40000
253184,72248
253185,40000
253186,48514
253187,95652
253188,40000
253189,40000
253190,40000
253191,59732
253192,53510
253193,40312
253194,40000
253195,61975
253196,50239
253197,40000
253198,56363
253199,40000
253200,44714
253201,65772
253202,53513
253203,42300
253204,40000
253205,40000
253206,60025
253207,40000
253208,40000
253209,40000
253210,40000
253211,42011
253212,40000
253213,47083
253214,44052
253215,40000
253216,57846
253217,48552
253218,67138
253219,40000
253220,41809
253221,47666
253222,40000
253223,77120
253224,55488
253225,40117
253226,40000
253227,52692
253228,54188
253229,44732
253230,59706
253231,40000
253232,40000
253233,49171
253234,40000
253235,40730
253236,40963
253237,40000
253238,47512
253239,86728
253240,56236
253241,40000
253242,40000
253243,49928
253244,41128
253245,44533
253246,62473
253247,70484
253248,40000
253249,43455
253250,40000
253251,80315
253252,42388
253253,40000
253254,40000
253255,55046
253256,41973
253257,43874
253258,44051
253259,49666
253260,40000
253261,40000
253262,59347
253263,44704
253264,40000
253265,73130
253266,53309
253267,65009
253268,40000
253269,49968
253270,40546
253271,40000
253272,64560
253273,59505
253274,64834
253275,51751
253276,45840
253277,64231
253278,40804
253279,95908
253280,40000
253281,40000
253282,40000
253283,43237
253284,42542
253285,40000
253286,40000
253287,50426
253288,55523
253289,55276
253290,89715
253291,71773
253292,57794
253293,53528
253294,40000
253295,52494
253296,58233
253297,82269
253298,55541
253299,52370
253300,69532
253301,65919
253302,58389
253303,40000
253304,50385
253305,40000
253306,40000
253307,49998
253308,48426
253309,40000
253310,80824
253311,51780
253312,76245
253313,49170
253314,48244
253315,67052
253316,53193
253317,63630
253318,46343
253319,40000
253320,86394
253321,63520
253322,40000
253323,46236
253324,51274
253325,40000
253326,40000
253327,48286
253328,49217
253329,43586
253330,58839
253331,42487
253332,46759
253333,59890
253334,52363
253335,56372
253336,45340
253337,53108
253338,78549
253339,89369
253340,51186
253341,72225
253342,61281
253343,40000
253344,47903
253345,42706
253346,52308
253347,40000
253348,53833
253349,86283
253350,40000
253351,53841
253352,40000
253353,83692
253354,74218
253355,77093
253356,40000
253357,47357
253358,48571
253359,41721
253360,52195
253361,70855
253362,52609
253363,46765
253364,40972
253365,63631
253366,40000
253367,40112
253368,73131
253369,55272
253370,47909
253371,40000
253372,41045
253373,46589
253374,51466
253375,40000
253376,40000
253377,65837
253378,40000
253379,40000
253380,57660
253381,40000
253382,61777
253383,43229
253384,40000
253385,40000
253386,40000
253387,40000
253388,89544
253389,82249
253390,72390
253391,49763
253392,52105
253393,40000
253394,56533
253395,64533
253396,48748
253397,40000
253398,46314
253399,40000
253400,43461
253401,40000
253402,56218
253403,40000
253404,40000
253405,51685
253406,40000
253407,56748
253408,61256
253409,61020
253410,40000
253411,43596
253412,44478
253413,53924
253414,44686
253415,40000
253416,55617
253417,40000
253418,40000
253419,71349
253420,64092
253421,88256
253422,40000
253423,74615
253424,71029
253425,40000
253426,58519
253427,40000
253428,49481
253429,66275
253430,40000
253431,46138
253432,71003
253433,47521
253434,40000
253435,52150
253436,70829
253437,53755
253438,51117
253439,72193
253440,60769
253441,90425
253442,50831
253443,55218
253444,58999
253445,40000
253446,40000
253447,90146
253448,40000
253449,57759
253450,66971
253451,81330
253452,42155
253453,40000
253454,40000
253455,46693
253456,40000
253457,40000
253458,40000
253459,40000
253460,46122
253461,41784
253462,47475
253463,40000
253464,83865
253465,51313
253466,40000
253467,40893
253468,68347
253469,40000
253470,40000
253471,40000
253472,72004
253473,40000
253474,63729
253475,78624
253476,65768
253477,40000
253478,48787
253479,51017
253480,65963
253481,40000
253482,86421
253483,40000
253484,40000
253485,45254
253486,60574
253487,40000
253488,40000
253489,40000
253490,40000
253491,68079
253492,40000
253493,40000
253494,75901
253495,60919
253496,64455
253497,60932
253498,43041
253499,65755
253500,69399
253501,40000
253502,74514
253503,58306
253504,40000
253505,64720
253506,59562
253507,40000
253508,40000
253509,75130
253510,53808
253511,56484
253512,40000
253513,40000
253514,41810
253515,40000
253516,40000
253517,56470
253518,55425
253519,57475
253520,52006
253521,88948
253522,47468
253523,50355
253524,71512
253525,44364
253526,47532
253527,76050
253528,68818
253529,59742
253530,52209
253531,40000
253532,40000
253533,40000
253534,45088
253535,55950
253536,67518
253537,49595
253538,51200
253539,55127
253540,75312
253541,41621
253542,40000
253543,64329
253544,65922
253545,40000
253546,40000
253547,40000
253548,59505
253549,56444
253550,40000
253551,56014
253552,54689
253553,52033
253554,40000
253555,55647
253556,43361
253557,54376
253558,49344
253559,40000
253560,40000
253561,87633
253562,42879
253563,65557
253564,83300
253565,40000
253566,40000
253567,66410
253568,65301
253569,46844
253570,82823
253571,43662
253572,40000
253573,45529
253574,54167
253575,59154
253576,40000
253577,40000
253578,56288
253579,62646
253580,40000
253581,40000
253582,49083
253583,40000
253584,63644
253585,84551
253586,58301
253587,40000
253588,40049
253589,64793
253590,70928
253591,50826
253592,59239
253593,65035
253594,40000
253595,40000
253596,40000
253597,54967
253598,40000
253599,40000
253600,60661
253601,51998
253602,40000
253603,56484
253604,40000
253605,89112
253606,49916
253607,47961
253608,74916
253609,58462
253610,40000
253611,40713
253612,51754
253613,52165
253614,47202
253615,70900
253616,41833
253617,40000
253618,49058
253619,57409
253620,64007
253621,83863
253622,63451
253623,82312
253624,40000
253625,75236
253626,43911
253627,40466
253628,40000
253629,98434
253630,51520
253631,49770
253632,68125
253633,40000
253634,40000
253635,45327
253636,62591
253637,64975
253638,52065
253639,93392
253640,54760
253641,40000
253642,59113
253643,40000
253644,40473
253645,49677
253646,41217
253647,55522
253648,69882
253649,73724
253650,49118
253651,40000
253652,61535
253653,40000
253654,40000
253655,52480
253656,50445
253657,67519
253658,52598
253659,40000
253660,46795
253661,40000
253662,55418
253663,55252
253664,87890
253665,40000
253666,58514
253667,65116
253668,74069
253669,85510
253670,89680
253671,49220
253672,40826
253673,40000
253674,46096
253675,40000
253676,54918
253677,40000
253678,48874
253679,62731
253680,40000
253681,65824
253682,74681
253683,92760
253684,40000
253685,60664
253686,51234
253687,62447
253688,56614
253689,54930
253690,55996
253691,40000
253692,80190
253693,63556
253694,48919
253695,40000
253696,40000
253697,40000
253698,40000
253699,41101
253700,40000
253701,67033
253702,40000
253703,87222
253704,69171
253705,40000
253706,40000
253707,57777
253708,52072
253709,41752
253710,73333
253711,40000
253712,40000
253713,64276
253714,64165
253715,62732
253716,40000
253717,62903
253718,51746
253719,51295
253720,73711
253721,71263
253722,40000
253723,40000
253724,66608
253725,40000
253726,54141
253727,70124
253728,40000
253729,40631
253730,75330
253731,71329
253732,47600
253733,49107
253734,69319
253735,40000
253736,58611
253737,46826
253738,40000
253739,40000
253740,40000
253741,43764
253742,40000
253743,59350
253744,52279
253745,63262
253746,40000
253747,77292
253748,49682
253749,71931
253750,75938
253751,42308
253752,48576
253753,48679
253754,40000
253755,60007
253756,72580
253757,41089
253758,50818
253759,40000
253760,59886
253761,40000
253762,40000
253763,40000
253764,87459
253765,61036
253766,74347
253767,40000
253768,45948
253769,63451
253770,51059
253771,49171
253772,82244
253773,47292
253774,68442
253775,40000
253776,51844
253777,40000
253778,58762
253779,50332
253780,63698
253781,63220
253782,49966
253783,40000
253784,40000
253785,56646
253786,66815
253787,66553
253788,40000
253789,44593
253790,57448
253791,46742
253792,45132
253793,40000
253794,40000
253795,49386
253796,46169
253797,40000
253798,40000
253799,40000
253800,40000
253801,40000
253802,40000
253803,40000
253804,62026
253805,57569
253806,40000
253807,58506
253808,84321
253809,40000
253810,40000
253811,52970
253812,57983
253813,70253
253814,40000
253815,59873
253816,59360
253817,66030
253818,52615
253819,40456
253820,46350
253821,73023
253822,81135
253823,40000
253824,79566
253825,49139
253826,49711
253827,49384
253828,40000
253829,63876
253830,55901
253831,56714
253832,42277
253833,40000
253834,76670
253835,43633
253836,73350
253837,60546
253838,40000
253839,63462
253840,76510
253841,64554
253842,41191
253843,42505
253844,46652
253845,43636
253846,51874
253847,53289
253848,52046
253849,40000
253850,40000
253851,70555
253852,40000
253853,77092
253854,65647
253855,68579
253856,40000
253857,49475
253858,80822
253859,88342
253860,69339
253861,40000
253862,58344
253863,48209
253864,41543
253865,40000
253866,55652
253867,46074
253868,75622
253869,48578
253870,40000
253871,69786
253872,53511
253873,56329
253874,40000
253875,47835
253876,57517
253877,46881
253878,47028
253879,80330
253880,40000
253881,40000
253882,56236
253883,72889
253884,57379
253885,41274
253886,41502
253887,42161
253888,56962
253889,58117
253890,40000
253891,64984
253892,40000
253893,44376
253894,43361
253895,40000
253896,84103
253897,62557
253898,40000
253899,47716
253900,44248
253901,40728
253902,60196
253903,59616
253904,44773
253905,80094
253906,59561
253907,40000
253908,50636
253909,40000
253910,40000
253911,42855
253912,40000
253913,47357
253914,53856
253915,42432
253916,74261
253917,41199
253918,40000
253919,78741
253920,40000
253921,44240
253922,79819
253923,54445
253924,64221
253925,40000
253926,42123
253927,40000
253928,53683
253929,40000
253930,40000
253931,73939
253932,49198
253933,72534
253934,59700
253935,40000
253936,40000
253937,40000
253938,46044
253939,115777
253940,72081
253941,40000
253942,94154
253943,41118
253944,50941
253945,78806
253946,46940
253947,40000
253948,43518
253949,68310
253950,40000
253951,40000
253952,40000
253953,48723
253954,63059
253955,40000
253956,63119
253957,49139
253958,40115
253959,40000
253960,56330
253961,53466
253962,67216
253963,68197
253964,40000
253965,94407
253966,40000
253967,71039
253968,65767
253969,45301
253970,40000
253971,40000
253972,40000
253973,40000
253974,40000
253975,48867
253976,44903
253977,40000
253978,75276
253979,63985
253980,42845
253981,50960
253982,66124
253983,47481
253984,44215
253985,40000
253986,60853
253987,70109
253988,53399
253989,83722
253990,64696
253991,45196
253992,40000
253993,50785
253994,40000
253995,70568
253996,55589
253997,40000
253998,40000
253999,53175
254000,49157
254001,71218
254002,40000
254003,87386
254004,59584
254005,52619
254006,49140
254007,41373
254008,52314
254009,51260
254010,52599
254011,50134
254012,90494
254013,49959
254014,73319
254015,48073
254016,50564
254017,62628
254018,55239
254019,40000
254020,40000
254021,59921
254022,65215
254023,40000
254024,59695
254025,64745
254026,40000
254027,41522
254028,48985
254029,40000
254030,68903
254031,40703
254032,40000
254033,40000
254034,62415
254035,52193
254036,40000
254037,40000
254038,40000
254039,84218
254040,40000
254041,41994
254042,43038
254043,40000
254044,40000
254045,40000
254046,64961
254047,41579
254048,65162
254049,40000
254050,40000
254051,47694
254052,40000
254053,52224
254054,41262
254055,49675
254056,42544
254057,40000
254058,40000
254059,40000
254060,40000
254061,42100
254062,75057
254063,40000
254064,99178
254065,45278
254066,40000
254067,66019
254068,42901
254069,67748
254070,70055
254071,40452
254072,40000
254073,45323
254074,58043
254075,41110
254076,51814
254077,46192
254078,55162
254079,40000
254080,63726
254081,76617
254082,40000
254083,40000
254084,64575
254085,40000
254086,40000
254087,40000
254088,40000
254089,40000
254090,60149
254091,40000
254092,40000
254093,42755
254094,40662
254095,47996
254096,49605
254097,66484
254098,40437
254099,60343
254100,46342
254101,40000
254102,88550
254103,44564
254104,40000
254105,40000
254106,50138
254107,40000
254108,40000
254109,46803
254110,40000
254111,63710
254112,40000
254113,56401
254114,61165
254115,40000
254116,48153
254117,48181
254118,49652
254119,52432
254120,77053
254121,44042
254122,62786
254123,64447
254124,49826
254125,40000
254126,40000
254127,40000
254128,50976
254129,40000
254130,40000
254131,65049
254132,77961
254133,81495
254134,46528
254135,51729
254136,68401
254137,47418
254138,74086
254139,40000
254140,62652
254141,40000
254142,40000
254143,40000
254144,40000
254145,40521
254146,40000
254147,50837
254148,51151
254149,82032
254150,47007
254151,63188
254152,41900
254153,41687
254154,46236
254155,94943
254156,40900
254157,40000
254158,54884
254159,56011
254160,47614
254161,40000
254162,85731
254163,60553
254164,44261
254165,66866
254166,61501
254167,59272
254168,40000
254169,43975
254170,88616
254171,40000
254172,61177
254173,55974
254174,40000
254175,44647
254176,40000
254177,48946
254178,40000
254179,69583
254180,40000
254181,42789
254182,44586
254183,40000
254184,47085
254185,40000
254186,40000
254187,40279
254188,48292
254189,43080
254190,46530
254191,52406
254192,51463
254193,78747
254194,89738
254195,70677
254196,47281
254197,40000
254198,62172
254199,59610
254200,56746
254201,54677
254202,45843
254203,80506
254204,98742
254205,40596
254206,76338
254207,69267
254208,58949
254209,40000
254210,42620
254211,40000
254212,52200
254213,63379
254214,51980
254215,48439
254216,40000
254217,57091
254218,60840
254219,65886
254220,40000
254221,40000
254222,40000
254223,74043
254224,40000
254225,45148
254226,45476
254227,64638
254228,48800
254229,49981
254230,44861
254231,82635
254232,42691
254233,51239
254234,93849
254235,60686
254236,51843
254237,58370
254238,80278
254239,40246
254240,50707
254241,44902
254242,40563
254243,52934
254244,40000
254245,52777
254246,69748
254247,106503
254248,78672
254249,40000
254250,40000
254251,40000
254252,55767
254253,86734
254254,70831
254255,42097
254256,44143
254257,51346
254258,55650
254259,40000
254260,40000
254261,60454
254262,40000
254263,70366
254264,41647
254265,55169
254266,50120
254267,83677
254268,43008
254269,40000
254270,56051
254271,65144
254272,59618
254273,40000
254274,40000
254275,63114
254276,40000
254277,63151
254278,59142
254279,77890
254280,55437
254281,51774
254282,60847
254283,62833
254284,43331
254285,75058
254286,40000
254287,40000
254288,40000
254289,91305
254290,40000
254291,85904
254292,82442
254293,72996
254294,40000
254295,50117
254296,44813
254297,58221
254298,63040
254299,61967
254300,40000
254301,55831
254302,66290
254303,63441
254304,63974
254305,61662
254306,50121
254307,71440
254308,58505
254309,65787
254310,52800
254311,61582
254312,54873
254313,71552
254314,64146
254315,41436
254316,78514
254317,49661
254318,60522
254319,106690
254320,55727
254321,40000
254322,40000
254323,52475
254324,53960
254325,41916
254326,40000
254327,83630
254328,40000
254329,40000
254330,57476
254331,49751
254332,65409
254333,40000
254334,45790
254335,61246
254336,77528
254337,83483
254338,40647
254339,67080
254340,54983
254341,81988
254342,40000
254343,40000
254344,52814
254345,51092
254346,66957
254347,42598
254348,40000
254349,73955
254350,104398
254351,40000
254352,50634
254353,53839
254354,51287
254355,71036
254356,40000
254357,60642
254358,40000
254359,60133
254360,51038
254361,56490
254362,48258
254363,55508
254364,66803
254365,64001
254366,44253
254367,44312
254368,78565
254369,81407
254370,62190
254371,40000
254372,46861
254373,78657
254374,48832
254375,48741
254376,40000
254377,51868
254378,40000
254379,47255
254380,54169
254381,56808
254382,40000
254383,64664
254384,56247
254385,76239
254386,97370
254387,40000
254388,40000
254389,53660
254390,46225
254391,56371
254392,48041
254393,73045
254394,40000
254395,40000
254396,62762
254397,40000
254398,40000
254399,58503
254400,40000
254401,40000
254402,56133
254403,59761
254404,40000
254405,67210
254406,40000
254407,60658
254408,72168
254409,51009
254410,85742
254411,45214
254412,40000
254413,60475
254414,52338
254415,46010
254416,50788
254417,72148
254418,40000
254419,46368
254420,40000
254421,56610
254422,49660
254423,45415
254424,77504
254425,40000
254426,47412
254427,106300
254428,41145
254429,41658
254430,60830
254431,51822
254432,99272
254433,52885
254434,45748
254435,51691
254436,44144
254437,68319
254438,40000
254439,64857
254440,57914
254441,60030
254442,40000
254443,57796
254444,40780
254445,69254
254446,67160
254447,40443
254448,40000
254449,60742
254450,51299
254451,40000
254452,50771
254453,40000
254454,69829
254455,40000
254456,45936
254457,80144
254458,49119
254459,48159
254460,41391
254461,40000
254462,80038
254463,90282
254464,59575
254465,40000
254466,114588
254467,45641
254468,40000
254469,64105
254470,43041
254471,42116
254472,90400
254473,40000
254474,40000
254475,69310
254476,43707
254477,73135
254478,40417
254479,52977
254480,76464
254481,65676
254482,59374
254483,70024
254484,73043
254485,40000
254486,58085
254487,71017
254488,56628
254489,59738
254490,59699
254491,45413
254492,78702
254493,42290
254494,47177
254495,40000
254496,64113
254497,94206
254498,56137
254499,62725
254500,40000
254501,57419
254502,68384
254503,52133
254504,40000
254505,61527
254506,57497
254507,40000
254508,58411
254509,40000
254510,55140
254511,49937
254512,88741
254513,61159
254514,42093
254515,42478
254516,40000
254517,84444
254518,40000
254519,62007
254520,72922
254521,40000
254522,40000
254523,44528
254524,40000
254525,47037
254526,47909
254527,56913
254528,49489
254529,40000
254530,48622
254531,65750
254532,43136
254533,46676
254534,48935
254535,61234
254536,40000
254537,40000
254538,49924
254539,40000
254540,40000
254541,72870
254542,40000
254543,62196
254544,40000
254545,90875
254546,74114
254547,40000
254548,66837
254549,89292
254550,40000
254551,63112
254552,65080
254553,40000
254554,57330
254555,40000
254556,40000
254557,60842
254558,58099
254559,75591
254560,46635
254561,40000
254562,40000
254563,56737
254564,40009
254565,40000
254566,66734
254567,40000
254568,40000
254569,40000
254570,40000
254571,60887
254572,40000
254573,40000
254574,45843
254575,40000
254576,48332
254577,55532
254578,45186
254579,59053
254580,42019
254581,47914
254582,59682
254583,57679
254584,79795
254585,48222
254586,40000
254587,63825
254588,41382
254589,59866
254590,63255
254591,75535
254592,42128
254593,55661
254594,67911
254595,58898
254596,89449
254597,74913
254598,60264
254599,40624
254600,70053
254601,66905
254602,50467
254603,40000
254604,48143
254605,40000
254606,47056
254607,40000
254608,84045
254609,52002
254610,70608
254611,62808
254612,73750
254613,40876
254614,40000
254615,43628
254616,80855
254617,75112
254618,40000
254619,45735
254620,40000
254621,50890
254622,40000
254623,40000
254624,50733
254625,69721
254626,73529
254627,40000
254628,41606
254629,49771
254630,40000
254631,40000
254632,43432
254633,61214
254634,46983
254635,96885
254636,63937
254637,40000
254638,82287
254639,40000
254640,55575
254641,40000
254642,51399
254643,88665
254644,40000
254645,61696
254646,72595
254647,56467
254648,47288
254649,56052
254650,57980
254651,54461
254652,65500
254653,40000
254654,80161
254655,40000
254656,48165
254657,40000
254658,53482
254659,70779
254660,40000
254661,75049
254662,40000
254663,40000
254664,40000
254665,69170
254666,47183
254667,57479
254668,74082
254669,63825
254670,40000
254671,58256
254672,63758
254673,44039
254674,40000
254675,55109
254676,51159
254677,82775
254678,40000
254679,55414
254680,70442
254681,40000
254682,51993
254683,40000
254684,40000
254685,40000
254686,48299
254687,41985
254688,40000
254689,61511
254690,98005
254691,53576
254692,40000
254693,72487
254694,59248
254695,49888
254696,62679
254697,61810
254698,42764
254699,40000
254700,40000
254701,62813
254702,40000
254703,40000
254704,42193
254705,82362
254706,89007
254707,53901
254708,40000
254709,43813
254710,55477
254711,47730
254712,49774
254713,40000
254714,63163
254715,40000
254716,66640
254717,65735
254718,69893
254719,58421
254720,88066
254721,40000
254722,57195
254723,57219
254724,48847
254725,40000
254726,40326
254727,54182
254728,47894
254729,40000
254730,40000
254731,40000
254732,50520
254733,69356
254734,40000
254735,40000
254736,44051
254737,40000
254738,40000
254739,40000
254740,54508
254741,40000
254742,40000
254743,44634
254744,66487
254745,56376
254746,70693
254747,63632
254748,64527
254749,90664
254750,40000
254751,84418
254752,52629
254753,82045
254754,43362
254755,45056
254756,40850
254757,40000
254758,69694
254759,40000
254760,40000
254761,44637
254762,40000
254763,49718
254764,40000
254765,75502
254766,59984
254767,40000
254768,40000
254769,40137
254770,52779
254771,45257
254772,80420
254773,80081
254774,73277
254775,40000
254776,56209
254777,114440
254778,43931
254779,41164
254780,56827
254781,40000
254782,51053
254783,42145
254784,40000
254785,58795
254786,41140
254787,45164
254788,53230
254789,74056
254790,40000
254791,40000
254792,61836
254793,40784
254794,40000
254795,74682
254796,88242
254797,40000
254798,86448
254799,43303
254800,51721
254801,64494
254802,40000
254803,45568
254804,40000
254805,40000
254806,40000
254807,55305
254808,50396
254809,67183
254810,40000
254811,85954
254812,51143
254813,60357
254814,52682
254815,91455
254816,45618
254817,72655
254818,40000
254819,74758
254820,58747
254821,58821
254822,40000
254823,40000
254824,40000
254825,40000
254826,40000
254827,40000
254828,46536
254829,40000
254830,40022
254831,40000
254832,40000
254833,58207
254834,52523
254835,49241
254836,60737
254837,40000
254838,67360
254839,40000
254840,81025
254841,80849
254842,78951
254843,40000
254844,71144
254845,47279
254846,40537
254847,40000
254848,49666
254849,70079
254850,66339
254851,40000
254852,55037
254853,40000
254854,40000
254855,85564
254856,43341
254857,75693
254858,40000
254859,41750
254860,40000
254861,55675
254862,63916
254863,49842
254864,43503
254865,58241
254866,65012
254867,71413
254868,40000
254869,64891
254870,53981
254871,40000
254872,47035
254873,51415
254874,40000
254875,40000
254876,40000
254877,40000
254878,41780
254879,69413
254880,77640
254881,59278
254882,81936
254883,40000
254884,76024
254885,40000
254886,40000
254887,40000
254888,44004
254889,59393
254890,40000
254891,75042
254892,40000
254893,67895
254894,40000
254895,42306
254896,40000
254897,72077
254898,64354
254899,42537
254900,40000
254901,77078
254902,49031
254903,70301
254904,44900
254905,40000
254906,41348
254907,76911
254908,40000
254909,50969
254910,48968
254911,51171
254912,44715
254913,40000
254914,43185
254915,72442
254916,44158
254917,53501
254918,44724
254919,94259
254920,40000
254921,40000
254922,40000
254923,40000
254924,59471
254925,71631
254926,40000
254927,40000
254928,51644
254929,63220
254930,76511
254931,50309
254932,49274
254933,43524
254934,40000
254935,57340
254936,41651
254937,57677
254938,59979
254939,43148
254940,41526
254941,40000
254942,53810
254943,81289
254944,66444
254945,43107
254946,40000
254947,42735
254948,57355
254949,46332
254950,46725
254951,40104
254952,46072
254953,65251
254954,66859
254955,53730
254956,40000
254957,62767
254958,52919
254959,58140
254960,40000
254961,46329
254962,40000
254963,48955
254964,70327
254965,40000
254966,40000
254967,40000
254968,44643
254969,85065
254970,42931
254971,53820
254972,40000
254973,40000
254974,53279
254975,68357
254976,48820
254977,41757
254978,55627
254979,40000
254980,40000
254981,40000
254982,45145
254983,40000
254984,50682
254985,40000
254986,40000
254987,54831
254988,71448
254989,40000
254990,50841
254991,58447
254992,71332
254993,44355
254994,50114
254995,40000
254996,70418
254997,54724
254998,40000
254999,54594
255000,49098
255001,40000
255002,40000
255003,40000
255004,48894
255005,40000
255006,53133
255007,40000
255008,54753
255009,84004
255010,67867
255011,40000
255012,40000
255013,40476
255014,59734
255015,74410
255016,67221
255017,40000
255018,40000
255019,53082
255020,52261
255021,54597
255022,60097
255023,56375
255024,100686
255025,40077
255026,53375
255027,53106
255028,44522
255029,54184
255030,40851
255031,40000
255032,40000
255033,60747
255034,68741
255035,41760
255036,73879
255037,72988
255038,51998
255039,72232
255040,40000
255041,40000
255042,40117
255043,41181
255044,86810
255045,47226
255046,44969
255047,45650
255048,83788
255049,42438
255050,40000
255051,70567
255052,93244
255053,72928
255054,46008
255055,63631
255056,52069
255057,40000
255058,40000
255059,40000
255060,67956
255061,49299
255062,55233
255063,57385
255064,40000
255065,69513
255066,50884
255067,45076
255068,40000
255069,40000
255070,53511
255071,40000
255072,58351
255073,52289
255074,53627
255075,47048
255076,90118
255077,80194
255078,50767
255079,40000
255080,40000
255081,66460
255082,40000
255083,40000
255084,56500
255085,40000
255086,71907
255087,62351
255088,41376
255089,51535
255090,66813
255091,40000
255092,47626
255093,40000
255094,65913
255095,58982
255096,62770
255097,66450
255098,85426
255099,48553
255100,40000
255101,48344
255102,40000
255103,51357
255104,40000
255105,43432
255106,63906
255107,40000
255108,40000
255109,66653
255110,72677
255111,40000
255112,40000
255113,40000
255114,86814
255115,40000
255116,40000
255117,50080
255118,58910
255119,61586
255120,42275
255121,50047
255122,51163
255123,44952
255124,74121
255125,81468
255126,42546
255127,40000
255128,53545
255129,40000
255130,62498
255131,53247
255132,52383
255133,40405
255134,66164
255135,57272
255136,51748
255137,41586
255138,54855
255139,70835
255140,46873
255141,40000
255142,58849
255143,64627
255144,60582
255145,40000
255146,40000
255147,40000
255148,56090
255149,40000
255150,99572
255151,53248
255152,40000
255153,40000
255154,56696
255155,40000
255156,40000
255157,40000
255158,40000
255159,40000
255160,40000
255161,50834
255162,55508
255163,40000
255164,69443
255165,47969
255166,45869
255167,46584
255168,85000
255169,40244
255170,57564
255171,63091
255172,53173
255173,93837
255174,72375
255175,40000
255176,52422
255177,40000
255178,40000
255179,40000
255180,40000
255181,59257
255182,80439
255183,51031
255184,48105
255185,69256
255186,54145
255187,43973
255188,40000
255189,46379
255190,40000
255191,40000
255192,40000
255193,53733
255194,78873
255195,41666
255196,40000
255197,64679
255198,68646
255199,40000
255200,40000
255201,52861
255202,50745
255203,48214
255204,61228
255205,45509
255206,87997
255207,62039
255208,40000
255209,40000
255210,50359
255211,42054
255212,75897
255213,58816
255214,40000
255215,46937
255216,75043
255217,40000
255218,42967
255219,51228
255220,40000
255221,71280
255222,43176
255223,40000
255224,66841
255225,73104
255226,57962
255227,40000
255228,61129
255229,78774
255230,55371
255231,40000
255232,85446
255233,45786
255234,66115
255235,62852
255236,40000
255237,86199
255238,40000
255239,42540
255240,48309
255241,40000
255242,43627
255243,62554
255244,66582
255245,40000
255246,46861
255247,56474
255248,62285
255249,67146
255250,68965
255251,77069
255252,40000
255253,60482
255254,64690
255255,56100
255256,40000
255257,79768
255258,40000
255259,49621
255260,55844
255261,40000
255262,44484
255263,40000
255264,68620
255265,63154
255266,53568
255267,82942
255268,58772
255269,40000
255270,48705
255271,40000
255272,60215
255273,40000
255274,73961
255275,72468
255276,40000
255277,69991
255278,40000
255279,40000
255280,40000
255281,72878
255282,40000
255283,81955
255284,78143
255285,62365
255286,40000
255287,63163
255288,88294
255289,41684
255290,40000
255291,48459
255292,44125
255293,40000
255294,40000
255295,40000
255296,40000
255297,57749
255298,40000
255299,60650
255300,44469
255301,60710
255302,52923
255303,42006
255304,71789
255305,52266
255306,40000
255307,44299
255308,92920
255309,102931
255310,40000
255311,40000
255312,41388
255313,63312
255314,82534
255315,40000
255316,52044
255317,40000
255318,80871
255319,49933
255320,40000
255321,40556
255322,62562
255323,44098
255324,53542
255325,73651
255326,40000
255327,51062
255328,40000
255329,69609
255330,48891
255331,45338
255332,40000
255333,40000
255334,78624
255335,52381
255336,45393
255337,40000
255338,50435
255339,47424
255340,42740
255341,55490
255342,62041
255343,46736
255344,40075
255345,71368
255346,40000
255347,70565
255348,40000
255349,56028
255350,81705
255351,40913
255352,40723
255353,50845
255354,48010
255355,45644
255356,40000
255357,87822
255358,53203
255359,40000
255360,40000
255361,40000
255362,58786
255363,40000
255364,40000
255365,76374
255366,40000
255367,83672
255368,57277
255369,69722
255370,75668
255371,55172
255372,75720
255373,68315
255374,40000
255375,40000
255376,83986
255377,40000
255378,40539
255379,56279
255380,40000
255381,60016
255382,77201
255383,42787
255384,44564
255385,40000
255386,81670
255387,48691
255388,40000
255389,70453
255390,63712
255391,40000
255392,50178
255393,40000
255394,57395
255395,67537
255396,57393
255397,40000
255398,55587
255399,49464
255400,59347
255401,54633
255402,40000
255403,63736
255404,40556
255405,40000
255406,40000
255407,63628
255408,48834
255409,40000
255410,50825
255411,40646
255412,40000
255413,40000
255414,66662
255415,40113
255416,40000
255417,40000
255418,61465
255419,73162
255420,56213
255421,49159
255422,50283
255423,43005
255424,40000
255425,57909
255426,71427
255427,73671
255428,40000
255429,70217
255430,61504
255431,73683
255432,40000
255433,49618
255434,57926
255435,62735
255436,40000
255437,49882
255438,59048
255439,56561
255440,40000
255441,75746
255442,40461
255443,49253
255444,40000
255445,40000
255446,61398
255447,45736
255448,41776
255449,74275
255450,40000
255451,40000
255452,41897
255453,45367
255454,67168
255455,54091
255456,86526
255457,70911
255458,40000
255459,52608
255460,41955
255461,42668
255462,54511
255463,52187
255464,42550
255465,40000
255466,53964
255467,69154
255468,60992
255469,40000
255470,40000
255471,87997
255472,40000
255473,40000
255474,57013
255475,55250
255476,76238
255477,54531
255478,46134
255479,54421
255480,56754
255481,40000
255482,81100
255483,73491
255484,40000
255485,40000
255486,113271
255487,41791
255488,40000
255489,59134
255490,54245
255491,61851
255492,70343
255493,54921
255494,40000
255495,74817
255496,40000
255497,40000
255498,42246
255499,72737
255500,71502
255501,66974
255502,67920
255503,56132
255504,60567
255505,48008
255506,51542
255507,45350
255508,40000
255509,56831
255510,63153
255511,65753
255512,45308
255513,40000
255514,96294
255515,40000
255516,46162
255517,73791
255518,55690
255519,40000
255520,52284
255521,92484
255522,58678
255523,54783
255524,43715
255525,40000
255526,40000
255527,56914
255528,50323
255529,100320
255530,42206
255531,83423
255532,58992
255533,62968
255534,47081
255535,40000
255536,61745
255537,54348
255538,43456
255539,40000
255540,55035
255541,48381
255542,40218
255543,54818
255544,40000
255545,60717
255546,74324
255547,52185
255548,40000
255549,69987
255550,40000
255551,94068
255552,40961
255553,40000
255554,40000
255555,63580
255556,40990
255557,40000
255558,75073
255559,60690
255560,61962
255561,48929
255562,89553
255563,68338
255564,77232
255565,40000
255566,60437
255567,40000
255568,49721
255569,57465
255570,40000
255571,55363
255572,71153
255573,40000
255574,45893
255575,57235
255576,40000
255577,82043
255578,40000
255579,44666
255580,42195
255581,95772
255582,44749
255583,45294
255584,66518
255585,73344
255586,62630
255587,49188
255588,63383
255589,47659
255590,40000
255591,50598
255592,41115
255593,51370
255594,44303
255595,40000
255596,69848
255597,40000
255598,64344
255599,40000
255600,41230
255601,60875
255602,40000
255603,40000
255604,40000
255605,40000
255606,100525
255607,46430
255608,50614
255609,67965
255610,68475
255611,40000
255612,63944
255613,62938
255614,50277
255615,46863
255616,49282
255617,56645
255618,62560
255619,40000
255620,84391
255621,40000
255622,41929
255623,61653
255624,40000
255625,40000
255626,40913
255627,55953
255628,69942
255629,58699
255630,50650
255631,43356
255632,40000
255633,40000
255634,40000
255635,40000
255636,52970
255637,61195
255638,57929
255639,40000
255640,40000
255641,60548
255642,52460
255643,40000
255644,40000
255645,55044
255646,40308
255647,40000
255648,40000
255649,40000
255650,40000
255651,63034
255652,56475
255653,40000
255654,40000
255655,47594
255656,47386
255657,40000
255658,67823
255659,40000
255660,56844
255661,40000
255662,40000
255663,61428
255664,78313
255665,40000
255666,42571
255667,46183
255668,59879
255669,53289
255670,40000
255671,59542
255672,63675
255673,40000
255674,45462
255675,77035
255676,57906
255677,40000
255678,40576
255679,43688
255680,40000
255681,83248
255682,40000
255683,49076
255684,68456
255685,40000
255686,40000
255687,46286
255688,40000
255689,68999
255690,49066
255691,40000
255692,63421
255693,67675
255694,40000
255695,40000
255696,40000
255697,43635
255698,84090
255699,45727
255700,40000
255701,41349
255702,71182
255703,50842
255704,40000
255705,51726
255706,40000
255707,61441
255708,42715
255709,40000
255710,41340
255711,40000
255712,40000
255713,78054
255714,40000
255715,49726
255716,53561
255717,71882
255718,40000
255719,60804
255720,59705
255721,40000
255722,44732
255723,52852
255724,40632
255725,67332
255726,52962
255727,40000
255728,90227
255729,40000
255730,40600
255731,42138
255732,76167
255733,60298
255734,40000
255735,40000
255736,40000
255737,40000
255738,40000
255739,55530
255740,94393
255741,40000
255742,53355
255743,40000
255744,59506
255745,41069
255746,40000
255747,76877
255748,87006
255749,40000
255750,53302
255751,59939
255752,47946
255753,86999
255754,53457
255755,40000
255756,77163
255757,79033
255758,40000
255759,92532
255760,40000
255761,44660
255762,40253
255763,40000
255764,47316
255765,63391
255766,68820
255767,45854
255768,70968
255769,75677
255770,40000
255771,43955
255772,40000
255773,72566
255774,71428
255775,50028
255776,50451
255777,66159
255778,59695
255779,40000
255780,76627
255781,75902
255782,46123
255783,55447
255784,40000
255785,116766
255786,53500
255787,54719
255788,53061
255789,50663
255790,61819
255791,45991
255792,68598
255793,40000
255794,76460
255795,40000
255796,68586
255797,40000
255798,72889
255799,40000
255800,42905
255801,54644
255802,62694
255803,65700
255804,88282
255805,40000
255806,62193
255807,40000
255808,40000
255809,40000
255810,58156
255811,72714
255812,62418
255813,40000
255814,92931
255815,101529
255816,40000
255817,79678
255818,49891
255819,72580
255820,40000
255821,63038
255822,44593
255823,40000
255824,54702
255825,76629
255826,56337
255827,40000
255828,40752
255829,41305
255830,66032
255831,40000
255832,75355
255833,58668
255834,40000
255835,69900
255836,48909
255837,54703
255838,47786
255839,59478
255840,56961
255841,60341
255842,41527
255843,71705
255844,89059
255845,79162
255846,49889
255847,51787
255848,40000
255849,92820
255850,47522
255851,56983
255852,40000
255853,40000
255854,41439
255855,56709
255856,70588
255857,40000
255858,81471
255859,47237
255860,45605
255861,40000
255862,53102
255863,64749
255864,48300
255865,40000
255866,40000
255867,61261
255868,71205
255869,51487
255870,52165
255871,43375
255872,40000
255873,40000
255874,53049
255875,40000
255876,54308
255877,66311
255878,70264
255879,62819
255880,52581
255881,43437
255882,51665
255883,45463
255884,40000
255885,48534
255886,40000
255887,71306
255888,48882
255889,74250
255890,62279
255891,58753
255892,40000
255893,40000
255894,57220
255895,64698
255896,45245
255897,66581
255898,71653
255899,40000
255900,51404
255901,50647
255902,68110
255903,40000
255904,40000
255905,64539
255906,41531
255907,48806
255908,62301
255909,56657
255910,57355
255911,40591
255912,57309
255913,60037
255914,66251
255915,55458
255916,54450
255917,56770
255918,41923
255919,40000
255920,40000
255921,80918
255922,48075
255923,62604
255924,40000
255925,52710
255926,40000
255927,40000
255928,44560
255929,60838
255930,76023
255931,55534
255932,47447
255933,40000
255934,56682
255935,62897
255936,40000
255937,40000
255938,53539
255939,65126
255940,77185
255941,47642
255942,65626
255943,64673
255944,40000
255945,43746
255946,40000
255947,40000
255948,40000
255949,43188
255950,58814
255951,40912
255952,51716
255953,73495
255954,74940
255955,40000
255956,44227
255957,41683
255958,45479
255959,40000
255960,67287
255961,76019
255962,84218
255963,40000
255964,40000
255965,61396
255966,47677
255967,86766
255968,40000
255969,51552
255970,40000
255971,61645
255972,43228
255973,41157
255974,64505
255975,40000
255976,40093
255977,42480
255978,89310
255979,71721
255980,40000
255981,46227
255982,44673
255983,40000
255984,40000
255985,40000
255986,99633
255987,47652
255988,40000
255989,47903
255990,62620
255991,55979
255992,72905
255993,68601
255994,53394
255995,49227
255996,51087
255997,40000
255998,42041
255999,40000
256000,71629
256001,55732
256002,40000
256003,40000
256004,57881
256005,72187
256006,40000
256007,80415
256008,40000
256009,40000
256010,44276
256011,63756
256012,40000
256013,46459
256014,70065
256015,46477
256016,69965
256017,40729
256018,41390
256019,40000
256020,50897
256021,78022
256022,55940
256023,62876
256024,54603
256025,40000
256026,43227
256027,40000
256028,40000
256029,65799
256030,40000
256031,47361
256032,66557
256033,70481
256034,83623
256035,40000
256036,40426
256037,43211
256038,40000
256039,52241
256040,75447
256041,50027
256042,53170
256043,57765
256044,84460
256045,51323
256046,40000
256047,47457
256048,45589
256049,40803
256050,55723
256051,51495
256052,40000
256053,55950
256054,59694
256055,40000
256056,40000
256057,66862
256058,40000
256059,40000
256060,55580
256061,82060
256062,65463
256063,40000
256064,40000
256065,56625
256066,40000
256067,50480
256068,74393
256069,59656
256070,77490
256071,40622
256072,45834
256073,40000
256074,51501
256075,40000
256076,64971
256077,57820
256078,78310
256079,40000
256080,40000
256081,53028
256082,40000
256083,53657
256084,40000
256085,44855
256086,41784
256087,47226
256088,56124
256089,41142
256090,51172
256091,56603
256092,46909
256093,57425
256094,40696
256095,94168
256096,59934
256097,82203
256098,53095
256099,46302
256100,80785
256101,49053
256102,63840
256103,59728
256104,40000
256105,84524
256106,110616
256107,53398
256108,40000
256109,48625
256110,44202
256111,58797
256112,73987
256113,60294
256114,40000
256115,46949
256116,56581
256117,66898
256118,53088
256119,70804
256120,40000
256121,55385
256122,40000
256123,40000
256124,40000
256125,64720
256126,40000
256127,53218
256128,75433
256129,45799
256130,42788
256131,47491
256132,40000
256133,56911
256134,66248
256135,65483
256136,40000
256137,78973
256138,68683
256139,40000
256140,45423
256141,49072
256142,56167
256143,40000
256144,51729
256145,45097
256146,87427
256147,43039
256148,65653
256149,40000
256150,40000
256151,59867
256152,44237
256153,76416
256154,40000
256155,40000
256156,40000
256157,89331
256158,40000
256159,40000
256160,60415
256161,51598
256162,69901
256163,40000
256164,77650
256165,40000
256166,56163
256167,48208
256168,40000
256169,41857
256170,40000
256171,42954
256172,54179
256173,40000
256174,40000
256175,40000
256176,53732
256177,40000
256178,43997
256179,56108
256180,64741
256181,67677
256182,40000
256183,69007
256184,40000
256185,40000
256186,48750
256187,43621
256188,62577
256189,56755
256190,62368
256191,40000
256192,40000
256193,48007
256194,51924
256195,46140
256196,47325
256197,45406
256198,40000
256199,40000
256200,60524
256201,57786
256202,56786
256203,76645
256204,43028
256205,67229
256206,40000
256207,56937
256208,42006
256209,41182
256210,60138
256211,40000
256212,40000
256213,40000
256214,40000
256215,80943
256216,40000
256217,40000
256218,51629
256219,40000
256220,62501
256221,80558
256222,55581
256223,41509
256224,40000
256225,49639
256226,69516
256227,40000
256228,43753
256229,40000
256230,48966
256231,76772
256232,47714
256233,74030
256234,49212
256235,72421
256236,40000
256237,40000
256238,57546
256239,40000
256240,44275
256241,65494
256242,68171
256243,58526
256244,40343
256245,40000
256246,52897
256247,47947
256248,55678
256249,40000
256250,65516
256251,70724
256252,63644
256253,44158
256254,42823
256255,48859
256256,40000
256257,52054
256258,72073
256259,40000
256260,40000
256261,48211
256262,87719
256263,40000
256264,42476
256265,43180
256266,58781
256267,40000
256268,40000
256269,54759
256270,40000
256271,60907
256272,41958
256273,45213
256274,40000
256275,92232
256276,88119
256277,42643
256278,45409
256279,62089
256280,40000
256281,48196
256282,57601
256283,40000
256284,76619
256285,45025
256286,40000
256287,58602
256288,42982
256289,64082
256290,83330
256291,44437
256292,49012
256293,40000
256294,46696
256295,40000
256296,64779
256297,44194
256298,40000
256299,58177
256300,62401
256301,40000
256302,68321
256303,54472
256304,40000
256305,40000
256306,50004
256307,40000
256308,40000
256309,44232
256310,48751
256311,62872
256312,58369
256313,40516
256314,40000
256315,49621
256316,40000
256317,40000
256318,46495
256319,41849
256320,40000
256321,40000
256322,50905
256323,55406
256324,43002
256325,67272
256326,48760
256327,40000
256328,48871
256329,72444
256330,53892
256331,62264
256332,40439
256333,57477
256334,40000
256335,40000
256336,40000
256337,67847
256338,45842
256339,44526
256340,40000
256341,63793
256342,62998
256343,40000
256344,57432
256345,44455
256346,72627
256347,77208
256348,40000
256349,40000
256350,51353
256351,82399
256352,66566
256353,46945
256354,40000
256355,40000
256356,51437
256357,49098
256358,55786
256359,48146
256360,40000
256361,48901
256362,79437
256363,46157
256364,53244
256365,40000
256366,71622
256367,40000
256368,40000
256369,47097
256370,59273
256371,40000
256372,44089
256373,71914
256374,49298
256375,61592
256376,40000
256377,60951
256378,48800
256379,45643
256380,55877
256381,53157
256382,65534
256383,60527
256384,46343
256385,61175
256386,46381
256387,64342
256388,40000
256389,83580
256390,40000
256391,47759
256392,84360
256393,40000
256394,47053
256395,40000
256396,40875
256397,42522
256398,40000
256399,49952
256400,49778
256401,62897
256402,55849
256403,44299
256404,40895
256405,52939
256406,40000
256407,44973
256408,40000
256409,41869
256410,64498
256411,63306
256412,47442
256413,90310
256414,40000
256415,73923
256416,63257
256417,40000
256418,40000
256419,53412
256420,53420
256421,40000
256422,79025
256423,58930
256424,40000
256425,51025
256426,76541
256427,49434
256428,40049
256429,40000
256430,92086
256431,55925
256432,56154
256433,40000
256434,40000
256435,79495
256436,40000
256437,63138
256438,57914
256439,40000
256440,46452
256441,52838
256442,59439
256443,74978
256444,53441
256445,40000
256446,76388
256447,54863
256448,47997
256449,40000
256450,40000
256451,45708
256452,55923
256453,40323
256454,40000
256455,55649
256456,59119
256457,83475
256458,40000
256459,81131
256460,51790
256461,76081
256462,63848
256463,41905
256464,40000
256465,70776
256466,95493
256467,40000
256468,40000
256469,40000
256470,40000
256471,49089
256472,40000
256473,75481
256474,41040
256475,56132
256476,49537
256477,40000
256478,43252
256479,67087
256480,51574
256481,76524
256482,47472
256483,40000
256484,40000
256485,63552
256486,48946
256487,53980
256488,40000
256489,40000
256490,40000
256491,40000
256492,78784
256493,54336
256494,60199
256495,40000
256496,51374
256497,70598
256498,56878
256499,46350
256500,60516
256501,56338
256502,69382
256503,51325
256504,55390
256505,40000
256506,46259
256507,44830
256508,40000
256509,61677
256510,51760
256511,60115
256512,52570
256513,67841
256514,40000
256515,53204
256516,40000
256517,44406
256518,45968
256519,54596
256520,42630
256521,62755
256522,65936
256523,57205
256524,77960
256525,55425
256526,40000
256527,72786
256528,40000
256529,44896
256530,74158
256531,41454
256532,52412
256533,64080
256534,55716
256535,40000
256536,40000
256537,48448
256538,40000
256539,88307
256540,48580
256541,73718
256542,53080
256543,46539
256544,68952
256545,58853
256546,85136
256547,40000
256548,53460
256549,45486
256550,40000
256551,51903
256552,40000
256553,45869
256554,40000
256555,40114
256556,56760
256557,47380
256558,56223
256559,81702
256560,56347
256561,40000
256562,43092
256563,78380
256564,55214
256565,78222
256566,47480
256567,40346
256568,55101
256569,40000
256570,54362
256571,63470
256572,59215
256573,53570
256574,40000
256575,40000
256576,50817
256577,52070
256578,91038
256579,54053
256580,55872
256581,40000
256582,60421
256583,53571
256584,51043
256585,52823
256586,40000
256587,81258
256588,40000
256589,71211
256590,56421
256591,68785
256592,69228
256593,63706
256594,51300
256595,58356
256596,63153
256597,83982
256598,95252
256599,40000
256600,40000
256601,54715
256602,92198
256603,61398
256604,43682
256605,64885
256606,40000
256607,57210
256608,60837
256609,92353
256610,40000
256611,49510
256612,40000
256613,40000
256614,41188
256615,43074
256616,40000
256617,41602
256618,40000
256619,40000
256620,40000
256621,77735
256622,45271
256623,58583
256624,41283
256625,87516
256626,40000
256627,54827
256628,81668
256629,40000
256630,40570
256631,40000
256632,40000
256633,86358
256634,48397
256635,55555
256636,47663
256637,70359
256638,87391
256639,66391
256640,66536
256641,47602
256642,40000
256643,52132
256644,61707
256645,40000
256646,71357
256647,42364
256648,74697
256649,40000
256650,40000
256651,40093
256652,40000
256653,51819
256654,45822
256655,75545
256656,40000
256657,57618
256658,67568
256659,59754
256660,40000
256661,41450
256662,45673
256663,68140
256664,85672
256665,40000
256666,40800
256667,40000
256668,64312
256669,44631
256670,41428
256671,40000
256672,61691
256673,53050
256674,51809
256675,50802
256676,40000
256677,42767
256678,57161
256679,40000
256680,50833
256681,84249
256682,43532
256683,40253
256684,40000
256685,49401
256686,64217
256687,54251
256688,81756
256689,40854
256690,56642
256691,72480
256692,47627
256693,88385
256694,40000
256695,40000
256696,64993
256697,52742
256698,40000
256699,45626
256700,42485
256701,40000
256702,40000
256703,74666
256704,45163
256705,60349
256706,51587
256707,78680
256708,40000
256709,52908
256710,40000
256711,40000
256712,60116
256713,40000
256714,59062
256715,40000
256716,61233
256717,40000
256718,40000
256719,57318
256720,69399
256721,73367
256722,65067
256723,70683
256724,79464
256725,47868
256726,72844
256727,50335
256728,64478
256729,80808
256730,46862
256731,40000
256732,76057
256733,74563
256734,55938
256735,66855
256736,63551
256737,53864
256738,40000
256739,40000
256740,40000
256741,80796
256742,72559
256743,40000
256744,72644
256745,47909
256746,52900
256747,61462
256748,43457
256749,52597
256750,71195
256751,45303
256752,45795
256753,65893
256754,60484
256755,53971
256756,67687
256757,40000
256758,58416
256759,40000
256760,40000
256761,40000
256762,40000
256763,40000
256764,40000
256765,41577
256766,49467
256767,82060
256768,40000
256769,85369
256770,40000
256771,40000
256772,55199
256773,49548
256774,41376
256775,40000
256776,67977
256777,40000
256778,40000
256779,46653
256780,40000
256781,75241
256782,54372
256783,66157
256784,41663
256785,62801
256786,58494
256787,62660
256788,73605
256789,40000
256790,67361
256791,44554
256792,93413
256793,55300
256794,40000
256795,42544
256796,59095
256797,40000
256798,40000
256799,64166
256800,46611
256801,40000
256802,40000
256803,64577
256804,40000
256805,40000
256806,58745
256807,40000
256808,44934
256809,56940
256810,40000
256811,40000
256812,40000
256813,50221
256814,61008
256815,54154
256816,60771
256817,40000
256818,42263
256819,63239
256820,51523
256821,51659
256822,45777
256823,40000
256824,40000
256825,47801
256826,58031
256827,53720
256828,40000
256829,50197
256830,45221
256831,59977
256832,61549
256833,40000
256834,40000
256835,40000
256836,40000
256837,40000
256838,40000
256839,56259
256840,51810
256841,40000
256842,40000
256843,79235
256844,48016
256845,44664
256846,70241
256847,53104
256848,40000
256849,44949
256850,77177
256851,91764
256852,61271
256853,50034
256854,49163
256855,70580
256856,40000
256857,58569
256858,40781
256859,56669
256860,67046
256861,83134
256862,84308
256863,48703
256864,59208
256865,40000
256866,93173
256867,40000
256868,40000
256869,57623
256870,55443
256871,40000
256872,40000
256873,40000
256874,40000
256875,40000
256876,40000
256877,40000
256878,40000
256879,40000
256880,40000
256881,45924
256882,54115
256883,67292
256884,40000
256885,64154
256886,40000
256887,65749
256888,50006
256889,40012
256890,40000
256891,40000
256892,43575
256893,46600
256894,50874
256895,77715
256896,45842
256897,40000
256898,50072
256899,78002
256900,40000
256901,48887
256902,41194
256903,53144
256904,40000
256905,40000
256906,40000
256907,40000
256908,74181
256909,55974
256910,45188
256911,40000
256912,66469
256913,55020
256914,50973
256915,40000
256916,55134
256917,72048
256918,43321
256919,40000
256920,40000
256921,52928
256922,40000
256923,79625
256924,55492
256925,40000
256926,62093
256927,40000
256928,40811
256929,50357
256930,40000
256931,40000
256932,40646
256933,55352
256934,40000
256935,56553
256936,40000
256937,65820
256938,40000
256939,81670
256940,40000
256941,40000
256942,40000
256943,40000
256944,40000
256945,54241
256946,77658
256947,61156
256948,49489
256949,44162
256950,50472
256951,70661
256952,61659
256953,40000
256954,55726
256955,64248
256956,44349
256957,62583
256958,53334
256959,48920
256960,91989
256961,56341
256962,69406
256963,56510
256964,48858
256965,44460
256966,42086
256967,40000
256968,67056
256969,45605
256970,60913
256971,48876
256972,40000
256973,60831
256974,72294
256975,48211
256976,41462
256977,40000
256978,54918
256979,67866
256980,51943
256981,50245
256982,80168
256983,76641
256984,57324
256985,52963
256986,40000
256987,78022
256988,40000
256989,86025
256990,63993
256991,50441
256992,54559
256993,58729
256994,94711
256995,70986
256996,96497
256997,77545
256998,57994
256999,40000
257000,40000
257001,56358
257002,40979
257003,54684
257004,40000
257005,40000
257006,56705
257007,45719
257008,53603
257009,66665
257010,40000
257011,40000
257012,85103
257013,46200
257014,46804
257015,70843
257016,40000
257017,47352
257018,40000
257019,43746
257020,60559
257021,54291
257022,40000
257023,48654
257024,61429
257025,63540
257026,54048
257027,40000
257028,40000
257029,40000
257030,42319
257031,57184
257032,40000
257033,40000
257034,46192
257035,97006
257036,42667
257037,52266
257038,40000
257039,46103
257040,65437
257041,63811
257042,66520
257043,47305
257044,40000
257045,40000
257046,51336
257047,56386
257048,40000
257049,88808
257050,88517
257051,78632
257052,40000
257053,68397
257054,82948
257055,40000
257056,41852
257057,40000
257058,59978
257059,52973
257060,61987
257061,61879
257062,53285
257063,54443
257064,40000
257065,75313
257066,46933
257067,41729
257068,59366
257069,68331
257070,40000
257071,77047
257072,40000
257073,40191
257074,40000
257075,43317
257076,63336
257077,51744
257078,40000
257079,71779
257080,58572
257081,52741
257082,40000
257083,85447
257084,55252
257085,42552
257086,57585
257087,43024
257088,40000
257089,40000
257090,57182
257091,50971
257092,52182
257093,43073
257094,49032
257095,40000
257096,69814
257097,40000
257098,53798
257099,49711
257100,53433
257101,40000
257102,68333
257103,40000
257104,61614
257105,40000
257106,44238
257107,56725
257108,83389
257109,78569
257110,66258
257111,56413
257112,41530
257113,45057
257114,40000
257115,65096
257116,40000
257117,40000
257118,40000
257119,64149
257120,40000
257121,70723
257122,44833
257123,66418
257124,40000
257125,55807
257126,68149
257127,40000
257128,40000
257129,40000
257130,77009
257131,47120
257132,60116
257133,40000
257134,40000
257135,55572
257136,64907
257137,58762
257138,60306
257139,70423
257140,40000
257141,77225
257142,67964
257143,62819
257144,53612
257145,45341
257146,40000
257147,40000
257148,45900
257149,59742
257150,40275
257151,50861
257152,40000
257153,58356
257154,63408
257155,55339
257156,75227
257157,40000
257158,50186
257159,54870
257160,53583
257161,40000
257162,65436
257163,40000
257164,47750
257165,40381
257166,56552
257167,47286
257168,89808
257169,40000
257170,56554
257171,40000
257172,40000
257173,40000
257174,58649
257175,68823
257176,76786
257177,66685
257178,40000
257179,69675
257180,61504
257181,40000
257182,48892
257183,62898
257184,51968
257185,42832
257186,46497
257187,52898
257188,53684
257189,40000
257190,40000
257191,44104
257192,54315
257193,40000
257194,58389
257195,50875
257196,41107
257197,80493
257198,40000
257199,57368
257200,40000
257201,50081
257202,42313
257203,40000
257204,40000
257205,64166
257206,40000
257207,40000
257208,40000
257209,40000
257210,68328
257211,40000
257212,40000
257213,65226
257214,74107
257215,42847
257216,65067
257217,56645
257218,40000
257219,40000
257220,40000
257221,51991
257222,70020
257223,40000
257224,40000
257225,94781
257226,50584
257227,56057
257228,51690
257229,65179
257230,40000
257231,46825
257232,40000
257233,51438
257234,41996
257235,41879
257236,40000
257237,40000
257238,59997
257239,40000
257240,74185
257241,77646
257242,40610
257243,40000
257244,40000
257245,40000
257246,40000
257247,40000
257248,60266
257249,40000
257250,42900
257251,40000
257252,57457
257253,53050
257254,42056
257255,41763
257256,63630
257257,62552
257258,40000
257259,54464
257260,46936
257261,45615
257262,62316
257263,50214
257264,42573
257265,40000
257266,72866
257267,61557
257268,51574
257269,77486
257270,40000
257271,40000
257272,46831
257273,55905
257274,40000
257275,66653
257276,57570
257277,40000
257278,50778
257279,40000
257280,40000
257281,40000
257282,75962
257283,40000
257284,81953
257285,59347
257286,46778
257287,40000
257288,53944
257289,62693
257290,40000
257291,77343
257292,47941
257293,59381
257294,43348
257295,40302
257296,60102
257297,47768
257298,40000
257299,48004
257300,85537
257301,79075
257302,52753
257303,92149
257304,40420
257305,90080
257306,40000
257307,44353
257308,62104
257309,40000
257310,40000
257311,66997
257312,62457
257313,68794
257314,54347
257315,49476
257316,45156
257317,58710
257318,50430
257319,41792
257320,50421
257321,40000
257322,40000
257323,40000
257324,40000
257325,49024
257326,44857
257327,40000
257328,75870
257329,44549
257330,40000
257331,47923
257332,56748
257333,46349
257334,60117
257335,40000
257336,40000
257337,72643
257338,65611
257339,40000
257340,40000
257341,59695
257342,40000
257343,52780
257344,66989
257345,40000
257346,76922
257347,45921
257348,56452
257349,86115
257350,61884
257351,52683
257352,40000
257353,69639
257354,60093
257355,51393
257356,74652
257357,40000
257358,74494
257359,49077
257360,106124
257361,44662
257362,60782
257363,40000
257364,40000
257365,40000
257366,56996
257367,46043
257368,60914
257369,54587
257370,40000
257371,63561
257372,62357
257373,75928
257374,55767
257375,61957
257376,53692
257377,40000
257378,45349
257379,54264
257380,109239
257381,40000
257382,40000
257383,40210
257384,40000
257385,40000
257386,50091
257387,40000
257388,46122
257389,64348
257390,40000
257391,69132
257392,49493
257393,47847
257394,65684
257395,40000
257396,40000
257397,40000
257398,40000
257399,46666
257400,40000
257401,40000
257402,41477
257403,81685
257404,40000
257405,57158
257406,40000
257407,49114
257408,84737
257409,41864
257410,66423
257411,40000
257412,85604
257413,57210
257414,54310
257415,59876
257416,61486
257417,40000
257418,86878
257419,40000
257420,83692
257421,73066
257422,63345
257423,52391
257424,84345
257425,40000
257426,40000
257427,96398
257428,61910
257429,57465
257430,40000
257431,69841
257432,43163
257433,40000
257434,41512
257435,46317
257436,86745
257437,40000
257438,67323
257439,40104
257440,52002
257441,47954
257442,63360
257443,67149
257444,40000
257445,64517
257446,49834
257447,53300
257448,73238
257449,40000
257450,50473
257451,40387
257452,40000
257453,54513
257454,47010
257455,69277
257456,91964
257457,66733
257458,59338
257459,44201
257460,43373
257461,63105
257462,67713
257463,49396
257464,76964
257465,40000
257466,41936
257467,64625
257468,44681
257469,53367
257470,51432
257471,40000
257472,40000
257473,40000
257474,92282
257475,58646
257476,40000
257477,40000
257478,51234
257479,51418
257480,47026
257481,55955
257482,40000
257483,51870
257484,40000
257485,74705
257486,92231
257487,40000
257488,84843
257489,76000
257490,46467
257491,40000
257492,40000
257493,74504
257494,54293
257495,40000
257496,44643
257497,64225
257498,71520
257499,40000
257500,64868
257501,56813
257502,83674
257503,40000
257504,44413
257505,66882
257506,46644
257507,40000
257508,40765
257509,61202
257510,40000
257511,83214
257512,40000
257513,41525
257514,40000
257515,40000
257516,48795
257517,40000
257518,68808
257519,59329
257520,61190
257521,62668
257522,49298
257523,51193
257524,43247
257525,80602
257526,40000
257527,40000
257528,40000
257529,89933
257530,40000
257531,40000
257532,84109
257533,40000
257534,55023
257535,40000
257536,75174
257537,42323
257538,40000
257539,71342
257540,40000
257541,87820
257542,40000
257543,40000
257544,65260
257545,41965
257546,40000
257547,59752
257548,47249
257549,43242
257550,40000
257551,40000
257552,40200
257553,40000
257554,40000
257555,40726
257556,49035
257557,43521
257558,44878
257559,63519
257560,40000
257561,61507
257562,56723
257563,66416
257564,91505
257565,40106
257566,40000
257567,67046
257568,40000
257569,56684
257570,40000
257571,86007
257572,40000
257573,50926
257574,56140
257575,47726
257576,59725
257577,64189
257578,44674
257579,58043
257580,49633
257581,40000
257582,73629
257583,40000
257584,48933
257585,40000
257586,55429
257587,40000
257588,58748
257589,40000
257590,57988
257591,40000
257592,52837
257593,47910
257594,43659
257595,42623
257596,42065
257597,50117
257598,55184
257599,40000
257600,57955
257601,40000
257602,40000
257603,40000
257604,51552
257605,40000
257606,40000
257607,40000
257608,40000
257609,40000
257610,44850
257611,43093
257612,40000
257613,56773
257614,73267
257615,40000
257616,40000
257617,67926
257618,58791
257619,40000
257620,51119
257621,79832
257622,40000
257623,40849
257624,40000
257625,40000
257626,40000
257627,49393
257628,56560
257629,67716
257630,55060
257631,47886
257632,71340
257633,63958
257634,73780
257635,40000
257636,78658
257637,51805
257638,60483
257639,50348
257640,40000
257641,48404
257642,40000
257643,72975
257644,43538
257645,84669
257646,45721
257647,73233
257648,71514
257649,40000
257650,40000
257651,56493
257652,40000
257653,46583
257654,52166
257655,65721
257656,40000
257657,43383
257658,56281
257659,65660
257660,58156
257661,64465
257662,57889
257663,40000
257664,47396
257665,40000
257666,40000
257667,40000
257668,45593
257669,90955
257670,52720
257671,40000
257672,55332
257673,48530
257674,45785
257675,40000
257676,58622
257677,51596
257678,57857
257679,49144
257680,50465
257681,40000
257682,40000
257683,58784
257684,40215
257685,40000
257686,52074
257687,40715
257688,40000
257689,59018
257690,50181
257691,40000
257692,40000
257693,72145
257694,62593
257695,44791
257696,91093
257697,48447
257698,50022
257699,51894
257700,40000
257701,54489
257702,65388
257703,49393
257704,40000
257705,64269
257706,40000
257707,47970
257708,47824
257709,66570
257710,40000
257711,55400
257712,70645
257713,49455
257714,72789
257715,95890
257716,40000
257717,57568
257718,44584
257719,53450
257720,52170
257721,55228
257722,48413
257723,40000
257724,40000
257725,40000
257726,40000
257727,40000
257728,40000
257729,40000
257730,52436
257731,47911
257732,62865
257733,57893
257734,49804
257735,53753
257736,60965
257737,40000
257738,51507
257739,61188
257740,73959
257741,40000
257742,54286
257743,40000
257744,40000
257745,40000
257746,70217
257747,40000
257748,46031
257749,91466
257750,40398
257751,67723
257752,65577
257753,40000
257754,40000
257755,57003
257756,101559
257757,43680
257758,52357
257759,40168
257760,51872
257761,53092
257762,44768
257763,55872
257764,98101
257765,52672
257766,47058
257767,40000
257768,40000
257769,40000
257770,40000
257771,43032
257772,61490
257773,50428
257774,40000
257775,62173
257776,72911
257777,40000
257778,40000
257779,47600
257780,44057
257781,40000
257782,49258
257783,73454
257784,64285
257785,64992
257786,40000
257787,63917
257788,61317
257789,69484
257790,40000
257791,63360
257792,42910
257793,66402
257794,45501
257795,48422
257796,40000
257797,54456
257798,40090
257799,40000
257800,52492
257801,40000
257802,48837
257803,84696
257804,41900
257805,72871
257806,48044
257807,40000
257808,68724
257809,43325
257810,40000
257811,40000
257812,40000
257813,77248
257814,40000
257815,40000
257816,91488
257817,65777
257818,43351
257819,40000
257820,40000
257821,40000
257822,68923
257823,72840
257824,66225
257825,40000
257826,45013
257827,56956
257828,40000
257829,40000
257830,75249
257831,85034
257832,82863
257833,63719
257834,57323
257835,40000
257836,40000
257837,58518
257838,40000
257839,53222
257840,40000
257841,40000
257842,42289
257843,40000
257844,45121
257845,50502
257846,54235
257847,40000
257848,40000
257849,41028
257850,40000
257851,70376
257852,41679
257853,51681
257854,40000
257855,65538
257856,63940
257857,40000
257858,40000
257859,56084
257860,48065
257861,46056
257862,49201
257863,59610
257864,53036
257865,48030
257866,40000
257867,47199
257868,42547
257869,40000
257870,40000
257871,40000
257872,47853
257873,41660
257874,64040
257875,74467
257876,44891
257877,40000
257878,50834
257879,40000
257880,78804
257881,81280
257882,49715
257883,40000
257884,79812
257885,54592
257886,40000
257887,44870
257888,41353
257889,40000
257890,45420
257891,65910
257892,57204
257893,42848
257894,99711
257895,77343
257896,40000
257897,66602
257898,48858
257899,49554
257900,73286
257901,68912
257902,60129
257903,40000
257904,40000
257905,59095
257906,60522
257907,40000
257908,40000
257909,55634
257910,65194
257911,52911
257912,53613
257913,40000
257914,45712
257915,87774
257916,40000
257917,47117
257918,80094
257919,40000
257920,73779
257921,40180
257922,43722
257923,40000
257924,52698
257925,40000
257926,55428
257927,40000
257928,40000
257929,40000
257930,71294
257931,50993
257932,40000
257933,60551
257934,50390
257935,41427
257936,82368
257937,68275
257938,54920
257939,56705
257940,52152
257941,40000
257942,40000
257943,53731
257944,72251
257945,57979
257946,44661
257947,50556
257948,40000
257949,50747
257950,40000
257951,55895
257952,40000
257953,76071
257954,45862
257955,67083
257956,97813
257957,40000
257958,50029
257959,65351
257960,40000
257961,40000
257962,40000
257963,80530
257964,40000
257965,40000
257966,73808
257967,72223
257968,50106
257969,53513
257970,40000
257971,40000
257972,40000
257973,75669
257974,48583
257975,51962
257976,40000
257977,52849
257978,87672
257979,41916
257980,62787
257981,60348
257982,51082
257983,54728
257984,40000
257985,57811
257986,40000
257987,40000
257988,66819
257989,40000
257990,83117
257991,50381
257992,46394
257993,40000
257994,47737
257995,58646
257996,69881
257997,73912
257998,77817
257999,59004
258000,40000
258001,53919
258002,48442
258003,67536
258004,50908
258005,40000
258006,40000
258007,73312
258008,40000
258009,40000
258010,44728
258011,63186
258012,40000
258013,40000
258014,40000
258015,55735
258016,40000
258017,40000
258018,82297
258019,55004
258020,100251
258021,43172
258022,79055
258023,40000
258024,40000
258025,40000
258026,46554
258027,40000
258028,55108
258029,56515
258030,49306
258031,58863
258032,40000
258033,77905
258034,40000
258035,40000
258036,40000
258037,40000
258038,60974
258039,40000
258040,64848
258041,49890
258042,85391
258043,59726
258044,49408
258045,73314
258046,63541
258047,46159
258048,51927
258049,40000
258050,95400
258051,40000
258052,59383
258053,50751
258054,40000
258055,40000
258056,57759
258057,42580
258058,40000
258059,49952
258060,50000
258061,43918
258062,41601
258063,50955
258064,40000
258065,41033
258066,40000
258067,77317
258068,72657
258069,64233
258070,81063
258071,40000
258072,40000
258073,45943
258074,52924
258075,40000
258076,72142
258077,56126
258078,88057
258079,40000
258080,79188
258081,58623
258082,43339
258083,40000
258084,54388
258085,40000
258086,40000
258087,83033
258088,89888
258089,51010
258090,47559
258091,44905
258092,40000
258093,40000
258094,43371
258095,40000
258096,59914
258097,40000
258098,41260
258099,51677
258100,40000
258101,89077
258102,62600
258103,40000
258104,40000
258105,40000
258106,55051
258107,55509
258108,44004
258109,82475
258110,63149
258111,77584
258112,40000
258113,94202
258114,40000
258115,40000
258116,59034
258117,40000
258118,61447
258119,73369
258120,42304
258121,52517
258122,40000
258123,40000
258124,84665
258125,40000
258126,59678
258127,67916
258128,53576
258129,40000
258130,40000
258131,94047
258132,49605
258133,40856
258134,78500
258135,90355
258136,76361
258137,74243
258138,93439
258139,43710
258140,58933
258141,40000
258142,40000
258143,40000
258144,40000
258145,40000
258146,40000
258147,46634
258148,40000
258149,43968
258150,52613
258151,40000
258152,61778
258153,40000
258154,40000
258155,40000
258156,57767
258157,57812
258158,61982
258159,40000
258160,40000
258161,40000
258162,40688
258163,55607
258164,60612
258165,42846
258166,40000
258167,40950
258168,43727
258169,40000
258170,40000
258171,48459
258172,40000
258173,42415
258174,50732
258175,40000
258176,42073
258177,54989
258178,46950
258179,40000
258180,48938
258181,45723
258182,51708
258183,68339
258184,56257
258185,45486
258186,40000
258187,54328
258188,69836
258189,76007
258190,50638
258191,44269
258192,50477
258193,40960
258194,40000
258195,74900
258196,63249
258197,56257
258198,53321
258199,73887
258200,53152
258201,55052
258202,40000
258203,44527
258204,73887
258205,40000
258206,64652
258207,45114
258208,71685
258209,47688
258210,45684
258211,66122
258212,40000
258213,40000
258214,55026
258215,40000
258216,66138
258217,51507
258218,56236
258219,96073
258220,65071
258221,48898
258222,62392
258223,50523
258224,40000
258225,40000
258226,40000
258227,50160
258228,40000
258229,47224
258230,52832
258231,49908
258232,59508
258233,47147
258234,72120
258235,73213
258236,52395
258237,65116
258238,42623
258239,56202
258240,79121
258241,40000
258242,48027
258243,40619
258244,43869
258245,40000
258246,57741
258247,40000
258248,75744
258249,47557
258250,40000
258251,40000
258252,59309
258253,40000
258254,42726
258255,45488
258256,62652
258257,52013
258258,40000
258259,40000
258260,77023
258261,40000
258262,40000
258263,40000
258264,40000
258265,40000
258266,41968
258267,40000
258268,69332
258269,50595
258270,40000
258271,62848
258272,60515
258273,61681
258274,48993
258275,50285
258276,40000
258277,42528
258278,46082
258279,61080
258280,40000
258281,59909
258282,40000
258283,64615
258284,40000
258285,63918
258286,64252
258287,40260
258288,71412
258289,40000
258290,40000
258291,42023
258292,49669
258293,55414
258294,40000
258295,66865
258296,57296
258297,97150
258298,43704
258299,112785
258300,61124
258301,54734
258302,51631
258303,43475
258304,46931
258305,45976
258306,88233
258307,52968
258308,60192
258309,56923
258310,52107
258311,74214
258312,56734
258313,59467
258314,42431
258315,40000
258316,40000
258317,46176
258318,47253
258319,40000
258320,48068
258321,40000
258322,40000
258323,41782
258324,40000
258325,63723
258326,58285
258327,40000
258328,40000
258329,72244
258330,55179
258331,77430
258332,75560
258333,52535
258334,40000
258335,48501
258336,73174
258337,40000
258338,40000
258339,79965
258340,46071
258341,77477
258342,44468
258343,50043
258344,46105
258345,56628
258346,51944
258347,40000
258348,61073
258349,45184
258350,67308
258351,48155
258352,40000
258353,91037
258354,40000
258355,49783
258356,72252
258357,71913
258358,75376
258359,66607
258360,41449
258361,64237
258362,49463
258363,40000
258364,41385
258365,51646
258366,60446
258367,40000
258368,41394
258369,53995
258370,85460
258371,82944
258372,60739
258373,42332
258374,40000
258375,40000
258376,54809
258377,40000
258378,50542
258379,56013
258380,65663
258381,59014
258382,63714
258383,59320
258384,40000
258385,63714
258386,62143
258387,42313
258388,72519
258389,72063
258390,40000
258391,48468
258392,72177
258393,40000
258394,40000
258395,70288
258396,40000
258397,64101
258398,40000
258399,58089
258400,57697
258401,40000
258402,40000
258403,48174
258404,40000
258405,88868
258406,40000
258407,40000
258408,40000
258409,56405
258410,51677
258411,50337
258412,64346
258413,59125
258414,62626
258415,47028
258416,62735
258417,40904
258418,52150
258419,40000
258420,68896
258421,40000
258422,48755
258423,50565
258424,46933
258425,40000
258426,40000
258427,40000
258428,48630
258429,40000
258430,59202
258431,70062
258432,45652
258433,52852
258434,40000
258435,67530
258436,40700
258437,40000
258438,50466
258439,42706
258440,54597
258441,55744
258442,62602
258443,52291
258444,49552
258445,40000
258446,74230
258447,40000
258448,59402
258449,41794
258450,57547
258451,57052
258452,59309
258453,40000
258454,49400
258455,40000
258456,40000
258457,80523
258458,58463
258459,58251
258460,40000
258461,79084
258462,40000
258463,47355
258464,47823
258465,94152
258466,51319
258467,40000
258468,40000
258469,40000
258470,98002
258471,69668
258472,40000
258473,44989
258474,40000
258475,40000
258476,42412
258477,65860
258478,51162
258479,62506
258480,59370
258481,40000
258482,44488
258483,40000
258484,40000
258485,40000
258486,43241
258487,57800
258488,43813
258489,40000
258490,80498
258491,63835
258492,47060
258493,40000
258494,56209
258495,64495
258496,52254
258497,40000
258498,40000
258499,40000
258500,56811
258501,45544
258502,45277
258503,72619
258504,46062
258505,40000
258506,67868
258507,75914
258508,58997
258509,70492
258510,40000
258511,66710
258512,73435
258513,45346
258514,46694
258515,55630
258516,69261
258517,47847
258518,63098
258519,67904
258520,58598
258521,93070
258522,40000
258523,50986
258524,73140
258525,40000
258526,48718
258527,45038
258528,61629
258529,40000
258530,94668
258531,45676
258532,79564
258533,47452
258534,40000
258535,40000
258536,41349
258537,40000
258538,50736
258539,41026
258540,66206
258541,53983
258542,49979
258543,55811
258544,64065
258545,40684
258546,40000
258547,40000
258548,61244
258549,56670
258550,73255
258551,40000
258552,57424
258553,83077
258554,40000
258555,57841
258556,54224
258557,40000
258558,49944
258559,56537
258560,40000
258561,40000
258562,67344
258563,53779
258564,40000
258565,52222
258566,40000
258567,40000
258568,50486
258569,77277
258570,55777
258571,46419
258572,40000
258573,55726
258574,41311
258575,40000
258576,67855
258577,40000
258578,53812
258579,40000
258580,99112
258581,46215
258582,64307
258583,42562
258584,80689
258585,59179
258586,67361
258587,40000
258588,52565
258589,54700
258590,45766
258591,55512
258592,40000
258593,63402
258594,40000
258595,80161
258596,68605
258597,91574
258598,51256
258599,50933
258600,48278
258601,46381
258602,40000
258603,60034
258604,55370
258605,40000
258606,50520
258607,46369
258608,49136
258609,40000
258610,90869
258611,65845
258612,46805
258613,40000
258614,82984
258615,40000
258616,40000
258617,45304
258618,58144
258619,40000
258620,55097
258621,43619
258622,40000
258623,51822
258624,84313
258625,44626
258626,58492
258627,70007
258628,49706
258629,41485
258630,54676
258631,42883
258632,84957
258633,40000
258634,75835
258635,60186
258636,40010
258637,62371
258638,40000
258639,51608
258640,44609
258641,42414
258642,55409
258643,47581
258644,40000
258645,40000
258646,45734
258647,49317
258648,58518
258649,54491
258650,40000
258651,50171
258652,54044
258653,40000
258654,50405
258655,71223
258656,40000
258657,53853
258658,52958
258659,40000
258660,40000
258661,45248
258662,50882
258663,55250
258664,77639
258665,50241
258666,40000
258667,68249
258668,55191
258669,63384
258670,94461
258671,66571
258672,40000
258673,40000
258674,52732
258675,44710
258676,43632
258677,40000
258678,53896
258679,42163
258680,40278
258681,48742
258682,84035
258683,41690
258684,40000
258685,54078
258686,40000
258687,45370
258688,72502
258689,56887
258690,66640
258691,47431
258692,40000
258693,44928
258694,42286
258695,61595
258696,71754
258697,40000
258698,40955
258699,56519
258700,40000
258701,51409
258702,59519
258703,40000
258704,52042
258705,40000
258706,73279
258707,65581
258708,47117
258709,63096
258710,61972
258711,66499
258712,40000
258713,40999
258714,50559
258715,78878
258716,74809
258717,40000
258718,40000
258719,40000
258720,46103
258721,67094
258722,86853
258723,66544
258724,42264
258725,40000
258726,40000
258727,47350
258728,40000
258729,61468
258730,40000
258731,68705
258732,60398
258733,56626
258734,60980
258735,40000
258736,61037
258737,40000
258738,44668
258739,48194
258740,40000
258741,60579
258742,44753
258743,44879
258744,44951
258745,88758
258746,40000
258747,54958
258748,81790
258749,44960
258750,68591
258751,53446
258752,50527
258753,62123
258754,55116
258755,55567
258756,40000
258757,51199
258758,40000
258759,47555
258760,41703
258761,109069
258762,40000
258763,66328
258764,40000
258765,40000
258766,40000
258767,60102
258768,51636
258769,40000
258770,54335
258771,59234
258772,56328
258773,40000
258774,52726
258775,83791
258776,49781
258777,121070
258778,52565
258779,40000
258780,53683
258781,40000
258782,68523
258783,40000
258784,56642
258785,40000
258786,49751
258787,94133
258788,40000
258789,54331
258790,46225
258791,40000
258792,41128
258793,40000
258794,42439
258795,74990
258796,89005
258797,48228
258798,47158
258799,40000
258800,43292
258801,52229
258802,40000
258803,53997
258804,71795
258805,44039
258806,55015
258807,40000
258808,49867
258809,75007
258810,56744
258811,67064
258812,40000
258813,50599
258814,66741
258815,40000
258816,40000
258817,64551
258818,55970
258819,40000
258820,40000
258821,51457
258822,40000
258823,40000
258824,63886
258825,62262
258826,43694
258827,70429
258828,40000
258829,66181
258830,51287
258831,64905
258832,47063
258833,46909
258834,74132
258835,49563
258836,47525
258837,40917
258838,73682
258839,40000
258840,44201
258841,44623
258842,40000
258843,40000
258844,62575
258845,57229
258846,44000
258847,52839
258848,52858
258849,69451
258850,56477
258851,50621
258852,40000
258853,68005
258854,79108
258855,65951
258856,40000
258857,40000
258858,56725
258859,40000
258860,54060
258861,40000
258862,73367
258863,40000
258864,40000
258865,47178
258866,50032
258867,40000
258868,71378
258869,40000
258870,49275
258871,82830
258872,43155
258873,83358
258874,41056
258875,40000
258876,60738
258877,59664
258878,40000
258879,62489
258880,68640
258881,74968
258882,59592
258883,40000
258884,40000
258885,40000
258886,67181
258887,47446
258888,66290
258889,48268
258890,48480
258891,40000
258892,76591
258893,43651
258894,51920
258895,62100
258896,40000
258897,62438
258898,40000
258899,77829
258900,40000
258901,40000
258902,44713
258903,51598
258904,40000
258905,40000
258906,40000
258907,47471
258908,53013
258909,87950
258910,55868
258911,66050
258912,65898
258913,40388
258914,53826
258915,40000
258916,46133
258917,46014
258918,40000
258919,40000
258920,52352
258921,50671
258922,61870
258923,40000
258924,49342
258925,55927
258926,40000
258927,62580
258928,55445
258929,81484
258930,52832
258931,72197
258932,40000
258933,52517
258934,62665
258935,40000
258936,76870
258937,40000
258938,42332
258939,50328
258940,52686
258941,40000
258942,55498
258943,40000
258944,47424
258945,40000
258946,40000
258947,40000
258948,40000
258949,49627
258950,80912
258951,73400
258952,70298
258953,44017
258954,42436
258955,107773
258956,40000
258957,85904
258958,46402
258959,60568
258960,43944
258961,40000
258962,58757
258963,54239
258964,40000
258965,40000
258966,98157
258967,40000
258968,74591
258969,40000
258970,40074
258971,40000
258972,72555
258973,44848
258974,65771
258975,52324
258976,40000
258977,64146
258978,55623
258979,40000
258980,58912
258981,56107
258982,40000
258983,52112
258984,56239
258985,68366
258986,56579
258987,74759
258988,40000
258989,40000
258990,40000
258991,42046
258992,57583
258993,55706
258994,45554
258995,40000
258996,40455
258997,40000
258998,44620
258999,46378
259000,57882
259001,40000
259002,74366
259003,40000
259004,49739
259005,73010
259006,63177
259007,47204
259008,50073
259009,55151
259010,40000
259011,53978
259012,40000
259013,55766
259014,50606
259015,86067
259016,64226
259017,60447
259018,40000
259019,51283
259020,95903
259021,67287
259022,43102
259023,40000
259024,47870
259025,40000
259026,56663
259027,67805
259028,40000
259029,40000
259030,57499
259031,70280
259032,71995
259033,52435
259034,56794
259035,66623
259036,40000
259037,40000
259038,62787
259039,40000
259040,46309
259041,53688
259042,67056
259043,50185
259044,81266
259045,62198
259046,41815
259047,55972
259048,46573
259049,53730
259050,66062
259051,74171
259052,40000
259053,65992
259054,69218
259055,51411
259056,51884
259057,65193
259058,54342
259059,40000
259060,54098
259061,40000
259062,40000
259063,46655
259064,41797
259065,56779
259066,40000
259067,65927
259068,66669
259069,67463
259070,40000
259071,40000
259072,48662
259073,74152
259074,40000
259075,52704
259076,75263
259077,65732
259078,52712
259079,40000
259080,45162
259081,41242
259082,43823
259083,59073
259084,40000
259085,74433
259086,66475
259087,40000
259088,40000
259089,48195
259090,40000
259091,40000
259092,43183
259093,63688
259094,40000
259095,54225
259096,40000
259097,40000
259098,51266
259099,82026
259100,60952
259101,40000
259102,40000
259103,76783
259104,60446
259105,40000
259106,40000
259107,48179
259108,61560
259109,40000
259110,45570
259111,40000
259112,40000
259113,52911
259114,53027
259115,76153
259116,86835
259117,52401
259118,65046
259119,44541
259120,40000
259121,61440
259122,43943
259123,40487
259124,40000
259125,87279
259126,70329
259127,90623
259128,41290
259129,40000
259130,40000
259131,40000
259132,85674
259133,54170
259134,52107
259135,58534
259136,45795
259137,66006
259138,40000
259139,43519
259140,81137
259141,42580
259142,69594
259143,65639
259144,40000
259145,40000
259146,66389
259147,40000
259148,40000
259149,40000
259150,59525
259151,40000
259152,51370
259153,51121
259154,62052
259155,52971
259156,40000
259157,52243
259158,63781
259159,44643
259160,62239
259161,60178
259162,48438
259163,48180
259164,40000
259165,40000
259166,54130
259167,51572
259168,71242
259169,55921
259170,65542
259171,47732
259172,40000
259173,51102
259174,40000
259175,48852
259176,60788
259177,60165
259178,83485
259179,72585
259180,40000
259181,40520
259182,52888
259183,48811
259184,60305
259185,55345
259186,69466
259187,40000
259188,53274
259189,67643
259190,74426
259191,73278
259192,40000
259193,40000
259194,98624
259195,92113
259196,65109
259197,57936
259198,44479
259199,40000
259200,40000
259201,57251
259202,40000
259203,66507
259204,46783
259205,77856
259206,54660
259207,44292
259208,41176
259209,40000
259210,72748
259211,55796
259212,53052
259213,47386
259214,40550
259215,77131
259216,40000
259217,55642
259218,42563
259219,40000
259220,69688
259221,40000
259222,40000
259223,96916
259224,40000
259225,67761
259226,40000
259227,40000
259228,82570
259229,57597
259230,40000
259231,69182
259232,50162
259233,68982
259234,56927
259235,70500
259236,40015
259237,40000
259238,40000
259239,74634
259240,40000
259241,43883
259242,86676
259243,72238
259244,45931
259245,40000
259246,41238
259247,84043
259248,40000
259249,40000
259250,40000
259251,40000
259252,50765
259253,40000
259254,40641
259255,40000
259256,40000
259257,47771
259258,40000
259259,54161
259260,49169
259261,62544
259262,50793
259263,51459
259264,59055
259265,81063
259266,40000
259267,40000
259268,40000
259269,50840
259270,59136
259271,62104
259272,44027
259273,52325
259274,42401
259275,40000
259276,40000
259277,40000
259278,49846
259279,48228
259280,40000
259281,40000
259282,44930
259283,54292
259284,40000
259285,40000
259286,40000
259287,52573
259288,41099
259289,44783
259290,40000
259291,63357
259292,40000
259293,49366
259294,66971
259295,81606
259296,40000
259297,40000
259298,74723
259299,74700
259300,58786
259301,40000
259302,40000
259303,48478
259304,40000
259305,59085
259306,40000
259307,45491
259308,57868
259309,60327
259310,53905
259311,58203
259312,40000
259313,66604
259314,40000
259315,40000
259316,71224
259317,75919
259318,76386
259319,44278
259320,57979
259321,40467
259322,40000
259323,53516
259324,42050
259325,40000
259326,79309
259327,40000
259328,68373
259329,44188
259330,42048
259331,58089
259332,68129
259333,42843
259334,40000
259335,40000
259336,64499
259337,40000
259338,52276
259339,40000
259340,43542
259341,40000
259342,67665
259343,46657
259344,46186
259345,40000
259346,73659
259347,40000
259348,47948
259349,67255
259350,40000
259351,78335
259352,69216
259353,60301
259354,40000
259355,41678
259356,53295
259357,40000
259358,40000
259359,50968
259360,57082
259361,63391
259362,47576
259363,52314
259364,44826
259365,80807
259366,67922
259367,56278
259368,45735
259369,84405
259370,45189
259371,40000
259372,70636
259373,40000
259374,40000
259375,40000
259376,40000
259377,56484
259378,54431
259379,49690
259380,68842
259381,40000
259382,40000
259383,42626
259384,54797
259385,45315
259386,54803
259387,40000
259388,55304
259389,40000
259390,89822
259391,40000
259392,54087
259393,55454
259394,95313
259395,59252
259396,53945
259397,94469
259398,76533
259399,40000
259400,98392
259401,79535
259402,50665
259403,40000
259404,62451
259405,40000
259406,53352
259407,40000
259408,75072
259409,40000
259410,48951
259411,40000
259412,99368
259413,40000
259414,74905
259415,58024
259416,40000
259417,57307
259418,74162
259419,40000
259420,40000
259421,70971
259422,49920
259423,43721
259424,58489
259425,40000
259426,49960
259427,40000
259428,40000
259429,50284
259430,42235
259431,40000
259432,50427
259433,56542
259434,40000
259435,71625
259436,40000
259437,62660
259438,85787
259439,55878
259440,68883
259441,70562
259442,40000
259443,54838
259444,65602
259445,44812
259446,56074
259447,68580
259448,61297
259449,44388
259450,74632
259451,40000
259452,43287
259453,44207
259454,59048
259455,40000
259456,40000
259457,62540
259458,73607
259459,66016
259460,96035
259461,55717
259462,40000
259463,43894
259464,60251
259465,55544
259466,67787
259467,65770
259468,57508
259469,44612
259470,61696
259471,91727
259472,40000
259473,67116
259474,80370
259475,44980
259476,46448
259477,63734
259478,40000
259479,64929
259480,77756
259481,40000
259482,40000
259483,56747
259484,40000
259485,48671
259486,57056
259487,40000
259488,51465
259489,47292
259490,40000
259491,74052
259492,40000
259493,47033
259494,40000
259495,41067
259496,51417
259497,40000
259498,56722
259499,55716
259500,83052
259501,40000
259502,48660
259503,45307
259504,55729
259505,51838
259506,76361
259507,57172
259508,40000
259509,40000
259510,46656
259511,50618
259512,47837
259513,44462
259514,40000
259515,57671
259516,91893
259517,40000
259518,63528
259519,46753
259520,55055
259521,40000
259522,40000
259523,40000
259524,64958
259525,40000
259526,59749
259527,40000
259528,60937
259529,104875
259530,40297
259531,46874
259532,50420
259533,40000
259534,40000
259535,40000
259536,50216
259537,48788
259538,107250
259539,72424
259540,40000
259541,57690
259542,58670
259543,49072
259544,62659
259545,40000
259546,58093
259547,44397
259548,91736
259549,59745
259550,40000
259551,40000
259552,57095
259553,41057
259554,50429
259555,87606
259556,46978
259557,40000
259558,40000
259559,47547
259560,40000
259561,51776
259562,40000
259563,45488
259564,40000
259565,65510
259566,44813
259567,40000
259568,57396
259569,51496
259570,43093
259571,77214
259572,78916
259573,40690
259574,46213
259575,81870
259576,40000
259577,93595
259578,42838
259579,66642
259580,59912
259581,66917
259582,78327
259583,40000
259584,48333
259585,45547
259586,40000
259587,41214
259588,40000
259589,62709
259590,52591
259591,40000
259592,62455
259593,40000
259594,70960
259595,40000
259596,88284
259597,64108
259598,40000
259599,65213
259600,56773
259601,40000
259602,59133
259603,62527
259604,61120
259605,40000
259606,70339
259607,58763
259608,40000
259609,96362
259610,40000
259611,57203
259612,47683
259613,65554
259614,40000
259615,59656
259616,40000
259617,64149
259618,72948
259619,41263
259620,40000
259621,40000
259622,47357
259623,68897
259624,48520
259625,40000
259626,75145
259627,40000
259628,54272
259629,40000
259630,47177
259631,63912
259632,49782
259633,53460
259634,40000
259635,50962
259636,50870
259637,70457
259638,70763
259639,42837
259640,90117
259641,47643
259642,40000
259643,73715
259644,40000
259645,72977
259646,47418
259647,40000
259648,43719
259649,83357
259650,40000
259651,71504
259652,77624
259653,45924
259654,40000
259655,71246
259656,40000
259657,62229
259658,53367
259659,86034
259660,73666
259661,65114
259662,46500
259663,42397
259664,40000
259665,40000
259666,40000
259667,61007
259668,50880
259669,85000
259670,55249
259671,40666
259672,87057
259673,50116
259674,42852
259675,79407
259676,62941
259677,65813
259678,40000
259679,45190
259680,40000
259681,60309
259682,40000
259683,48027
259684,47712
259685,40000
259686,69874
259687,69286
259688,50833
259689,61871
259690,88178
259691,44407
259692,40000
259693,45545
259694,40000
259695,40000
259696,40000
259697,40000
259698,47568
259699,47607
259700,44806
259701,75618
259702,61130
259703,40000
259704,52593
259705,62936
259706,53595
259707,67866
259708,40000
259709,40000
259710,90090
259711,69455
259712,58389
259713,57517
259714,88518
259715,74819
259716,80443
259717,40499
259718,57915
259719,58209
259720,46409
259721,40000
259722,51612
259723,53080
259724,73888
259725,55935
259726,40000
259727,40000
259728,63680
259729,48370
259730,59594
259731,59190
259732,40000
259733,58796
259734,69301
259735,66471
259736,53062
259737,64589
259738,58437
259739,61668
259740,77225
259741,71341
259742,49271
259743,54990
259744,60704
259745,40000
259746,41068
259747,40566
259748,42638
259749,40000
259750,46792
259751,40000
259752,56334
259753,67047
259754,57617
259755,40000
259756,40000
259757,83091
259758,45557
259759,40000
259760,69748
259761,43760
259762,55435
259763,95216
259764,58124
259765,49807
259766,48710
259767,64724
259768,66243
259769,40000
259770,72091
259771,40000
259772,80394
259773,45456
259774,49125
259775,40000
259776,62941
259777,50401
259778,40000
259779,73822
259780,40000
259781,72957
259782,40000
259783,40000
259784,40000
259785,56705
259786,40000
259787,70865
259788,46587
259789,68013
259790,40000
259791,40000
259792,41964
259793,40000
259794,40000
259795,46849
259796,40000
259797,61034
259798,75311
259799,53395
259800,54961
259801,40000
259802,75031
259803,92954
259804,61231
259805,40000
259806,40000
259807,67300
259808,63790
259809,40000
259810,67840
259811,47324
259812,61401
259813,40000
259814,84566
259815,47528
259816,67234
259817,53123
259818,40000
259819,40000
259820,40000
259821,44175
259822,59595
259823,46476
259824,40261
259825,47159
259826,81107
259827,47507
259828,72669
259829,40000
259830,40000
259831,60748
259832,64756
259833,77601
259834,53431
259835,40000
259836,43262
259837,103344
259838,40000
259839,47463
259840,61943
259841,40000
259842,40318
259843,40000
259844,40000
259845,71643
259846,40000
259847,40000
259848,76030
259849,72036
259850,42329
259851,75167
259852,40000
259853,61227
259854,56723
259855,84803
259856,40000
259857,45106
259858,40000
259859,46234
259860,40537
259861,72786
259862,57243
259863,81484
259864,47339
259865,77784
259866,40000
259867,95755
259868,65325
259869,40000
259870,40000
259871,45878
259872,70776
259873,58336
259874,99570
259875,40000
259876,40000
259877,73864
259878,40000
259879,41489
259880,50097
259881,49862
259882,60124
259883,40000
259884,78332
259885,40985
259886,40000
259887,40000
259888,41631
259889,45008
259890,40000
259891,76853
259892,40000
259893,40000
259894,40000
259895,49024
259896,65741
259897,43927
259898,55327
259899,55328
259900,83605
259901,51022
259902,87635
259903,40000
259904,70913
259905,50534
259906,63848
259907,43650
259908,61887
259909,44117
259910,51681
259911,53733
259912,72078
259913,49616
259914,53793
259915,52762
259916,40000
259917,55899
259918,40000
259919,47172
259920,40000
259921,79592
259922,40000
259923,43830
259924,50102
259925,41258
259926,40000
259927,71680
259928,46383
259929,40000
259930,51029
259931,60080
259932,76347
259933,42366
259934,61028
259935,52878
259936,42226
259937,66394
259938,61927
259939,57379
259940,52745
259941,40000
259942,49030
259943,65500
259944,40000
259945,40000
259946,74049
259947,40000
259948,66486
259949,51819
259950,61275
259951,41919
259952,57697
259953,61765
259954,61188
259955,69844
259956,40000
259957,52181
259958,57818
259959,40000
259960,67120
259961,40000
259962,60062
259963,68560
259964,64544
259965,40000
259966,57942
259967,70049
259968,40000
259969,40000
259970,68944
259971,45822
259972,50634
259973,60299
259974,73146
259975,63129
259976,86628
259977,44731
259978,54634
259979,53808
259980,40000
259981,40000
259982,68368
259983,40000
259984,40000
259985,69326
259986,43848
259987,42481
259988,40000
259989,50316
259990,40000
259991,44708
259992,84152
259993,48559
259994,47149
259995,83248
259996,62249
259997,64904
259998,40000
259999,71695
260000,40005
260001,88355
260002,40000
260003,71196
260004,52114
260005,40000
260006,68228
260007,48537
260008,50665
260009,72334
260010,40000
260011,50467
260012,68555
260013,82433
260014,53738
260015,52857
260016,46342
260017,55690
260018,93653
260019,40000
260020,40000
260021,40000
260022,40000
260023,65894
260024,54761
260025,40000
260026,87422
260027,42875
260028,59105
260029,40000
260030,49304
260031,49227
260032,40000
260033,94522
260034,47808
260035,40000
260036,40000
260037,40000
260038,53366
260039,45919
260040,40000
260041,80563
260042,60985
260043,40000
260044,56293
260045,86208
260046,40000
260047,75767
260048,94743
260049,55641
260050,46937
260051,40843
260052,57679
260053,57663
260054,40000
260055,55882
260056,40000
260057,40265
260058,40000
260059,64864
260060,40000
260061,45276
260062,66704
260063,57741
260064,66916
260065,40000
260066,45792
260067,57408
260068,51501
260069,55259
260070,73510
260071,40000
260072,40000
260073,49669
260074,48886
260075,40000
260076,40000
260077,40000
260078,40000
260079,59264
260080,40000
260081,54767
260082,62814
260083,40000
260084,40000
260085,40000
260086,65670
260087,72137
260088,62763
260089,47541
260090,66077
260091,61220
260092,50094
260093,40000
260094,47530
260095,40000
260096,41576
260097,88348
260098,40000
260099,50348
260100,55255
260101,65936
260102,40000
260103,107440
260104,40000
260105,42253
260106,64840
260107,60187
260108,75578
260109,40000
260110,78656
260111,58755
260112,40000
260113,75395
260114,40000
260115,69401
260116,40000
260117,40000
260118,65438
260119,41774
260120,40000
260121,76665
260122,40000
260123,53765
260124,40000
260125,44588
260126,40000
260127,40000
260128,71758
260129,53074
260130,51616
260131,62880
260132,48511
260133,50768
260134,40000
260135,46803
260136,40000
260137,87607
260138,51167
260139,40000
260140,51660
260141,40000
260142,66223
260143,40000
260144,43141
260145,64012
260146,66877
260147,40000
260148,61442
260149,82927
260150,40000
260151,62320
260152,64664
260153,71781
260154,60659
260155,46709
260156,78838
260157,40000
260158,40000
260159,40000
260160,56087
260161,85244
260162,40000
260163,41364
260164,40000
260165,57767
260166,40000
260167,57351
260168,70251
260169,44695
260170,70168
260171,40000
260172,52623
260173,40000
260174,40000
260175,45461
260176,47847
260177,63162
260178,53648
260179,40000
260180,77305
260181,40000
260182,51497
260183,40000
260184,90485
260185,72995
260186,55572
260187,67140
260188,40000
260189,50493
260190,64287
260191,40000
260192,76101
260193,49149
260194,43466
260195,48079
260196,49484
260197,40000
260198,40000
260199,41888
260200,40000
260201,69971
260202,40000
260203,40000
260204,40000
260205,40000
260206,40000
260207,41939
260208,54475
260209,44298
260210,40000
260211,40000
260212,40000
260213,60557
260214,40000
260215,75558
260216,40000
260217,55457
260218,50989
260219,68885
260220,40000
260221,45497
260222,40000
260223,67747
260224,95095
260225,40000
260226,46274
260227,58315
260228,40000
260229,46471
260230,51396
260231,70031
260232,40000
260233,55556
260234,40000
260235,70885
260236,73496
260237,40670
260238,40000
260239,71268
260240,40000
260241,78636
260242,40000
260243,48872
260244,53410
260245,47047
260246,40000
260247,42324
260248,83058
260249,49234
260250,42000
260251,68741
260252,64656
260253,46185
260254,53731
260255,65670
260256,40000
260257,40000
260258,40000
260259,44084
260260,69031
260261,40000
260262,70889
260263,57949
260264,44862
260265,43885
260266,50747
260267,40282
260268,50603
260269,66118
260270,43277
260271,47426
260272,65339
260273,40000
260274,45995
260275,40000
260276,40000
260277,40000
260278,40515
260279,40000
260280,47370
260281,49792
260282,40000
260283,61910
260284,65737
260285,46851
260286,62300
260287,40000
260288,40000
260289,42332
260290,40000
260291,57427
260292,62977
260293,63049
260294,55984
260295,66460
260296,54751
260297,40039
260298,45299
260299,59150
260300,40000
260301,60766
260302,61964
260303,54619
260304,85723
260305,40000
260306,56636
260307,67527
260308,40000
260309,44771
260310,40000
260311,46837
260312,46452
260313,40000
260314,40000
260315,73453
260316,40000
260317,40000
260318,67262
260319,46611
260320,40000
260321,58854
260322,40969
260323,77715
260324,70925
260325,68748
260326,46189
260327,40000
260328,75568
260329,40000
260330,62783
260331,67381
260332,54401
260333,40000
260334,40000
260335,40000
260336,53163
260337,50938
260338,62575
260339,69378
260340,40000
260341,40000
260342,51495
260343,40000
260344,40000
260345,40000
260346,75905
260347,76976
260348,54648
260349,68929
260350,58100
260351,42562
260352,40000
260353,40000
260354,40000
260355,75653
260356,41161
260357,61109
260358,62486
260359,40000
260360,49682
260361,40000
260362,54540
260363,40000
260364,58080
260365,40000
260366,78350
260367,81700
260368,40000
260369,40000
260370,52427
260371,42635
260372,52214
260373,59343
260374,40000
260375,63774
260376,74219
260377,40000
260378,65279
260379,76257
260380,40000
260381,68737
260382,54325
260383,59711
260384,82758
260385,42006
260386,69479
260387,41798
260388,66616
260389,40000
260390,76219
260391,78984
260392,40000
260393,79535
260394,40000
260395,69530
260396,43288
260397,76660
260398,50830
260399,63485
260400,57823
260401,56579
260402,40000
260403,40000
260404,84502
260405,103734
260406,40000
260407,46991
260408,40000
260409,56680
260410,49892
260411,40000
260412,40782
260413,53111
260414,45983
260415,40000
260416,40000
260417,58196
260418,40000
260419,40000
260420,61592
260421,59682
260422,47410
260423,40000
260424,45360
260425,40000
260426,80463
260427,40000
260428,64455
260429,58964
260430,43604
260431,40276
260432,55266
260433,40000
260434,40000
260435,40000
260436,40000
260437,40000
260438,40000
260439,40000
260440,53864
260441,40000
260442,71382
260443,40000
260444,70426
260445,40000
260446,69131
260447,58676
260448,51360
260449,90582
260450,40000
260451,40000
260452,64427
260453,76506
260454,40000
260455,40000
260456,40000
260457,40000
260458,74179
260459,63757
260460,41506
260461,40000
260462,46249
260463,40000
260464,43730
260465,62593
260466,81401
260467,74418
260468,81339
260469,48280
260470,50945
260471,40000
260472,53704
260473,55450
260474,43130
260475,83366
260476,74726
260477,44497
260478,66808
260479,65802
260480,56598
260481,45453
260482,89323
260483,60451
260484,40000
260485,72087
260486,72297
260487,40000
260488,45617
260489,40673
260490,57654
260491,40000
260492,64580
260493,75609
260494,53462
260495,40000
260496,40000
260497,40000
260498,43774
260499,55576
260500,40000
260501,59070
260502,56554
260503,41523
260504,66734
260505,46754
260506,40000
260507,40000
260508,58304
260509,58453
260510,58026
260511,63120
260512,58706
260513,70596
260514,70170
260515,66688
260516,66474
260517,40000
260518,40000
260519,40000
260520,41988
260521,40000
260522,66080
260523,51169
260524,59464
260525,103628
260526,42481
260527,50086
260528,60260
260529,40000
260530,40000
260531,60686
260532,43242
260533,40000
260534,83250
260535,40000
260536,44889
260537,53265
260538,56622
260539,62217
260540,46462
260541,75064
260542,57659
260543,106579
260544,49143
260545,50079
260546,40000
260547,76715
260548,57016
260549,54327
260550,40000
260551,40000
260552,57975
260553,62182
260554,88314
260555,40000
260556,40000
260557,47556
260558,52262
260559,45380
260560,40000
260561,40000
260562,40907
260563,53212
260564,48996
260565,55423
260566,40000
260567,74609
260568,45461
260569,48070
260570,60857
260571,44659
260572,55097
260573,58846
260574,40219
260575,40000
260576,40000
260577,75439
260578,67520
260579,46704
260580,84232
260581,68996
260582,68628
260583,104964
260584,47237
260585,57325
260586,47609
260587,40000
260588,55406
260589,59581
260590,78294
260591,49497
260592,58745
260593,77776
260594,48045
260595,45225
260596,58185
260597,40000
260598,45184
260599,50714
260600,48967
260601,40000
260602,40000
260603,60696
260604,58988
260605,77480
260606,40000
260607,47715
260608,45071
260609,57811
260610,45282
260611,40000
260612,79824
260613,40000
260614,56143
260615,40000
260616,88152
260617,40583
260618,58214
260619,40000
260620,40000
260621,54758
260622,40952
260623,40000
260624,46136
260625,64999
260626,59906
260627,40000
260628,40000
260629,40000
260630,50427
260631,51314
260632,55421
260633,80306
260634,67532
260635,50466
260636,40000
260637,64132
260638,46203
260639,47577
260640,40000
260641,53245
260642,40000
260643,40000
260644,40000
260645,47887
260646,90194
260647,59367
260648,40000
260649,83123
260650,75469
260651,78174
260652,49007
260653,52533
260654,48946
260655,51228
260656,43048
260657,40000
260658,81432
260659,69745
260660,48369
260661,50226
260662,92668
260663,40000
260664,40000
260665,48366
260666,40000
260667,54938
260668,62142
260669,40000
260670,40717
260671,44689
260672,40000
260673,42756
260674,64259
260675,40000
260676,40000
260677,43118
260678,44124
260679,49321
260680,85247
260681,54602
260682,40000
260683,40000
260684,44293
260685,43615
260686,50950
260687,86998
260688,70273
260689,56667
260690,50759
260691,40000
260692,40000
260693,71136
260694,40000
260695,48776
260696,75249
260697,61967
260698,58420
260699,40000
260700,96900
260701,40000
260702,40000
260703,47536
260704,65357
260705,40000
260706,52915
260707,41868
260708,40000
260709,60533
260710,47093
260711,68735
260712,45357
260713,40000
260714,40000
260715,42654
260716,49515
260717,71002
260718,58824
260719,40000
260720,62534
260721,40000
260722,59205
260723,41831
260724,40000
260725,56531
260726,40000
260727,92951
260728,43207
260729,54410
260730,40000
260731,43740
260732,91231
260733,40000
260734,40000
260735,61623
260736,60974
260737,58343
260738,54391
260739,40000
260740,77044
260741,68509
260742,40000
260743,64137
260744,63567
260745,40147
260746,42984
260747,42984
260748,40930
260749,54826
260750,41706
260751,48153
260752,40000
260753,64106
260754,40000
260755,65478
260756,57953
260757,40000
260758,44232
260759,51707
260760,52739
260761,40000
260762,40000
260763,45447
260764,40000
260765,73622
260766,40000
260767,56148
260768,43754
260769,77728
260770,40000
260771,62545
260772,53640
260773,53907
260774,40000
260775,70117
260776,40000
260777,40676
260778,40000
260779,48699
260780,45006
260781,42417
260782,48965
260783,44669
260784,40000
260785,40000
260786,40000
260787,62544
260788,57874
260789,41197
260790,40000
260791,40000
260792,62036
260793,44349
260794,77148
260795,68710
260796,40000
260797,40000
260798,54422
260799,40000
260800,40000
260801,64679
260802,49869
260803,75053
260804,53603
260805,40000
260806,40000
260807,40000
260808,41434
260809,40000
260810,57913
260811,75591
260812,42303
260813,40000
260814,52489
260815,40000
260816,60328
260817,47054
260818,40000
260819,78745
260820,74494
260821,45840
260822,40501
260823,57981
260824,54631
260825,40000
260826,62769
260827,48351
260828,40000
260829,53106
260830,77082
260831,66540
260832,88328
260833,41228
260834,50743
260835,40000
260836,64864
260837,48012
260838,49390
260839,75721
260840,44440
260841,40000
260842,40000
260843,66723
260844,43856
260845,53509
260846,48817
260847,40000
260848,46532
260849,43255
260850,40188
260851,40420
260852,40000
260853,41189
260854,59762
260855,56045
260856,40000
260857,46196
260858,40000
260859,55521
260860,40000
260861,52779
260862,53443
260863,58278
260864,72714
260865,48791
260866,68157
260867,54695
260868,54193
260869,40000
260870,40000
260871,58159
260872,59703
260873,40000
260874,40000
260875,48440
260876,40000
260877,76899
260878,40000
260879,51121
260880,56046
260881,65662
260882,68808
260883,61761
260884,64244
260885,86148
260886,57255
260887,48769
260888,44745
260889,45696
260890,40000
260891,40000
260892,86191
260893,70667
260894,58897
260895,57607
260896,51738
260897,40000
260898,52726
260899,40000
260900,40000
260901,40000
260902,57750
260903,40000
260904,60315
260905,58820
260906,40000
260907,80034
260908,52616
260909,51398
260910,73740
260911,52819
260912,44197
260913,53652
260914,58431
260915,40000
260916,79518
260917,84830
260918,92157
260919,40000
260920,53846
260921,41696
260922,40000
260923,65132
260924,72612
260925,40000
260926,63601
260927,53097
260928,40000
260929,40000
260930,46247
260931,55368
260932,63168
260933,61059
260934,67629
260935,54571
260936,40000
260937,40000
260938,47272
260939,74974
260940,44632
260941,57629
260942,110716
260943,79017
260944,41774
260945,40000
260946,40000
260947,40000
260948,40000
260949,54302
260950,50133
260951,44909
260952,40000
260953,53222
260954,55559
260955,49503
260956,50588
260957,83174
260958,53544
260959,46881
260960,70702
260961,40000
260962,55506
260963,49087
260964,40000
260965,40000
260966,40000
260967,74217
260968,51249
260969,40000
260970,40000
260971,58626
260972,58104
260973,58732
260974,51169
260975,50824
260976,48704
260977,41034
260978,40000
260979,40000
260980,40000
260981,72561
260982,40640
260983,54570
260984,54180
260985,73398
260986,55902
260987,50477
260988,40000
260989,40962
260990,43007
260991,62810
260992,40564
260993,52675
260994,55458
260995,76763
260996,57073
260997,45529
260998,40000
260999,40000
261000,41114
261001,42150
261002,42435
261003,41396
261004,62809
261005,49542
261006,64402
261007,64321
261008,40000
261009,40000
261010,42646
261011,67102
261012,40000
261013,40000
261014,74574
261015,40000
261016,43491
261017,68767
261018,40000
261019,40000
261020,41236
261021,94646
261022,40000
261023,40000
261024,64196
261025,40000
261026,53212
261027,41361
261028,57280
261029,51178
261030,85593
261031,60966
261032,49020
261033,41750
261034,40000
261035,44504
261036,40000
261037,40000
261038,62049
261039,61237
261040,40000
261041,70489
261042,40000
261043,40000
261044,40000
261045,61301
261046,40000
261047,44797
261048,54732
261049,51782
261050,43390
261051,67219
261052,63808
261053,76210
261054,59904
261055,40000
261056,40000
261057,40000
261058,71235
261059,49633
261060,40000
261061,40000
261062,78797
261063,40000
261064,74815
261065,55345
261066,45101
261067,60412
261068,74126
261069,47065
261070,40000
261071,40000
261072,45789
261073,50109
261074,62448
261075,72589
261076,40000
261077,73439
261078,41078
261079,40000
261080,54114
261081,40000
261082,76596
261083,40000
261084,52438
261085,66901
261086,40000
261087,40000
261088,50040
261089,69657
261090,70819
261091,40000
261092,60327
261093,75057
261094,45741
261095,51232
261096,40048
261097,64916
261098,56132
261099,40000
261100,53088
261101,40000
261102,71002
261103,59058
261104,48654
261105,60129
261106,53421
261107,41998
261108,52793
261109,45502
261110,50150
261111,88168
261112,44675
261113,40000
261114,40331
261115,40000
261116,56969
261117,56151
261118,66163
261119,82249
261120,90607
261121,66917
261122,66254
261123,54539
261124,52162
261125,58171
261126,44296
261127,72264
261128,77616
261129,48364
261130,53934
261131,68652
261132,44617
261133,48159
261134,75802
261135,50209
261136,103702
261137,40000
261138,40000
261139,40000
261140,95737
261141,46292
261142,55984
261143,69057
261144,97888
261145,64331
261146,88014
261147,57009
261148,63235
261149,57877
261150,40000
261151,40000
261152,49780
261153,40000
261154,63249
261155,49224
261156,50605
261157,40000
261158,40000
261159,48512
261160,40000
261161,40000
261162,60986
261163,51616
261164,78095
261165,59854
261166,40000
261167,68491
261168,81054
261169,55650
261170,40000
261171,51943
261172,68463
261173,43210
261174,40000
261175,83477
261176,47942
261177,45695
261178,45848
261179,60258
261180,49982
261181,44309
261182,56548
261183,40000
261184,51696
261185,40000
261186,40000
261187,73711
261188,58268
261189,40000
261190,40000
261191,40000
261192,40000
261193,46988
261194,67590
261195,41702
261196,40000
261197,44897
261198,56714
261199,55763
261200,40000
261201,40000
261202,67449
261203,59197
261204,40000
261205,40000
261206,75295
261207,52487
261208,53814
261209,40000
261210,47890
261211,71829
261212,47681
261213,100122
261214,40447
261215,41633
261216,40000
261217,70168
261218,44001
261219,40000
261220,46868
261221,44211
261222,40000
261223,50490
261224,68940
261225,40000
261226,80285
261227,40000
261228,40000
261229,40000
261230,40000
261231,53523
261232,72880
261233,40000
261234,47627
261235,40000
261236,42517
261237,58072
261238,40000
261239,40000
261240,40000
261241,66241
261242,50204
261243,53004
261244,47358
261245,47656
261246,82575
261247,58994
261248,40000
261249,56399
261250,41385
261251,53882
261252,40000
261253,64743
261254,79289
261255,48309
261256,42480
261257,44251
261258,40000
261259,81501
261260,43529
261261,86407
261262,51622
261263,65524
261264,60149
261265,66384
261266,76170
261267,40000
261268,40000
261269,40000
261270,40000
261271,40000
261272,40000
261273,48933
261274,54587
261275,55030
261276,75943
261277,64103
261278,53104
261279,80023
261280,76385
261281,55305
261282,40000
261283,46297
261284,40000
261285,44505
261286,48734
261287,63720
261288,40000
261289,48285
261290,53272
261291,40000
261292,53802
261293,64253
261294,80551
261295,57432
261296,63942
261297,42499
261298,40000
261299,58970
261300,40000
261301,40000
261302,44837
261303,40000
261304,52082
261305,54038
261306,49171
261307,45639
261308,55509
261309,65142
261310,43516
261311,52740
261312,40321
261313,40000
261314,48032
261315,52963
261316,40000
261317,42955
261318,40000
261319,57720
261320,53158
261321,78838
261322,40000
261323,40000
261324,40000
261325,69722
261326,50213
261327,48410
261328,57959
261329,40000
261330,44173
261331,66675
261332,54336
261333,82631
261334,50834
261335,54540
261336,55322
261337,67343
261338,40000
261339,60011
261340,50177
261341,49826
261342,40000
261343,59634
261344,58277
261345,40000
261346,61633
261347,48958
261348,66433
261349,58249
261350,73909
261351,40000
261352,73800
261353,40222
261354,50992
261355,44235
261356,40000
261357,40000
261358,62739
261359,40000
261360,62669
261361,40000
261362,95193
261363,40511
261364,50333
261365,82338
261366,64448
261367,43667
261368,47497
261369,40000
261370,40000
261371,40000
261372,40000
261373,59403
261374,40000
261375,74825
261376,64605
261377,40000
261378,60506
261379,40000
261380,44473
261381,40000
261382,40000
261383,69142
261384,40000
261385,57141
261386,45092
261387,40468
261388,40000
261389,69089
261390,41702
261391,80894
261392,80331
261393,40000
261394,66761
261395,40237
261396,49523
261397,44281
261398,40000
261399,40000
261400,100984
261401,45269
261402,40000
261403,64863
261404,40000
261405,40000
261406,52761
261407,77032
261408,41647
261409,90408
261410,43179
261411,93074
261412,51632
261413,51491
261414,84837
261415,40000
261416,53405
261417,55612
261418,51520
261419,40961
261420,40000
261421,51817
261422,40000
261423,71409
261424,68673
261425,50547
261426,86027
261427,69526
261428,44693
261429,58118
261430,47488
261431,98858
261432,40000
261433,70906
261434,40000
261435,46239
261436,44277
261437,40000
261438,40000
261439,71688
261440,52088
261441,40000
261442,64627
261443,40000
261444,40000
261445,40000
261446,82468
261447,49570
261448,50465
261449,53471
261450,76814
261451,69345
261452,62876
261453,83868
261454,40000
261455,78982
261456,51745
261457,40000
261458,40000
261459,59739
261460,66783
261461,59101
261462,57216
261463,61506
261464,49929
261465,40000
261466,57333
261467,40000
261468,48711
261469,53797
261470,40000
261471,40000
261472,40000
261473,47392
261474,40000
261475,70013
261476,50299
261477,74364
261478,47829
261479,52422
261480,40153
261481,40000
261482,58984
261483,61210
261484,83273
261485,68341
261486,40000
261487,51241
261488,69806
261489,40000
261490,53307
261491,50196
261492,40000
261493,48460
261494,53227
261495,40000
261496,40000
261497,44172
261498,40000
261499,57438
261500,56177
261501,69259
261502,67392
261503,46396
261504,45316
261505,42339
261506,42339
261507,68938
261508,70001
261509,87433
261510,40000
261511,80725
261512,63368
261513,47074
261514,60618
261515,40000
261516,40000
261517,40000
261518,42450
261519,52231
261520,44610
261521,40000
261522,53098
261523,40000
261524,40000
261525,61785
261526,74610
261527,41800
261528,56309
261529,75312
261530,40000
261531,46578
261532,40000
261533,41914
261534,66437
261535,59243
261536,40000
261537,40000
261538,40000
261539,40000
261540,69092
261541,40000
261542,40000
261543,90571
261544,50337
261545,40000
261546,70526
261547,41379
261548,73014
261549,40000
261550,83540
261551,40000
261552,40000
261553,40000
261554,50386
261555,47201
261556,65816
261557,53678
261558,40000
261559,50140
261560,40000
261561,40000
261562,40000
261563,66335
261564,50181
261565,97839
261566,40981
261567,72616
261568,51445
261569,81187
261570,49426
261571,71810
261572,76911
261573,50570
261574,41190
261575,40000
261576,43633
261577,54291
261578,54062
261579,98279
261580,40000
261581,40000
261582,50038
261583,53263
261584,91588
261585,82774
261586,40000
261587,40000
261588,40000
261589,69278
261590,40785
261591,40000
261592,40000
261593,48322
261594,60089
261595,50607
261596,40000
261597,48447
261598,40000
261599,42580
261600,83331
261601,56528
261602,40000
261603,65374
261604,104353
261605,48477
261606,88052
261607,59171
261608,40000
261609,54822
261610,57128
261611,40000
261612,77956
261613,72515
261614,90940
261615,50486
261616,51804
261617,74030
261618,40000
261619,50325
261620,86372
261621,83865
261622,45238
261623,58951
261624,40000
261625,42558
261626,49761
261627,64078
261628,40000
261629,55809
261630,40000
261631,48817
261632,51623
261633,41402
261634,51353
261635,41984
261636,80100
261637,40000
261638,47262
261639,47830
261640,80029
261641,40000
261642,40000
261643,40000
261644,40000
261645,40000
261646,41540
261647,60043
261648,56333
261649,40000
261650,40000
261651,77905
261652,60257
261653,40000
261654,42965
261655,40000
261656,73090
261657,40000
261658,52395
261659,58899
261660,56047
261661,63422
261662,64577
261663,69891
261664,66927
261665,40000
261666,42012
261667,60882
261668,47551
261669,40000
261670,42126
261671,40000
261672,53950
261673,51116
261674,41841
261675,81996
261676,55477
261677,77226
261678,40000
261679,83532
261680,66703
261681,65825
261682,40000
261683,58588
261684,44543
261685,48743
261686,40000
261687,40000
261688,40000
261689,56919
261690,40000
261691,44761
261692,41262
261693,45708
261694,66962
261695,57189
261696,40000
261697,64293
261698,40000
261699,73097
261700,40000
261701,63290
261702,40000
261703,54516
261704,40000
261705,52409
261706,63670
261707,88512
261708,40000
261709,40000
261710,40000
261711,96751
261712,40000
261713,40000
261714,40000
261715,48689
261716,71201
261717,49729
261718,52463
261719,65323
261720,60445
261721,66597
261722,62638
261723,47664
261724,49248
261725,40000
261726,40000
261727,55203
261728,69446
261729,40000
261730,49666
261731,40000
261732,46948
261733,77028
261734,42279
261735,42525
261736,97816
261737,40000
261738,60861
261739,40000
261740,85927
261741,40000
261742,42679
261743,59305
261744,42976
261745,81688
261746,45248
261747,40000
261748,40000
261749,72007
261750,43801
261751,40000
261752,67646
261753,80284
261754,47396
261755,69694
261756,79865
261757,55491
261758,53714
261759,77675
261760,40000
261761,40000
261762,77259
261763,43899
261764,40000
261765,40000
261766,40000
261767,48590
261768,62991
261769,60015
261770,46049
261771,40000
261772,49257
261773,50393
261774,59540
261775,63850
261776,42022
261777,46533
261778,50366
261779,48566
261780,40000
261781,40000
261782,93708
261783,40000
261784,56000
261785,45169
261786,48557
261787,63317
261788,71070
261789,40000
261790,40000
261791,56860
261792,98958
261793,42515
261794,54564
261795,40000
261796,40000
261797,40000
261798,40000
261799,94484
261800,81392
261801,46750
261802,40000
261803,57206
261804,59718
261805,40000
261806,40000
261807,40000
261808,51001
261809,41742
261810,58874
261811,40000
261812,40000
261813,40000
261814,41689
261815,40000
261816,40000
261817,59467
261818,40666
261819,41862
261820,46275
261821,76235
261822,71227
261823,40000
261824,98560
261825,87047
261826,40000
261827,40000
261828,52395
261829,43944
261830,62242
261831,75579
261832,40000
261833,44283
261834,62315
261835,55028
261836,42533
261837,66649
261838,40000
261839,41895
261840,40000
261841,43251
261842,45473
261843,42651
261844,69369
261845,40000
261846,52263
261847,55544
261848,40000
261849,40000
261850,65006
261851,40000
261852,48340
261853,40000
261854,45270
261855,40000
261856,69634
261857,64085
261858,40000
261859,40000
261860,40000
261861,40000
261862,73235
261863,63107
261864,70807
261865,73944
261866,40000
261867,75178
261868,46630
261869,40000
261870,40000
261871,61189
261872,72093
261873,43169
261874,40000
261875,67105
261876,40000
261877,40000
261878,91958
261879,44149
261880,45808
261881,40000
261882,50127
261883,53780
261884,49468
261885,62631
261886,58346
261887,52999
261888,50276
261889,42697
261890,40000
261891,40000
261892,70518
261893,40399
261894,59071
261895,62519
261896,51623
261897,49143
261898,46725
261899,73354
261900,90098
261901,40000
261902,40000
261903,41497
261904,40000
261905,40000
261906,40000
261907,40000
261908,40000
261909,55610
261910,52220
261911,51031
261912,40000
261913,74228
261914,63661
261915,69238
261916,40000
261917,44834
261918,40000
261919,51396
261920,43788
261921,61479
261922,40000
261923,40000
261924,40000
261925,69165
261926,55255
261927,75794
261928,40000
261929,40632
261930,40000
261931,51521
261932,46588
261933,40000
261934,76430
261935,40000
261936,40000
261937,40000
261938,51821
261939,49399
261940,40000
261941,73316
261942,65049
261943,58806
261944,83315
261945,40000
261946,61014
261947,52040
261948,56746
261949,49459
261950,47760
261951,53823
261952,40000
261953,40000
261954,61889
261955,54914
261956,56659
261957,54278
261958,40408
261959,40000
261960,49578
261961,40000
261962,40000
261963,55909
261964,48100
261965,69895
261966,40000
261967,40066
261968,40000
261969,89662
261970,78859
261971,44826
261972,68018
261973,40000
261974,40000
261975,40000
261976,40855
261977,53634
261978,40000
261979,40000
261980,59870
261981,61784
261982,69997
261983,40000
261984,57263
261985,50206
261986,50346
261987,40000
261988,90005
261989,64076
261990,55592
261991,40000
261992,87911
261993,40000
261994,46442
261995,44852
261996,61865
261997,48561
261998,86125
261999,62581
262000,51954
262001,40000
262002,40000
262003,62722
262004,40000
262005,89696
262006,66442
262007,73358
262008,40000
262009,40000
262010,44055
262011,91078
262012,40000
262013,84218
262014,52698
262015,40000
262016,89878
262017,43016
262018,40000
262019,44240
262020,48165
262021,63679
262022,40000
262023,40000
262024,63290
262025,52274
262026,50717
262027,59202
262028,45364
262029,45478
262030,40000
262031,50986
262032,40000
262033,54647
262034,40000
262035,40000
262036,40000
262037,40000
262038,47897
262039,40000
262040,63280
262041,40000
262042,63434
262043,62260
262044,51288
262045,57344
262046,40000
262047,67633
262048,64286
262049,40000
262050,74809
262051,40000
262052,54218
262053,64539
262054,66171
262055,44537
262056,65158
262057,65644
262058,40000
262059,48682
262060,40000
262061,51193
262062,44612
262063,73665
262064,53620
262065,40000
262066,40000
262067,40000
262068,67744
262069,40000
262070,51432
262071,50892
262072,57948
262073,50941
262074,40000
262075,40000
262076,40000
262077,51564
262078,59089
262079,77462
262080,40000
262081,51745
262082,61463
262083,76413
262084,40000
262085,59790
262086,54288
262087,68279
262088,40000
262089,95573
262090,40000
262091,50502
262092,64176
262093,40000
262094,62807
262095,62905
262096,40000
262097,46107
262098,54542
262099,45776
262100,49616
262101,60263
262102,75921
262103,40000
262104,48925
262105,89631
262106,50032
262107,40000
262108,40000
262109,57693
262110,51487
262111,40000
262112,80083
262113,48314
262114,78155
262115,40000
262116,46098
262117,40000
262118,40000
262119,40000
262120,55839
262121,43114
262122,40000
262123,57849
262124,53892
262125,52593
262126,59226
262127,102511
262128,42781
262129,41299
262130,42489
262131,48217
262132,45832
262133,62411
262134,86253
262135,57257
262136,41211
262137,59762
262138,98794
262139,40000
262140,63306
262141,40000
262142,63414
262143,40000
262144,43967
262145,62668
262146,40000
262147,40440
262148,40000
262149,55850
262150,40000
262151,40000
262152,40000
262153,44370
262154,40000
262155,40000
262156,70048
262157,60907
262158,79394
262159,61054
262160,40000
262161,71188
262162,40000
262163,40000
262164,67429
262165,40000
262166,43126
262167,46343
262168,63842
262169,68364
262170,47231
262171,68963
262172,42250
262173,43324
262174,75297
262175,68036
262176,40000
262177,40000
262178,40000
262179,60184
262180,40000
262181,52676
262182,80122
262183,59752
262184,55886
262185,40000
262186,61326
262187,61449
262188,40000
262189,49533
262190,40000
262191,75839
262192,57390
262193,40000
262194,51970
262195,40000
262196,50030
262197,42431
262198,54477
262199,75008
262200,65144
262201,40000
262202,48707
262203,62843
262204,71755
262205,57795
262206,48208
262207,59566
262208,82779
262209,69427
262210,50052
262211,43966
262212,63535
262213,40000
262214,49964
262215,46799
262216,76452
262217,40000
262218,40196
262219,74779
262220,40000
262221,70049
262222,52312
262223,65174
262224,59597
262225,65970
262226,58464
262227,54609
262228,40000
262229,40000
262230,40000
262231,42373
262232,40000
262233,72251
262234,75630
262235,40015
262236,40000
262237,76991
262238,80606
262239,45216
262240,40000
262241,57099
262242,72037
262243,52779
262244,40000
262245,40000
262246,40000
262247,47120
262248,60835
262249,62562
262250,57408
262251,40000
262252,46869
262253,48641
262254,57988
262255,44941
262256,64206
262257,40000
262258,48238
262259,42872
262260,44838
262261,40000
262262,67049
262263,52599
262264,40000
262265,40000
262266,41529
262267,47095
262268,40000
262269,46787
262270,40000
262271,40000
262272,64799
262273,40000
262274,73132
262275,55820
262276,53783
262277,42359
262278,52911
262279,60212
262280,68141
262281,56221
262282,57884
262283,65700
262284,44158
262285,70468
262286,47874
262287,42123
262288,42612
262289,67103
262290,40000
262291,40000
262292,54794
262293,76734
262294,40000
262295,45355
262296,49136
262297,55328
262298,63868
262299,40306
262300,81755
262301,40000
262302,40000
262303,48146
262304,40000
262305,40000
262306,45619
262307,40000
262308,95927
262309,95110
262310,40000
262311,67963
262312,51267
262313,57891
262314,58983
262315,41083
262316,77172
262317,57641
262318,40000
262319,42427
262320,58374
262321,73934
262322,48171
262323,40000
262324,40000
262325,40000
262326,40000
262327,52623
262328,63741
262329,47496
262330,55221
262331,84937
262332,40000
262333,45360
262334,40000
262335,46609
262336,78273
262337,48306
262338,40000
262339,42134
262340,49501
262341,40000
262342,80324
262343,42101
262344,47261
262345,66065
262346,40000
262347,76090
262348,53824
262349,40000
262350,51407
262351,55676
262352,46928
262353,40000
262354,52155
262355,69180
262356,68629
262357,69998
262358,68726
262359,40000
262360,88875
262361,40785
262362,44485
262363,55730
262364,48968
262365,61556
262366,69321
262367,40000
262368,79115
262369,40000
262370,55873
262371,60052
262372,54685
262373,60678
262374,65302
262375,66194
262376,62325
262377,42759
262378,59539
262379,75361
262380,49578
262381,50192
262382,48466
262383,56393
262384,52172
262385,40000
262386,49907
262387,69938
262388,40000
262389,40000
262390,42163
262391,46673
262392,46924
262393,58673
262394,40000
262395,40000
262396,43634
262397,59375
262398,40000
262399,50032
262400,83476
262401,40000
262402,70007
262403,69655
262404,59843
262405,60503
262406,46718
262407,89813
262408,50225
262409,69559
262410,75010
262411,66022
262412,40000
262413,40000
262414,40000
262415,61302
262416,40000
262417,40000
262418,55354
262419,47543
262420,48852
262421,40000
262422,40000
262423,40000
262424,51920
262425,45954
262426,54553
262427,64856
262428,70301
262429,52201
262430,43531
262431,40000
262432,63869
262433,40000
262434,46289
262435,40000
262436,42764
262437,53706
262438,40000
262439,78223
262440,45056
262441,59759
262442,43700
262443,40000
262444,40000
262445,61859
262446,40000
262447,70845
262448,40000
262449,71392
262450,40000
262451,40000
262452,88682
262453,40150
262454,51723
262455,48804
262456,50245
262457,40000
262458,40000
262459,60251
262460,60628
262461,58321
262462,40000
262463,54366
262464,40000
262465,52350
262466,42212
262467,63779
262468,49640
262469,73648
262470,40000
262471,40000
262472,76968
262473,56772
262474,40000
262475,40000
262476,57238
262477,40000
262478,59344
262479,40000
262480,52767
262481,61925
262482,40000
262483,40000
262484,55901
262485,40000
262486,40000
262487,40000
262488,40000
262489,41288
262490,69292
262491,47059
262492,42848
262493,40000
262494,40844
262495,62299
262496,40000
262497,52988
262498,40000
262499,41283
262500,40000
262501,70967
262502,74929
262503,68861
262504,64074
262505,47541
262506,71802
262507,45837
262508,59190
262509,84731
262510,44775
262511,44780
262512,40000
262513,73975
262514,40000
262515,62024
262516,56925
262517,44826
262518,40000
262519,58980
262520,40000
262521,40000
262522,40000
262523,40000
262524,40000
262525,75274
262526,40000
262527,55895
262528,40000
262529,61131
262530,49458
262531,40000
262532,40000
262533,55923
262534,84945
262535,40000
262536,66132
262537,40000
262538,47622
262539,40000
262540,40000
262541,40000
262542,78891
262543,40328
262544,40000
262545,40000
262546,64852
262547,58562
262548,40030
262549,40000
262550,77233
262551,45607
262552,72328
262553,40000
262554,58261
262555,41290
262556,40000
262557,54613
262558,64208
262559,60848
262560,56439
262561,67260
262562,40000
262563,68843
262564,45419
262565,54513
262566,40000
262567,88658
262568,56466
262569,40000
262570,41868
262571,40000
262572,81779
262573,70003
262574,40000
262575,46615
262576,43770
262577,59348
262578,40000
262579,51238
262580,56546
262581,48530
262582,40000
262583,81830
262584,40000
262585,40000
262586,69376
262587,71895
262588,40000
262589,40000
262590,83453
262591,65364
262592,42830
262593,44402
262594,46529
262595,67001
262596,74873
262597,54973
262598,75565
262599,47665
262600,62298
262601,56403
262602,79806
262603,69071
262604,51059
262605,40000
262606,40000
262607,55818
262608,40000
262609,65436
262610,40000
262611,49642
262612,60251
262613,40000
262614,74802
262615,49194
262616,48823
262617,40000
262618,56046
262619,60055
262620,40000
262621,53749
262622,63750
262623,67473
262624,46317
262625,40000
262626,61586
262627,54133
262628,53517
262629,40000
262630,74831
262631,56579
262632,40000
262633,40000
262634,56165
262635,88266
262636,62056
262637,59272
262638,40000
262639,63259
262640,75601
262641,56587
262642,40000
262643,87434
262644,57474
262645,43537
262646,50201
262647,40000
262648,44104
262649,52533
262650,40000
262651,51520
262652,46969
262653,79350
262654,79675
262655,40000
262656,40000
262657,40000
262658,40000
262659,58405
262660,46772
262661,62218
262662,40000
262663,42308
262664,74598
262665,46174
262666,40000
262667,45215
262668,48785
262669,77302
262670,54521
262671,72500
262672,64129
262673,40000
262674,44008
262675,44806
262676,40000
262677,72416
262678,40000
262679,62733
262680,40000
262681,40277
262682,40000
262683,40000
262684,44242
262685,40000
262686,60014
262687,73384
262688,76402
262689,90544
262690,40000
262691,40000
262692,40000
262693,60508
262694,41771
262695,56042
262696,70505
262697,82226
262698,40000
262699,54735
262700,40000
262701,40000
262702,84049
262703,40000
262704,65130
262705,40000
262706,63118
262707,48415
262708,68220
262709,62180
262710,58848
262711,51573
262712,40000
262713,40000
262714,40000
262715,40000
262716,53852
262717,59341
262718,47662
262719,40000
262720,63066
262721,56165
262722,55796
262723,40000
262724,72281
262725,40026
262726,40000
262727,53720
262728,40000
262729,46276
262730,40000
262731,72440
262732,40000
262733,40000
262734,40000
262735,59643
262736,49779
262737,40000
262738,50547
262739,45111
262740,56154
262741,48364
262742,62709
262743,40813
262744,52088
262745,40000
262746,40000
262747,50053
262748,40000
262749,81500
262750,40000
262751,87993
262752,63602
262753,40875
262754,40000
262755,44314
262756,50864
262757,51157
262758,56392
262759,57081
262760,49337
262761,40000
262762,59266
262763,63989
262764,40000
262765,56035
262766,54082
262767,40000
262768,40000
262769,82859
262770,52624
262771,40000
262772,68394
262773,72768
262774,64503
262775,40000
262776,40000
262777,75058
262778,40000
262779,48414
262780,47748
262781,96817
262782,57731
262783,71137
262784,49572
262785,55380
262786,47030
262787,70966
262788,50409
262789,59903
262790,40000
262791,55487
262792,40000
262793,83787
262794,60458
262795,43049
262796,72115
262797,40000
262798,44903
262799,70996
262800,40000
262801,40000
262802,40000
262803,47794
262804,48280
262805,40000
262806,48837
262807,52060
262808,40000
262809,70050
262810,40000
262811,72689
262812,40000
262813,47779
262814,40000
262815,57476
262816,40000
262817,66997
262818,53413
262819,72849
262820,54968
262821,58016
262822,58895
262823,48946
262824,40000
262825,60509
262826,66773
262827,62730
262828,69842
262829,40000
262830,40000
262831,55048
262832,48747
262833,64683
262834,40947
262835,60600
262836,87414
262837,40000
262838,46488
262839,40000
262840,40000
262841,40000
262842,41405
262843,40000
262844,44975
262845,62421
262846,45996
262847,40000
262848,83016
262849,65315
262850,66484
262851,40000
262852,40000
262853,51828
262854,59115
262855,40000
262856,40000
262857,51104
262858,64094
262859,42154
262860,58020
262861,82077
262862,64810
262863,40000
262864,64572
262865,40243
262866,54603
262867,66885
262868,77200
262869,76045
262870,41550
262871,59425
262872,54749
262873,44813
262874,43639
262875,40000
262876,45445
262877,72543
262878,66505
262879,56954
262880,78130
262881,40325
262882,40000
262883,40000
262884,43918
262885,62204
262886,62435
262887,59977
262888,62677
262889,59940
262890,65935
262891,40000
262892,40000
262893,64776
262894,59148
262895,41190
262896,40000
262897,80278
262898,49826
262899,65899
262900,54674
262901,58984
262902,58149
262903,40000
262904,41077
262905,68177
262906,77242
262907,63152
262908,71734
262909,45348
262910,49904
262911,61768
262912,41925
262913,40000
262914,78503
262915,55648
262916,40000
262917,78983
262918,48632
262919,45859
262920,50476
262921,44051
262922,46322
262923,40000
262924,40000
262925,40662
262926,77127
262927,52346
262928,40000
262929,49723
262930,80272
262931,65844
262932,46035
262933,62372
262934,40000
262935,40000
262936,43673
262937,66246
262938,70227
262939,40000
262940,40000
262941,83709
262942,67659
262943,45463
262944,40000
262945,57388
262946,40000
262947,85960
262948,104347
262949,43101
262950,64584
262951,51725
262952,45146
262953,58092
262954,49982
262955,40000
262956,40000
262957,78868
262958,52576
262959,66699
262960,48835
262961,55465
262962,63779
262963,40000
262964,40000
262965,41677
262966,40000
262967,59785
262968,40000
262969,40000
262970,69148
262971,40000
262972,68083
262973,40000
262974,40000
262975,52832
262976,61396
262977,76420
262978,40000
262979,53404
262980,40000
262981,40000
262982,48529
262983,40000
262984,40000
262985,53236
262986,51094
262987,48854
262988,82456
262989,40000
262990,54527
262991,48011
262992,52718
262993,40000
262994,48776
262995,40000
262996,40000
262997,40000
262998,54973
262999,59650
263000,48050
263001,40000
263002,52819
263003,42426
263004,95517
263005,53241
263006,40000
263007,46842
263008,71798
263009,40000
263010,46756
263011,40000
263012,40755
263013,67020
263014,40000
263015,40000
263016,55783
263017,40000
263018,50902
263019,40000
263020,40000
263021,70429
263022,40000
263023,80438
263024,47478
263025,77660
263026,40000
263027,45416
263028,85715
263029,40000
263030,48537
263031,40000
263032,79871
263033,40000
263034,40000
263035,40816
263036,70389
263037,49018
263038,49530
263039,40000
263040,40123
263041,100162
263042,40000
263043,63832
263044,59809
263045,44248
263046,69824
263047,57492
263048,80537
263049,40000
263050,42353
263051,77801
263052,40000
263053,43874
263054,40000
263055,70421
263056,44195
263057,40000
263058,44863
263059,40000
263060,40000
263061,65580
263062,55805
263063,40000
263064,40000
263065,40000
263066,40000
263067,47372
263068,72830
263069,60571
263070,40000
263071,50030
263072,56832
263073,40000
263074,40000
263075,46100
263076,40053
263077,48207
263078,83169
263079,40000
263080,40000
263081,76533
263082,52476
263083,40000
263084,61053
263085,55013
263086,40000
263087,49386
263088,41440
263089,42573
263090,49764
263091,40000
263092,40000
263093,51087
263094,40000
263095,43929
263096,40000
263097,40000
263098,70193
263099,45820
263100,97091
263101,70102
263102,42708
263103,74797
263104,61209
263105,40000
263106,60033
263107,40000
263108,78667
263109,40521
263110,68319
263111,48157
263112,64086
263113,40000
263114,40000
263115,43495
263116,46314
263117,40000
263118,40000
263119,40000
263120,40000
263121,40000
263122,62522
263123,52236
263124,71558
263125,63785
263126,41022
263127,40000
263128,53996
263129,41541
263130,40000
263131,95993
263132,40000
263133,47362
263134,64524
263135,41136
263136,63631
263137,41910
263138,48147
263139,50038
263140,76277
263141,40000
263142,72840
263143,51619
263144,43766
263145,40000
263146,43278
263147,50029
263148,59288
263149,64585
263150,40000
263151,56155
263152,40639
263153,40000
263154,93938
263155,54013
263156,54099
263157,40926
263158,64029
263159,54330
263160,66089
263161,40000
263162,49507
263163,63385
263164,40000
263165,69803
263166,55954
263167,57519
263168,63001
263169,54641
263170,51757
263171,40000
263172,49218
263173,42153
263174,54976
263175,54292
263176,71114
263177,46923
263178,79708
263179,40000
263180,60675
263181,40647
263182,40000
263183,40000
263184,51282
263185,62172
263186,40000
263187,42784
263188,40000
263189,40000
263190,52344
263191,40000
263192,45101
263193,64182
263194,40000
263195,73182
263196,40000
263197,72408
263198,66043
263199,47557
263200,40000
263201,40000
263202,40000
263203,53619
263204,65196
263205,40257
263206,75731
263207,40000
263208,40000
263209,40000
263210,55735
263211,40000
263212,58152
263213,68999
263214,85253
263215,57721
263216,40000
263217,70753
263218,54289
263219,54033
263220,66244
263221,50773
263222,52407
263223,40000
263224,50697
263225,83222
263226,77182
263227,47586
263228,72598
263229,76148
263230,51345
263231,55406
263232,86576
263233,73595
263234,40000
263235,41399
263236,40682
263237,59349
263238,54472
263239,40000
263240,51831
263241,40000
263242,53612
263243,93759
263244,43734
263245,40000
263246,59847
263247,55826
263248,70698
263249,67709
263250,56629
263251,56139
263252,49229
263253,41923
263254,40000
263255,58988
263256,40000
263257,40000
263258,55004
263259,56248
263260,40000
263261,40455
263262,40000
263263,41237
263264,51754
263265,51044
263266,40000
263267,67152
263268,49498
263269,44853
263270,40000
263271,40000
263272,40000
263273,59023
263274,40000
263275,40000
263276,44710
263277,40000
263278,70415
263279,40000
263280,50146
263281,45926
263282,65616
263283,40000
263284,59383
263285,40000
263286,58474
263287,40000
263288,66200
263289,40000
263290,43270
263291,75172
263292,65472
263293,40000
263294,51828
263295,41572
263296,48144
263297,40000
263298,40000
263299,67141
263300,43232
263301,46370
263302,65187
263303,40000
263304,44020
263305,40000
263306,40000
263307,40000
263308,40876
263309,60277
263310,40000
263311,62981
263312,88466
263313,68173
263314,55847
263315,77915
263316,40000
263317,40000
263318,58099
263319,62556
263320,63681
263321,51180
263322,45802
263323,52459
263324,75171
263325,65564
263326,60064
263327,40000
263328,50968
263329,81232
263330,70144
263331,83543
263332,60302
263333,51647
263334,49761
263335,42865
263336,47587
263337,71424
263338,67169
263339,40000
263340,78472
263341,57589
263342,40000
263343,74604
263344,53528
263345,40000
263346,50911
263347,65106
263348,43419
263349,64768
263350,44408
263351,54129
263352,40000
263353,40000
263354,65045
263355,40000
263356,41936
263357,52237
263358,40000
263359,50047
263360,62646
263361,54757
263362,40000
263363,40000
263364,51676
263365,40000
263366,64261
263367,49907
263368,52596
263369,45627
263370,76883
263371,52995
263372,71938
263373,46645
263374,40000
263375,40000
263376,40000
263377,53057
263378,40000
263379,57473
263380,80829
263381,49965
263382,50736
263383,73912
263384,47685
263385,78386
263386,102230
263387,43786
263388,53247
263389,40000
263390,40000
263391,40000
263392,40000
263393,50070
263394,66228
263395,52392
263396,44701
263397,48835
263398,43104
263399,61789
263400,41138
263401,40000
263402,41649
263403,40000
263404,40000
263405,40000
263406,40000
263407,72715
263408,40000
263409,46030
263410,68496
263411,50580
263412,55702
263413,62422
263414,58753
263415,40000
263416,40000
263417,72047
263418,57613
263419,40000
263420,60514
263421,48306
263422,59320
263423,40000
263424,42973
263425,102489
263426,66805
263427,55928
263428,40000
263429,45109
263430,40000
263431,40000
263432,62450
263433,46005
263434,58426
263435,40000
263436,57380
263437,50811
263438,55388
263439,40000
263440,40000
263441,40000
263442,47582
263443,61702
263444,41757
263445,40000
263446,40000
263447,53347
263448,40000
263449,57001
263450,60913
263451,45069
263452,46169
263453,47852
263454,81032
263455,78546
263456,40000
263457,40000
263458,40000
263459,65127
263460,57711
263461,40000
263462,40000
263463,51546
263464,83055
263465,40000
263466,70804
263467,81977
263468,42461
263469,60713
263470,46366
263471,56274
263472,51195
263473,58766
263474,50248
263475,49758
263476,40000
263477,65513
263478,54290
263479,40000
263480,60374
263481,49185
263482,58869
263483,40000
263484,40000
263485,88696
263486,59850
263487,52455
263488,61955
263489,41569
263490,40000
263491,61184
263492,40000
263493,47803
263494,40000
263495,73168
263496,49359
263497,40000
263498,44317
263499,46728
263500,40000
263501,44215
263502,74005
263503,40000
263504,40000
263505,71285
263506,54586
263507,40000
263508,40000
263509,40000
263510,43008
263511,82954
263512,55951
263513,50195
263514,40000
263515,40000
263516,46623
263517,59277
263518,40000
263519,50861
263520,75149
263521,54683
263522,40000
263523,40000
263524,57703
263525,72233
263526,51725
263527,40541
263528,47749
263529,78925
263530,49217
263531,69279
263532,46513
263533,40000
263534,40000
263535,72639
263536,60794
263537,48785
263538,42724
263539,40000
263540,40000
263541,48885
263542,55701
263543,40000
263544,40000
263545,69790
263546,46410
263547,40000
263548,40000
263549,40000
263550,68975
263551,70930
263552,66070
263553,40000
263554,59773
263555,45459
263556,52440
263557,57568
263558,54722
263559,68368
263560,88858
263561,43668
263562,58024
263563,56088
263564,40000
263565,47451
263566,40000
263567,40000
263568,40000
263569,43364
263570,40000
263571,63810
263572,44482
263573,59935
263574,68090
263575,68536
263576,40000
263577,46240
263578,45271
263579,48256
263580,40000
263581,40000
263582,40000
263583,40000
263584,61254
263585,58395
263586,56354
263587,40000
263588,55553
263589,40000
263590,45476
263591,40000
263592,50229
263593,48472
263594,40000
263595,42201
263596,42918
263597,56079
263598,52222
263599,46170
263600,73927
263601,40346
263602,53827
263603,40000
263604,69789
263605,40000
263606,40000
263607,40053
263608,40000
263609,78682
263610,55921
263611,51363
263612,45369
263613,40883
263614,44708
263615,60220
263616,49772
263617,69918
263618,40000
263619,40000
263620,44215
263621,72225
263622,57320
263623,40000
263624,43724
263625,46152
263626,54997
263627,51080
263628,68030
263629,40000
263630,40000
263631,51542
263632,49832
263633,66870
263634,69265
263635,40000
263636,50071
263637,45971
263638,62329
263639,68081
263640,48151
263641,40000
263642,40000
263643,51855
263644,40000
263645,62104
263646,40000
263647,40000
263648,47629
263649,67578
263650,93041
263651,40000
263652,50453
263653,40120
263654,40000
263655,40000
263656,58033
263657,40000
263658,40897
263659,40000
263660,44816
263661,40000
263662,58079
263663,40000
263664,44675
263665,40000
263666,51104
263667,40000
263668,69319
263669,51633
263670,40000
263671,43046
263672,50837
263673,59802
263674,58575
263675,78764
263676,68861
263677,45782
263678,53119
263679,40000
263680,48641
263681,49153
263682,40000
263683,72011
263684,40000
263685,48936
263686,78469
263687,40000
263688,76875
263689,69160
263690,68690
263691,40000
263692,64054
263693,85673
263694,40000
263695,71406
263696,40000
263697,40000
263698,51554
263699,40000
263700,40000
263701,40000
263702,48612
263703,46974
263704,55017
263705,54920
263706,68663
263707,45843
263708,49651
263709,40000
263710,40000
263711,47553
263712,40000
263713,59364
263714,69107
263715,53546
263716,40000
263717,74787
263718,40000
263719,40000
263720,90431
263721,57417
263722,40000
263723,54538
263724,72606
263725,41095
263726,55287
263727,40098
263728,70260
263729,50468
263730,40000
263731,86993
263732,48053
263733,63717
263734,40000
263735,57663
263736,58454
263737,76144
263738,44998
263739,55896
263740,40288
263741,66420
263742,66961
263743,45235
263744,64050
263745,94565
263746,40000
263747,40000
263748,40000
263749,83234
263750,40000
263751,83488
263752,40000
263753,41968
263754,52049
263755,76445
263756,89115
263757,80564
263758,40000
263759,52544
263760,64161
263761,49307
263762,48834
263763,75322
263764,58743
263765,45325
263766,57417
263767,40000
263768,52338
263769,49326
263770,51951
263771,40000
263772,40000
263773,48098
263774,40000
263775,40000
263776,63227
263777,40000
263778,40000
263779,40000
263780,76500
263781,40000
263782,40000
263783,40000
263784,46091
263785,40000
263786,82906
263787,40000
263788,55922
263789,42712
263790,48624
263791,40000
263792,40000
263793,71407
263794,52941
263795,70052
263796,40000
263797,40000
263798,40000
263799,40000
263800,75005
263801,106341
263802,87205
263803,40000
263804,40000
263805,40706
263806,51670
263807,45998
263808,51905
263809,69295
263810,55722
263811,45140
263812,66998
263813,40000
263814,44158
263815,49487
263816,54724
263817,65930
263818,53603
263819,78132
263820,85544
263821,41759
263822,42793
263823,40000
263824,40000
263825,44633
263826,84280
263827,57372
263828,40000
263829,60195
263830,56747
263831,50277
263832,40000
263833,67228
263834,77910
263835,40000
263836,45628
263837,47737
263838,62763
263839,40762
263840,63956
263841,83856
263842,40000
263843,65234
263844,40000
263845,64434
263846,40000
263847,44072
263848,45577
263849,40000
263850,40000
263851,66223
263852,77874
263853,58854
263854,49083
263855,54156
263856,40000
263857,43895
263858,40000
263859,72299
263860,74882
263861,54005
263862,40000
263863,40000
263864,44899
263865,40000
263866,101569
263867,71697
263868,73556
263869,53842
263870,40000
263871,56688
263872,40000
263873,40000
263874,52059
263875,92093
263876,45466
263877,48531
263878,95964
263879,40000
263880,40421
263881,60505
263882,72787
263883,40000
263884,61771
263885,46228
263886,85458
263887,40000
263888,43810
263889,40000
263890,40468
263891,47479
263892,59707
263893,40000
263894,49100
263895,40000
263896,53283
263897,49880
263898,57422
263899,67460
263900,40000
263901,67319
263902,45898
263903,40000
263904,59017
263905,40000
263906,40000
263907,84180
263908,40000
263909,40000
263910,69745
263911,62407
263912,47472
263913,43960
263914,53219
263915,40000
263916,48827
263917,62248
263918,47191
263919,61210
263920,60182
263921,57582
263922,79012
263923,53101
263924,41290
263925,56727
263926,43694
263927,55917
263928,67082
263929,80304
263930,40000
263931,46382
263932,59487
263933,44010
263934,42830
263935,40000
263936,52868
263937,40000
263938,40916
263939,61697
263940,63504
263941,46001
263942,40000
263943,59672
263944,47883
263945,55143
263946,40000
263947,54821
263948,40000
263949,40000
263950,54839
263951,40000
263952,40000
263953,40000
263954,40000
263955,118459
263956,40000
263957,40000
263958,40000
263959,53027
263960,40000
263961,40657
263962,75865
263963,59639
263964,40000
263965,40000
263966,40000
263967,49994
263968,69877
263969,52344
263970,52211
263971,59047
263972,75245
263973,63751
263974,54821
263975,40000
263976,40000
263977,54329
263978,43516
263979,40000
263980,41219
263981,49205
263982,59182
263983,40000
263984,40000
263985,67700
263986,58120
263987,44048
263988,66315
263989,46056
263990,66032
263991,88789
263992,66885
263993,44393
263994,40000
263995,40000
263996,40000
263997,65355
263998,71411
263999,56871
264000,69690
264001,49620
264002,68962
264003,40000
264004,40000
264005,42617
264006,46988
264007,46598
264008,69978
264009,46117
264010,90819
264011,68528
264012,71356
264013,95604
264014,54282
264015,51682
264016,48145
264017,44717
264018,46245
264019,71030
264020,42535
264021,79665
264022,66245
264023,49318
264024,51421
264025,40985
264026,40000
264027,58429
264028,40000
264029,43014
264030,40000
264031,59320
264032,66728
264033,54984
264034,84265
264035,40463
264036,40000
264037,40000
264038,61991
264039,55576
264040,42912
264041,40000
264042,40000
264043,40000
264044,40000
264045,47355
264046,82553
264047,40000
264048,40000
264049,45009
264050,55622
264051,40000
264052,60733
264053,46347
264054,60915
264055,61838
264056,88870
264057,52158
264058,59023
264059,65089
264060,40000
264061,40000
264062,60830
264063,57745
264064,40166
264065,47144
264066,40000
264067,56705
264068,40000
264069,55948
264070,62927
264071,84596
264072,52469
264073,44751
264074,40000
264075,80188
264076,40000
264077,52212
264078,41926
264079,40000
264080,40000
264081,51144
264082,54481
264083,40000
264084,40000
264085,40000
264086,69981
264087,65097
264088,40000
264089,42261
264090,40000
264091,50120
264092,47727
264093,52463
264094,55147
264095,70224
264096,52873
264097,40000
264098,40000
264099,67158
264100,71316
264101,51910
264102,43437
264103,55402
264104,45696
264105,62099
264106,40000
264107,40000
264108,41309
264109,40000
264110,80535
264111,40282
264112,40760
264113,63738
264114,51680
264115,40000
264116,40000
264117,53388
264118,40000
264119,40000
264120,60864
264121,46460
264122,43817
264123,40000
264124,64290
264125,95123
264126,71356
264127,40000
264128,90452
264129,66572
264130,57671
264131,45239
264132,40000
264133,47967
264134,91879
264135,40000
264136,72611
264137,40000
264138,55633
264139,40000
264140,44167
264141,40000
264142,40000
264143,40000
264144,80522
264145,47115
264146,69213
264147,62476
264148,40000
264149,50302
264150,59936
264151,78850
264152,47413
264153,52127
264154,40000
264155,60947
264156,40000
264157,40000
264158,40000
264159,40000
264160,72800
264161,40000
264162,50785
264163,40000
264164,64542
264165,40000
264166,40000
264167,59581
264168,40000
264169,40000
264170,40000
264171,52295
264172,69818
264173,40000
264174,56167
264175,75061
264176,68355
264177,48664
264178,50964
264179,72361
264180,40000
264181,48329
264182,64027
264183,75661
264184,54367
264185,69033
264186,55917
264187,49124
264188,45073
264189,55286
264190,60119
264191,40000
264192,44235
264193,79937
264194,68609
264195,40000
264196,43555
264197,51599
264198,49761
264199,63983
264200,40000
264201,56526
264202,59794
264203,81340
264204,40000
264205,63519
264206,70857
264207,74668
264208,40323
264209,63131
264210,71329
264211,40000
264212,40000
264213,40000
264214,46047
264215,50986
264216,40000
264217,74291
264218,40000
264219,40000
264220,73313
264221,45972
264222,55956
264223,41741
264224,68086
264225,45795
264226,53320
264227,46715
264228,44894
264229,54510
264230,76770
264231,40000
264232,49905
264233,40000
264234,40000
264235,78706
264236,57574
264237,61510
264238,83656
264239,40000
264240,42090
264241,55578
264242,40000
264243,47967
264244,40000
264245,40000
264246,49073
264247,45138
264248,40000
264249,40000
264250,40000
264251,40000
264252,65044
264253,60547
264254,49171
264255,40000
264256,40000
264257,40000
264258,47669
264259,47506
264260,67337
264261,40000
264262,55744
264263,80994
264264,40000
264265,40000
264266,45006
264267,40000
264268,58307
264269,40000
264270,50290
264271,59764
264272,43143
264273,64848
264274,45947
264275,45745
264276,59140
264277,44329
264278,40000
264279,86599
264280,59767
264281,65364
264282,59018
264283,45343
264284,42276
264285,53161
264286,89580
264287,58428
264288,40000
264289,45324
264290,62375
264291,66812
264292,60054
264293,82963
264294,40000
264295,48275
264296,40000
264297,40000
264298,40000
264299,63031
264300,40000
264301,46972
264302,65134
264303,55193
264304,61507
264305,53310
264306,40000
264307,46386
264308,51448
264309,40000
264310,73738
264311,42966
264312,45383
264313,49502
264314,67133
264315,40000
264316,64362
264317,40000
264318,40000
264319,67007
264320,40000
264321,40000
264322,58053
264323,40000
264324,42053
264325,62963
264326,63594
264327,56049
264328,40000
264329,40000
264330,40000
264331,66765
264332,51010
264333,48622
264334,50698
264335,44739
264336,63302
264337,74693
264338,40000
264339,86299
264340,41866
264341,55362
264342,40000
264343,40000
264344,51991
264345,53344
264346,43540
264347,40000
264348,75957
264349,59191
264350,76558
264351,40000
264352,53962
264353,40000
264354,40000
264355,47945
264356,63556
264357,54348
264358,62554
264359,77732
264360,40000
264361,40000
264362,73176
264363,59322
264364,52324
264365,67138
264366,40000
264367,42142
264368,56501
264369,68584
264370,40000
264371,42913
264372,64032
264373,68995
264374,40000
264375,40000
264376,53994
264377,40000
264378,40000
264379,72259
264380,54953
264381,40000
264382,42420
264383,51371
264384,55400
264385,40000
264386,40000
264387,57485
264388,53638
264389,40843
264390,91248
264391,73848
264392,58598
264393,40000
264394,40000
264395,40077
264396,43463
264397,55581
264398,59097
264399,71582
264400,63139
264401,64938
264402,40000
264403,50391
264404,54111
264405,89566
264406,48569
264407,40000
264408,40000
264409,65853
264410,103201
264411,54436
264412,54628
264413,43040
264414,52151
264415,59936
264416,40000
264417,68317
264418,62591
264419,76598
264420,40000
264421,67325
264422,40000
264423,71798
264424,46524
264425,54846
264426,78525
264427,75191
264428,40000
264429,42763
264430,82640
264431,43417
264432,73713
264433,41714
264434,50456
264435,96179
264436,50592
264437,50529
264438,56121
264439,53878
264440,41577
264441,40000
264442,48333
264443,45540
264444,40000
264445,40000
264446,56131
264447,62827
264448,56165
264449,65780
264450,65699
264451,40000
264452,40000
264453,42445
264454,45045
264455,70801
264456,44193
264457,46147
264458,41491
264459,42778
264460,43768
264461,40000
264462,42527
264463,42521
264464,53491
264465,40000
264466,60065
264467,94965
264468,63052
264469,40000
264470,47358
264471,77223
264472,40000
264473,46153
264474,47516
264475,75349
264476,63288
264477,41408
264478,40000
264479,40000
264480,55681
264481,41922
264482,46287
264483,91941
264484,59989
264485,80903
264486,40000
264487,56633
264488,42190
264489,45040
264490,49072
264491,40000
264492,67776
264493,46116
264494,74749
264495,45279
264496,87032
264497,40000
264498,40000
264499,67826
264500,40000
264501,63201
264502,49893
264503,49138
264504,46710
264505,60374
264506,42530
264507,64972
264508,40000
264509,40000
264510,40000
264511,78596
264512,40000
264513,57840
264514,40000
264515,40000
264516,42096
264517,40000
264518,40000
264519,59059
264520,41145
264521,52885
264522,40000
264523,40000
264524,46878
264525,76206
264526,40000
264527,40000
264528,40000
264529,40000
264530,53258
264531,64629
264532,65880
264533,58166
264534,81716
264535,40000
264536,44337
264537,40000
264538,57671
264539,61221
264540,70899
264541,40000
264542,40000
264543,67535
264544,79159
264545,46760
264546,72582
264547,60946
264548,75538
264549,62458
264550,54322
264551,92187
264552,40000
264553,40000
264554,75913
264555,57086
264556,40000
264557,52877
264558,52767
264559,40000
264560,56014
264561,71608
264562,51057
264563,41837
264564,61335
264565,40000
264566,40000
264567,42405
264568,69415
264569,40000
264570,58833
264571,49530
264572,59046
264573,42092
264574,40000
264575,73434
264576,40000
264577,68908
264578,46203
264579,40000
264580,40000
264581,47326
264582,40000
264583,46048
264584,63051
264585,40000
264586,61327
264587,61064
264588,97512
264589,60150
264590,40000
264591,54814
264592,40000
264593,54044
264594,40000
264595,40000
264596,48723
264597,40000
264598,40000
264599,40000
264600,42973
264601,66220
264602,53651
264603,40056
264604,44811
264605,40000
264606,66907
264607,70842
264608,60571
264609,79620
264610,45802
264611,87639
264612,40000
264613,42645
264614,56498
264615,42994
264616,48426
264617,43299
264618,52713
264619,40000
264620,57261
264621,75550
264622,40000
264623,68060
264624,45450
264625,40000
264626,40000
264627,59599
264628,40000
264629,53770
264630,40000
264631,66092
264632,64445
264633,63966
264634,40000
264635,55140
264636,50476
264637,66237
264638,86908
264639,40000
264640,40000
264641,53513
264642,50307
264643,40000
264644,57737
264645,57397
264646,62261
264647,54193
264648,40000
264649,82054
264650,72871
264651,46701
264652,40000
264653,84099
264654,72003
264655,40000
264656,54134
264657,49203
264658,40000
264659,52819
264660,40000
264661,40000
264662,46982
264663,46060
264664,61545
264665,48108
264666,42378
264667,48067
264668,45383
264669,72563
264670,47463
264671,55220
264672,40000
264673,62196
264674,75558
264675,56316
264676,40000
264677,91333
264678,40000
264679,48908
264680,55659
264681,76571
264682,62699
264683,97587
264684,40000
264685,40744
264686,40000
264687,61982
264688,64660
264689,40000
264690,40000
264691,40000
264692,57292
264693,68611
264694,41842
264695,40298
264696,40000
264697,40000
264698,47216
264699,40000
264700,43110
264701,64508
264702,72006
264703,50268
264704,87490
264705,70977
264706,40000
264707,54004
264708,51180
264709,59342
264710,62711
264711,45576
264712,40000
264713,40000
264714,76590
264715,87151
264716,40000
264717,40000
264718,47430
264719,68262
264720,46704
264721,45112
264722,67937
264723,57162
264724,73414
264725,86533
264726,52935
264727,80806
264728,46302
264729,57319
264730,53271
264731,54517
264732,41916
264733,55817
264734,40073
264735,61400
264736,47374
264737,71257
264738,42399
264739,43980
264740,65733
264741,60248
264742,55589
264743,65391
264744,44250
264745,40000
264746,40377
264747,45375
264748,86261
264749,44477
264750,40000
264751,40000
264752,40000
264753,51648
264754,61331
264755,71248
264756,58032
264757,48751
264758,70041
264759,72517
264760,74778
264761,43792
264762,40000
264763,98746
264764,52376
264765,61572
264766,40000
264767,60354
264768,40000
264769,48143
264770,64158
264771,83935
264772,55486
264773,77162
264774,45989
264775,40000
264776,45186
264777,40360
264778,71291
264779,42644
264780,53734
264781,40000
264782,41312
264783,66815
264784,57319
264785,47902
264786,63505
264787,70653
264788,40000
264789,40000
264790,55750
264791,77746
264792,40000
264793,40000
264794,40000
264795,42190
264796,44448
264797,40000
264798,40000
264799,40000
264800,66798
264801,40000
264802,46915
264803,57605
264804,54890
264805,53118
264806,49468
264807,41018
264808,40933
264809,40000
264810,75056
264811,52003
264812,40000
264813,40000
264814,40000
264815,62194
264816,50376
264817,48425
264818,48856
264819,40000
264820,52921
264821,75395
264822,71525
264823,82771
264824,80384
264825,40000
264826,40000
264827,40000
264828,40000
264829,40000
264830,55418
264831,41412
264832,40000
264833,40000
264834,42089
264835,57763
264836,55621
264837,47537
264838,50290
264839,53080
264840,65572
264841,96263
264842,40000
264843,44960
264844,60903
264845,48260
264846,40000
264847,85474
264848,46133
264849,48743
264850,57497
264851,75311
264852,40000
264853,44135
264854,55589
264855,91271
264856,49555
264857,40000
264858,57348
264859,40000
264860,79278
264861,40000
264862,66523
264863,62594
264864,40000
264865,72736
264866,40000
264867,40000
264868,40000
264869,77115
264870,46627
264871,44320
264872,48834
264873,40000
264874,70648
264875,40000
264876,40000
264877,77314
264878,48457
264879,41053
264880,49169
264881,53395
264882,45131
264883,43421
264884,61604
264885,67239
264886,99467
264887,49546
264888,69828
264889,44576
264890,62125
264891,50846
264892,56168
264893,40000
264894,51566
264895,40000
264896,40000
264897,49461
264898,40000
264899,59166
264900,76319
264901,45723
264902,49183
264903,47487
264904,40000
264905,54477
264906,46469
264907,43757
264908,86367
264909,40000
264910,57373
264911,40000
264912,40000
264913,41476
264914,41692
264915,40000
264916,43172
264917,45371
264918,40000
264919,40000
264920,62772
264921,47261
264922,40000
264923,40000
264924,40000
264925,40709
264926,61425
264927,40000
264928,63738
264929,92626
264930,40000
264931,40000
264932,40000
264933,73368
264934,72358
264935,42087
264936,56294
264937,75972
264938,40000
264939,40000
264940,40000
264941,45701
264942,78221
264943,40000
264944,40000
264945,40000
264946,65278
264947,52216
264948,55408
264949,40000
264950,58295
264951,69701
264952,53731
264953,64111
264954,69956
264955,59422
264956,40000
264957,54502
264958,50089
264959,46377
264960,40000
264961,40000
264962,48088
264963,66038
264964,40000
264965,45544
264966,103191
264967,57304
264968,46786
264969,45620
264970,68741
264971,40000
264972,41300
264973,40000
264974,77823
264975,68249
264976,67412
264977,60279
264978,56580
264979,48178
264980,56209
264981,75755
264982,40000
264983,70291
264984,40000
264985,51440
264986,48389
264987,74153
264988,40000
264989,66022
264990,49627
264991,40000
264992,86528
264993,46142
264994,40000
264995,52487
264996,40000
264997,40000
264998,43589
264999,64776
265000,49332
265001,40000
265002,40000
265003,49534
265004,71382
265005,81249
265006,54191
265007,63814
265008,57332
265009,40000
265010,43192
265011,48979
265012,46709
265013,40000
265014,40000
265015,40000
265016,43915
265017,40000
265018,47955
265019,79973
265020,40000
265021,50139
265022,40000
265023,54279
265024,40000
265025,40000
265026,56517
265027,40000
265028,65468
265029,65102
265030,40000
265031,40000
265032,40000
265033,47485
265034,55878
265035,85002
265036,62378
265037,40000
265038,40000
265039,71928
265040,79189
265041,67664
265042,40000
265043,40370
265044,53170
265045,40000
265046,40000
265047,40000
265048,54136
265049,42596
265050,67713
265051,50914
265052,53564
265053,45659
265054,51395
265055,67853
265056,41309
265057,46283
265058,40000
265059,40000
265060,40615
265061,42948
265062,40000
265063,40000
265064,40000
265065,42665
265066,58743
265067,69258
265068,53576
265069,59307
265070,56717
265071,71173
265072,77806
265073,71768
265074,44308
265075,40000
265076,42466
265077,78854
265078,81134
265079,40997
265080,68121
265081,40000
265082,43922
265083,43781
265084,65373
265085,51128
265086,40000
265087,40000
265088,46420
265089,51019
265090,41499
265091,45273
265092,40000
265093,44050
265094,53238
265095,40000
265096,50826
265097,66089
265098,40000
265099,40000
265100,55401
265101,41347
265102,43142
265103,61452
265104,66780
265105,40519
265106,41676
265107,40000
265108,47868
265109,40000
265110,40237
265111,40000
265112,57840
265113,71016
265114,40721
265115,81873
265116,67995
265117,40000
265118,46595
265119,57163
265120,44048
265121,40000
265122,43834
265123,40000
265124,45708
265125,63888
265126,70607
265127,57684
265128,40000
265129,58800
265130,42120
265131,41812
265132,81933
265133,67974
265134,89855
265135,62393
265136,67767
265137,40000
265138,40000
265139,54900
265140,57752
265141,90529
265142,40000
265143,71328
265144,48598
265145,59455
265146,86940
265147,69990
265148,48800
265149,41134
265150,47013
265151,40000
265152,48365
265153,60887
265154,54943
265155,40000
265156,84065
265157,48088
265158,40000
265159,40195
265160,43521
265161,40000
265162,62706
265163,92025
265164,40000
265165,67004
265166,59717
265167,53493
265168,54176
265169,79228
265170,40000
265171,54375
265172,40000
265173,44477
265174,43117
265175,40000
265176,40000
265177,40000
265178,48212
265179,62195
265180,40000
265181,52357
265182,40000
265183,72599
265184,41173
265185,40000
265186,53873
265187,40000
265188,55760
265189,45396
265190,58539
265191,71380
265192,42759
265193,79489
265194,40000
265195,100260
265196,40000
265197,40000
265198,43632
265199,40000
265200,40000
265201,40000
265202,46658
265203,63916
265204,68637
265205,40000
265206,43926
265207,57542
265208,43954
265209,83036
265210,61307
265211,60292
265212,40000
265213,40000
265214,51308
265215,77946
265216,77697
265217,40000
265218,66397
265219,40000
265220,40000
265221,40892
265222,51460
265223,40000
265224,40000
265225,40000
265226,40000
265227,67895
265228,40000
265229,53269
265230,40000
265231,65412
265232,40000
265233,59857
265234,40000
265235,55293
265236,95383
265237,40000
265238,74588
265239,76598
265240,75129
265241,40000
265242,51714
265243,40315
265244,40000
265245,68942
265246,57336
265247,69455
265248,66628
265249,40000
265250,40000
265251,40000
265252,40000
265253,40000
265254,40000
265255,43923
265256,53829
265257,40000
265258,61831
265259,40000
265260,74106
265261,63604
265262,40145
265263,40665
265264,40000
265265,57250
265266,40000
265267,97388
265268,72489
265269,65785
265270,52632
265271,64395
265272,53217
265273,42012
265274,40000
265275,70620
265276,44866
265277,40000
265278,40000
265279,40000
265280,52216
265281,40909
265282,40000
265283,40000
265284,108626
265285,58834
265286,69577
265287,79577
265288,58170
265289,54916
265290,45842
265291,67324
265292,42660
265293,79470
265294,66311
265295,40000
265296,110820
265297,40000
265298,44672
265299,40000
265300,67225
265301,56018
265302,77235
265303,45997
265304,66837
265305,40000
265306,70824
265307,66805
265308,48631
265309,72925
265310,40000
265311,43841
265312,40000
265313,45979
265314,72784
265315,62348
265316,40000
265317,71680
265318,45184
265319,40000
265320,61803
265321,59565
265322,40000
265323,49939
265324,48937
265325,65379
265326,40000
265327,75982
265328,56781
265329,40000
265330,40000
265331,40000
265332,40000
265333,40267
265334,72926
265335,53669
265336,42453
265337,48210
265338,62840
265339,74979
265340,82147
265341,45576
265342,40000
265343,40000
265344,49632
265345,40000
265346,60719
265347,94298
265348,45471
265349,46569
265350,46433
265351,40000
265352,40000
265353,40000
265354,50122
265355,58398
265356,40000
265357,40000
265358,59852
265359,40000
265360,40000
265361,41388
265362,57775
265363,40000
265364,41663
265365,64479
265366,40000
265367,77046
265368,56771
265369,40000
265370,57824
265371,55900
265372,66379
265373,40000
265374,64789
265375,40000
265376,40000
265377,40000
265378,75854
265379,84036
265380,40000
265381,40000
265382,51334
265383,65674
265384,40000
265385,41713
265386,71481
265387,40000
265388,66163
265389,62204
265390,40000
265391,55039
265392,40000
265393,40000
265394,43513
265395,43286
265396,80342
265397,47631
265398,40000
265399,40000
265400,40000
265401,46139
265402,51483
265403,46973
265404,80351
265405,40000
265406,59521
265407,90996
265408,81322
265409,41049
265410,64587
265411,54224
265412,85465
265413,40000
265414,44770
265415,47280
265416,78083
265417,61169
265418,67992
265419,48381
265420,81086
265421,47031
265422,49069
265423,52508
265424,44465
265425,40000
265426,40000
265427,59815
265428,40000
265429,40000
265430,59802
265431,69745
265432,40000
265433,43891
265434,47995
265435,97399
265436,63960
265437,64500
265438,72287
265439,40000
265440,40000
265441,44476
265442,40000
265443,46111
265444,40000
265445,57813
265446,40000
265447,40000
265448,43249
265449,63875
265450,75911
265451,43695
265452,45137
265453,54697
265454,51736
265455,95788
265456,40000
265457,62305
265458,66468
265459,58770
265460,56089
265461,55996
265462,49706
265463,54803
265464,40000
265465,40000
265466,40000
265467,92524
265468,40000
265469,48579
265470,40000
265471,53679
265472,66826
265473,44811
265474,50944
265475,40000
265476,40000
265477,40000
265478,55749
265479,40000
265480,81912
265481,40000
265482,71311
265483,52716
265484,50281
265485,87121
265486,53556
265487,44331
265488,47197
265489,42107
265490,66008
265491,45443
265492,57415
265493,63826
265494,40000
265495,40000
265496,55394
265497,104561
265498,42149
265499,68116
265500,92023
265501,97944
265502,40000
265503,51855
265504,69587
265505,43732
265506,77777
265507,40000
265508,61381
265509,40000
265510,57180
265511,55535
265512,43575
265513,40989
265514,40000
265515,50723
265516,40000
265517,40000
265518,69272
265519,42849
265520,48745
265521,52088
265522,57216
265523,58943
265524,70266
265525,40000
265526,40914
265527,44057
265528,67809
265529,40000
265530,79863
265531,59337
265532,40000
265533,76600
265534,65424
265535,40000
265536,43639
265537,40000
265538,69849
265539,40000
265540,40000
265541,95721
265542,65553
265543,53411
265544,87849
265545,70340
265546,51455
265547,41368
265548,40000
265549,40000
265550,81632
265551,40000
265552,40000
265553,65817
265554,40000
265555,40000
265556,40000
265557,43271
265558,79792
265559,44672
265560,54251
265561,66031
265562,46626
265563,40000
265564,50742
265565,40000
265566,75940
265567,48808
265568,40000
265569,58811
265570,56468
265571,60977
265572,79660
265573,68193
265574,86992
265575,40300
265576,40000
265577,49035
265578,40000
265579,40000
265580,40000
265581,49418
265582,70037
265583,40000
265584,75695
265585,56442
265586,40000
265587,40000
265588,40000
265589,43063
265590,46028
265591,52890
265592,63221
265593,66976
265594,40000
265595,56557
265596,43628
265597,68531
265598,51006
265599,45814
265600,40682
265601,40000
265602,75364
265603,51434
265604,40000
265605,52581
265606,40000
265607,52593
265608,40000
265609,40264
265610,73331
265611,40000
265612,71336
265613,67525
265614,71343
265615,42291
265616,42011
265617,49486
265618,49038
265619,65384
265620,56910
265621,53018
265622,40000
265623,40000
265624,40000
265625,47515
265626,67600
265627,43882
265628,64927
265629,60754
265630,49506
265631,57063
265632,53496
265633,40000
265634,40000
265635,70291
265636,67895
265637,40000
265638,95422
265639,40000
265640,46591
265641,40000
265642,40000
265643,43540
265644,44644
265645,58440
265646,49075
265647,45716
265648,40000
265649,67593
265650,42378
265651,40000
265652,63327
265653,41992
265654,48246
265655,40000
265656,40000
265657,57497
265658,40000
265659,59898
265660,41133
265661,55479
265662,40000
265663,40000
265664,46474
265665,48319
265666,40000
265667,40000
265668,53366
265669,40000
265670,76465
265671,40000
265672,40000
265673,43884
265674,58973
265675,40000
265676,64324
265677,48815
265678,40000
265679,40000
265680,51731
265681,90646
265682,56320
265683,75578
265684,54461
265685,47643
265686,41937
265687,40000
265688,52116
265689,51161
265690,81667
265691,42306
265692,59249
265693,79929
265694,65040
265695,40000
265696,40000
265697,40000
265698,40000
265699,87646
265700,50513
265701,50870
265702,93150
265703,40000
265704,49775
265705,40000
265706,45231
265707,51238
265708,40000
265709,40851
265710,40000
265711,82172
265712,48122
265713,40000
265714,40000
265715,59307
265716,72719
265717,51533
265718,67898
265719,40000
265720,64063
265721,60601
265722,50069
265723,66048
265724,43896
265725,51579
265726,98676
265727,60063
265728,44082
265729,40000
265730,54862
265731,44859
265732,70388
265733,61238
265734,46993
265735,46460
265736,75390
265737,78362
265738,41281
265739,40000
265740,56772
265741,43543
265742,43075
265743,73566
265744,52834
265745,40000
265746,40000
265747,61084
265748,83670
265749,40000
265750,48331
265751,55588
265752,55960
265753,48837
265754,67675
265755,60418
265756,47629
265757,40000
265758,86380
265759,40000
265760,40000
265761,40000
265762,51201
265763,40000
265764,50011
265765,43655
265766,54890
265767,40000
265768,49430
265769,41098
265770,57561
265771,40137
265772,40000
265773,41415
265774,40000
265775,66174
265776,54815
265777,52660
265778,53078
265779,40946
265780,46391
265781,74060
265782,80239
265783,49326
265784,40000
265785,40000
265786,40000
265787,40000
265788,40000
265789,61150
265790,40000
265791,84542
265792,40000
265793,40000
265794,83098
265795,53801
265796,40000
265797,49286
265798,40000
265799,53674
265800,78350
265801,40000
265802,49447
265803,42081
265804,68621
265805,40000
265806,61482
265807,41879
265808,84879
265809,56801
265810,86308
265811,40000
265812,40000
265813,98944
265814,40000
265815,40000
265816,61651
265817,55698
265818,53261
265819,46273
265820,55552
265821,52991
265822,40000
265823,42261
265824,46336
265825,77907
265826,76117
265827,67747
265828,46015
265829,56486
265830,40000
265831,64596
265832,43005
265833,56264
265834,48092
265835,40000
265836,53874
265837,40000
265838,92130
265839,60374
265840,50782
265841,44737
265842,40000
265843,81088
265844,45267
265845,40000
265846,76902
265847,64185
265848,67664
265849,45102
265850,49338
265851,50897
265852,68154
265853,51365
265854,55501
265855,40000
265856,91106
265857,96997
265858,40000
265859,55459
265860,46548
265861,47931
265862,40000
265863,40000
265864,40000
265865,40000
265866,76976
265867,64828
265868,40000
265869,52022
265870,69221
265871,40000
265872,40000
265873,72017
265874,49624
265875,44708
265876,54248
265877,40000
265878,92455
265879,40000
265880,84897
265881,55750
265882,80703
265883,66041
265884,53180
265885,77409
265886,90515
265887,48475
265888,54067
265889,51663
265890,40000
265891,80619
265892,40000
265893,63545
265894,40000
265895,40000
265896,40000
265897,61295
265898,40000
265899,62723
265900,57347
265901,67602
265902,40000
265903,49831
265904,106110
265905,61435
265906,40000
265907,54979
265908,40000
265909,73360
265910,60947
265911,93039
265912,49041
265913,54862
265914,63518
265915,43618
265916,40000
265917,40000
265918,60107
265919,40000
265920,49183
265921,74258
265922,84782
265923,47035
265924,40000
265925,42118
265926,46924
265927,58426
265928,49280
265929,55438
265930,78592
265931,43558
265932,50695
265933,48450
265934,40000
265935,44009
265936,70349
265937,40000
265938,40000
265939,40000
265940,40000
265941,53629
265942,40000
265943,82172
265944,40000
265945,40000
265946,47850
265947,40000
265948,71092
265949,63907
265950,47582
265951,50512
265952,46615
265953,71025
265954,46384
265955,40426
265956,40000
265957,40000
265958,55048
265959,45537
265960,73738
265961,74074
265962,40000
265963,42091
265964,57303
265965,40000
265966,50156
265967,40557
265968,67169
265969,91015
265970,40000
265971,62593
265972,45808
265973,55585
265974,74010
265975,62918
265976,73448
265977,42443
265978,48661
265979,69469
265980,52867
265981,52094
265982,40000
265983,71652
265984,81314
265985,45074
265986,72855
265987,74027
265988,53835
265989,58672
265990,44753
265991,40000
265992,50777
265993,66018
265994,40000
265995,53121
265996,67946
265997,66184
265998,52973
265999,40000
266000,42450
266001,50602
266002,82536
266003,40000
266004,56504
266005,40000
266006,85750
266007,47174
266008,49037
266009,53253
266010,58543
266011,48342
266012,61570
266013,71069
266014,57827
266015,60521
266016,42954
266017,68777
266018,40000
266019,56390
266020,40000
266021,49422
266022,40000
266023,42926
266024,65492
266025,40000
266026,49321
266027,55629
266028,88129
266029,53267
266030,40000
266031,64570
266032,46001
266033,61268
266034,41254
266035,40000
266036,72422
266037,71022
266038,40000
266039,67666
266040,58918
266041,74431
266042,54100
266043,70145
266044,44486
266045,69355
266046,40000
266047,51774
266048,60843
266049,67285
266050,55565
266051,50079
266052,63554
266053,51062
266054,52127
266055,40000
266056,67178
266057,80400
266058,40000
266059,40000
266060,51057
266061,48547
266062,70061
266063,52261
266064,60010
266065,67134
266066,50166
266067,62784
266068,62587
266069,57402
266070,70272
266071,56235
266072,40000
266073,40000
266074,69919
266075,51023
266076,61566
266077,57266
266078,40240
266079,40000
266080,40000
266081,40000
266082,40000
266083,64780
266084,40000
266085,46509
266086,47124
266087,67634
266088,78546
266089,40000
266090,52743
266091,60046
266092,54777
266093,54197
266094,40000
266095,51812
266096,75819
266097,40000
266098,40000
266099,40000
266100,49653
266101,40000
266102,50584
266103,40000
266104,58616
266105,40000
266106,73978
266107,40000
266108,52233
266109,42761
266110,61714
266111,42943
266112,40000
266113,63723
266114,55737
266115,67019
266116,49710
266117,50844
266118,56632
266119,40000
266120,40000
266121,48561
266122,40306
266123,71455
266124,40000
266125,40402
266126,96603
266127,52242
266128,87752
266129,70846
266130,63429
266131,40000
266132,40000
266133,46125
266134,72716
266135,40000
266136,40000
266137,59646
266138,46179
266139,50717
266140,42477
266141,48372
266142,47114
266143,40000
266144,40000
266145,40000
266146,77213
266147,57640
266148,40244
266149,53890
266150,47610
266151,75378
266152,72890
266153,60207
266154,51109
266155,55645
266156,48254
266157,72824
266158,40959
266159,47437
266160,40168
266161,43100
266162,46150
266163,58042
266164,40000
266165,40000
266166,77004
266167,40000
266168,47958
266169,40000
266170,44723
266171,77440
266172,40000
266173,40000
266174,40000
266175,43232
266176,49014
266177,40000
266178,42567
266179,49620
266180,94088
266181,51469
266182,64946
266183,40750
266184,53245
266185,48342
266186,43802
266187,54162
266188,40000
266189,72452
266190,40000
266191,40000
266192,47934
266193,40000
266194,107638
266195,43808
266196,40000
266197,40000
266198,54268
266199,64618
266200,58583
266201,41263
266202,41239
266203,59245
266204,40000
266205,40000
266206,63169
266207,82224
266208,83628
266209,63507
266210,45753
266211,53424
266212,40000
266213,44691
266214,46522
266215,40000
266216,62075
266217,40000
266218,56398
266219,95968
266220,46460
266221,40000
266222,48246
266223,79431
266224,90836
266225,40000
266226,45934
266227,45367
266228,40000
266229,40000
266230,71787
266231,40000
266232,49311
266233,40000
266234,62765
266235,55223
266236,40000
266237,45716
266238,58034
266239,95252
266240,40000
266241,90263
266242,40000
266243,71646
266244,40398
266245,61893
266246,48825
266247,60526
266248,81355
266249,65301
266250,44890
266251,57873
266252,42761
266253,60865
266254,49496
266255,54543
266256,40000
266257,45294
266258,58205
266259,52021
266260,40000
266261,66855
266262,40000
266263,45552
266264,53835
266265,40000
266266,40000
266267,40000
266268,41859
266269,65694
266270,40000
266271,76894
266272,41310
266273,40000
266274,40000
266275,94725
266276,40000
266277,65714
266278,50629
266279,43378
266280,40401
266281,50277
266282,40000
266283,61039
266284,40398
266285,54360
266286,40000
266287,47440
266288,55313
266289,40000
266290,56352
266291,48207
266292,44212
266293,40000
266294,61564
266295,59437
266296,40000
266297,56032
266298,77325
266299,53762
266300,61008
266301,78942
266302,40776
266303,98387
266304,67111
266305,40000
266306,76850
266307,45063
266308,40000
266309,46605
266310,40000
266311,76046
266312,40000
266313,56235
266314,40000
266315,57252
266316,74180
266317,50240
266318,57533
266319,40000
266320,48437
266321,40000
266322,64641
266323,99025
266324,68432
266325,43327
266326,52401
266327,40000
266328,40000
266329,52725
266330,50049
266331,40000
266332,69333
266333,52343
266334,75033
266335,40000
266336,71321
266337,42546
266338,40000
266339,64005
266340,51485
266341,75864
266342,49232
266343,44208
266344,40000
266345,51531
266346,48567
266347,56357
266348,40000
266349,44242
266350,55511
266351,60374
266352,82899
266353,40000
266354,40000
266355,40000
266356,47907
266357,87726
266358,56631
266359,77103
266360,40000
266361,84508
266362,58318
266363,40000
266364,46367
266365,63599
266366,53693
266367,40034
266368,65358
266369,40000
266370,63090
266371,40000
266372,58173
266373,64454
266374,40000
266375,40000
266376,40000
266377,40000
266378,42077
266379,40000
266380,44805
266381,40000
266382,47243
266383,40000
266384,53981
266385,40000
266386,75351
266387,40000
266388,66725
266389,61555
266390,40000
266391,40000
266392,69027
266393,50154
266394,65242
266395,56181
266396,40000
266397,48580
266398,40000
266399,40000
266400,40000
266401,53170
266402,43488
266403,40000
266404,40000
266405,43658
266406,64866
266407,72638
266408,40000
266409,70373
266410,43141
266411,45388
266412,40000
266413,40000
266414,54159
266415,69797
266416,40000
266417,44510
266418,40000
266419,45265
266420,58992
266421,59463
266422,42312
266423,57198
266424,50642
266425,40000
266426,40000
266427,57397
266428,46636
266429,43232
266430,40000
266431,69009
266432,40000
266433,40000
266434,45567
266435,55971
266436,40000
266437,43569
266438,62362
266439,40000
266440,40000
266441,40000
266442,40000
266443,82034
266444,63405
266445,63634
266446,40000
266447,41099
266448,40325
266449,75270
266450,53099
266451,68758
266452,56690
266453,78577
266454,51717
266455,53766
266456,52622
266457,72634
266458,71934
266459,54891
266460,51564
266461,69374
266462,56093
266463,44029
266464,40000
266465,40000
266466,40000
266467,56020
266468,57187
266469,100500
266470,60062
266471,70695
266472,63519
266473,73972
266474,70625
266475,40000
266476,40000
266477,53841
266478,70289
266479,40040
266480,55867
266481,55746
266482,69057
266483,40000
266484,40000
266485,73565
266486,62505
266487,63251
266488,41520
266489,49581
266490,68085
266491,75764
266492,40000
266493,77170
266494,41431
266495,70731
266496,40000
266497,40000
266498,74777
266499,49906
266500,81812
266501,47184
266502,40000
266503,40000
266504,77639
266505,47730
266506,40000
266507,54790
266508,64856
266509,58321
266510,64376
266511,80891
266512,51839
266513,57578
266514,40000
266515,40000
266516,49321
266517,57666
266518,53519
266519,40000
266520,73036
266521,41324
266522,62273
266523,47703
266524,40000
266525,40446
266526,114057
266527,43360
266528,40000
266529,40617
266530,64810
266531,73953
266532,51253
266533,58103
266534,53979
266535,74661
266536,40000
266537,40000
266538,60669
266539,60691
266540,40000
266541,59725
266542,76687
266543,40000
266544,58877
266545,40000
266546,40000
266547,46279
266548,40000
266549,48938
266550,69837
266551,52587
266552,43460
266553,40000
266554,63517
266555,40000
266556,92327
266557,40000
266558,47199
266559,49066
266560,86913
266561,40000
266562,70709
266563,89473
266564,44949
266565,40000
266566,41105
266567,49736
266568,40000
266569,48631
266570,80907
266571,49683
266572,45245
266573,40000
266574,48031
266575,40000
266576,45119
266577,61718
266578,40000
266579,50166
266580,48821
266581,40000
266582,40000
266583,50466
266584,40000
266585,60081
266586,48951
266587,52864
266588,55738
266589,40000
266590,49237
266591,40000
266592,40000
266593,60335
266594,43595
266595,84268
266596,40000
266597,40000
266598,58574
266599,57370
266600,45491
266601,40000
266602,60004
266603,40000
266604,57137
266605,75289
266606,81416
266607,40000
266608,58582
266609,46459
266610,51621
266611,40000
266612,57968
266613,52436
266614,68533
266615,99290
266616,63321
266617,40000
266618,48537
266619,63545
266620,45110
266621,40000
266622,68311
266623,43294
266624,40782
266625,53658
266626,70407
266627,53972
266628,56460
266629,72686
266630,40000
266631,43596
266632,58668
266633,80708
266634,40000
266635,40000
266636,40000
266637,77970
266638,55294
266639,114933
266640,46228
266641,40000
266642,70113
266643,40588
266644,40000
266645,40000
266646,89775
266647,71641
266648,46179
266649,40000
266650,40000
266651,53016
266652,40000
266653,56954
266654,40000
266655,47540
266656,40000
266657,51043
266658,43320
266659,80429
266660,40000
266661,64107
266662,44142
266663,50935
266664,41931
266665,51413
266666,52549
266667,52926
266668,40000
266669,62406
266670,55920
266671,73759
266672,40000
266673,54484
266674,40000
266675,46222
266676,56184
266677,81181
266678,40000
266679,68803
266680,73842
266681,63054
266682,40000
266683,48360
266684,51658
266685,40738
266686,68120
266687,40000
266688,52531
266689,41983
266690,40000
266691,40000
266692,41529
266693,40131
266694,54664
266695,40000
266696,53068
266697,68041
266698,40000
266699,41937
266700,40000
266701,48408
266702,43430
266703,66680
266704,40000
266705,64544
266706,74068
266707,53676
266708,40000
266709,61597
266710,45834
266711,69038
266712,40000
266713,43828
266714,46183
266715,52815
266716,40000
266717,53024
266718,82244
266719,62810
266720,76109
266721,40000
266722,41534
266723,40000
266724,73819
266725,56124
266726,84087
266727,62716
266728,54197
266729,53915
266730,47777
266731,46674
266732,40000
266733,90241
266734,61223
266735,40721
266736,43634
266737,43502
266738,47996
266739,57117
266740,60250
266741,64209
266742,55625
266743,42327
266744,79326
266745,67581
266746,51791
266747,40000
266748,54311
266749,40000
266750,56353
266751,42381
266752,83085
266753,40000
266754,40000
266755,40000
266756,40000
266757,40000
266758,40642
266759,52759
266760,55689
266761,40000
266762,57047
266763,73087
266764,49350
266765,40000
266766,54983
266767,40000
266768,58749
266769,40000
266770,62934
266771,82873
266772,81454
266773,51072
266774,40000
266775,64818
266776,55124
266777,45532
266778,52809
266779,54143
266780,41245
266781,77692
266782,40000
266783,40128
266784,82739
266785,51600
266786,40000
266787,40000
266788,47530
266789,63048
266790,63189
266791,40000
266792,40000
266793,43590
266794,64627
266795,51295
266796,40000
266797,61550
266798,72264
266799,40000
266800,52716
266801,68104
266802,40000
266803,42305
266804,60966
266805,40000
266806,84869
266807,45221
266808,76390
266809,40000
266810,41102
266811,44813
266812,61773
266813,40000
266814,79818
266815,79085
266816,40000
266817,52671
266818,40000
266819,40000
266820,50769
266821,61861
266822,42341
266823,40000
266824,55717
266825,48404
266826,41296
266827,40000
266828,81618
266829,42671
266830,43427
266831,48474
266832,40000
266833,40000
266834,60422
266835,45499
266836,55139
266837,40000
266838,60740
266839,92261
266840,40000
266841,43277
266842,53503
266843,57550
266844,75367
266845,63454
266846,50126
266847,72936
266848,40000
266849,48982
266850,89438
266851,57064
266852,55528
266853,53101
266854,90662
266855,40000
266856,40000
266857,40000
266858,69450
266859,64707
266860,40000
266861,80676
266862,40000
266863,68441
266864,60270
266865,69391
266866,43013
266867,40000
266868,60307
266869,65562
266870,74981
266871,46567
266872,50461
266873,40000
266874,78895
266875,40000
266876,47245
266877,40000
266878,43186
266879,40000
266880,46421
266881,40000
266882,64815
266883,62742
266884,43136
266885,40565
266886,48164
266887,41594
266888,40000
266889,40355
266890,64464
266891,80763
266892,59216
266893,40000
266894,59973
266895,40000
266896,52284
266897,55546
266898,54956
266899,77377
266900,64180
266901,57097
266902,40000
266903,40000
266904,47168
266905,65567
266906,69414
266907,79122
266908,58992
266909,40000
266910,48356
266911,46978
266912,47687
266913,65082
266914,60309
266915,69691
266916,40000
266917,47226
266918,40000
266919,57998
266920,40000
266921,45973
266922,54172
266923,40000
266924,86655
266925,58184
266926,40000
266927,57255
266928,43621
266929,49369
266930,40000
266931,40000
266932,88016
266933,84760
266934,46090
266935,45345
266936,52685
266937,45683
266938,46918
266939,40000
266940,40000
266941,40980
266942,40000
266943,60194
266944,52299
266945,51419
266946,40000
266947,40000
266948,49277
266949,41692
266950,55994
266951,68450
266952,47839
266953,44481
266954,57342
266955,40000
266956,53626
266957,40000
266958,40000
266959,52974
266960,51282
266961,42770
266962,57288
266963,69738
266964,40000
266965,40000
266966,40000
266967,51613
266968,40000
266969,40916
266970,78573
266971,40000
266972,44413
266973,46934
266974,58877
266975,40000
266976,68652
266977,78322
266978,49250
266979,63159
266980,58693
266981,46155
266982,71966
266983,54412
266984,42178
266985,52245
266986,40000
266987,53075
266988,52654
266989,40000
266990,40000
266991,40000
266992,58393
266993,46004
266994,40000
266995,40000
266996,56024
266997,40000
266998,42725
266999,40000
267000,40000
267001,48071
267002,47743
267003,67733
267004,42089
267005,122423
267006,40000
267007,40000
267008,64393
267009,40000
267010,40000
267011,40000
267012,49569
267013,42610
267014,56816
267015,40000
267016,45766
267017,40000
267018,40000
267019,73942
267020,76018
267021,80361
267022,52421
267023,87060
267024,40000
267025,75341
267026,66212
267027,40000
267028,79746
267029,40000
267030,65247
267031,40000
267032,88806
267033,40000
267034,94984
267035,55928
267036,40946
267037,61402
267038,49470
267039,40000
267040,58444
267041,59724
267042,64522
267043,62079
267044,40000
267045,52460
267046,47240
267047,40000
267048,75336
267049,60579
267050,59938
267051,44027
267052,40000
267053,88841
267054,40000
267055,40000
267056,81000
267057,40000
267058,60907
267059,51878
267060,50582
267061,40000
267062,72788
267063,64217
267064,55629
267065,40000
267066,81024
267067,41718
267068,40000
267069,109763
267070,40000
267071,62788
267072,66026
267073,40000
267074,40000
267075,40381
267076,81945
267077,70945
267078,40000
267079,61520
267080,40000
267081,40000
267082,40000
267083,40000
267084,68714
267085,40235
267086,40000
267087,60215
267088,69152
267089,63323
267090,40000
267091,59651
267092,82209
267093,40000
267094,82139
267095,41682
267096,41769
267097,50243
267098,77205
267099,40000
267100,40000
267101,40000
267102,40000
267103,45031
267104,64541
267105,48875
267106,49901
267107,67048
267108,40000
267109,65852
267110,40000
267111,40000
267112,52631
267113,55662
267114,54527
267115,80087
267116,40000
267117,42155
267118,46573
267119,54184
267120,40000
267121,52015
267122,40000
267123,40000
267124,42867
267125,40000
267126,42310
267127,51174
267128,72980
267129,40000
267130,40000
267131,84032
267132,53289
267133,74708
267134,51778
267135,61676
267136,57490
267137,71637
267138,52965
267139,43656
267140,40000
267141,53660
267142,89919
267143,58870
267144,40000
267145,46974
267146,51539
267147,53483
267148,43787
267149,40000
267150,40000
267151,40000
267152,51431
267153,57171
267154,40000
267155,40000
267156,56351
267157,50551
267158,40000
267159,42061
267160,45998
267161,40000
267162,70219
267163,83923
267164,48291
267165,74484
267166,40000
267167,60810
267168,56821
267169,74647
267170,60986
267171,40000
267172,40000
267173,53660
267174,53856
267175,40000
267176,49440
267177,42465
267178,64014
267179,40000
267180,45692
267181,64857
267182,72156
267183,40000
267184,59294
267185,40000
267186,40000
267187,54480
267188,40000
267189,73537
267190,40000
267191,61059
267192,40000
267193,68273
267194,40000
267195,71908
267196,68151
267197,62157
267198,69880
267199,40000
267200,40000
267201,40000
267202,40000
267203,57670
267204,40000
267205,51015
267206,41234
267207,46765
267208,43855
267209,40000
267210,45945
267211,53060
267212,40000
267213,62677
267214,40108
267215,48997
267216,40000
267217,43652
267218,63925
267219,48269
267220,47919
267221,80528
267222,40000
267223,40000
267224,55318
267225,40000
267226,45708
267227,40000
267228,55262
267229,42553
267230,40000
267231,45022
267232,65637
267233,40000
267234,40000
267235,59180
267236,42532
267237,55737
267238,40000
267239,44193
267240,40000
267241,74761
267242,40000
267243,61236
267244,64882
267245,50300
267246,46225
267247,51419
267248,49023
267249,49634
267250,61701
267251,69254
267252,40000
267253,40000
267254,59893
267255,40000
267256,46829
267257,93465
267258,43150
267259,81786
267260,41933
267261,40000
267262,59442
267263,75716
267264,49690
267265,72079
267266,66775
267267,40000
267268,40000
267269,82689
267270,41725
267271,48045
267272,61931
267273,40000
267274,62122
267275,40000
267276,46443
267277,40000
267278,40000
267279,67642
267280,40016
267281,44178
267282,53228
267283,40000
267284,72053
267285,70399
267286,47144
267287,53747
267288,65764
267289,85250
267290,62664
267291,40000
267292,66783
267293,52520
267294,40000
267295,78325
267296,87529
267297,51493
267298,40000
267299,51944
267300,54400
267301,40000
267302,82014
267303,47815
267304,61938
267305,41540
267306,61438
267307,40000
267308,40000
267309,49852
267310,60629
267311,51126
267312,40000
267313,65413
267314,48217
267315,40000
267316,40000
267317,60477
267318,60891
267319,41347
267320,40000
267321,40000
267322,40000
267323,71719
267324,54628
267325,48148
267326,84789
267327,40000
267328,85284
267329,40000
267330,70259
267331,63113
267332,54631
267333,52507
267334,53516
267335,40000
267336,40000
267337,49019
267338,61707
267339,44762
267340,41426
267341,56260
267342,73843
267343,50042
267344,47601
267345,40000
267346,40000
267347,47462
267348,59921
267349,42403
267350,40000
267351,44083
267352,40000
267353,51097
267354,59923
267355,56135
267356,63968
267357,40000
267358,70380
267359,50002
267360,40000
267361,61368
267362,74267
267363,59922
267364,59352
267365,40000
267366,40000
267367,70442
267368,64742
267369,52540
267370,44206
267371,46831
267372,40000
267373,52808
267374,78384
267375,67951
267376,40577
267377,56068
267378,58504
267379,41340
267380,56425
267381,40000
267382,40000
267383,50504
267384,45833
267385,41236
267386,53583
267387,40000
267388,40000
267389,40000
267390,50422
267391,73411
267392,42748
267393,63053
267394,40000
267395,40000
267396,40000
267397,40000
267398,69012
267399,76842
267400,56286
267401,55341
267402,68600
267403,40000
267404,41968
267405,61053
267406,51304
267407,88970
267408,40000
267409,52535
267410,40000
267411,62412
267412,45022
267413,47887
267414,58187
267415,57211
267416,40000
267417,83629
267418,50916
267419,51457
267420,53622
267421,47602
267422,45252
267423,40000
267424,47774
267425,56769
267426,62413
267427,69294
267428,60586
267429,60131
267430,40000
267431,40000
267432,65638
267433,40000
267434,40000
267435,87706
267436,56563
267437,40000
267438,54072
267439,40000
267440,40000
267441,40000
267442,47085
267443,40000
267444,60381
267445,43005
267446,57146
267447,45667
267448,64191
267449,69183
267450,65369
267451,56863
267452,58479
267453,50563
267454,40595
267455,40000
267456,40000
267457,44875
267458,53008
267459,40000
267460,40000
267461,40000
267462,40000
267463,40000
267464,75081
267465,40000
267466,73889
267467,72373
267468,53238
267469,80149
267470,65087
267471,82974
267472,64217
267473,49219
267474,67886
267475,40000
267476,52582
267477,40000
267478,40000
267479,61588
267480,40000
267481,78235
267482,40000
267483,40000
267484,62963
267485,40000
267486,46694
267487,54654
267488,40000
267489,59482
267490,43864
267491,42984
267492,71660
267493,53889
267494,50300
267495,53253
267496,60583
267497,71894
267498,44932
267499,40000
267500,40000
267501,59268
267502,40000
267503,43550
267504,77438
267505,40000
267506,64106
267507,40000
267508,52131
267509,87567
267510,45486
267511,53239
267512,40000
267513,40000
267514,47573
267515,64434
267516,42337
267517,40000
267518,40000
267519,40000
267520,50885
267521,48809
267522,56620
267523,54475
267524,40000
267525,87817
267526,58431
267527,40000
267528,40000
267529,40000
267530,40000
267531,41958
267532,49301
267533,54534
267534,40000
267535,40000
267536,72082
267537,40000
267538,61546
267539,56989
267540,45137
267541,40000
267542,40000
267543,63885
267544,40000
267545,47562
267546,56781
267547,65635
267548,46062
267549,40000
267550,78895
267551,64222
267552,40000
267553,54820
267554,46811
267555,53168
267556,42755
267557,43616
267558,45016
267559,54836
267560,40000
267561,45956
267562,55340
267563,40000
267564,42249
267565,40155
267566,48627
267567,46430
267568,63488
267569,42627
267570,40000
267571,69552
267572,69887
267573,40000
267574,43776
267575,40000
267576,47260
267577,47229
267578,47837
267579,68083
267580,54640
267581,59736
267582,42218
267583,61058
267584,40000
267585,43547
267586,40000
267587,57897
267588,67410
267589,75105
267590,59795
267591,58054
267592,51865
267593,40000
267594,76406
267595,56794
267596,56260
267597,57474
267598,41069
267599,40098
267600,49710
267601,42193
267602,48975
267603,58490
267604,40000
267605,40000
267606,49142
267607,73444
267608,97364
267609,40000
267610,43709
267611,57819
267612,86428
267613,98689
267614,60772
267615,46095
267616,64250
267617,84786
267618,60441
267619,80613
267620,94490
267621,69706
267622,66089
267623,40000
267624,49627
267625,40000
267626,59533
267627,73233
267628,50355
267629,105838
267630,53790
267631,40000
267632,50603
267633,40000
267634,40000
267635,44660
267636,63974
267637,46223
267638,90886
267639,40000
267640,58350
267641,40000
267642,40000
267643,82584
267644,48821
267645,99385
267646,72489
267647,42023
267648,40000
267649,57334
267650,56106
267651,50306
267652,40364
267653,48932
267654,40000
267655,52798
267656,54435
267657,44471
267658,69294
267659,40000
267660,42636
267661,60632
267662,40000
267663,69333
267664,57499
267665,46870
267666,53816
267667,75381
267668,80668
267669,40000
267670,40000
267671,40000
267672,40000
267673,40000
267674,74637
267675,57435
267676,62744
267677,40000
267678,66383
267679,50095
267680,40000
267681,55400
267682,40000
267683,76391
267684,57796
267685,57568
267686,57136
267687,62530
267688,54399
267689,48988
267690,40000
267691,73612
267692,50716
267693,66987
267694,68888
267695,44230
267696,58138
267697,40000
267698,40000
267699,54966
267700,55294
267701,45644
267702,73724
267703,76048
267704,40000
267705,49519
267706,62086
267707,40000
267708,46470
267709,40000
267710,40000
267711,55103
267712,48901
267713,103837
267714,80437
267715,40750
267716,66533
267717,42229
267718,40000
267719,40000
267720,40000
267721,46455
267722,82434
267723,50906
267724,110842
267725,51608
267726,55724
267727,80003
267728,66125
267729,60881
267730,40000
267731,43353
267732,45623
267733,95818
267734,89181
267735,40000
267736,40000
267737,47954
267738,53063
267739,63971
267740,56172
267741,40000
267742,50650
267743,69016
267744,49350
267745,62350
267746,41630
267747,50838
267748,47851
267749,78290
267750,62187
267751,40000
267752,40000
267753,44499
267754,88582
267755,53167
267756,40000
267757,77825
267758,73283
267759,40000
267760,40000
267761,40000
267762,68505
267763,59273
267764,65487
267765,67699
267766,51399
267767,50968
267768,65660
267769,52111
267770,104807
267771,50060
267772,40000
267773,53612
267774,61204
267775,60651
267776,54090
267777,67743
267778,40725
267779,70608
267780,90765
267781,63900
267782,40000
267783,87331
267784,40000
267785,61129
267786,57445
267787,55656
267788,74621
267789,40000
267790,40000
267791,40000
267792,40000
267793,52454
267794,40357
267795,43269
267796,48492
267797,64501
267798,48487
267799,40000
267800,49958
267801,40000
267802,40000
267803,78055
267804,53783
267805,40000
267806,62924
267807,76663
267808,70903
267809,40000
267810,49162
267811,65184
267812,66984
267813,40541
267814,79347
267815,40000
267816,40000
267817,66505
267818,57296
267819,40000
267820,40118
267821,40000
267822,40000
267823,40000
267824,66653
267825,49240
267826,86675
267827,40000
267828,98092
267829,41135
267830,60944
267831,40000
267832,40000
267833,73495
267834,40000
267835,70953
267836,40000
267837,40000
267838,64335
267839,90141
267840,55501
267841,58754
267842,42501
267843,69443
267844,42923
267845,48202
267846,40000
267847,40000
267848,48491
267849,55519
267850,45550
267851,40000
267852,40000
267853,43041
267854,78297
267855,46496
267856,40000
267857,46830
267858,71259
267859,67446
267860,52864
267861,40000
267862,53648
267863,40000
267864,79112
267865,48939
267866,61663
267867,54800
267868,53683
267869,72124
267870,60617
267871,40000
267872,67063
267873,40245
267874,40000
267875,42787
267876,40000
267877,44375
267878,50955
267879,40000
267880,44262
267881,61473
267882,67529
267883,73191
267884,45331
267885,90656
267886,77849
267887,42742
267888,64613
267889,75688
267890,40000
267891,51188
267892,40000
267893,45934
267894,40000
267895,51672
267896,62252
267897,40000
267898,51902
267899,92267
267900,73874
267901,45597
267902,40000
267903,40510
267904,52749
267905,40000
267906,45167
267907,44322
267908,47675
267909,52109
267910,40000
267911,55850
267912,55360
267913,40000
267914,61461
267915,40000
267916,63241
267917,48425
267918,40000
267919,40000
267920,40000
267921,40000
267922,40000
267923,55600
267924,62436
267925,40000
267926,40000
267927,50418
267928,65912
267929,40000
267930,40000
267931,45615
267932,81127
267933,40000
267934,40000
267935,40000
267936,42557
267937,60131
267938,40000
267939,40000
267940,57316
267941,40000
267942,65836
267943,40000
267944,46601
267945,55982
267946,64658
267947,45639
267948,40000
267949,40000
267950,46097
267951,49076
267952,61855
267953,41994
267954,85795
267955,40000
267956,44296
267957,40049
267958,86037
267959,73021
267960,40000
267961,64041
267962,46127
267963,67248
267964,40000
267965,40000
267966,40000
267967,47778
267968,58344
267969,40000
267970,44960
267971,48171
267972,40000
267973,70766
267974,51200
267975,40000
267976,40000
267977,41799
267978,82015
267979,73399
267980,40000
267981,46342
267982,40000
267983,40000
267984,40000
267985,92210
267986,40000
267987,45534
267988,46924
267989,82904
267990,40000
267991,40000
267992,40000
267993,70536
267994,41351
267995,63066
267996,54472
267997,40000
267998,40000
267999,42486
268000,40000
268001,40000
268002,73535
268003,61265
268004,40000
268005,59880
268006,40000
268007,51091
268008,56808
268009,52608
268010,40000
268011,65197
268012,40000
268013,40000
268014,44919
268015,40000
268016,61163
268017,78630
268018,48337
268019,82563
268020,40000
268021,86371
268022,54255
268023,49116
268024,46995
268025,53285
268026,57325
268027,40000
268028,66426
268029,54308
268030,50013
268031,64805
268032,57198
268033,55401
268034,54992
268035,50054
268036,48624
268037,74389
268038,45535
268039,55968
268040,52106
268041,81761
268042,50607
268043,40000
268044,40000
268045,40000
268046,77795
268047,55284
268048,61825
268049,56776
268050,40000
268051,64360
268052,48481
268053,40000
268054,58603
268055,54106
268056,40000
268057,51162
268058,40000
268059,40000
268060,55322
268061,52611
268062,70889
268063,63115
268064,40000
268065,70538
268066,52296
268067,40000
268068,40000
268069,45506
268070,47395
268071,83903
268072,40000
268073,40000
268074,67955
268075,49534
268076,49635
268077,54269
268078,40000
268079,53876
268080,75847
268081,81401
268082,49949
268083,85529
268084,64332
268085,40000
268086,40000
268087,43313
268088,52044
268089,82239
268090,47603
268091,44969
268092,48281
268093,40000
268094,77714
268095,74938
268096,40000
268097,59039
268098,83767
268099,45405
268100,40000
268101,40000
268102,63388
268103,84225
268104,51596
268105,107912
268106,44920
268107,57216
268108,40000
268109,43426
268110,64701
268111,71756
268112,71794
268113,41489
268114,40000
268115,40000
268116,40000
268117,40000
268118,40000
268119,40000
268120,40000
268121,48425
268122,40079
268123,45624
268124,40000
268125,55804
268126,80582
268127,51415
268128,63305
268129,40000
268130,51966
268131,67964
268132,73427
268133,49338
268134,73701
268135,57580
268136,53088
268137,46592
268138,79907
268139,40000
268140,45863
268141,59604
268142,43715
268143,76285
268144,41480
268145,41698
268146,58626
268147,46817
268148,53198
268149,40000
268150,65949
268151,50422
268152,69116
268153,46778
268154,54150
268155,57185
268156,40000
268157,66534
268158,40000
268159,40157
268160,40000
268161,70655
268162,40000
268163,40000
268164,44997
268165,63845
268166,40000
268167,54211
268168,46725
268169,40000
268170,93075
268171,43610
268172,40000
268173,40000
268174,68137
268175,40000
268176,66324
268177,40230
268178,64814
268179,47224
268180,48426
268181,52144
268182,97189
268183,83034
268184,66533
268185,40000
268186,54058
268187,46862
268188,40000
268189,40000
268190,79443
268191,53601
268192,52792
268193,43232
268194,70796
268195,40000
268196,103000
268197,60762
268198,77114
268199,60468
268200,40000
268201,40000
268202,48654
268203,40000
268204,70004
268205,58964
268206,49854
268207,74226
268208,49493
268209,75036
268210,42744
268211,65855
268212,68327
268213,50050
268214,53946
268215,63855
268216,67699
268217,40000
268218,48377
268219,49072
268220,40000
268221,46418
268222,40000
268223,59853
268224,43543
268225,40000
268226,40000
268227,52755
268228,68097
268229,95164
268230,79339
268231,61162
268232,54122
268233,65656
268234,81927
268235,40000
268236,48644
268237,40000
268238,87174
268239,75506
268240,40000
268241,82398
268242,60182
268243,40000
268244,69729
268245,76054
268246,49250
268247,40000
268248,47916
268249,40000
268250,60088
268251,40000
268252,40000
268253,40000
268254,40399
268255,72064
268256,52785
268257,40000
268258,54411
268259,44839
268260,56189
268261,42389
268262,68663
268263,40000
268264,48149
268265,40000
268266,51647
268267,40000
268268,46321
268269,40000
268270,47691
268271,40000
268272,53697
268273,40000
268274,40000
268275,41439
268276,56404
268277,45384
268278,68175
268279,40000
268280,40000
268281,76397
268282,44768
268283,63967
268284,40000
268285,40000
268286,67824
268287,74306
268288,40000
268289,55345
268290,40000
268291,67601
268292,45676
268293,48085
268294,42355
268295,40000
268296,41884
268297,54110
268298,87711
268299,57020
268300,40108
268301,86306
268302,40000
268303,50858
268304,48506
268305,40000
268306,40000
268307,40000
268308,56238
268309,55454
268310,51693
268311,44758
268312,97585
268313,71104
268314,53381
268315,74847
268316,51019
268317,62537
268318,48157
268319,40000
268320,42695
268321,40000
268322,40000
268323,45596
268324,76814
268325,49651
268326,74311
268327,50960
268328,40000
268329,40000
268330,67572
268331,40000
268332,40000
268333,43516
268334,40000
268335,44662
268336,91139
268337,40000
268338,53486
268339,53173
268340,40809
268341,40000
268342,92978
268343,69819
268344,60661
268345,40000
268346,50526
268347,54867
268348,45450
268349,40000
268350,72816
268351,40000
268352,40000
268353,58858
268354,70456
268355,72001
268356,40000
268357,43669
268358,40000
268359,44630
268360,43511
268361,70267
268362,91218
268363,56202
268364,40000
268365,47332
268366,40622
268367,74076
268368,88613
268369,51053
268370,40000
268371,62781
268372,45499
268373,55557
268374,67695
268375,40000
268376,69017
268377,40000
268378,85756
268379,40000
268380,65977
268381,40000
268382,65532
268383,42059
268384,58675
268385,67321
268386,52306
268387,42949
268388,40000
268389,40000
268390,42508
268391,63041
268392,41318
268393,54177
268394,60160
268395,40000
268396,45103
268397,55457
268398,40000
268399,57442
268400,40000
268401,40000
268402,44805
268403,48058
268404,67475
268405,51336
268406,40000
268407,48573
268408,53128
268409,40000
268410,103457
268411,52311
268412,58143
268413,52895
268414,55040
268415,60828
268416,57894
268417,40000
268418,40000
268419,41920
268420,44883
268421,40000
268422,40000
268423,43829
268424,43747
268425,79154
268426,40000
268427,40000
268428,61565
268429,45084
268430,40000
268431,46512
268432,55196
268433,44821
268434,74548
268435,68097
268436,40000
268437,47879
268438,40000
268439,40000
268440,87936
268441,40000
268442,40000
268443,40000
268444,44241
268445,54634
268446,67239
268447,41004
268448,40000
268449,58411
268450,54296
268451,40008
268452,40000
268453,74711
268454,53157
268455,42012
268456,40000
268457,40000
268458,40000
268459,40000
268460,47099
268461,65069
268462,44504
268463,57717
268464,67381
268465,73002
268466,40000
268467,40000
268468,61716
268469,40000
268470,51987
268471,65128
268472,72462
268473,62653
268474,68177
268475,40000
268476,49582
268477,40000
268478,75173
268479,40000
268480,49037
268481,40000
268482,83697
268483,45300
268484,54116
268485,46181
268486,40000
268487,77526
268488,46715
268489,40000
268490,41999
268491,52694
268492,43829
268493,83789
268494,40000
268495,64667
268496,42867
268497,79573
268498,58274
268499,53083
268500,40000
268501,66515
268502,54346
268503,54902
268504,41236
268505,43236
268506,40000
268507,40000
268508,42007
268509,59263
268510,42027
268511,51134
268512,69108
268513,52262
268514,40000
268515,80861
268516,71209
268517,51764
268518,40000
268519,74061
268520,45006
268521,67551
268522,40000
268523,45601
268524,62346
268525,49885
268526,50709
268527,45653
268528,56289
268529,40000
268530,40003
268531,66809
268532,58951
268533,72263
268534,44991
268535,70962
268536,61975
268537,96467
268538,57619
268539,40000
268540,40000
268541,67727
268542,41944
268543,49723
268544,40000
268545,40000
268546,89070
268547,42503
268548,78679
268549,41829
268550,41603
268551,71173
268552,81801
268553,67788
268554,40000
268555,46753
268556,44294
268557,40000
268558,57182
268559,62299
268560,43612
268561,40000
268562,56386
268563,50753
268564,55135
268565,42564
268566,73481
268567,54630
268568,40000
268569,94816
268570,54907
268571,46213
268572,83809
268573,56657
268574,57046
268575,40000
268576,49080
268577,40000
268578,58873
268579,75477
268580,40000
268581,40000
268582,40000
268583,53079
268584,70766
268585,51034
268586,48827
268587,51153
268588,71210
268589,47980
268590,40000
268591,54449
268592,40000
268593,64082
268594,40147
268595,44779
268596,71335
268597,48402
268598,47221
268599,40253
268600,40000
268601,66884
268602,58539
268603,46532
268604,52831
268605,40000
268606,48159
268607,45748
268608,40000
268609,40983
268610,49348
268611,42903
268612,66472
268613,53960
268614,40000
268615,41192
268616,53502
268617,53265
268618,56395
268619,40000
268620,62224
268621,40000
268622,45487
268623,40000
268624,61847
268625,62314
268626,49159
268627,40000
268628,40000
268629,51294
268630,40000
268631,45367
268632,75460
268633,74513
268634,84418
268635,40000
268636,40000
268637,40000
268638,40000
268639,40000
268640,40000
268641,40000
268642,40000
268643,77965
268644,81364
268645,73367
268646,44532
268647,64604
268648,60174
268649,40000
268650,61409
268651,45332
268652,40000
268653,40000
268654,40000
268655,40000
268656,88455
268657,40000
268658,67745
268659,94126
268660,55425
268661,78913
268662,40000
268663,46054
268664,48177
268665,47624
268666,42708
268667,44330
268668,43534
268669,54233
268670,49580
268671,95482
268672,40000
268673,40000
268674,67000
268675,53779
268676,73989
268677,40000
268678,46052
268679,42819
268680,62922
268681,62048
268682,40000
268683,78359
268684,71012
268685,88628
268686,64940
268687,40000
268688,63452
268689,40000
268690,86272
268691,69988
268692,65199
268693,40000
268694,40000
268695,40554
268696,41193
268697,61165
268698,40000
268699,40000
268700,51455
268701,51260
268702,48205
268703,96102
268704,40000
268705,40000
268706,40000
268707,41365
268708,40000
268709,40000
268710,55500
268711,40000
268712,40000
268713,61741
268714,49231
268715,84324
268716,49903
268717,51315
268718,40000
268719,53138
268720,54289
268721,55070
268722,55840
268723,40000
268724,44178
268725,50301
268726,51939
268727,40000
268728,51539
268729,55092
268730,46518
268731,68410
268732,88432
268733,40000
268734,40000
268735,73147
268736,41948
268737,48036
268738,48344
268739,42447
268740,69425
268741,73321
268742,40000
268743,64904
268744,40000
268745,81806
268746,40000
268747,40000
268748,45337
268749,40000
268750,45204
268751,40000
268752,80870
268753,84710
268754,53265
268755,51397
268756,43559
268757,53760
268758,40000
268759,68191
268760,40000
268761,65409
268762,68056
268763,47205
268764,81074
268765,74430
268766,47247
268767,61735
268768,55895
268769,40000
268770,40000
268771,85481
268772,40813
268773,62519
268774,43999
268775,40000
268776,42555
268777,40000
268778,71783
268779,41392
268780,46310
268781,70403
268782,67056
268783,60276
268784,40000
268785,40000
268786,48697
268787,55881
268788,40000
268789,50725
268790,50325
268791,78270
268792,40000
268793,64578
268794,72343
268795,50641
268796,40000
268797,49075
268798,84554
268799,57246
268800,76596
268801,40000
268802,44517
268803,40284
268804,51947
268805,73827
268806,52786
268807,63988
268808,40000
268809,45024
268810,47752
268811,52117
268812,73548
268813,55780
268814,67259
268815,77856
268816,40000
268817,40000
268818,40000
268819,41354
268820,40000
268821,50681
268822,40000
268823,42051
268824,42781
268825,40000
268826,40000
268827,50163
268828,76801
268829,61757
268830,40000
268831,76110
268832,47726
268833,41536
268834,40000
268835,82258
268836,42532
268837,74071
268838,40000
268839,57544
268840,46649
268841,44004
268842,43250
268843,80576
268844,42473
268845,52277
268846,42382
268847,40000
268848,40000
268849,67912
268850,66147
268851,47926
268852,60824
268853,58796
268854,40000
268855,54527
268856,40000
268857,58466
268858,90907
268859,40000
268860,40000
268861,58177
268862,40000
268863,58116
268864,40000
268865,73238
268866,73409
268867,40000
268868,45322
268869,40000
268870,40000
268871,40000
268872,78073
268873,40000
268874,40000
268875,71513
268876,54352
268877,40000
268878,66396
268879,42169
268880,40000
268881,40000
268882,40000
268883,40000
268884,44300
268885,94252
268886,59494
268887,40000
268888,67702
268889,48750
268890,72147
268891,88127
268892,46674
268893,47628
268894,54094
268895,40000
268896,40000
268897,89129
268898,72324
268899,40000
268900,40000
268901,83638
268902,56509
268903,40000
268904,66859
268905,49023
268906,40000
268907,75981
268908,76954
268909,40000
268910,56227
268911,40000
268912,40000
268913,40000
268914,57288
268915,69089
268916,48132
268917,52090
268918,40315
268919,60234
268920,74780
268921,44740
268922,65189
268923,40000
268924,44967
268925,40000
268926,40000
268927,40000
268928,46265
268929,77007
268930,74452
268931,40000
268932,66839
268933,61990
268934,40000
268935,54805
268936,52623
268937,40000
268938,43949
268939,41583
268940,40000
268941,40000
268942,55364
268943,40000
268944,40000
268945,56377
268946,64792
268947,40000
268948,61394
268949,40000
268950,90476
268951,40000
268952,67169
268953,57494
268954,101698
268955,73749
268956,44378
268957,40000
268958,62189
268959,40000
268960,54910
268961,46179
268962,43336
268963,40000
268964,40000
268965,40000
268966,40000
268967,40000
268968,40000
268969,56868
268970,40000
268971,42246
268972,40000
268973,73588
268974,40796
268975,40000
268976,50268
268977,40000
268978,60662
268979,51210
268980,68803
268981,77047
268982,62792
268983,40398
268984,40000
268985,40000
268986,55273
268987,70055
268988,48034
268989,44700
268990,40987
268991,40000
268992,69353
268993,69789
268994,48270
268995,47835
268996,45699
268997,41938
268998,53580
268999,40000
269000,80244
269001,40000
269002,48190
269003,49796
269004,41739
269005,40000
269006,53471
269007,110608
269008,52715
269009,40000
269010,43836
269011,40838
269012,42129
269013,40000
269014,40000
269015,40000
269016,40000
269017,51175
269018,77276
269019,53081
269020,40070
269021,60022
269022,40000
269023,81041
269024,48284
269025,42647
269026,69030
269027,40000
269028,67616
269029,77497
269030,61536
269031,43088
269032,53087
269033,73061
269034,69399
269035,42206
269036,40000
269037,74671
269038,40000
269039,50571
269040,52141
269041,60384
269042,67370
269043,64651
269044,47559
269045,40000
269046,49509
269047,40000
269048,62183
269049,85049
269050,56270
269051,63706
269052,66143
269053,49314
269054,45143
269055,73162
269056,46629
269057,40000
269058,55204
269059,40000
269060,40000
269061,54758
269062,40000
269063,66029
269064,42442
269065,48010
269066,40000
269067,84587
269068,64800
269069,40000
269070,40000
269071,40000
269072,53301
269073,52691
269074,97694
269075,70080
269076,40000
269077,40000
269078,48114
269079,72359
269080,73874
269081,53351
269082,40000
269083,69068
269084,58732
269085,49966
269086,43840
269087,43920
269088,67145
269089,42042
269090,96578
269091,40000
269092,43919
269093,52637
269094,83409
269095,44375
269096,40297
269097,40000
269098,41719
269099,44545
269100,74902
269101,40058
269102,58051
269103,40000
269104,70010
269105,40000
269106,70356
269107,60153
269108,64601
269109,77635
269110,40000
269111,72441
269112,66984
269113,51128
269114,61592
269115,40000
269116,56404
269117,60009
269118,67422
269119,72335
269120,57638
269121,62611
269122,57131
269123,40000
269124,65242
269125,52910
269126,40000
269127,69865
269128,40000
269129,40000
269130,55953
269131,40000
269132,81684
269133,40000
269134,40000
269135,40000
269136,40000
269137,69004
269138,40479
269139,40000
269140,64460
269141,40865
269142,42058
269143,51312
269144,49081
269145,45365
269146,40000
269147,69660
269148,40000
269149,40096
269150,58666
269151,40000
269152,55412
269153,59184
269154,56078
269155,46823
269156,40000
269157,84354
269158,83167
269159,42736
269160,40000
269161,40000
269162,82890
269163,50054
269164,40000
269165,40000
269166,40000
269167,40000
269168,83440
269169,40000
269170,93106
269171,52857
269172,45462
269173,40000
269174,61990
269175,48313
269176,40000
269177,76012
269178,40000
269179,80095
269180,51444
269181,63172
269182,42115
269183,69733
269184,53362
269185,48227
269186,70562
269187,40000
269188,51090
269189,40000
269190,40000
269191,40000
269192,67836
269193,40000
269194,92969
269195,40000
269196,40000
269197,58409
269198,46442
269199,40000
269200,42054
269201,85018
269202,62982
269203,40000
269204,40000
269205,63958
269206,54472
269207,64581
269208,40000
269209,51089
269210,44002
269211,43591
269212,40000
269213,79873
269214,70319
269215,67877
269216,57630
269217,40000
269218,43847
269219,47625
269220,40000
269221,48443
269222,40000
269223,40000
269224,67441
269225,46873
269226,40000
269227,62306
269228,40000
269229,49273
269230,40000
269231,70239
269232,40000
269233,45698
269234,40000
269235,64632
269236,40000
269237,40490
269238,40000
269239,53120
269240,40000
269241,43680
269242,57342
269243,40000
269244,40000
269245,53509
269246,53408
269247,58925
269248,60026
269249,63632
269250,44660
269251,109252
269252,65078
269253,40216
269254,74212
269255,40000
269256,40000
269257,40000
269258,52133
269259,89133
269260,40000
269261,40000
269262,42004
269263,40000
269264,49731
269265,40000
269266,40000
269267,55973
269268,73679
269269,83377
269270,69219
269271,71177
269272,50699
269273,72097
269274,71706
269275,60848
269276,40000
269277,69473
269278,40000
269279,40000
269280,82585
269281,40000
269282,41058
269283,59391
269284,87098
269285,57550
269286,94824
269287,55825
269288,40000
269289,40000
269290,41252
269291,48056
269292,62794
269293,40000
269294,42615
269295,40000
269296,40000
269297,40000
269298,65477
269299,74668
269300,82355
269301,40000
269302,40000
269303,40000
269304,69508
269305,51768
269306,40000
269307,70537
269308,50239
269309,68396
269310,40000
269311,64399
269312,40000
269313,50751
269314,46091
269315,40000
269316,41795
269317,56429
269318,59422
269319,40000
269320,62847
269321,49143
269322,72810
269323,57550
269324,40000
269325,40000
269326,51082
269327,79321
269328,45061
269329,40000
269330,48273
269331,40000
269332,40000
269333,49629
269334,87585
269335,40000
269336,49270
269337,61747
269338,40000
269339,58403
269340,40000
269341,62282
269342,57431
269343,40000
269344,71781
269345,40000
269346,64409
269347,103710
269348,61154
269349,40000
269350,48338
269351,53169
269352,47876
269353,87083
269354,41286
269355,52802
269356,57731
269357,40000
269358,97738
269359,55460
269360,40000
269361,45444
269362,40000
269363,52166
269364,48983
269365,40000
269366,73013
269367,40000
269368,40000
269369,48882
269370,46480
269371,65811
269372,58004
269373,57827
269374,73745
269375,83435
269376,76067
269377,40000
269378,55338
269379,40000
269380,91450
269381,52255
269382,63214
269383,61246
269384,44868
269385,42307
269386,40000
269387,48991
269388,55300
269389,40000
269390,40000
269391,40084
269392,63360
269393,40000
269394,40000
269395,44518
269396,50321
269397,56334
269398,60643
269399,40000
269400,56434
269401,40000
269402,43085
269403,44958
269404,69291
269405,102153
269406,46457
269407,54731
269408,40000
269409,87753
269410,100436
269411,66428
269412,50707
269413,40000
269414,49760
269415,73327
269416,44677
269417,40000
269418,69114
269419,40000
269420,79361
269421,51839
269422,56130
269423,57921
269424,40000
269425,58345
269426,43552
269427,40000
269428,40000
269429,49609
269430,54532
269431,50579
269432,50248
269433,41782
269434,51237
269435,40000
269436,40000
269437,79213
269438,40000
269439,45999
269440,41162
269441,40000
269442,51079
269443,52961
269444,40000
269445,88009
269446,43883
269447,43487
269448,72050
269449,58683
269450,74797
269451,75795
269452,40000
269453,46733
269454,64974
269455,47244
269456,40000
269457,47014
269458,53862
269459,59168
269460,65328
269461,97704
269462,40000
269463,40000
269464,40000
269465,87498
269466,40000
269467,71404
269468,52230
269469,43588
269470,62260
269471,40000
269472,45637
269473,42052
269474,44136
269475,40000
269476,40000
269477,42439
269478,42719
269479,60953
269480,50005
269481,61646
269482,88863
269483,50981
269484,40000
269485,80391
269486,40000
269487,59190
269488,69969
269489,43451
269490,63437
269491,71625
269492,41462
269493,40000
269494,40000
269495,78330
269496,63788
269497,57468
269498,40000
269499,55331
269500,48920
269501,49855
269502,40000
269503,66108
269504,40000
269505,51237
269506,40000
269507,40000
269508,88223
269509,41824
269510,40000
269511,53093
269512,48492
269513,77307
269514,46700
269515,73817
269516,53726
269517,40000
269518,64589
269519,65210
269520,50393
269521,48961
269522,58401
269523,40000
269524,51232
269525,68716
269526,67146
269527,78051
269528,40516
269529,40000
269530,40000
269531,40000
269532,40000
269533,42035
269534,66926
269535,41065
269536,40000
269537,67119
269538,45000
269539,45999
269540,40000
269541,44185
269542,83679
269543,50023
269544,40000
269545,42723
269546,40000
269547,66211
269548,77583
269549,62851
269550,45031
269551,40000
269552,65069
269553,68349
269554,40762
269555,65016
269556,40000
269557,40000
269558,40000
269559,40000
269560,40000
269561,40000
269562,50979
269563,81624
269564,47941
269565,52351
269566,40000
269567,40000
269568,47093
269569,78162
269570,99888
269571,40000
269572,40000
269573,63647
269574,40000
269575,40000
269576,60055
269577,57055
269578,40000
269579,74168
269580,40000
269581,53895
269582,73934
269583,49398
269584,40000
269585,40000
269586,70954
269587,40000
269588,55718
269589,64046
269590,47316
269591,59348
269592,40000
269593,52944
269594,42230
269595,49204
269596,40000
269597,42750
269598,43594
269599,55855
269600,73164
269601,40000
269602,41522
269603,77233
269604,84808
269605,47482
269606,58768
269607,40968
269608,40000
269609,59548
269610,46406
269611,43619
269612,68531
269613,42854
269614,51043
269615,54410
269616,40000
269617,40000
269618,41792
269619,40000
269620,48819
269621,42123
269622,78668
269623,56490
269624,65094
269625,40000
269626,43002
269627,44361
269628,40000
269629,40000
269630,63810
269631,40000
269632,50331
269633,46149
269634,67733
269635,73998
269636,81684
269637,40000
269638,50531
269639,63406
269640,74232
269641,48293
269642,41608
269643,43139
269644,49735
269645,68590
269646,40000
269647,44812
269648,40000
269649,48799
269650,65733
269651,40000
269652,42682
269653,40000
269654,40989
269655,48972
269656,40000
269657,68690
269658,57040
269659,44775
269660,47940
269661,43060
269662,49429
269663,40000
269664,57976
269665,72687
269666,60359
269667,44783
269668,40000
269669,40058
269670,53916
269671,40000
269672,40000
269673,56506
269674,96502
269675,40528
269676,53204
269677,40175
269678,54033
269679,85643
269680,55627
269681,46750
269682,40000
269683,40000
269684,78525
269685,40000
269686,40000
269687,94458
269688,40000
269689,60002
269690,46159
269691,77023
269692,41563
269693,90081
269694,45286
269695,40000
269696,40000
269697,90215
269698,77808
269699,40000
269700,63195
269701,40000
269702,58296
269703,40000
269704,47630
269705,62003
269706,65444
269707,46504
269708,49649
269709,64989
269710,53775
269711,40000
269712,44350
269713,52196
269714,80237
269715,43382
269716,40000
269717,40157
269718,40000
269719,40000
269720,58525
269721,74334
269722,40000
269723,77784
269724,42087
269725,40000
269726,72629
269727,53653
269728,71296
269729,40000
269730,40864
269731,56844
269732,40000
269733,80870
269734,40000
269735,40000
269736,47356
269737,53778
269738,50777
269739,54689
269740,51527
269741,44423
269742,62576
269743,40000
269744,40000
269745,51605
269746,92260
269747,47432
269748,57362
269749,77532
269750,40000
269751,41083
269752,49419
269753,83643
269754,65131
269755,60011
269756,43686
269757,45127
269758,50470
269759,51964
269760,40000
269761,50448
269762,40000
269763,45450
269764,54995
269765,40000
269766,43111
269767,40000
269768,53875
269769,76929
269770,58543
269771,89743
269772,47799
269773,40000
269774,47927
269775,40000
269776,56149
269777,53019
269778,43674
269779,52092
269780,44184
269781,85305
269782,58632
269783,66242
269784,40000
269785,40000
269786,58519
269787,63423
269788,44910
269789,75140
269790,64025
269791,59092
269792,55222
269793,59862
269794,73541
269795,40000
269796,40000
269797,43486
269798,58109
269799,40000
269800,40000
269801,46920
269802,63368
269803,49785
269804,40000
269805,40000
269806,40000
269807,41983
269808,80703
269809,67458
269810,70844
269811,81970
269812,45085
269813,104331
269814,62482
269815,50563
269816,50819
269817,52965
269818,42469
269819,47964
269820,52714
269821,50481
269822,52875
269823,77981
269824,63901
269825,75493
269826,77496
269827,59918
269828,40000
269829,40000
269830,64100
269831,60657
269832,63811
269833,92047
269834,62972
269835,49479
269836,48845
269837,40000
269838,45697
269839,54594
269840,60068
269841,69797
269842,40000
269843,41478
269844,40000
269845,40000
269846,55885
269847,40000
269848,53862
269849,40000
269850,76280
269851,40000
269852,40000
269853,46501
269854,44728
269855,67422
269856,43023
269857,40000
269858,70064
269859,50675
269860,40000
269861,77668
269862,49039
269863,72399
269864,40033
269865,45056
269866,51398
269867,60350
269868,40000
269869,95700
269870,40000
269871,73364
269872,72390
269873,66561
269874,40000
269875,40000
269876,42271
269877,74916
269878,71295
269879,40000
269880,40000
269881,40000
269882,40000
269883,85538
269884,40000
269885,74056
269886,40000
269887,40000
269888,51746
269889,41144
269890,41403
269891,72280
269892,45533
269893,72317
269894,40000
269895,40000
269896,40000
269897,49938
269898,73422
269899,40000
269900,53701
269901,43464
269902,53712
269903,72030
269904,76088
269905,87357
269906,65543
269907,54825
269908,43209
269909,55664
269910,40000
269911,55798
269912,41283
269913,89097
269914,42629
269915,41369
269916,82128
269917,51438
269918,95504
269919,45360
269920,50946
269921,40000
269922,65024
269923,95408
269924,67799
269925,40000
269926,40000
269927,48142
269928,76314
269929,55739
269930,40000
269931,40000
269932,53778
269933,52535
269934,75240
269935,65195
269936,64378
269937,56688
269938,56934
269939,55769
269940,81616
269941,63120
269942,40000
269943,40000
269944,57691
269945,40000
269946,43219
269947,40000
269948,54708
269949,40000
269950,50116
269951,71502
269952,40000
269953,44135
269954,56577
269955,40000
269956,40000
269957,88291
269958,40000
269959,40000
269960,65348
269961,50517
269962,80175
269963,79833
269964,40000
269965,41495
269966,60058
269967,57083
269968,40000
269969,62352
269970,40000
269971,101929
269972,53737
269973,49208
269974,40000
269975,53498
269976,84154
269977,46252
269978,78416
269979,63005
269980,81634
269981,40000
269982,76162
269983,66985
269984,59756
269985,42955
269986,71960
269987,54653
269988,57698
269989,59652
269990,55096
269991,46004
269992,40000
269993,80883
269994,65201
269995,40000
269996,40000
269997,48823
269998,51512
269999,68692
270000,40000
270001,40000
270002,40000
270003,53758
270004,59375
270005,56057
270006,64771
270007,52441
270008,46368
270009,41104
270010,58879
270011,45915
270012,50807
270013,40000
270014,40000
270015,54871
270016,66772
270017,70883
270018,40000
270019,55775
270020,42223
270021,40000
270022,47463
270023,43373
270024,47737
270025,55934
270026,57683
270027,40822
270028,55633
270029,40000
270030,55844
270031,40000
270032,81346
270033,54685
270034,52396
270035,40000
270036,79693
270037,51708
270038,66284
270039,80406
270040,56124
270041,40239
270042,58627
270043,40000
270044,44539
270045,69255
270046,57440
270047,40000
270048,42155
270049,40000
270050,71659
270051,77811
270052,49519
270053,40000
270054,61022
270055,45367
270056,71028
270057,40000
270058,40000
270059,70878
270060,50003
270061,45819
270062,48683
270063,69255
270064,40000
270065,71699
270066,56539
270067,89633
270068,40000
270069,40000
270070,67471
270071,43727
270072,40000
270073,40000
270074,46615
270075,80836
270076,48388
270077,48304
270078,90314
270079,45535
270080,83935
270081,64425
270082,43869
270083,40000
270084,40000
270085,40000
270086,72828
270087,50026
270088,40000
270089,59349
270090,40000
270091,40000
270092,40000
270093,78046
270094,53228
270095,40000
270096,40000
270097,56540
270098,91066
270099,69919
270100,60430
270101,40000
270102,78473
270103,53869
270104,68198
270105,40000
270106,40000
270107,40000
270108,101762
270109,40000
270110,55811
270111,40000
270112,42628
270113,54805
270114,63495
270115,56147
270116,56063
270117,95438
270118,40000
270119,40000
270120,45336
270121,40000
270122,46940
270123,80719
270124,42894
270125,60052
270126,40000
270127,58138
270128,61959
270129,44357
270130,74776
270131,40000
270132,40000
270133,71962
270134,40000
270135,47277
270136,48335
270137,53386
270138,52118
270139,40000
270140,40000
270141,40000
270142,48005
270143,46345
270144,66847
270145,79300
270146,70315
270147,40000
270148,40000
270149,40000
270150,58047
270151,73326
270152,59523
270153,68954
270154,46480
270155,71492
270156,45080
270157,40589
270158,77178
270159,86407
270160,68660
270161,84501
270162,59253
270163,60074
270164,49198
270165,65345
270166,46013
270167,46904
270168,40000
270169,58058
270170,45327
270171,51426
270172,42009
270173,52034
270174,40000
270175,66814
270176,67919
270177,64012
270178,80537
270179,61900
270180,42315
270181,46718
270182,63386
270183,55215
270184,41786
270185,77805
270186,61318
270187,65124
270188,69556
270189,86721
270190,40000
270191,51846
270192,52129
270193,40000
270194,77534
270195,51887
270196,40000
270197,63631
270198,75992
270199,77346
270200,41835
270201,40794
270202,42299
270203,72696
270204,56597
270205,50616
270206,95948
270207,60128
270208,53022
270209,42513
270210,53203
270211,82796
270212,56916
270213,48886
270214,56540
270215,44514
270216,61277
270217,47499
270218,56609
270219,69767
270220,53085
270221,65578
270222,54477
270223,83918
270224,46151
270225,40000
270226,43428
270227,68249
270228,65542
270229,50899
270230,78804
270231,45629
270232,40000
270233,40000
270234,57348
270235,40000
270236,47089
270237,40000
270238,40000
270239,59580
270240,51303
270241,40000
270242,44846
270243,52978
270244,61163
270245,56144
270246,60026
270247,45761
270248,40000
270249,49062
270250,93348
270251,49369
270252,73832
270253,48047
270254,51764
270255,40000
270256,40000
270257,40000
270258,40000
270259,57329
270260,44754
270261,49986
270262,40000
270263,40000
270264,40000
270265,40000
270266,68410
270267,64729
270268,40000
270269,40000
270270,42020
270271,72759
270272,46856
270273,54541
270274,55905
270275,57543
270276,57903
270277,50292
270278,62379
270279,50875
270280,54682
270281,40000
270282,76187
270283,40000
270284,54699
270285,53387
270286,40000
270287,51521
270288,40000
270289,40000
270290,40000
270291,40000
270292,40000
270293,50021
270294,58307
270295,81096
270296,66118
270297,40000
270298,56807
270299,40000
270300,40000
270301,56777
270302,66177
270303,40057
270304,40000
270305,40000
270306,40000
270307,40000
270308,49620
270309,45489
270310,40000
270311,69276
270312,44058
270313,46605
270314,40000
270315,51821
270316,51156
270317,40000
270318,40000
270319,50118
270320,41047
270321,66186
270322,47491
270323,80900
270324,40000
270325,45661
270326,76654
270327,74760
270328,40000
270329,40000
270330,40000
270331,44535
270332,57105
270333,47103
270334,55046
270335,56310
270336,40000
270337,40000
270338,49056
270339,40113
270340,51278
270341,40000
270342,50139
270343,44591
270344,71900
270345,40000
270346,52600
270347,40000
270348,40000
270349,46976
270350,57059
270351,57225
270352,50746
270353,40000
270354,42152
270355,54402
270356,75482
270357,40000
270358,51142
270359,83882
270360,60053
270361,47370
270362,54901
270363,42130
270364,40000
270365,60840
270366,40000
270367,40000
270368,40000
270369,86095
270370,40000
270371,80759
270372,60717
270373,76058
270374,46490
270375,63293
270376,61865
270377,75992
270378,60437
270379,60706
270380,40000
270381,56601
270382,72376
270383,74367
270384,40000
270385,58909
270386,42821
270387,68760
270388,47173
270389,82226
270390,49570
270391,48106
270392,62962
270393,64751
270394,40000
270395,64763
270396,58201
270397,40000
270398,81854
270399,59992
270400,53115
270401,40000
270402,41629
270403,46329
270404,49472
270405,54286
270406,50131
270407,61645
270408,63783
270409,43933
270410,57905
270411,58189
270412,78525
270413,70134
270414,41626
270415,60218
270416,67677
270417,56382
270418,50018
270419,84046
270420,62280
270421,44779
270422,40000
270423,40000
270424,61545
270425,40000
270426,40000
270427,40000
270428,77602
270429,46474
270430,63667
270431,40000
270432,40000
270433,40000
270434,40000
270435,86043
270436,74327
270437,67565
270438,62675
270439,40000
270440,49423
270441,73155
270442,42686
270443,89955
270444,40000
270445,89421
270446,74378
270447,64810
270448,41906
270449,75250
270450,40000
270451,40000
270452,52086
270453,59525
270454,49121
270455,72431
270456,52029
270457,59153
270458,72778
270459,78260
270460,40997
270461,40000
270462,47017
270463,40000
270464,40000
270465,64061
270466,52474
270467,40000
270468,76756
270469,50553
270470,74152
270471,40000
270472,40000
270473,64496
270474,47399
270475,62429
270476,40000
270477,54032
270478,69652
270479,43636
270480,65331
270481,40000
270482,41352
270483,40000
270484,48885
270485,64475
270486,54507
270487,40000
270488,70648
270489,41434
270490,40000
270491,40000
270492,52428
270493,52271
270494,47126
270495,40000
270496,75637
270497,40000
270498,62693
270499,46915
270500,65110
270501,41822
270502,40000
270503,40000
270504,58487
270505,40000
270506,55727
270507,57594
270508,40000
270509,40000
270510,60600
270511,40979
270512,50388
270513,67536
270514,40000
270515,73691
270516,40000
270517,40000
270518,61437
270519,40000
270520,40000
270521,50951
270522,69808
270523,40000
270524,62751
270525,73094
270526,40000
270527,60968
270528,73780
270529,55278
270530,54148
270531,48367
270532,40000
270533,41284
270534,40000
270535,58181
270536,40000
270537,40371
270538,68258
270539,56282
270540,40000
270541,40000
270542,50057
270543,60182
270544,45853
270545,40000
270546,40000
270547,41959
270548,92747
270549,77300
270550,54397
270551,45018
270552,60204
270553,41677
270554,40000
270555,40477
270556,52193
270557,40000
270558,40000
270559,40000
270560,50816
270561,63443
270562,40000
270563,40000
270564,40000
270565,40000
270566,44710
270567,40000
270568,48729
270569,60024
270570,55178
270571,40000
270572,40000
270573,59318
270574,60884
270575,51304
270576,40000
270577,40000
270578,40000
270579,48963
270580,40000
270581,82150
270582,46620
270583,40000
270584,40000
270585,50395
270586,40000
270587,50693
270588,40000
270589,57315
270590,54460
270591,43977
270592,40000
270593,40000
270594,40000
270595,40000
270596,70361
270597,55592
270598,68822
270599,80813
270600,40000
270601,57304
270602,66594
270603,51679
270604,40000
270605,40000
270606,40000
270607,40000
270608,63044
270609,91413
270610,40000
270611,40000
270612,59645
270613,69242
270614,40000
270615,81953
270616,88945
270617,44942
270618,48740
270619,40000
270620,64029
270621,40000
270622,73870
270623,40000
270624,47025
270625,48582
270626,59592
270627,47084
270628,40000
270629,66522
270630,40000
270631,40000
270632,40000
270633,72151
270634,57610
270635,40000
270636,61604
270637,57578
270638,58923
270639,40000
270640,49046
270641,61726
270642,66290
270643,40000
270644,50999
270645,40000
270646,40000
270647,40000
270648,48094
270649,40268
270650,41587
270651,40000
270652,54926
270653,62205
270654,40000
270655,40000
270656,69945
270657,51682
270658,40000
270659,49879
270660,58556
270661,40000
270662,46183
270663,40000
270664,40000
270665,75880
270666,40000
270667,40000
270668,71502
270669,40000
270670,83399
270671,50019
270672,57819
270673,41683
270674,41016
270675,59754
270676,40000
270677,90254
270678,51214
270679,44184
270680,41300
270681,40000
270682,64854
270683,53408
270684,62196
270685,40000
270686,63920
270687,43990
270688,42399
270689,63583
270690,47557
270691,54471
270692,40000
270693,61320
270694,40000
270695,56057
270696,61942
270697,98619
270698,40000
270699,89272
270700,79054
270701,40000
270702,40000
270703,49715
270704,49173
270705,48108
270706,63500
270707,60072
270708,40000
270709,50952
270710,40000
270711,55775
270712,81716
270713,40000
270714,89307
270715,68314
270716,104010
270717,54336
270718,41335
270719,40000
270720,72568
270721,67371
270722,50173
270723,54582
270724,40000
270725,43587
270726,96048
270727,40000
270728,45930
270729,40000
270730,43306
270731,40000
270732,40000
270733,62111
270734,81063
270735,59308
270736,40000
270737,52274
270738,82859
270739,45934
270740,40000
270741,45402
270742,40000
270743,40000
270744,43516
270745,61970
270746,40000
270747,40000
270748,40000
270749,60022
270750,60577
270751,40000
270752,66591
270753,40000
270754,40000
270755,51852
270756,49989
270757,55359
270758,45805
270759,40000
270760,59856
270761,46377
270762,50188
270763,47951
270764,40000
270765,54482
270766,40000
270767,53019
270768,49268
270769,58688
270770,61187
270771,52297
270772,78441
270773,44359
270774,44855
270775,40000
270776,40000
270777,40000
270778,40000
270779,40000
270780,40000
270781,70215
270782,42458
270783,62493
270784,53925
270785,81012
270786,45628
270787,42531
270788,43161
270789,43693
270790,41923
270791,54464
270792,40000
270793,40000
270794,73566
270795,101061
270796,49040
270797,40000
270798,53294
270799,52396
270800,40000
270801,48999
270802,40000
270803,40000
270804,40000
270805,42464
270806,40000
270807,40000
270808,88988
270809,40000
270810,56560
270811,52906
270812,40000
270813,41317
270814,56679
270815,40000
270816,80118
270817,56792
270818,61683
270819,61855
270820,40000
270821,61289
270822,40515
270823,47416
270824,79616
270825,42283
270826,40000
270827,40000
270828,55009
270829,64511
270830,47641
270831,62152
270832,40000
270833,40000
270834,40000
270835,73410
270836,40000
270837,56326
270838,78228
270839,40000
270840,43445
270841,40000
270842,69348
270843,69443
270844,93878
270845,64770
270846,67871
270847,60020
270848,60704
270849,73867
270850,46706
270851,57471
270852,48112
270853,47541
270854,63118
270855,40000
270856,76666
270857,73522
270858,40000
270859,40000
270860,44241
270861,46981
270862,55510
270863,40000
270864,42931
270865,49927
270866,83716
270867,40000
270868,40749
270869,40000
270870,67883
270871,40000
270872,58129
270873,40000
270874,40000
270875,44123
270876,51071
270877,60867
270878,65294
270879,40000
270880,69217
270881,49828
270882,72213
270883,61333
270884,57489
270885,40000
270886,44803
270887,40000
270888,70849
270889,42684
270890,40000
270891,40000
270892,40000
270893,90368
270894,56961
270895,56376
270896,40000
270897,77220
270898,77427
270899,53481
270900,40000
270901,40000
270902,48750
270903,40000
270904,40000
270905,102299
270906,50959
270907,74438
270908,48928
270909,40000
270910,42956
270911,66766
270912,51468
270913,50347
270914,90830
270915,64065
270916,70568
270917,53740
270918,40142
270919,40000
270920,53794
270921,53574
270922,82096
270923,64487
270924,70262
270925,72287
270926,40000
270927,40000
270928,63306
270929,40000
270930,61295
270931,68489
270932,50337
270933,40556
270934,46527
270935,51596
270936,71949
270937,40000
270938,50530
270939,51819
270940,40000
270941,49620
270942,49626
270943,95888
270944,40000
270945,70509
270946,40000
270947,67896
270948,46692
270949,56223
270950,50240
270951,40000
270952,60384
270953,45446
270954,40000
270955,69264
270956,41831
270957,58786
270958,74648
270959,40000
270960,56865
270961,40000
270962,46631
270963,68393
270964,40553
270965,59175
270966,54562
270967,52137
270968,49609
270969,40000
270970,45000
270971,40000
270972,40000
270973,59700
270974,41779
270975,60396
270976,49432
270977,44891
270978,81401
270979,56545
270980,40000
270981,70397
270982,65214
270983,40000
270984,60022
270985,40000
270986,40612
270987,40000
270988,43818
270989,40000
270990,48883
270991,90411
270992,40000
270993,40000
270994,40000
270995,56685
270996,53842
270997,78385
270998,50089
270999,50988
271000,62261
271001,75014
271002,45983
271003,46177
271004,43597
271005,40000
271006,59680
271007,67860
271008,62599
271009,40000
271010,49919
271011,63642
271012,55738
271013,45483
271014,40000
271015,43927
271016,75795
271017,51552
271018,46136
271019,40136
271020,70332
271021,40000
271022,51005
271023,50946
271024,80539
271025,61646
271026,40000
271027,44149
271028,44732
271029,40000
271030,101628
271031,64530
271032,86898
271033,59402
271034,40000
271035,40000
271036,41444
271037,49221
271038,67791
271039,58248
271040,43832
271041,41942
271042,40984
271043,43819
271044,40000
271045,40000
271046,69782
271047,41157
271048,46283
271049,40000
271050,82397
271051,57041
271052,53988
271053,42709
271054,47772
271055,40000
271056,61834
271057,47709
271058,51985
271059,40000
271060,40000
271061,40000
271062,62581
271063,65229
271064,40000
271065,53578
271066,89626
271067,76647
271068,43819
271069,60877
271070,41122
271071,71247
271072,40000
271073,51718
271074,40865
271075,40000
271076,60093
271077,57045
271078,55281
271079,46607
271080,55723
271081,59095
271082,81440
271083,57617
271084,44397
271085,60141
271086,44885
271087,63192
271088,40730
271089,40000
271090,61153
271091,46085
271092,58271
271093,40000
271094,40000
271095,65535
271096,69507
271097,40000
271098,40000
271099,42840
271100,40000
271101,43814
271102,42686
271103,40000
271104,48657
271105,76752
271106,57783
271107,48335
271108,81691
271109,63129
271110,40000
271111,42117
271112,55575
271113,74451
271114,40000
271115,45753
271116,40000
271117,47152
271118,40000
271119,66263
271120,41596
271121,40000
271122,62867
271123,43354
271124,40000
271125,53217
271126,53728
271127,40000
271128,63373
271129,81661
271130,40000
271131,84923
271132,48411
271133,40000
271134,61850
271135,40000
271136,47297
271137,40000
271138,40000
271139,40000
271140,77723
271141,66245
271142,87501
271143,40000
271144,40000
271145,70166
271146,40000
271147,40000
271148,40000
271149,40000
271150,40578
271151,74731
271152,40000
271153,40000
271154,40000
271155,70249
271156,45338
271157,45211
271158,62310
271159,73168
271160,61502
271161,40000
271162,43798
271163,65735
271164,40000
271165,62153
271166,59728
271167,49185
271168,40000
271169,53764
271170,40000
271171,42026
271172,46158
271173,40000
271174,40000
271175,40000
271176,43942
271177,74756
271178,65335
271179,90327
271180,46502
271181,40000
271182,50466
271183,70182
271184,82358
271185,73040
271186,40000
271187,40949
271188,40000
271189,40000
271190,92764
271191,66049
271192,60489
271193,65532
271194,55784
271195,41590
271196,43720
271197,55177
271198,40000
271199,40555
271200,65616
271201,56244
271202,66600
271203,73409
271204,40000
271205,47917
271206,63176
271207,95529
271208,40942
271209,57945
271210,40000
271211,62031
271212,43572
271213,40000
271214,75099
271215,46948
271216,40000
271217,40000
271218,45387
271219,40000
271220,54365
271221,40763
271222,40000
271223,43503
271224,40000
271225,67726
271226,73481
271227,71702
271228,40000
271229,40000
271230,40000
271231,52677
271232,40000
271233,65407
271234,40000
271235,40000
271236,44894
271237,65564
271238,60143
271239,42862
271240,62133
271241,96709
271242,40000
271243,50489
271244,46087
271245,48296
271246,40000
271247,57807
271248,66263
271249,58620
271250,46044
271251,69536
271252,67987
271253,45955
271254,40000
271255,64225
271256,40000
271257,40000
271258,79359
271259,86791
271260,73141
271261,64166
271262,52250
271263,40000
271264,51602
271265,59750
271266,40000
271267,40000
271268,46233
271269,41653
271270,40000
271271,64955
271272,40000
271273,50161
271274,44804
271275,45745
271276,55219
271277,40000
271278,40556
271279,40445
271280,40000
271281,40000
271282,75636
271283,43443
271284,49990
271285,51044
271286,86907
271287,79861
271288,40000
271289,48956
271290,42981
271291,56102
271292,40000
271293,43349
271294,40000
271295,40000
271296,76430
271297,68107
271298,40000
271299,43109
271300,70448
271301,59605
271302,40000
271303,40000
271304,40000
271305,42121
271306,40000
271307,53061
271308,66445
271309,59049
271310,40000
271311,72308
271312,40000
271313,40000
271314,60345
271315,56714
271316,51455
271317,71686
271318,56687
271319,95814
271320,52886
271321,40000
271322,40000
271323,46569
271324,40000
271325,53808
271326,40000
271327,69509
271328,43589
271329,41098
271330,42913
271331,50736
271332,54155
271333,40000
271334,56572
271335,49760
271336,40000
271337,50652
271338,40000
271339,40000
271340,50358
271341,40000
271342,77214
271343,40000
271344,40000
271345,71032
271346,40000
271347,40000
271348,40000
271349,57022
271350,78621
271351,72415
271352,52811
271353,66357
271354,75690
271355,40000
271356,40000
271357,40000
271358,43846
271359,40000
271360,58132
271361,59671
271362,40000
271363,40000
271364,53149
271365,49657
271366,72462
271367,83113
271368,44990
271369,58861
271370,52251
271371,40000
271372,40000
271373,40000
271374,50139
271375,65573
271376,40000
271377,64030
271378,40000
271379,40000
271380,73508
271381,52381
271382,50238
271383,40000
271384,40000
271385,80387
271386,51253
271387,74255
271388,70383
271389,70078
271390,63816
271391,40483
271392,40000
271393,40000
271394,40000
271395,78747
271396,49905
271397,65148
271398,66122
271399,67985
271400,46674
271401,40000
271402,77195
271403,94810
271404,92670
271405,64964
271406,43854
271407,47497
271408,51237
271409,40000
271410,70073
271411,49484
271412,74763
271413,40000
271414,47035
271415,44470
271416,53663
271417,60300
271418,61374
271419,53057
271420,40000
271421,40000
271422,40000
271423,72015
271424,40000
271425,40000
271426,70441
271427,57867
271428,57499
271429,55365
271430,43039
271431,66076
271432,45193
271433,48836
271434,40000
271435,40000
271436,40000
271437,43903
271438,46589
271439,40000
271440,40666
271441,78219
271442,48938
271443,48632
271444,52250
271445,60201
271446,57181
271447,40000
271448,55869
271449,63308
271450,51058
271451,86718
271452,65650
271453,52819
271454,68869
271455,66305
271456,57761
271457,40000
271458,40000
271459,40000
271460,57813
271461,76487
271462,49506
271463,87592
271464,45531
271465,78883
271466,77655
271467,40000
271468,87088
271469,53838
271470,40000
271471,61626
271472,47512
271473,69722
271474,47734
271475,40000
271476,42559
271477,40530
271478,40000
271479,47797
271480,45121
271481,70393
271482,45844
271483,78610
271484,54554
271485,41484
271486,46115
271487,40000
271488,40000
271489,40000
271490,55910
271491,59543
271492,77437
271493,40000
271494,40000
271495,40000
271496,51209
271497,40000
271498,40000
271499,82880
271500,65230
271501,76022
271502,53815
271503,40000
271504,52688
271505,44445
271506,40000
271507,59206
271508,47007
271509,41010
271510,44347
271511,40000
271512,50588
271513,40000
271514,40000
271515,59208
271516,82153
271517,40000
271518,43395
271519,40000
271520,41289
271521,59686
271522,73783
271523,40000
271524,54044
271525,40000
271526,60432
271527,56755
271528,68007
271529,68354
271530,46501
271531,40000
271532,62951
271533,47648
271534,46523
271535,79531
271536,40000
271537,40000
271538,49325
271539,58787
271540,52583
271541,82058
271542,70172
271543,62457
271544,48689
271545,79212
271546,40000
271547,47775
271548,78219
271549,51148
271550,75106
271551,40000
271552,40000
271553,46939
271554,80451
271555,73838
271556,64004
271557,44207
271558,45962
271559,40000
271560,63670
271561,65735
271562,50341
271563,41187
271564,45922
271565,62945
271566,40000
271567,44966
271568,68880
271569,72798
271570,95915
271571,54874
271572,45194
271573,53589
271574,74973
271575,40000
271576,62563
271577,51653
271578,64105
271579,55010
271580,40000
271581,40000
271582,40000
271583,66591
271584,72215
271585,45887
271586,75076
271587,63876
271588,40000
271589,40000
271590,43720
271591,55997
271592,40000
271593,53102
271594,42787
271595,40000
271596,40000
271597,56528
271598,43529
271599,40000
271600,73250
271601,56384
271602,40000
271603,40000
271604,40000
271605,62354
271606,68045
271607,50681
271608,58788
271609,40000
271610,49535
271611,66059
271612,41129
271613,65322
271614,40000
271615,40000
271616,45906
271617,40000
271618,40000
271619,59113
271620,63242
271621,47936
271622,51106
271623,73155
271624,40000
271625,46598
271626,40000
271627,95706
271628,40000
271629,43693
271630,66718
271631,70605
271632,60650
271633,40000
271634,70072
271635,51520
271636,82310
271637,60608
271638,40000
271639,40000
271640,55177
271641,68050
271642,40000
271643,51487
271644,40000
271645,40000
271646,40000
271647,64492
271648,40000
271649,40000
271650,56579
271651,76145
271652,55231
271653,40000
271654,97312
271655,40000
271656,67004
271657,82904
271658,67057
271659,40000
271660,40000
271661,40000
271662,62372
271663,64078
271664,49819
271665,56251
271666,46457
271667,40000
271668,40000
271669,40000
271670,74027
271671,40000
271672,58071
271673,61594
271674,48335
271675,64446
271676,77009
271677,51775
271678,77280
271679,63737
271680,85536
271681,46558
271682,40000
271683,40000
271684,43205
271685,70081
271686,45071
271687,55103
271688,54971
271689,46985
271690,40000
271691,40000
271692,40000
271693,76507
271694,84912
271695,81638
271696,40000
271697,76118
271698,69194
271699,56570
271700,40000
271701,61329
271702,52411
271703,99281
271704,40000
271705,40000
271706,40613
271707,41403
271708,53392
271709,69989
271710,40000
271711,40493
271712,43813
271713,48604
271714,53765
271715,48920
271716,67543
271717,40000
271718,91700
271719,43468
271720,40000
271721,46423
271722,52365
271723,61299
271724,45881
271725,40000
271726,40000
271727,40000
271728,40000
271729,40000
271730,74600
271731,40000
271732,52944
271733,40000
271734,40000
271735,55336
271736,40000
271737,56259
271738,57249
271739,40000
271740,58903
271741,59507
271742,40000
271743,47512
271744,40000
271745,57070
271746,40000
271747,53542
271748,61274
271749,63557
271750,50568
271751,40000
271752,46638
271753,72778
271754,40000
271755,61342
271756,40000
271757,64524
271758,47944
271759,40000
271760,56146
271761,66194
271762,40000
271763,40000
271764,75559
271765,40000
271766,44506
271767,87277
271768,41577
271769,44942
271770,43396
271771,40000
271772,60473
271773,54190
271774,48930
271775,59720
271776,40000
271777,77414
271778,83105
271779,60698
271780,40000
271781,56985
271782,43200
271783,40000
271784,55174
271785,50903
271786,47661
271787,40000
271788,40000
271789,51377
271790,81021
271791,50831
271792,73027
271793,40000
271794,40000
271795,40000
271796,56213
271797,61939
271798,47607
271799,78051
271800,60141
271801,43892
271802,66592
271803,68302
271804,40000
271805,49138
271806,46821
271807,60578
271808,59130
271809,69388
271810,97981
271811,47621
271812,42529
271813,56904
271814,47555
271815,81968
271816,40000
271817,58813
271818,62203
271819,69982
271820,40000
271821,40000
271822,40000
271823,47391
271824,40000
271825,50770
271826,61188
271827,54993
271828,64785
271829,40083
271830,63284
271831,40000
271832,50183
271833,65004
271834,45819
271835,58004
271836,40000
271837,48301
271838,40000
271839,44440
271840,50780
271841,42910
271842,40000
271843,46282
271844,59234
271845,40445
271846,75153
271847,79780
271848,40000
271849,41647
271850,40000
271851,40000
271852,82937
271853,60346
271854,70779
271855,72127
271856,56698
271857,40000
271858,40000
271859,40000
271860,57105
271861,40000
271862,40000
271863,57021
271864,70555
271865,84089
271866,40000
271867,75299
271868,69633
271869,80287
271870,76259
271871,41474
271872,47125
271873,43151
271874,59961
271875,40000
271876,51549
271877,71204
271878,48811
271879,80822
271880,67877
271881,40000
271882,67867
271883,52705
271884,61222
271885,97638
271886,66337
271887,40000
271888,40000
271889,77617
271890,57926
271891,43535
271892,55663
271893,65642
271894,40000
271895,40000
271896,40000
271897,42569
271898,54234
271899,40000
271900,40000
271901,71298
271902,56285
271903,82571
271904,42237
271905,40000
271906,56387
271907,40000
271908,40000
271909,49930
271910,53700
271911,40039
271912,57330
271913,46192
271914,40000
271915,40287
271916,40000
271917,40000
271918,40000
271919,40000
271920,49128
271921,52550
271922,44967
271923,45439
271924,47428
271925,49318
271926,40000
271927,74473
271928,59342
271929,58273
271930,59932
271931,42654
271932,55418
271933,58049
271934,46918
271935,51403
271936,68931
271937,81406
271938,47189
271939,40000
271940,41368
271941,63371
271942,49633
271943,40000
271944,40000
271945,45500
271946,44009
271947,40000
271948,40000
271949,40000
271950,67462
271951,76641
271952,43693
271953,40000
271954,40000
271955,54664
271956,40000
271957,66553
271958,40000
271959,81586
271960,40000
271961,40000
271962,40000
271963,43931
271964,40000
271965,52672
271966,43261
271967,40000
271968,52018
271969,45338
271970,57696
271971,61844
271972,40000
271973,40000
271974,54115
271975,62250
271976,66603
271977,40000
271978,40000
271979,67791
271980,96207
271981,40000
271982,55810
271983,45039
271984,84834
271985,101128
271986,40000
271987,40000
271988,40000
271989,45119
271990,59837
271991,54170
271992,51377
271993,40000
271994,43784
271995,57274
271996,40000
271997,93683
271998,51233
271999,52051
272000,71599
272001,43920
272002,40000
272003,40000
272004,57024
272005,49424
272006,53446
272007,47771
272008,78920
272009,44502
272010,63886
272011,68561
272012,55599
272013,49169
272014,72225
272015,51027
272016,40000
272017,74564
272018,82370
272019,40000
272020,40000
272021,49057
272022,54457
272023,59490
272024,69105
272025,40000
272026,46888
272027,68537
272028,43152
272029,56855
272030,60627
272031,42810
272032,40000
272033,78672
272034,53593
272035,40000
272036,42118
272037,87252
272038,43173
272039,40000
272040,47036
272041,64476
272042,40000
272043,50991
272044,61218
272045,43942
272046,62362
272047,65241
272048,40000
272049,57713
272050,63614
272051,40000
272052,55023
272053,40000
272054,50619
272055,40000
272056,40000
272057,49635
272058,40000
272059,40000
272060,53487
272061,40000
272062,48356
272063,74650
272064,40000
272065,57202
272066,54517
272067,49236
272068,63348
272069,40000
272070,40000
272071,57362
272072,40000
272073,63813
272074,40000
272075,40000
272076,89584
272077,44053
272078,40000
272079,40000
272080,40000
272081,58111
272082,51928
272083,57703
272084,49036
272085,50027
272086,53650
272087,40000
272088,67291
272089,40000
272090,40000
272091,40000
272092,41692
272093,76739
272094,71222
272095,60321
272096,40000
272097,43180
272098,49358
272099,52352
272100,41707
272101,40000
272102,47449
272103,53175
272104,57313
272105,58271
272106,49535
272107,72528
272108,60907
272109,54351
272110,40000
272111,56872
272112,50207
272113,78188
272114,51411
272115,45696
272116,46700
272117,52440
272118,68303
272119,40000
272120,40000
272121,43353
272122,70377
272123,40000
272124,44012
272125,49018
272126,40000
272127,40000
272128,40000
272129,50977
272130,68443
272131,59693
272132,70284
272133,40000
272134,59043
272135,40000
272136,69726
272137,50927
272138,56712
272139,42365
272140,40000
272141,40000
272142,40000
272143,40000
272144,40000
272145,68220
272146,54150
272147,40000
272148,97031
272149,53393
272150,73676
272151,52605
272152,40000
272153,40000
272154,46509
272155,51285
272156,56641
272157,44402
272158,72330
272159,72627
272160,44432
272161,71781
272162,40000
272163,40000
272164,40823
272165,45504
272166,40000
272167,52590
272168,40000
272169,56327
272170,53819
272171,40000
272172,41387
272173,50026
272174,53054
272175,44424
272176,42043
272177,49763
272178,51680
272179,40000
272180,87662
272181,47828
272182,40000
272183,41057
272184,51342
272185,45993
272186,63005
272187,40000
272188,116019
272189,50264
272190,67748
272191,58147
272192,40000
272193,40000
272194,40000
272195,54851
272196,51919
272197,40000
272198,62896
272199,65429
272200,55482
272201,40000
272202,40000
272203,40000
272204,47050
272205,48741
272206,57550
272207,58762
272208,56091
272209,40000
272210,43804
272211,62518
272212,65726
272213,40000
272214,40000
272215,59862
272216,59927
272217,40000
272218,40000
272219,53476
272220,45835
272221,70408
272222,79199
272223,65645
272224,40000
272225,63730
272226,82833
272227,88777
272228,40000
272229,40000
272230,40000
272231,57469
272232,40000
272233,40000
272234,56742
272235,60223
272236,63043
272237,40000
272238,66671
272239,62475
272240,75920
272241,53734
272242,45474
272243,43051
272244,46555
272245,40000
272246,69890
272247,45633
272248,40000
272249,57195
272250,78527
272251,51881
272252,58696
272253,40000
272254,52545
272255,65857
272256,40000
272257,40000
272258,59904
272259,40000
272260,60743
272261,40000
272262,56680
272263,51881
272264,52792
272265,52383
272266,66040
272267,43282
272268,46788
272269,40487
272270,74005
272271,40000
272272,40000
272273,45312
272274,62266
272275,44900
272276,57441
272277,44913
272278,49537
272279,40000
272280,40000
272281,40000
272282,40000
272283,48666
272284,40000
272285,40000
272286,52453
272287,40000
272288,43424
272289,40000
272290,58351
272291,40000
272292,40000
272293,40000
272294,40030
272295,79253
272296,40000
272297,63014
272298,40000
272299,65114
272300,40000
272301,40478
272302,40000
272303,40000
272304,56780
272305,72575
272306,40000
272307,40000
272308,52288
272309,40000
272310,40000
272311,40000
272312,45453
272313,52845
272314,40000
272315,72967
272316,46031
272317,67959
272318,69945
272319,40000
272320,70781
272321,40000
272322,40000
272323,40000
272324,96619
272325,52055
272326,62848
272327,40000
272328,40000
272329,53783
272330,62535
272331,40000
272332,46583
272333,40000
272334,45027
272335,40000
272336,60962
272337,65788
272338,40000
272339,40000
272340,51478
272341,53817
272342,40000
272343,61505
272344,69920
272345,55087
272346,40000
272347,48520
272348,67405
272349,40000
272350,51084
272351,61031
272352,42644
272353,42766
272354,50819
272355,40000
272356,80199
272357,67947
272358,55673
272359,40000
272360,40000
272361,70294
272362,59848
272363,49420
272364,40000
272365,40421
272366,40000
272367,65716
272368,40000
272369,56172
272370,42931
272371,75726
272372,74479
272373,45530
272374,45917
272375,40000
272376,40000
272377,45648
272378,40000
272379,59572
272380,40000
272381,65343
272382,40000
272383,40000
272384,46876
272385,62450
272386,40000
272387,59255
272388,40000
272389,85085
272390,43502
272391,85527
272392,40000
272393,78803
272394,48956
272395,61237
272396,63614
272397,40000
272398,40000
272399,43128
272400,65139
272401,56122
272402,40000
272403,78687
272404,54822
272405,59358
272406,40000
272407,59009
272408,65872
272409,45272
272410,40000
272411,40000
272412,40000
272413,40000
272414,50737
272415,43777
272416,55572
272417,40000
272418,64812
272419,61273
272420,44527
272421,40000
272422,92392
272423,40000
272424,40000
272425,114964
272426,40000
272427,40000
272428,40000
272429,51045
272430,40000
272431,109588
272432,82972
272433,62240
272434,52075
272435,40000
272436,40000
272437,65622
272438,72757
272439,50170
272440,80016
272441,45299
272442,59390
272443,60425
272444,59528
272445,40000
272446,40000
272447,53633
272448,40000
272449,69150
272450,83887
272451,51640
272452,60967
272453,55875
272454,40000
272455,74691
272456,57485
272457,49057
272458,67082
272459,40000
272460,97751
272461,51292
272462,44238
272463,75975
272464,40000
272465,55387
272466,55819
272467,111837
272468,40000
272469,40000
272470,40000
272471,67390
272472,58621
272473,40000
272474,75262
272475,47082
272476,88994
272477,65468
272478,67047
272479,40000
272480,56247
272481,58519
272482,40000
272483,52488
272484,46776
272485,40000
272486,59197
272487,45764
272488,54309
272489,71644
272490,76335
272491,70369
272492,42096
272493,93324
272494,48681
272495,40000
272496,40000
272497,40000
272498,52836
272499,66430
272500,43721
272501,83608
272502,56625
272503,40000
272504,61997
272505,61259
272506,44117
272507,40000
272508,67862
272509,42264
272510,52344
272511,40000
272512,47046
272513,40000
272514,52280
272515,60167
272516,40000
272517,49747
272518,40000
272519,65256
272520,40000
272521,76114
272522,40000
272523,40000
272524,40000
272525,40000
272526,94768
272527,40000
272528,40000
272529,63645
272530,72342
272531,40000
272532,53967
272533,40000
272534,40000
272535,40000
272536,61030
272537,109986
272538,87279
272539,40105
272540,61724
272541,55393
272542,94673
272543,40000
272544,87832
272545,40000
272546,51205
272547,45281
272548,45525
272549,49412
272550,59928
272551,49551
272552,40000
272553,70732
272554,66715
272555,48682
272556,40000
272557,71237
272558,84793
272559,67107
272560,53141
272561,40000
272562,40000
272563,54301
272564,72974
272565,65937
272566,51857
272567,51744
272568,55640
272569,40000
272570,61282
272571,40000
272572,40000
272573,68334
272574,60204
272575,40000
272576,55863
272577,40000
272578,40830
272579,64155
272580,40000
272581,62673
272582,68679
272583,72729
272584,59238
272585,40000
272586,43177
272587,51075
272588,40000
272589,81312
272590,101537
272591,40000
272592,40000
272593,55133
272594,57639
272595,40000
272596,48555
272597,40000
272598,51977
272599,42096
272600,42709
272601,40000
272602,68224
272603,69619
272604,70956
272605,52866
272606,56531
272607,40000
272608,82636
272609,53122
272610,54049
272611,71995
272612,40346
272613,40000
272614,88235
272615,63848
272616,83274
272617,40309
272618,81493
272619,80463
272620,40000
272621,46005
272622,46530
272623,95620
272624,70416
272625,58828
272626,51895
272627,70603
272628,50115
272629,48012
272630,40000
272631,61717
272632,40000
272633,69395
272634,50287
272635,90200
272636,43237
272637,64772
272638,40000
272639,40000
272640,40000
272641,63688
272642,40000
272643,45804
272644,47430
272645,40595
272646,40000
272647,60230
272648,44517
272649,40000
272650,53153
272651,43393
272652,63225
272653,40000
272654,48448
272655,60941
272656,58632
272657,52238
272658,40000
272659,73572
272660,47704
272661,61094
272662,96750
272663,66578
272664,48029
272665,52862
272666,52101
272667,40149
272668,40000
272669,40000
272670,81797
272671,40000
272672,53871
272673,40000
272674,61615
272675,51313
272676,40000
272677,72579
272678,40000
272679,47791
272680,49563
272681,59272
272682,68280
272683,46759
272684,40000
272685,97175
272686,40000
272687,67057
272688,40000
272689,53543
272690,57919
272691,55747
272692,40000
272693,40000
272694,65344
272695,40000
272696,40000
272697,40000
272698,58089
272699,40000
272700,40000
272701,64142
272702,40000
272703,56456
272704,40000
272705,67188
272706,51760
272707,40000
272708,43553
272709,40000
272710,52324
272711,58194
272712,40000
272713,40000
272714,59447
272715,49378
272716,66119
272717,46024
272718,44137
272719,40000
272720,49915
272721,40000
272722,89929
272723,80393
272724,50982
272725,40000
272726,82979
272727,40000
272728,40000
272729,40000
272730,56485
272731,47501
272732,56358
272733,69708
272734,40000
272735,41096
272736,53716
272737,40000
272738,52327
272739,40000
272740,41762
272741,44189
272742,40000
272743,70134
272744,70960
272745,59722
272746,55279
272747,46511
272748,63073
272749,42311
272750,59858
272751,53881
272752,59138
272753,48799
272754,40000
272755,54924
272756,41871
272757,40000
272758,40000
272759,61771
272760,62185
272761,72464
272762,56061
272763,57264
272764,70201
272765,58399
272766,46713
272767,84863
272768,94130
272769,83143
272770,43716
272771,49709
272772,75086
272773,50595
272774,56979
272775,51611
272776,49839
272777,40000
272778,56343
272779,43985
272780,62172
272781,62003
272782,66655
272783,40000
272784,85455
272785,80928
272786,50754
272787,41592
272788,43277
272789,40000
272790,68279
272791,51197
272792,40000
272793,69710
272794,40000
272795,48400
272796,49775
272797,46029
272798,40000
272799,40000
272800,64882
272801,50304
272802,43147
272803,51616
272804,75175
272805,70129
272806,55607
272807,60201
272808,40000
272809,40000
272810,67097
272811,40000
272812,54713
272813,40000
272814,40000
272815,55582
272816,71392
272817,53261
272818,40685
272819,51326
272820,55897
272821,40000
272822,42747
272823,59223
272824,40000
272825,78597
272826,49000
272827,60310
272828,40000
272829,91824
272830,40000
272831,91198
272832,47461
272833,53415
272834,40000
272835,50974
272836,53291
272837,50261
272838,40000
272839,74730
272840,59797
272841,61744
272842,66546
272843,101921
272844,41369
272845,40000
272846,40000
272847,50399
272848,70300
272849,40000
272850,55313
272851,49593
272852,49065
272853,49871
272854,54331
272855,74210
272856,66401
272857,40000
272858,53319
272859,61742
272860,40000
272861,40000
272862,55306
272863,41762
272864,60779
272865,58204
272866,50273
272867,40000
272868,76759
272869,40000
272870,41957
272871,61267
272872,40000
272873,40000
272874,40000
272875,40000
272876,40000
272877,50364
272878,40000
272879,61114
272880,40084
272881,51865
272882,72839
272883,54128
272884,40000
272885,42987
272886,42433
272887,40000
272888,40000
272889,59685
272890,40000
272891,44785
272892,62616
272893,53153
272894,67534
272895,40000
272896,40000
272897,40000
272898,60426
272899,60560
272900,40649
272901,40000
272902,40000
272903,40000
272904,66270
272905,40000
272906,46390
272907,40000
272908,80107
272909,69566
272910,49000
272911,62448
272912,78790
272913,67254
272914,56100
272915,40000
272916,46855
272917,53368
272918,68510
272919,81693
272920,73986
272921,62364
272922,89968
272923,44543
272924,40000
272925,96741
272926,63809
272927,61554
272928,58454
272929,45828
272930,63077
272931,40000
272932,40000
272933,57140
272934,42876
272935,44403
272936,41846
272937,40000
272938,44565
272939,79961
272940,107165
272941,62982
272942,72375
272943,81125
272944,41151
272945,40000
272946,40000
272947,66630
272948,53825
272949,40000
272950,45202
272951,54976
272952,65052
272953,72690
272954,54344
272955,40000
272956,40000
272957,40000
272958,43326
272959,45330
272960,40000
272961,40000
272962,50449
272963,40000
272964,74809
272965,40000
272966,40000
272967,45302
272968,68045
272969,40000
272970,43890
272971,60889
272972,40000
272973,41000
272974,62812
272975,60410
272976,50778
272977,40000
272978,61778
272979,96025
272980,80303
272981,52754
272982,40000
272983,74410
272984,40000
272985,40000
272986,65083
272987,47129
272988,90733
272989,73508
272990,47029
272991,53226
272992,40000
272993,51725
272994,40000
272995,47434
272996,40000
272997,50506
272998,48665
272999,40000
273000,71474
273001,40000
273002,40000
273003,47216
273004,54215
273005,42855
273006,40445
273007,40000
273008,78036
273009,59803
273010,40000
273011,62187
273012,52534
273013,47310
273014,69297
273015,59446
273016,61011
273017,73974
273018,56095
273019,40000
273020,77565
273021,81547
273022,58753
273023,64217
273024,52126
273025,40000
273026,57817
273027,76542
273028,40000
273029,42736
273030,40000
273031,53427
273032,49815
273033,40000
273034,61270
273035,78168
273036,51101
273037,40000
273038,56082
273039,46012
273040,40000
273041,40000
273042,40000
273043,40000
273044,40000
273045,82875
273046,40000
273047,55941
273048,51058
273049,46668
273050,50001
273051,55450
273052,53626
273053,69235
273054,56878
273055,51049
273056,40000
273057,40000
273058,40000
273059,88091
273060,40675
273061,81608
273062,40000
273063,65578
273064,46584
273065,63605
273066,40000
273067,62261
273068,57131
273069,64106
273070,49951
273071,40000
273072,67585
273073,40000
273074,40000
273075,40000
273076,40000
273077,61655
273078,57786
273079,53021
273080,70693
273081,40000
273082,56291
273083,40000
273084,40000
273085,40000
273086,40000
273087,46911
273088,40000
273089,40000
273090,55130
273091,56181
273092,49004
273093,57260
273094,41718
273095,55030
273096,63642
273097,40000
273098,40000
273099,61582
273100,77553
273101,58056
273102,40000
273103,40000
273104,40000
273105,40000
273106,41269
273107,52994
273108,62487
273109,92915
273110,54854
273111,68095
273112,44809
273113,55100
273114,41065
273115,40000
273116,40065
273117,63620
273118,84175
273119,78074
273120,40000
273121,40753
273122,69775
273123,40877
273124,56779
273125,40000
273126,55190
273127,40000
273128,56013
273129,58050
273130,48717
273131,58244
273132,40538
273133,40000
273134,48489
273135,40000
273136,56525
273137,40000
273138,56094
273139,40000
273140,41692
273141,56615
273142,40000
273143,74779
273144,60831
273145,40000
273146,49576
273147,50364
273148,46088
273149,40000
273150,40000
273151,40000
273152,56470
273153,76166
273154,67430
273155,40000
273156,65387
273157,40000
273158,40000
273159,40000
273160,94655
273161,62471
273162,68208
273163,56500
273164,40000
273165,57385
273166,48420
273167,67089
273168,61337
273169,90537
273170,47514
273171,40000
273172,51816
273173,55416
273174,73757
273175,40000
273176,71697
273177,40000
273178,82202
273179,60674
273180,80529
273181,40000
273182,46916
273183,40000
273184,40000
273185,40000
273186,68005
273187,88399
273188,40000
273189,60052
273190,59353
273191,48043
273192,88518
273193,58236
273194,40000
273195,40000
273196,40000
273197,97475
273198,57559
273199,42351
273200,49668
273201,49745
273202,64319
273203,40000
273204,40000
273205,40000
273206,40000
273207,107168
273208,40000
273209,40000
273210,74285
273211,40000
273212,66973
273213,40691
273214,40000
273215,68933
273216,40000
273217,73869
273218,113449
273219,48058
273220,40000
273221,40000
273222,78150
273223,40000
273224,40115
273225,42984
273226,106424
273227,67563
273228,40000
273229,56387
273230,65537
273231,40000
273232,42476
273233,40000
273234,53644
273235,40449
273236,40000
273237,40000
273238,79600
273239,40000
273240,40000
273241,52321
273242,62486
273243,47560
273244,40000
273245,40000
273246,40000
273247,40000
273248,40000
273249,59046
273250,57924
273251,80129
273252,42243
273253,40000
273254,42448
273255,40000
273256,67542
273257,40000
273258,40000
273259,79369
273260,48627
273261,71536
273262,50605
273263,65163
273264,60009
273265,50830
273266,67106
273267,43674
273268,97121
273269,62303
273270,59550
273271,72293
273272,40000
273273,49114
273274,58610
273275,75896
273276,40000
273277,82871
273278,53324
273279,81866
273280,40000
273281,40000
273282,46310
273283,40000
273284,40000
273285,79091
273286,43159
273287,41338
273288,68269
273289,42364
273290,71452
273291,57108
273292,56787
273293,53784
273294,62307
273295,67977
273296,40000
273297,78554
273298,40000
273299,45419
273300,40000
273301,54826
273302,40000
273303,77056
273304,40000
273305,40000
273306,40000
273307,46957
273308,59567
273309,72505
273310,61925
273311,93636
273312,60537
273313,61467
273314,66354
273315,40000
273316,49027
273317,90547
273318,53519
273319,40000
273320,43629
273321,77258
273322,40000
273323,47387
273324,42061
273325,64918
273326,61869
273327,55684
273328,56839
273329,65915
273330,41488
273331,56391
273332,71962
273333,40000
273334,63991
273335,40000
273336,63193
273337,59025
273338,40000
273339,51363
273340,40000
273341,40000
273342,43173
273343,49980
273344,48887
273345,40000
273346,51986
273347,40000
273348,49310
273349,82041
273350,55585
273351,40600
273352,46004
273353,40000
273354,63022
273355,40000
273356,47413
273357,54523
273358,60683
273359,40000
273360,43634
273361,48402
273362,40000
273363,68126
273364,57210
273365,46846
273366,44209
273367,47424
273368,47375
273369,40000
273370,40000
273371,40000
273372,54874
273373,50490
273374,59448
273375,41812
273376,40000
273377,40000
273378,40000
273379,51940
273380,43895
273381,40000
273382,70342
273383,41427
273384,59942
273385,59475
273386,40000
273387,40000
273388,40000
273389,55382
273390,85190
273391,73365
273392,40000
273393,40000
273394,40000
273395,40000
273396,60301
273397,40000
273398,40000
273399,46153
273400,53129
273401,74463
273402,59025
273403,47749
273404,68765
273405,54871
273406,40303
273407,45420
273408,45761
273409,40000
273410,57418
273411,72324
273412,40000
273413,40000
273414,70324
273415,52024
273416,49098
273417,40000
273418,40000
273419,46799
273420,44210
273421,52959
273422,40000
273423,59852
273424,76970
273425,47163
273426,83987
273427,48935
273428,40000
273429,64049
273430,59412
273431,72761
273432,41818
273433,66711
273434,40000
273435,48946
273436,40000
273437,76951
273438,86537
273439,62349
273440,40000
273441,48460
273442,56277
273443,51751
273444,74820
273445,46645
273446,57437
273447,67792
273448,40000
273449,48437
273450,40000
273451,58026
273452,40000
273453,48298
273454,62351
273455,40000
273456,40000
273457,40000
273458,40000
273459,40000
273460,40000
273461,56363
273462,77287
273463,52909
273464,40000
273465,46157
273466,57011
273467,78284
273468,40000
273469,40000
273470,40000
273471,40000
273472,68293
273473,40000
273474,40000
273475,50032
273476,84001
273477,63003
273478,69471
273479,50283
273480,50929
273481,46645
273482,49518
273483,40000
273484,40000
273485,40000
273486,46767
273487,56087
273488,51200
273489,40000
273490,48734
273491,40000
273492,44461
273493,54790
273494,57520
273495,40000
273496,40000
273497,59908
273498,40637
273499,40000
273500,52327
273501,42966
273502,75540
273503,59830
273504,40000
273505,40925
273506,48179
273507,81639
273508,40000
273509,64318
273510,74994
273511,40000
273512,44117
273513,89035
273514,57393
273515,44657
273516,40000
273517,40000
273518,40000
273519,40000
273520,59308
273521,53614
273522,48696
273523,60062
273524,54860
273525,54038
273526,40000
273527,48516
273528,49769
273529,40000
273530,40000
273531,40000
273532,77316
273533,40000
273534,40000
273535,52834
273536,47218
273537,40000
273538,40000
273539,64184
273540,40000
273541,40000
273542,40000
273543,40000
273544,75669
273545,40000
273546,72621
273547,54518
273548,49801
273549,40000
273550,64159
273551,57718
273552,54973
273553,48643
273554,79711
273555,83836
273556,40000
273557,42922
273558,41742
273559,79789
273560,40000
273561,54411
273562,40000
273563,50179
273564,64206
273565,47334
273566,42946
273567,40000
273568,70246
273569,42250
273570,66620
273571,86813
273572,72169
273573,40000
273574,42207
273575,46574
273576,55492
273577,40000
273578,42340
273579,40000
273580,60462
273581,47879
273582,50934
273583,67642
273584,41276
273585,61348
273586,40000
273587,55861
273588,41773
273589,47291
273590,59957
273591,76872
273592,75846
273593,40000
273594,40000
273595,47965
273596,40000
273597,44832
273598,40000
273599,46483
273600,67328
273601,40000
273602,40000
273603,67570
273604,47838
273605,78242
273606,53596
273607,73004
273608,69668
273609,40000
273610,40000
273611,62657
273612,51030
273613,48800
273614,53492
273615,77288
273616,60522
273617,76704
273618,59342
273619,59843
273620,67472
273621,44603
273622,53047
273623,44557
273624,72126
273625,40000
273626,82986
273627,46883
273628,51444
273629,45612
273630,46836
273631,69661
273632,82256
273633,89798
273634,40000
273635,40000
273636,46948
273637,40000
273638,40000
273639,40000
273640,64763
273641,85550
273642,96518
273643,65047
273644,50440
273645,40000
273646,50493
273647,54887
273648,66385
273649,40000
273650,60938
273651,57287
273652,47926
273653,55169
273654,44048
273655,69981
273656,43621
273657,40000
273658,74405
273659,66263
273660,53650
273661,47849
273662,52157
273663,88441
273664,56453
273665,53179
273666,40000
273667,76784
273668,47281
273669,40000
273670,40000
273671,40000
273672,40000
273673,47360
273674,61126
273675,65478
273676,40000
273677,81133
273678,40000
273679,78450
273680,66587
273681,63019
273682,93342
273683,40811
273684,45352
273685,45524
273686,51856
273687,40000
273688,89538
273689,40000
273690,40000
273691,40000
273692,48802
273693,69685
273694,79585
273695,46992
273696,65466
273697,58684
273698,53410
273699,48639
273700,40146
273701,40000
273702,40000
273703,58301
273704,44578
273705,40000
273706,48124
273707,71200
273708,42492
273709,69872
273710,40000
273711,40725
273712,45703
273713,40000
273714,40000
273715,71666
273716,77811
273717,60691
273718,66725
273719,40000
273720,73509
273721,61132
273722,40000
273723,40000
273724,40000
273725,40000
273726,54189
273727,47923
273728,40000
273729,40000
273730,44279
273731,44336
273732,97113
273733,68759
273734,40000
273735,49574
273736,50045
273737,43160
273738,83543
273739,70208
273740,55400
273741,46310
273742,40000
273743,76590
273744,63508
273745,68322
273746,40000
273747,43149
273748,42009
273749,49766
273750,49004
273751,76612
273752,46609
273753,40000
273754,60621
273755,49675
273756,75603
273757,40000
273758,84537
273759,40000
273760,40000
273761,46879
273762,40000
273763,64327
273764,40000
273765,40000
273766,66451
273767,44832
273768,55129
273769,40000
273770,71892
273771,59003
273772,58247
273773,40000
273774,61723
273775,40000
273776,40000
273777,40000
273778,55474
273779,52417
273780,45891
273781,40000
273782,65047
273783,57932
273784,74097
273785,73559
273786,97748
273787,65946
273788,70155
273789,52681
273790,40000
273791,43166
273792,45830
273793,40000
273794,65662
273795,43773
273796,51440
273797,40026
273798,41894
273799,59219
273800,46469
273801,40000
273802,86821
273803,66231
273804,48292
273805,53509
273806,81637
273807,40000
273808,41066
273809,40000
273810,46544
273811,40000
273812,54035
273813,53862
273814,58770
273815,40000
273816,72720
273817,48960
273818,68450
273819,40656
273820,61209
273821,62353
273822,45872
273823,57549
273824,40000
273825,41613
273826,40000
273827,43969
273828,40000
273829,55491
273830,53707
273831,65524
273832,48201
273833,56620
273834,78692
273835,44443
273836,40000
273837,40000
273838,43133
273839,70926
273840,53918
273841,53057
273842,59145
273843,41529
273844,61649
273845,68033
273846,43058
273847,66510
273848,43381
273849,52974
273850,53159
273851,41373
273852,56788
273853,40000
273854,53934
273855,45896
273856,44917
273857,87854
273858,66820
273859,71030
273860,75282
273861,72083
273862,45769
273863,40000
273864,46861
273865,72772
273866,47788
273867,55186
273868,94303
273869,41769
273870,72618
273871,54348
273872,53240
273873,40000
273874,75129
273875,40000
273876,90946
273877,46964
273878,72720
273879,40000
273880,40000
273881,40000
273882,40000
273883,43792
273884,51770
273885,54259
273886,64982
273887,43484
273888,55583
273889,40000
273890,46178
273891,40000
273892,62609
273893,40000
273894,79985
273895,68382
273896,40083
273897,40000
273898,71730
273899,40000
273900,60881
273901,64071
273902,57098
273903,72975
273904,52111
273905,75586
273906,53236
273907,59313
273908,59920
273909,70594
273910,50979
273911,40000
273912,40000
273913,61949
273914,51857
273915,40000
273916,88609
273917,40727
273918,55037
273919,46942
273920,40000
273921,40000
273922,48165
273923,44902
273924,67949
273925,53991
273926,44265
273927,40000
273928,40000
273929,40000
273930,55469
273931,60377
273932,40000
273933,92626
273934,55797
273935,40000
273936,40000
273937,63028
273938,67039
273939,61408
273940,40000
273941,40000
273942,44907
273943,40000
273944,75296
273945,40000
273946,52609
273947,47526
273948,43375
273949,43677
273950,43948
273951,46691
273952,40000
273953,40000
273954,94638
273955,78642
273956,40000
273957,41882
273958,49260
273959,69680
273960,57644
273961,66262
273962,79229
273963,40000
273964,50294
273965,41318
273966,40000
273967,40000
273968,40000
273969,66400
273970,66337
273971,40000
273972,40000
273973,66340
273974,50249
273975,51406
273976,85386
273977,70519
273978,86323
273979,40000
273980,40000
273981,49977
273982,41956
273983,50723
273984,91553
273985,70758
273986,40000
273987,46484
273988,76519
273989,40000
273990,40000
273991,65775
273992,45484
273993,79265
273994,40000
273995,59837
273996,47132
273997,70325
273998,78092
273999,69215
274000,44242
274001,47888
274002,63696
274003,68566
274004,71606
274005,42929
274006,40000
274007,49234
274008,49573
274009,57248
274010,40582
274011,48022
274012,72509
274013,45806
274014,48886
274015,40000
274016,63903
274017,56347
274018,94960
274019,40000
274020,65294
274021,40000
274022,70001
274023,40269
274024,51115
274025,40000
274026,40000
274027,63856
274028,40000
274029,71066
274030,40000
274031,40000
274032,52845
274033,40000
274034,40000
274035,45390
274036,40000
274037,40635
274038,47919
274039,40000
274040,52515
274041,67354
274042,40000
274043,73770
274044,55056
274045,42327
274046,40000
274047,60818
274048,80353
274049,40000
274050,42187
274051,40000
274052,65076
274053,40000
274054,56491
274055,40000
274056,79266
274057,56267
274058,92084
274059,44177
274060,40000
274061,40000
274062,40000
274063,82603
274064,47563
274065,56761
274066,65483
274067,65289
274068,50039
274069,72777
274070,51554
274071,40000
274072,40000
274073,53452
274074,40000
274075,54521
274076,40000
274077,93853
274078,44433
274079,40000
274080,59089
274081,52860
274082,79788
274083,40000
274084,43272
274085,44540
274086,40000
274087,48955
274088,65692
274089,61246
274090,47080
274091,58362
274092,47450
274093,59426
274094,75936
274095,59410
274096,43939
274097,75800
274098,78079
274099,40000
274100,76955
274101,45755
274102,40000
274103,40000
274104,50083
274105,47790
274106,63643
274107,55243
274108,48604
274109,81658
274110,50495
274111,59320
274112,60077
274113,40000
274114,40000
274115,57197
274116,40000
274117,56676
274118,40000
274119,52843
274120,55190
274121,71167
274122,51348
274123,65660
274124,40000
274125,46955
274126,66445
274127,71482
274128,40000
274129,50790
274130,40000
274131,70111
274132,86570
274133,57450
274134,63144
274135,40856
274136,47216
274137,65509
274138,50947
274139,66473
274140,49898
274141,40000
274142,73735
274143,51260
274144,40000
274145,40000
274146,40000
274147,44401
274148,40041
274149,71270
274150,43914
274151,40000
274152,40000
274153,40000
274154,68325
274155,57990
274156,63722
274157,57112
274158,40000
274159,40000
274160,48886
274161,40000
274162,85182
274163,90031
274164,40000
274165,76146
274166,75312
274167,67714
274168,40000
274169,43374
274170,40000
274171,40750
274172,41402
274173,52856
274174,52534
274175,51512
274176,56462
274177,48839
274178,54468
274179,60406
274180,47966
274181,62131
274182,59838
274183,40000
274184,48139
274185,67629
274186,77751
274187,40000
274188,42775
274189,40000
274190,45024
274191,40000
274192,40000
274193,51522
274194,47130
274195,65336
274196,57162
274197,91290
274198,40000
274199,40000
274200,42161
274201,40000
274202,40000
274203,40000
274204,40000
274205,40000
274206,40000
274207,40224
274208,40000
274209,40000
274210,43601
274211,65807
274212,62698
274213,40000
274214,63292
274215,45753
274216,56251
274217,40000
274218,40000
274219,52190
274220,43525
274221,49607
274222,83834
274223,85578
274224,57058
274225,40337
274226,40114
274227,67739
274228,40000
274229,47246
274230,40000
274231,46570
274232,68475
274233,82844
274234,43386
274235,56378
274236,41999
274237,40670
274238,50234
274239,64835
274240,42734
274241,41614
274242,40000
274243,65747
274244,40000
274245,40000
274246,46862
274247,40000
274248,73928
274249,68004
274250,40000
274251,82935
274252,49648
274253,88882
274254,40000
274255,64571
274256,53866
274257,40000
274258,40000
274259,59186
274260,55076
274261,44197
274262,40000
274263,82198
274264,47639
274265,42717
274266,61662
274267,40000
274268,113236
274269,54497
274270,50144
274271,55623
274272,67916
274273,40000
274274,40000
274275,69428
274276,45435
274277,61526
274278,40000
274279,85819
274280,98338
274281,46024
274282,65903
274283,49547
274284,106935
274285,52827
274286,44711
274287,40000
274288,67251
274289,40072
274290,46369
274291,40000
274292,64977
274293,58422
274294,67650
274295,80517
274296,40000
274297,40000
274298,40000
274299,61444
274300,40000
274301,44745
274302,44860
274303,58072
274304,40000
274305,52387
274306,51768
274307,45568
274308,59294
274309,40000
274310,43768
274311,40000
274312,40000
274313,65477
274314,40000
274315,40000
274316,55922
274317,61517
274318,40000
274319,43377
274320,76184
274321,90981
274322,57380
274323,48707
274324,57731
274325,40000
274326,40000
274327,69501
274328,40000
274329,69827
274330,42233
274331,54591
274332,40000
274333,40000
274334,40000
274335,40000
274336,40000
274337,66960
274338,56026
274339,45653
274340,49085
274341,40000
274342,84500
274343,51883
274344,43880
274345,90825
274346,40000
274347,40000
274348,45518
274349,40000
274350,48449
274351,47664
274352,55785
274353,40000
274354,52176
274355,40000
274356,41927
274357,48274
274358,45457
274359,84228
274360,40000
274361,40000
274362,61626
274363,59159
274364,40000
274365,57288
274366,56323
274367,40000
274368,40000
274369,44399
274370,43889
274371,112020
274372,54544
274373,45185
274374,40000
274375,69674
274376,51452
274377,40000
274378,50088
274379,40000
274380,74247
274381,44640
274382,45599
274383,40000
274384,55075
274385,51160
274386,50901
274387,61740
274388,50750
274389,40000
274390,48190
274391,57873
274392,40000
274393,51308
274394,72469
274395,78084
274396,40000
274397,75155
274398,40000
274399,74138
274400,53489
274401,44481
274402,45621
274403,56678
274404,50466
274405,43189
274406,40000
274407,40558
274408,63973
274409,40000
274410,82806
274411,50811
274412,74827
274413,40000
274414,40000
274415,48916
274416,81841
274417,63352
274418,44296
274419,40000
274420,40000
274421,86162
274422,52927
274423,53623
274424,89164
274425,40000
274426,40000
274427,67320
274428,51882
274429,40000
274430,70732
274431,40000
274432,46780
274433,55225
274434,45675
274435,76861
274436,86796
274437,40000
274438,46226
274439,45021
274440,55196
274441,76067
274442,46357
274443,77269
274444,59911
274445,40000
274446,43770
274447,52795
274448,57289
274449,51163
274450,40000
274451,41104
274452,64144
274453,74211
274454,49087
274455,56112
274456,44394
274457,57763
274458,40000
274459,62240
274460,40000
274461,44093
274462,50690
274463,40000
274464,40000
274465,69665
274466,56569
274467,40000
274468,98011
274469,40370
274470,63625
274471,40000
274472,43226
274473,40000
274474,69254
274475,58796
274476,40000
274477,47784
274478,40000
274479,40000
274480,40000
274481,68859
274482,40000
274483,45027
274484,72240
274485,74927
274486,57988
274487,75143
274488,64094
274489,40000
274490,46727
274491,53482
274492,59356
274493,44837
274494,65998
274495,40000
274496,65770
274497,61471
274498,58153
274499,45158
274500,40000
274501,76214
274502,54210
274503,72023
274504,51357
274505,67908
274506,54499
274507,40594
274508,64288
274509,91009
274510,55370
274511,40000
274512,42437
274513,40000
274514,59253
274515,58071
274516,40000
274517,93931
274518,43428
274519,64785
274520,40000
274521,66967
274522,40000
274523,45121
274524,67703
274525,40315
274526,47232
274527,40000
274528,56632
274529,56988
274530,78407
274531,50577
274532,59534
274533,44523
274534,40000
274535,52161
274536,55484
274537,60486
274538,40000
274539,44157
274540,67634
274541,40000
274542,50834
274543,69666
274544,65238
274545,50087
274546,76684
274547,40000
274548,50844
274549,59596
274550,40321
274551,87364
274552,49679
274553,42508
274554,56199
274555,40000
274556,50901
274557,55686
274558,46897
274559,40000
274560,40000
274561,72900
274562,46487
274563,41256
274564,63208
274565,84155
274566,54068
274567,58724
274568,40000
274569,40000
274570,64760
274571,51630
274572,40000
274573,54167
274574,82083
274575,46163
274576,40000
274577,60471
274578,45260
274579,44566
274580,42688
274581,40000
274582,66489
274583,40000
274584,44861
274585,50350
274586,53478
274587,62124
274588,58585
274589,47271
274590,73561
274591,40000
274592,66431
274593,59743
274594,40000
274595,53982
274596,79183
274597,43450
274598,44476
274599,40000
274600,40000
274601,48343
274602,68931
274603,47038
274604,88026
274605,91865
274606,40000
274607,64311
274608,40000
274609,78591
274610,47323
274611,51815
274612,64136
274613,93249
274614,56010
274615,73377
274616,82229
274617,40000
274618,49265
274619,57798
274620,40000
274621,40000
274622,40000
274623,69097
274624,52377
274625,80053
274626,65440
274627,40504
274628,52751
274629,40000
274630,45644
274631,47579
274632,49207
274633,44059
274634,60678
274635,79452
274636,40000
274637,64837
274638,40000
274639,44415
274640,75406
274641,40000
274642,62208
274643,80640
274644,46232
274645,45438
274646,48635
274647,73475
274648,87923
274649,40000
274650,47537
274651,40000
274652,45390
274653,50059
274654,92637
274655,40000
274656,55924
274657,40000
274658,63069
274659,74820
274660,40000
274661,55173
274662,60173
274663,95689
274664,75362
274665,40000
274666,65722
274667,44497
274668,46356
274669,47796
274670,40000
274671,40000
274672,72477
274673,40000
274674,47437
274675,40000
274676,40000
274677,49182
274678,59297
274679,63290
274680,40000
274681,48084
274682,40000
274683,40000
274684,43305
274685,54523
274686,65104
274687,41392
274688,100509
274689,40000
274690,42620
274691,56303
274692,60377
274693,62261
274694,65320
274695,51003
274696,56487
274697,46136
274698,72996
274699,63570
274700,40000
274701,51727
274702,40000
274703,60015
274704,64892
274705,40000
274706,56651
274707,40000
274708,68515
274709,40000
274710,80991
274711,79025
274712,52124
274713,40000
274714,40000
274715,40000
274716,40000
274717,55063
274718,46960
274719,43568
274720,43123
274721,40000
274722,58726
274723,40000
274724,52546
274725,40000
274726,49616
274727,40000
274728,67200
274729,58984
274730,82781
274731,51765
274732,60379
274733,64594
274734,56202
274735,63733
274736,54393
274737,40000
274738,69204
274739,40000
274740,82497
274741,50497
274742,52835
274743,81844
274744,72409
274745,40000
274746,46385
274747,40000
274748,40000
274749,40000
274750,61561
274751,40000
274752,40000
274753,40000
274754,51178
274755,40000
274756,60805
274757,66163
274758,40000
274759,40000
274760,67804
274761,40000
274762,41036
274763,52493
274764,40000
274765,40000
274766,40000
274767,50660
274768,40000
274769,41836
274770,41103
274771,92648
274772,50299
274773,75014
274774,40000
274775,40000
274776,54956
274777,40000
274778,49202
274779,40000
274780,40000
274781,40000
274782,40000
274783,40000
274784,40000
274785,77694
274786,77391
274787,40000
274788,40000
274789,68895
274790,51127
274791,51345
274792,46330
274793,61074
274794,49778
274795,40000
274796,50388
274797,96920
274798,52678
274799,40000
274800,58229
274801,76484
274802,58015
274803,51973
274804,68490
274805,40000
274806,66583
274807,61841
274808,68298
274809,40000
274810,44819
274811,48682
274812,74821
274813,66431
274814,40000
274815,40000
274816,66907
274817,40417
274818,40000
274819,45102
274820,40000
274821,63631
274822,40000
274823,40000
274824,40000
274825,40000
274826,40000
274827,75555
274828,42440
274829,80699
274830,41422
274831,40000
274832,88950
274833,40000
274834,40000
274835,42024
274836,40090
274837,52294
274838,44842
274839,67892
274840,45500
274841,40000
274842,56597
274843,68181
274844,69143
274845,40000
274846,73592
274847,56502
274848,56821
274849,103283
274850,77861
274851,64672
274852,46296
274853,42494
274854,52633
274855,68936
274856,65798
274857,40000
274858,40000
274859,66017
274860,47488
274861,62004
274862,56149
274863,40000
274864,40000
274865,40000
274866,40000
274867,47091
274868,42259
274869,40000
274870,43794
274871,40000
274872,60304
274873,51966
274874,40000
274875,48410
274876,40000
274877,40000
274878,40000
274879,51486
274880,40000
274881,73928
274882,48700
274883,44009
274884,64506
274885,40000
274886,40000
274887,54254
274888,56595
274889,40000
274890,51050
274891,47668
274892,40000
274893,76796
274894,40000
274895,43836
274896,86278
274897,58462
274898,43323
274899,60016
274900,40000
274901,68749
274902,40000
274903,78539
274904,44826
274905,77325
274906,46806
274907,68277
274908,42751
274909,67302
274910,80003
274911,55016
274912,40000
274913,46558
274914,51684
274915,57949
274916,55707
274917,40000
274918,40000
274919,46543
274920,40000
274921,40000
274922,44052
274923,58726
274924,59632
274925,40000
274926,67821
274927,40000
274928,49392
274929,40000
274930,53025
274931,51497
274932,69901
274933,40000
274934,41020
274935,40000
274936,63975
274937,40000
274938,54425
274939,40000
274940,40000
274941,42762
274942,40000
274943,40000
274944,40000
274945,40000
274946,40000
274947,90145
274948,79027
274949,79536
274950,40000
274951,61815
274952,46919
274953,59304
274954,88063
274955,40000
274956,40000
274957,46740
274958,48389
274959,47860
274960,55320
274961,51884
274962,40000
274963,77892
274964,44274
274965,76738
274966,46795
274967,51009
274968,50618
274969,49036
274970,40000
274971,49406
274972,40000
274973,40000
274974,51581
274975,60646
274976,58131
274977,67256
274978,53162
274979,42247
274980,63838
274981,40000
274982,43350
274983,52206
274984,53151
274985,57279
274986,62713
274987,54424
274988,53671
274989,40000
274990,51245
274991,99624
274992,52362
274993,40000
274994,72901
274995,88348
274996,40000
274997,70781
274998,40000
274999,40000
275000,43624
275001,68485
275002,48898
275003,68097
275004,77242
275005,40000
275006,70087
275007,40000
275008,40000
275009,40570
275010,59524
275011,60017
275012,42282
275013,40000
275014,56231
275015,56010
275016,40000
275017,49380
275018,40000
275019,40000
275020,48335
275021,54650
275022,59381
275023,52403
275024,40000
275025,40000
275026,40000
275027,51128
275028,68314
275029,61778
275030,42771
275031,40000
275032,40000
275033,40000
275034,66728
275035,52416
275036,40000
275037,65346
275038,40000
275039,47968
275040,48112
275041,44943
275042,47917
275043,40000
275044,101894
275045,45864
275046,75912
275047,40000
275048,40000
275049,53560
275050,40000
275051,75378
275052,59340
275053,40000
275054,48453
275055,54421
275056,61259
275057,58022
275058,55540
275059,65414
275060,68178
275061,69580
275062,94411
275063,41645
275064,47525
275065,40000
275066,61031
275067,52007
275068,74541
275069,74707
275070,40000
275071,40000
275072,40000
275073,40000
275074,40000
275075,40000
275076,40000
275077,52964
275078,43568
275079,59220
275080,60247
275081,65097
275082,60296
275083,40000
275084,58656
275085,40000
275086,84204
275087,54197
275088,44767
275089,63978
275090,77650
275091,88194
275092,40000
275093,64496
275094,85059
275095,40000
275096,78658
275097,60370
275098,60557
275099,63087
275100,60105
275101,40000
275102,63838
275103,67629
275104,42019
275105,49176
275106,40000
275107,71904
275108,76673
275109,58444
275110,65350
275111,40000
275112,48037
275113,40000
275114,40000
275115,55191
275116,80100
275117,81336
275118,40000
275119,42263
275120,57206
275121,44274
275122,58653
275123,66279
275124,54038
275125,59832
275126,56868
275127,58787
275128,40000
275129,59703
275130,40000
275131,51759
275132,79717
275133,73969
275134,86294
275135,52777
275136,40000
275137,40000
275138,40748
275139,53843
275140,40000
275141,40000
275142,59434
275143,49292
275144,41226
275145,59824
275146,45253
275147,47176
275148,40000
275149,40000
275150,63738
275151,61602
275152,48747
275153,60244
275154,40000
275155,40000
275156,82862
275157,40000
275158,93286
275159,47442
275160,56657
275161,44739
275162,52320
275163,40000
275164,40000
275165,82387
275166,57670
275167,87607
275168,61189
275169,44840
275170,69455
275171,40000
275172,40000
275173,69434
275174,51741
275175,40000
275176,40000
275177,87567
275178,50510
275179,40000
275180,40000
275181,40000
275182,78472
275183,40000
275184,40000
275185,40000
275186,62369
275187,40000
275188,42492
275189,45637
275190,101122
275191,86050
275192,66863
275193,73631
275194,46136
275195,86312
275196,40000
275197,47891
275198,69510
275199,48084
275200,40000
275201,60019
275202,73018
275203,72723
275204,40000
275205,43476
275206,44025
275207,85353
275208,51098
275209,40000
275210,44604
275211,63654
275212,47660
275213,40000
275214,40000
275215,40000
275216,40000
275217,40000
275218,40000
275219,40000
275220,40000
275221,40000
275222,46187
275223,40000
275224,40000
275225,54617
275226,46804
275227,51726
275228,40000
275229,40000
275230,54211
275231,56446
275232,71266
275233,78687
275234,40000
275235,50944
275236,52438
275237,41786
275238,73712
275239,40000
275240,45645
275241,69927
275242,51463
275243,90287
275244,86698
275245,40000
275246,57239
275247,42753
275248,40000
275249,40000
275250,61651
275251,56057
275252,40000
275253,43013
275254,40000
275255,71187
275256,43348
275257,46995
275258,74212
275259,43163
275260,70353
275261,40000
275262,40000
275263,64702
275264,40000
275265,67771
275266,63826
275267,55201
275268,65955
275269,40000
275270,41980
275271,40000
275272,83556
275273,40000
275274,40000
275275,40000
275276,40000
275277,73434
275278,71605
275279,40000
275280,70231
275281,84368
275282,50224
275283,55602
275284,46255
275285,44323
275286,40000
275287,40000
275288,60653
275289,45050
275290,52089
275291,66329
275292,40000
275293,67462
275294,59187
275295,59832
275296,40000
275297,49770
275298,64814
275299,40000
275300,61541
275301,65692
275302,40000
275303,47024
275304,63600
275305,103816
275306,40000
275307,49902
275308,72459
275309,50289
275310,40000
275311,43579
275312,75574
275313,45798
275314,56912
275315,40815
275316,40000
275317,71432
275318,40000
275319,44383
275320,40000
275321,40000
275322,50606
275323,48053
275324,40000
275325,54842
275326,40093
275327,87873
275328,46441
275329,69325
275330,40000
275331,40000
275332,86075
275333,40000
275334,40000
275335,48680
275336,40000
275337,65673
275338,71079
275339,40000
275340,54086
275341,46822
275342,84519
275343,43583
275344,42185
275345,76744
275346,40000
275347,85607
275348,74117
275349,40734
275350,60714
275351,40000
275352,40000
275353,70681
275354,49251
275355,40000
275356,40000
275357,46312
275358,54596
275359,86215
275360,40000
275361,50292
275362,52443
275363,65095
275364,40000
275365,40000
275366,40000
275367,46907
275368,77278
275369,74162
275370,40000
275371,77820
275372,49344
275373,41345
275374,40000
275375,40000
275376,40000
275377,40000
275378,40000
275379,62609
275380,40000
275381,52533
275382,56430
275383,46861
275384,64755
275385,41259
275386,83406
275387,54720
275388,40000
275389,40000
275390,78319
275391,40000
275392,88061
275393,47846
275394,48319
275395,40000
275396,40000
275397,40000
275398,78571
275399,79046
275400,40000
275401,40000
275402,40000
275403,63360
275404,61437
275405,43112
275406,40000
275407,40000
275408,47509
275409,40000
275410,40000
275411,87100
275412,73718
275413,40000
275414,85747
275415,40000
275416,40000
275417,40022
275418,53515
275419,40000
275420,40000
275421,79820
275422,56513
275423,57166
275424,40462
275425,40000
275426,47990
275427,40000
275428,48970
275429,40000
275430,68094
275431,40000
275432,50767
275433,40000
275434,40000
275435,54675
275436,52694
275437,45520
275438,55401
275439,40000
275440,70128
275441,68225
275442,61624
275443,40000
275444,55338
275445,40000
275446,56870
275447,40000
275448,50103
275449,53607
275450,40101
275451,40388
275452,44640
275453,40000
275454,44018
275455,40000
275456,45605
275457,78734
275458,56596
275459,47618
275460,46022
275461,61845
275462,65333
275463,61434
275464,68625
275465,55311
275466,54370
275467,64030
275468,40193
275469,41361
275470,70476
275471,60280
275472,56533
275473,40000
275474,50941
275475,40000
275476,44549
275477,40000
275478,40000
275479,63085
275480,40000
275481,40424
275482,72066
275483,45946
275484,70446
275485,55399
275486,60451
275487,51896
275488,62329
275489,40000
275490,49208
275491,67797
275492,43860
275493,47936
275494,76462
275495,41626
275496,46696
275497,92016
275498,44088
275499,42866
275500,77280
275501,41817
275502,46751
275503,59216
275504,52126
275505,49838
275506,40000
275507,52015
275508,63871
275509,84660
275510,40000
275511,79002
275512,74083
275513,79737
275514,76949
275515,40000
275516,49766
275517,40000
275518,70655
275519,52776
275520,70464
275521,54721
275522,53694
275523,72604
275524,45461
275525,55009
275526,46209
275527,48594
275528,44621
275529,40000
275530,42708
275531,52385
275532,40000
275533,72289
275534,48146
275535,59375
275536,70014
275537,79770
275538,40994
275539,63553
275540,51310
275541,55991
275542,40000
275543,45871
275544,40000
275545,46637
275546,40000
275547,40000
275548,40000
275549,40000
275550,70183
275551,58335
275552,40000
275553,50952
275554,46379
275555,50810
275556,76623
275557,40000
275558,40000
275559,40000
275560,50968
275561,40000
275562,62821
275563,42961
275564,66178
275565,40000
275566,40000
275567,56549
275568,40000
275569,40000
275570,76820
275571,41437
275572,53755
275573,40000
275574,40000
275575,41474
275576,84428
275577,40000
275578,40000
275579,102442
275580,67315
275581,40000
275582,40000
275583,54011
275584,40000
275585,69495
275586,63859
275587,40000
275588,72975
275589,57732
275590,78506
275591,64095
275592,85883
275593,57972
275594,48855
275595,101153
275596,46381
275597,40000
275598,40000
275599,62267
275600,40000
275601,50482
275602,46916
275603,65064
275604,80763
275605,40000
275606,40000
275607,60635
275608,59507
275609,47713
275610,52085
275611,64206
275612,40000
275613,77417
275614,65500
275615,51624
275616,54778
275617,43835
275618,52905
275619,40000
275620,60157
275621,62316
275622,53289
275623,47703
275624,70710
275625,45745
275626,56753
275627,40000
275628,46936
275629,64078
275630,46324
275631,40000
275632,56939
275633,48603
275634,40000
275635,44855
275636,58161
275637,40000
275638,91243
275639,62187
275640,67463
275641,50413
275642,40000
275643,57015
275644,40000
275645,40000
275646,74537
275647,44834
275648,49054
275649,42670
275650,76421
275651,67711
275652,59268
275653,40000
275654,59960
275655,50451
275656,40000
275657,42562
275658,40000
275659,40000
275660,46741
275661,74812
275662,40000
275663,47342
275664,59956
275665,64300
275666,55627
275667,40000
275668,47034
275669,40000
275670,62024
275671,40000
275672,40000
275673,49341
275674,43636
275675,40000
275676,50637
275677,65174
275678,41864
275679,76381
275680,47937
275681,40000
275682,57242
275683,63168
275684,92628
275685,40256
275686,44496
275687,78186
275688,90045
275689,40000
275690,40000
275691,40000
275692,80766
275693,40000
275694,65094
275695,56338
275696,60739
275697,77250
275698,72781
275699,66480
275700,44067
275701,75829
275702,52048
275703,40000
275704,40000
275705,81446
275706,59173
275707,79590
275708,40000
275709,47007
275710,51041
275711,49466
275712,50336
275713,60737
275714,40000
275715,60057
275716,56159
275717,40000
275718,69516
275719,40000
275720,70079
275721,50840
275722,40000
275723,40000
275724,62542
275725,40000
275726,40000
275727,40000
275728,40000
275729,47894
275730,40000
275731,44845
275732,54122
275733,40000
275734,85828
275735,40000
275736,64233
275737,74093
275738,40000
275739,60548
275740,40000
275741,63636
275742,40000
275743,52799
275744,41394
275745,59510
275746,40000
275747,40000
275748,65262
275749,61478
275750,78021
275751,62788
275752,40000
275753,60112
275754,83874
275755,66839
275756,40000
275757,47953
275758,40000
275759,40000
275760,40000
275761,45094
275762,68879
275763,73414
275764,40000
275765,40000
275766,42303
275767,67739
275768,46863
275769,63160
275770,45687
275771,47035
275772,44589
275773,53268
275774,44462
275775,40000
275776,40000
275777,61457
275778,40000
275779,50227
275780,40755
275781,40000
275782,50950
275783,45055
275784,72204
275785,45365
275786,43075
275787,40000
275788,60915
275789,51224
275790,40000
275791,67757
275792,41193
275793,49615
275794,62384
275795,68785
275796,61824
275797,40000
275798,40000
275799,41956
275800,49460
275801,70395
275802,56041
275803,40000
275804,66823
275805,40000
275806,40468
275807,42002
275808,87168
275809,40000
275810,56379
275811,54185
275812,78924
275813,40000
275814,54926
275815,40000
275816,55026
275817,40000
275818,40000
275819,65575
275820,40000
275821,68892
275822,80431
275823,40858
275824,52584
275825,51713
275826,40000
275827,61691
275828,55439
275829,40000
275830,63482
275831,40000
275832,40000
275833,56994
275834,50032
275835,71263
275836,40000
275837,40000
275838,40000
275839,71738
275840,40000
275841,58273
275842,54130
275843,40000
275844,40000
275845,58110
275846,71203
275847,40000
275848,44160
275849,44494
275850,54122
275851,40000
275852,70575
275853,56930
275854,41386
275855,91572
275856,59949
275857,73391
275858,91747
275859,54607
275860,63960
275861,40000
275862,42596
275863,40000
275864,66151
275865,40000
275866,41747
275867,75858
275868,51408
275869,40776
275870,74606
275871,59873
275872,61830
275873,40000
275874,67351
275875,62726
275876,77297
275877,40000
275878,42629
275879,40000
275880,41094
275881,40000
275882,49218
275883,51907
275884,40000
275885,50707
275886,46414
275887,40000
275888,47137
275889,75062
275890,53177
275891,40000
275892,42483
275893,44734
275894,54384
275895,46006
275896,46748
275897,50973
275898,72807
275899,41011
275900,71615
275901,44508
275902,56635
275903,40000
275904,52017
275905,66561
275906,44166
275907,40000
275908,40000
275909,88214
275910,40000
275911,46166
275912,55615
275913,40000
275914,40000
275915,68936
275916,54110
275917,40000
275918,40764
275919,40356
275920,57863
275921,40000
275922,40000
275923,61800
275924,67417
275925,40000
275926,41961
275927,47628
275928,69263
275929,43736
275930,49263
275931,54205
275932,73157
275933,58073
275934,57760
275935,49263
275936,40000
275937,40000
275938,97578
275939,45478
275940,55041
275941,40000
275942,40000
275943,40000
275944,51549
275945,73900
275946,40000
275947,65039
275948,40000
275949,68718
275950,58693
275951,40000
275952,76026
275953,46256
275954,40000
275955,40000
275956,40000
275957,69614
275958,40000
275959,81268
275960,49770
275961,40000
275962,76062
275963,51671
275964,49840
275965,40000
275966,53865
275967,65484
275968,70254
275969,95838
275970,48341
275971,40000
275972,68573
275973,61961
275974,50237
275975,61275
275976,76112
275977,72598
275978,40000
275979,50252
275980,85283
275981,40000
275982,92427
275983,45650
275984,57351
275985,40000
275986,46548
275987,51788
275988,77812
275989,41932
275990,44499
275991,40000
275992,48819
275993,44252
275994,40000
275995,40000
275996,42679
275997,40000
275998,41533
275999,40000
276000,90036
276001,40000
276002,40000
276003,40000
276004,53440
276005,55631
276006,79949
276007,64565
276008,45344
276009,55435
276010,56029
276011,52508
276012,69710
276013,40000
276014,49943
276015,54302
276016,40000
276017,60904
276018,40000
276019,40000
276020,40000
276021,40828
276022,40000
276023,48279
276024,40000
276025,89930
276026,40000
276027,40000
276028,43223
276029,89639
276030,51289
276031,77438
276032,40000
276033,40000
276034,40000
276035,40000
276036,43980
276037,40000
276038,47125
276039,44166
276040,40000
276041,40000
276042,40907
276043,40000
276044,48080
276045,52778
276046,64857
276047,40000
276048,45778
276049,40000
276050,45202
276051,40000
276052,51657
276053,69751
276054,40000
276055,40000
276056,40000
276057,40000
276058,48872
276059,72208
276060,40000
276061,40000
276062,40000
276063,47120
276064,71861
276065,40000
276066,40950
276067,64686
276068,83591
276069,53331
276070,63516
276071,49044
276072,63108
276073,40000
276074,40000
276075,50269
276076,45072
276077,40000
276078,40000
276079,79890
276080,46530
276081,40000
276082,40000
276083,40000
276084,53638
276085,40000
276086,50308
276087,64766
276088,66286
276089,54001
276090,57392
276091,77397
276092,84664
276093,50532
276094,40942
276095,40000
276096,77480
276097,74778
276098,59492
276099,92303
276100,40000
276101,48791
276102,62084
276103,71504
276104,59938
276105,61561
276106,40000
276107,67300
276108,92753
276109,63578
276110,40000
276111,58013
276112,40000
276113,59460
276114,65774
276115,48043
276116,42335
276117,50474
276118,57223
276119,65803
276120,40000
276121,53571
276122,47139
276123,40000
276124,67513
276125,56012
276126,40000
276127,40000
276128,83101
276129,40000
276130,43068
276131,43187
276132,40000
276133,47057
276134,40000
276135,57073
276136,58475
276137,60392
276138,55412
276139,65264
276140,40000
276141,66186
276142,56822
276143,74853
276144,40000
276145,49090
276146,70815
276147,63140
276148,40724
276149,67410
276150,70632
276151,40634
276152,58943
276153,41491
276154,56033
276155,47684
276156,57316
276157,44456
276158,50215
276159,68603
276160,40000
276161,45302
276162,45224
276163,46901
276164,40000
276165,40000
276166,59087
276167,94529
276168,45333
276169,47386
276170,50382
276171,73975
276172,40000
276173,46361
276174,40000
276175,40757
276176,74315
276177,40000
276178,40000
276179,51098
276180,65154
276181,50682
276182,40000
276183,40000
276184,77922
276185,56565
276186,40000
276187,51238
276188,48466
276189,47945
276190,43917
276191,71792
276192,42355
276193,40000
276194,54212
276195,53963
276196,100052
276197,40000
276198,44236
276199,46403
276200,47415
276201,68395
276202,40000
276203,40108
276204,40000
276205,58192
276206,45532
276207,59833
276208,58381
276209,50145
276210,71672
276211,45727
276212,41065
276213,40000
276214,41621
276215,61941
276216,53950
276217,67564
276218,50144
276219,54409
276220,66324
276221,58890
276222,47900
276223,40000
276224,82961
276225,42262
276226,41426
276227,40139
276228,40000
276229,40000
276230,75285
276231,40916
276232,61301
276233,69379
276234,49859
276235,77684
276236,66786
276237,53946
276238,44467
276239,40000
276240,40000
276241,40000
276242,40000
276243,40000
276244,71246
276245,40000
276246,60412
276247,40000
276248,62278
276249,80802
276250,40000
276251,72246
276252,95532
276253,65061
276254,40554
276255,55111
276256,70040
276257,50395
276258,59309
276259,71797
276260,40000
276261,40000
276262,59222
276263,40000
276264,54425
276265,63026
276266,40000
276267,55732
276268,40000
276269,41821
276270,40000
276271,62208
276272,42317
276273,56929
276274,54108
276275,40000
276276,45401
276277,40000
276278,78312
276279,42153
276280,40341
276281,41617
276282,56847
276283,50444
276284,69866
276285,40732
276286,57656
276287,85567
276288,44505
276289,78960
276290,46481
276291,41275
276292,40000
276293,67927
276294,40000
276295,95028
276296,50755
276297,40000
276298,46035
276299,40000
276300,49427
276301,69265
276302,41466
276303,40000
276304,44454
276305,40000
276306,40000
276307,40000
276308,53209
276309,56269
276310,82204
276311,53396
276312,55311
276313,46830
276314,66611
276315,78330
276316,48385
276317,40000
276318,40036
276319,50442
276320,54804
276321,40000
276322,85519
276323,40867
276324,41688
276325,59144
276326,61561
276327,59341
276328,40000
276329,57550
276330,60423
276331,102271
276332,40000
276333,46820
276334,40000
276335,63849
276336,57108
276337,41118
276338,55115
276339,61888
276340,96838
276341,48315
276342,61340
276343,42581
276344,40000
276345,44937
276346,93188
276347,46037
276348,59948
276349,62501
276350,40000
276351,57548
276352,58008
276353,46422
276354,55864
276355,56785
276356,40000
276357,51526
276358,40000
276359,49870
276360,40000
276361,46710
276362,48714
276363,62489
276364,49364
276365,40000
276366,40202
276367,58527
276368,42449
276369,59112
276370,40000
276371,40080
276372,73278
276373,72297
276374,40000
276375,40000
276376,66184
276377,40000
276378,40000
276379,56076
276380,40000
276381,52829
276382,40032
276383,40000
276384,40000
276385,68490
276386,53432
276387,40000
276388,69963
276389,64881
276390,40000
276391,40000
276392,66795
276393,69784
276394,41653
276395,44539
276396,45767
276397,40075
276398,56104
276399,65848
276400,40000
276401,58858
276402,40000
276403,56772
276404,46483
276405,40000
276406,65896
276407,51368
276408,90522
276409,54757
276410,40000
276411,60324
276412,59635
276413,47685
276414,51072
276415,62338
276416,70276
276417,40000
276418,40000
276419,59277
276420,59338
276421,51046
276422,44031
276423,79309
276424,40000
276425,72687
276426,62996
276427,52612
276428,46954
276429,40000
276430,40000
276431,40000
276432,43579
276433,42284
276434,40000
276435,54090
276436,50052
276437,49716
276438,40000
276439,55826
276440,87379
276441,65684
276442,57604
276443,40000
276444,40000
276445,63137
276446,42768
276447,47962
276448,55554
276449,48462
276450,47646
276451,70445
276452,55655
276453,40000
276454,67768
276455,89931
276456,72471
276457,40000
276458,40000
276459,73251
276460,40000
276461,40000
276462,56204
276463,41385
276464,63781
276465,63906
276466,52015
276467,45318
276468,65998
276469,56630
276470,40000
276471,94825
276472,49162
276473,71835
276474,70886
276475,53480
276476,40000
276477,45097
276478,67679
276479,61586
276480,43379
276481,82272
276482,83453
276483,45688
276484,45595
276485,76157
276486,40000
276487,40000
276488,40344
276489,51081
276490,59341
276491,41764
276492,55309
276493,40000
276494,66983
276495,41428
276496,40000
276497,40000
276498,67741
276499,69568
276500,78714
276501,50414
276502,40000
276503,46345
276504,49593
276505,62540
276506,63960
276507,75293
276508,69737
276509,82615
276510,70800
276511,58520
276512,83594
276513,70570
276514,54021
276515,40000
276516,40000
276517,51421
276518,47900
276519,72309
276520,60258
276521,61577
276522,53452
276523,40000
276524,40000
276525,40000
276526,50534
276527,40000
276528,40000
276529,67003
276530,52278
276531,75961
276532,40000
276533,40000
276534,87817
276535,40000
276536,43315
276537,45938
276538,54892
276539,40000
276540,61907
276541,40000
276542,40000
276543,40000
276544,58619
276545,40000
276546,45318
276547,58395
276548,61073
276549,40000
276550,45461
276551,41697
276552,40395
276553,47767
276554,46697
276555,54653
276556,40000
276557,73190
276558,76929
276559,69859
276560,52675
276561,48308
276562,40000
276563,40000
276564,63327
276565,43658
276566,46656
276567,40000
276568,40000
276569,51075
276570,60899
276571,40000
276572,64694
276573,40000
276574,53487
276575,49512
276576,73373
276577,84032
276578,77104
276579,40000
276580,40000
276581,40000
276582,62717
276583,40000
276584,52257
276585,65836
276586,40000
276587,64024
276588,56644
276589,40000
276590,75681
276591,40000
276592,40000
276593,40000
276594,78379
276595,40000
276596,66677
276597,40600
276598,50615
276599,64487
276600,78472
276601,40000
276602,60984
276603,44089
276604,62067
276605,49560
276606,40000
276607,44661
276608,70043
276609,40000
276610,49012
276611,41396
276612,40000
276613,44538
276614,44298
276615,81584
276616,40000
276617,64750
276618,40000
276619,40927
276620,69934
276621,42346
276622,51948
276623,72616
276624,40000
276625,67660
276626,44576
276627,71946
276628,40000
276629,64996
276630,43157
276631,44588
276632,49776
276633,120127
276634,40000
276635,40000
276636,40000
276637,49851
276638,57958
276639,55172
276640,56778
276641,40000
276642,65702
276643,40000
276644,47727
276645,48828
276646,40000
276647,73939
276648,68814
276649,84289
276650,40000
276651,40000
276652,66898
276653,55961
276654,53054
276655,43061
276656,40000
276657,62953
276658,62856
276659,40000
276660,50966
276661,41349
276662,40248
276663,91603
276664,40000
276665,63040
276666,40000
276667,40000
276668,57450
276669,94284
276670,47569
276671,49034
276672,75842
276673,40000
276674,42766
276675,40000
276676,48275
276677,56736
276678,58020
276679,46765
276680,56648
276681,71358
276682,40000
276683,40000
276684,40000
276685,88043
276686,53479
276687,59950
276688,59215
276689,56341
276690,40000
276691,43628
276692,40000
276693,92252
276694,40000
276695,40000
276696,40000
276697,55703
276698,58419
276699,40000
276700,40000
276701,54966
276702,40000
276703,54287
276704,40000
276705,48147
276706,81722
276707,43638
276708,44800
276709,40000
276710,42625
276711,53216
276712,40000
276713,40000
276714,40000
276715,67846
276716,48576
276717,91222
276718,57756
276719,40000
276720,40000
276721,49964
276722,79524
276723,54340
276724,45730
276725,40000
276726,61269
276727,55944
276728,46680
276729,41085
276730,40000
276731,40000
276732,40000
276733,55685
276734,59905
276735,60020
276736,40000
276737,68342
276738,60340
276739,62669
276740,40000
276741,40000
276742,68345
276743,58128
276744,40000
276745,40000
276746,40000
276747,46534
276748,54843
276749,44797
276750,72327
276751,73854
276752,60132
276753,41475
276754,47754
276755,110998
276756,41684
276757,68742
276758,65097
276759,85530
276760,40000
276761,53369
276762,40000
276763,47984
276764,62510
276765,51728
276766,53978
276767,40000
276768,74703
276769,59003
276770,40585
276771,49556
276772,60682
276773,40000
276774,40000
276775,54204
276776,40000
276777,40000
276778,40000
276779,55922
276780,46544
276781,44880
276782,40000
276783,95933
276784,62911
276785,41806
276786,46536
276787,40092
276788,40000
276789,58163
276790,40000
276791,40000
276792,73463
276793,46396
276794,51298
276795,52923
276796,47961
276797,46064
276798,74928
276799,72492
276800,81673
276801,40407
276802,40000
276803,100683
276804,41745
276805,94352
276806,40000
276807,67978
276808,58008
276809,40000
276810,40000
276811,40000
276812,40000
276813,81752
276814,54957
276815,65912
276816,47927
276817,47817
276818,63523
276819,81650
276820,40000
276821,43471
276822,40000
276823,40000
276824,50238
276825,83927
276826,40000
276827,73754
276828,48548
276829,50971
276830,54126
276831,50763
276832,51806
276833,49250
276834,49169
276835,68227
276836,59557
276837,63872
276838,46637
276839,78029
276840,40000
276841,55210
276842,40000
276843,40000
276844,84524
276845,40210
276846,66546
276847,61243
276848,40000
276849,56284
276850,67256
276851,40000
276852,53821
276853,62792
276854,40000
276855,57775
276856,54083
276857,40000
276858,40000
276859,40000
276860,66603
276861,40000
276862,49056
276863,57409
276864,54465
276865,72037
276866,40000
276867,49561
276868,61613
276869,49949
276870,40000
276871,46525
276872,40000
276873,57974
276874,40462
276875,55263
276876,48097
276877,50871
276878,57684
276879,40000
276880,50294
276881,53245
276882,56746
276883,73711
276884,40000
276885,62636
276886,46063
276887,56679
276888,48389
276889,40000
276890,40000
276891,40000
276892,71099
276893,42397
276894,78279
276895,48217
276896,72607
276897,61051
276898,40000
276899,78563
276900,43052
276901,47736
276902,40000
276903,40000
276904,43784
276905,90904
276906,42921
276907,41785
276908,45699
276909,53205
276910,40000
276911,63154
276912,40000
276913,44448
276914,50194
276915,70148
276916,45153
276917,43687
276918,40000
276919,40000
276920,40000
276921,57471
276922,55626
276923,40000
276924,82949
276925,42529
276926,40000
276927,40000
276928,77696
276929,60402
276930,55397
276931,40000
276932,40000
276933,40000
276934,48177
276935,40000
276936,54448
276937,40707
276938,40000
276939,40000
276940,50817
276941,62818
276942,50767
276943,43144
276944,49936
276945,51428
276946,43564
276947,67993
276948,48159
276949,40000
276950,42196
276951,40000
276952,49512
276953,87402
276954,80425
276955,65750
276956,40000
276957,46636
276958,45367
276959,40000
276960,40000
276961,40000
276962,82804
276963,40000
276964,73787
276965,40000
276966,57005
276967,58463
276968,40000
276969,70209
276970,67278
276971,40000
276972,79181
276973,40000
276974,46781
276975,82934
276976,40000
276977,49847
276978,40000
276979,40000
276980,40000
276981,41424
276982,43865
276983,54041
276984,40000
276985,41303
276986,40000
276987,40000
276988,40000
276989,72014
276990,45752
276991,52426
276992,45682
276993,44850
276994,65265
276995,40000
276996,40000
276997,41114
276998,40000
276999,54600
277000,40000
277001,51367
277002,57930
277003,47946
277004,52206
277005,40752
277006,40000
277007,40000
277008,40000
277009,40000
277010,71796
277011,40000
277012,40219
277013,42646
277014,53162
277015,61650
277016,68218
277017,60624
277018,40000
277019,74244
277020,58032
277021,51446
277022,55438
277023,44774
277024,59334
277025,40000
277026,40000
277027,53740
277028,65254
277029,40000
277030,89681
277031,62140
277032,71255
277033,50293
277034,40000
277035,40000
277036,40000
277037,54444
277038,40000
277039,77398
277040,78057
277041,49820
277042,40000
277043,50767
277044,54781
277045,51373
277046,40000
277047,40165
277048,53465
277049,40000
277050,69825
277051,40000
277052,62322
277053,61154
277054,60609
277055,46525
277056,40000
277057,98773
277058,40000
277059,44870
277060,62189
277061,45132
277062,40000
277063,40000
277064,67658
277065,65425
277066,70500
277067,60960
277068,44153
277069,40000
277070,68164
277071,60393
277072,40000
277073,60894
277074,40000
277075,40000
277076,49556
277077,53049
277078,50474
277079,68603
277080,40000
277081,68237
277082,40000
277083,65147
277084,70139
277085,58647
277086,46499
277087,40000
277088,40000
277089,52498
277090,40000
277091,40000
277092,57766
277093,61586
277094,40000
277095,66742
277096,92827
277097,40000
277098,59575
277099,47438
277100,50290
277101,82366
277102,49898
277103,41022
277104,58846
277105,58957
277106,65934
277107,40000
277108,74469
277109,55303
277110,42631
277111,40000
277112,67770
277113,40000
277114,40000
277115,40000
277116,40000
277117,40000
277118,40000
277119,40000
277120,50457
277121,68492
277122,85336
277123,41198
277124,50218
277125,40711
277126,84430
277127,40000
277128,51072
277129,40000
277130,40000
277131,40000
277132,59009
277133,48865
277134,40000
277135,64528
277136,40000
277137,46817
277138,68402
277139,40000
277140,93634
277141,40000
277142,41181
277143,47575
277144,40000
277145,60836
277146,95244
277147,70223
277148,69202
277149,40000
277150,40000
277151,63006
277152,65417
277153,49861
277154,49955
277155,40000
277156,40000
277157,76285
277158,65754
277159,40000
277160,40000
277161,43426
277162,43772
277163,40000
277164,51193
277165,40000
277166,48510
277167,41130
277168,55640
277169,43389
277170,44388
277171,40000
277172,46197
277173,61743
277174,79927
277175,50682
277176,57027
277177,54152
277178,46024
277179,40000
277180,40000
277181,44707
277182,51624
277183,50792
277184,72937
277185,48633
277186,58554
277187,69426
277188,41248
277189,45109
277190,43754
277191,40000
277192,64316
277193,40000
277194,44003
277195,72180
277196,48991
277197,40000
277198,59248
277199,89647
277200,40000
277201,55685
277202,54851
277203,63506
277204,47604
277205,74198
277206,62292
277207,45075
277208,64975
277209,72873
277210,40000
277211,40000
277212,57395
277213,77203
277214,58517
277215,40000
277216,47439
277217,53923
277218,40000
277219,90932
277220,75411
277221,44009
277222,43286
277223,40000
277224,73400
277225,52654
277226,93178
277227,40000
277228,86826
277229,46868
277230,74351
277231,63144
277232,50637
277233,47356
277234,40620
277235,57406
277236,83834
277237,58544
277238,41546
277239,49103
277240,46269
277241,40000
277242,40000
277243,40000
277244,73077
277245,57290
277246,40000
277247,40000
277248,60581
277249,61901
277250,69502
277251,60770
277252,40000
277253,40000
277254,70882
277255,46509
277256,40000
277257,40000
277258,40000
277259,61464
277260,69719
277261,44200
277262,56701
277263,40000
277264,40000
277265,69714
277266,64765
277267,46328
277268,40128
277269,71827
277270,75331
277271,62411
277272,40000
277273,40000
277274,43916
277275,43284
277276,48151
277277,82432
277278,40000
277279,47424
277280,63122
277281,40000
277282,43395
277283,63652
277284,55820
277285,62516
277286,82310
277287,77219
277288,40000
277289,55510
277290,41314
277291,66328
277292,73605
277293,55220
277294,46436
277295,40000
277296,74172
277297,64597
277298,74540
277299,40000
277300,55050
277301,40000
277302,40121
277303,94402
277304,60294
277305,40000
277306,63446
277307,41887
277308,75970
277309,44552
277310,63050
277311,60841
277312,49207
277313,40000
277314,40000
277315,43691
277316,86493
277317,58735
277318,63225
277319,81843
277320,70067
277321,86222
277322,40000
277323,40000
277324,42562
277325,66285
277326,51644
277327,90120
277328,63625
277329,41740
277330,40000
277331,47627
277332,47169
277333,49123
277334,40000
277335,46358
277336,40473
277337,43188
277338,49707
277339,41603
277340,65844
277341,40000
277342,55577
277343,53355
277344,44291
277345,60076
277346,40000
277347,40000
277348,48178
277349,40000
277350,52419
277351,47638
277352,54591
277353,40000
277354,51090
277355,59531
277356,40000
277357,46560
277358,40000
277359,42135
277360,73070
277361,40000
277362,40000
277363,40195
277364,50385
277365,52691
277366,56068
277367,63089
277368,58100
277369,61649
277370,40000
277371,58496
277372,57848
277373,65754
277374,40000
277375,40000
277376,72430
277377,40937
277378,48054
277379,51128
277380,40000
277381,65872
277382,62060
277383,40000
277384,40000
277385,40000
277386,40000
277387,73885
277388,40000
277389,42181
277390,41970
277391,57315
277392,55606
277393,40000
277394,40000
277395,51951
277396,97551
277397,41497
277398,65146
277399,49196
277400,40000
277401,52932
277402,69100
277403,49953
277404,78274
277405,40000
277406,49526
277407,50465
277408,51765
277409,45140
277410,72823
277411,40000
277412,50471
277413,46617
277414,42231
277415,51226
277416,40000
277417,58166
277418,67998
277419,60544
277420,40000
277421,56378
277422,46452
277423,40000
277424,66532
277425,40000
277426,84457
277427,41592
277428,40000
277429,40000
277430,51246
277431,50058
277432,40000
277433,40000
277434,43281
277435,54394
277436,63933
277437,45216
277438,76679
277439,40000
277440,40000
277441,64973
277442,42276
277443,51587
277444,40000
277445,40000
277446,40000
277447,46503
277448,40000
277449,40000
277450,73626
277451,40000
277452,42145
277453,40000
277454,57001
277455,53161
277456,54986
277457,83988
277458,40000
277459,40000
277460,63137
277461,48988
277462,63259
277463,57326
277464,49397
277465,41770
277466,40000
277467,43067
277468,40000
277469,41167
277470,43503
277471,40000
277472,49033
277473,72342
277474,43232
277475,43668
277476,49845
277477,51648
277478,50061
277479,56889
277480,78553
277481,40000
277482,44446
277483,49557
277484,40000
277485,55175
277486,66751
277487,62704
277488,64488
277489,40000
277490,40000
277491,40000
277492,45590
277493,40000
277494,40000
277495,53779
277496,94007
277497,52573
277498,56074
277499,43372
277500,48871
277501,56211
277502,55635
277503,45030
277504,41996
277505,56001
277506,40000
277507,40895
277508,50617
277509,43162
277510,48063
277511,40000
277512,64835
277513,56813
277514,40000
277515,40000
277516,40000
277517,46131
277518,44712
277519,66275
277520,48789
277521,40000
277522,40000
277523,40559
277524,40000
277525,44276
277526,78458
277527,55672
277528,78363
277529,84621
277530,43381
277531,40000
277532,68378
277533,54854
277534,81205
277535,40000
277536,40000
277537,64328
277538,69231
277539,40000
277540,40000
277541,59616
277542,40000
277543,53481
277544,73561
277545,40000
277546,40000
277547,42492
277548,60035
277549,71767
277550,80459
277551,40000
277552,41267
277553,40000
277554,93272
277555,66780
277556,40000
277557,70181
277558,72528
277559,40000
277560,40000
277561,71483
277562,40000
277563,72361
277564,59282
277565,42959
277566,41741
277567,84506
277568,63860
277569,40000
277570,40000
277571,66018
277572,40000
277573,58203
277574,42517
277575,60179
277576,49296
277577,70992
277578,40000
277579,40000
277580,64288
277581,40000
277582,43050
277583,44011
277584,69643
277585,72920
277586,52622
277587,61931
277588,68117
277589,54044
277590,67200
277591,50514
277592,50736
277593,51381
277594,40000
277595,40000
277596,55597
277597,40111
277598,65814
277599,40000
277600,47450
277601,47089
277602,40000
277603,60326
277604,49130
277605,56688
277606,40000
277607,40000
277608,64364
277609,40000
277610,47264
277611,67839
277612,65517
277613,57203
277614,100683
277615,72017
277616,40000
277617,71459
277618,42958
277619,52918
277620,62523
277621,40000
277622,54168
277623,40000
277624,57483
277625,40000
277626,40000
277627,74384
277628,40000
277629,44782
277630,58400
277631,43617
277632,55343
277633,76984
277634,91438
277635,45275
277636,40000
277637,59415
277638,77735
277639,40000
277640,64059
277641,40000
277642,40000
277643,65869
277644,43944
277645,62407
277646,54787
277647,51750
277648,69980
277649,41270
277650,40000
277651,48109
277652,40000
277653,57123
277654,40124
277655,40000
277656,58006
277657,40000
277658,60108
277659,55831
277660,40000
277661,65535
277662,40000
277663,60274
277664,40000
277665,76653
277666,58492
277667,44953
277668,44076
277669,40000
277670,40000
277671,40000
277672,65194
277673,63844
277674,40000
277675,53832
277676,78609
277677,40000
277678,52586
277679,50186
277680,44752
277681,52608
277682,70578
277683,40000
277684,52711
277685,40000
277686,47931
277687,70488
277688,40000
277689,65162
277690,43155
277691,40593
277692,40000
277693,74283
277694,114104
277695,40000
277696,47609
277697,53552
277698,40000
277699,40000
277700,87784
277701,64252
277702,57857
277703,40000
277704,58966
277705,41589
277706,54354
277707,49169
277708,57486
277709,52221
277710,40000
277711,64806
277712,69894
277713,40815
277714,40000
277715,57495
277716,57124
277717,57493
277718,55368
277719,54264
277720,50478
277721,40000
277722,40000
277723,41045
277724,64435
277725,40000
277726,57512
277727,42412
277728,40000
277729,40000
277730,78342
277731,40000
277732,58268
277733,89721
277734,44428
277735,52754
277736,40000
277737,40000
277738,48529
277739,52956
277740,40000
277741,64295
277742,40000
277743,63600
277744,40000
277745,53167
277746,40000
277747,56763
277748,40000
277749,40000
277750,64205
277751,40000
277752,40000
277753,64591
277754,51308
277755,40000
277756,65298
277757,55873
277758,40000
277759,40000
277760,40000
277761,51482
277762,46181
277763,45236
277764,44979
277765,48310
277766,83287
277767,63459
277768,40000
277769,60588
277770,53473
277771,40000
277772,74401
277773,44532
277774,40000
277775,42688
277776,70462
277777,40000
277778,59494
277779,83752
277780,60123
277781,57148
277782,40000
277783,40000
277784,55677
277785,40000
277786,45323
277787,40000
277788,40000
277789,63486
277790,46203
277791,40000
277792,42755
277793,45453
277794,63906
277795,68274
277796,55715
277797,40000
277798,63041
277799,46629
277800,40000
277801,49566
277802,62122
277803,40000
277804,54741
277805,63884
277806,61668
277807,40000
277808,41499
277809,68711
277810,71268
277811,53408
277812,57602
277813,73326
277814,40000
277815,82003
277816,45530
277817,67387
277818,45428
277819,57711
277820,45615
277821,42856
277822,40000
277823,40000
277824,70516
277825,70493
277826,54585
277827,40000
277828,40000
277829,40000
277830,40000
277831,66684
277832,40000
277833,40000
277834,41101
277835,55498
277836,64082
277837,65740
277838,53491
277839,42395
277840,47408
277841,61470
277842,40000
277843,80316
277844,40749
277845,87528
277846,40000
277847,52300
277848,54985
277849,40000
277850,69663
277851,40000
277852,70750
277853,62570
277854,56231
277855,57591
277856,78792
277857,51232
277858,50325
277859,40000
277860,49288
277861,48365
277862,69676
277863,44627
277864,40000
277865,77940
277866,61912
277867,40000
277868,52152
277869,55457
277870,47802
277871,40000
277872,45140
277873,60541
277874,40000
277875,82946
277876,52671
277877,66052
277878,43345
277879,40000
277880,40000
277881,59779
277882,50384
277883,64967
277884,40000
277885,44146
277886,61591
277887,40000
277888,66474
277889,56740
277890,60801
277891,57551
277892,47112
277893,40000
277894,40000
277895,42023
277896,63056
277897,41434
277898,63971
277899,40000
277900,44863
277901,68902
277902,48699
277903,58151
277904,63792
277905,46567
277906,51257
277907,45950
277908,70516
277909,55031
277910,40000
277911,64676
277912,40000
277913,68367
277914,54573
277915,51863
277916,40000
277917,40000
277918,40000
277919,61119
277920,40000
277921,45706
277922,63000
277923,42180
277924,51926
277925,40000
277926,81094
277927,40000
277928,40000
277929,52507
277930,59393
277931,40000
277932,74674
277933,65255
277934,40000
277935,40000
277936,54235
277937,40000
277938,55017
277939,92602
277940,52325
277941,40881
277942,64701
277943,40000
277944,40000
277945,40000
277946,62123
277947,40000
277948,62731
277949,60889
277950,40000
277951,59057
277952,40000
277953,55529
277954,59876
277955,40000
277956,40000
277957,40000
277958,80519
277959,70016
277960,42054
277961,54890
277962,42721
277963,79854
277964,40000
277965,80348
277966,40000
277967,40000
277968,65279
277969,40000
277970,40000
277971,40000
277972,65632
277973,40000
277974,58996
277975,40000
277976,85449
277977,55709
277978,80380
277979,67324
277980,60487
277981,47112
277982,40000
277983,74709
277984,47512
277985,76732
277986,45809
277987,80371
277988,63402
277989,59504
277990,49813
277991,47539
277992,107790
277993,43374
277994,65154
277995,56345
277996,53996
277997,65986
277998,40000
277999,43245
278000,45894
278001,40000
278002,44168
278003,45740
278004,48415
278005,40000
278006,40000
278007,43941
278008,61831
278009,43425
278010,92285
278011,56836
278012,54913
278013,40000
278014,58996
278015,40000
278016,78142
278017,45320
278018,40000
278019,40000
278020,40000
278021,45168
278022,40000
278023,40000
278024,70454
278025,67915
278026,43388
278027,59591
278028,55267
278029,53906
278030,40000
278031,73316
278032,78270
278033,57828
278034,45087
278035,84749
278036,40000
278037,62088
278038,40338
278039,40000
278040,47454
278041,55550
278042,70355
278043,40000
278044,57766
278045,50816
278046,49364
278047,49406
278048,40000
278049,40000
278050,62231
278051,59669
278052,74347
278053,46834
278054,78797
278055,42479
278056,52488
278057,91256
278058,57023
278059,56799
278060,57788
278061,48869
278062,58039
278063,40000
278064,65678
278065,43199
278066,43004
278067,54019
278068,53081
278069,46101
278070,43858
278071,47324
278072,58838
278073,54713
278074,40000
278075,71702
278076,45526
278077,65103
278078,40000
278079,40000
278080,40000
278081,57669
278082,46594
278083,47922
278084,40000
278085,40032
278086,40000
278087,58171
278088,40000
278089,50711
278090,43056
278091,40000
278092,40000
278093,55237
278094,40000
278095,51083
278096,40000
278097,69916
278098,80506
278099,40000
278100,40000
278101,75797
278102,63449
278103,52427
278104,52380
278105,66608
278106,40000
278107,55712
278108,51281
278109,40000
278110,41923
278111,103244
278112,77031
278113,40000
278114,62133
278115,51216
278116,46113
278117,40000
278118,51044
278119,61065
278120,40000
278121,54597
278122,59477
278123,54377
278124,42826
278125,40000
278126,67718
278127,40000
278128,45359
278129,40000
278130,70372
278131,58932
278132,40000
278133,40000
278134,87238
278135,40000
278136,59292
278137,61167
278138,48099
278139,40000
278140,46892
278141,40000
278142,55504
278143,40000
278144,40000
278145,57393
278146,54641
278147,65910
278148,40000
278149,62443
278150,41824
278151,40000
278152,57975
278153,41618
278154,82117
278155,40000
278156,40000
278157,40000
278158,40000
278159,90821
278160,40000
278161,49525
278162,40000
278163,40000
278164,61155
278165,42938
278166,40000
278167,67072
278168,40000
278169,49647
278170,52819
278171,46510
278172,48913
278173,85122
278174,45795
278175,40000
278176,47028
278177,87644
278178,61628
278179,40000
278180,40837
278181,56239
278182,49321
278183,58658
278184,46749
278185,43070
278186,40000
278187,66038
278188,49441
278189,43317
278190,76680
278191,73229
278192,47860
278193,59819
278194,65127
278195,48811
278196,55195
278197,71182
278198,40000
278199,61511
278200,40000
278201,50063
278202,74361
278203,42619
278204,40000
278205,40000
278206,40000
278207,40000
278208,40000
278209,64067
278210,40000
278211,53602
278212,50919
278213,40000
278214,40000
278215,65154
278216,54942
278217,86226
278218,56871
278219,62228
278220,46169
278221,40000
278222,81552
278223,59378
278224,60764
278225,40892
278226,40000
278227,40000
278228,44648
278229,49994
278230,40120
278231,46344
278232,65093
278233,60703
278234,67713
278235,40842
278236,40000
278237,43068
278238,41475
278239,40000
278240,51684
278241,40000
278242,40000
278243,53672
278244,71817
278245,61626
278246,46426
278247,53442
278248,43804
278249,41932
278250,52259
278251,73277
278252,49372
278253,43440
278254,40000
278255,42171
278256,66146
278257,51142
278258,46570
278259,87177
278260,59012
278261,65119
278262,40000
278263,49888
278264,82483
278265,44136
278266,40000
278267,40514
278268,86333
278269,40000
278270,69771
278271,70190
278272,40000
278273,52818
278274,40000
278275,66777
278276,40000
278277,45638
278278,40985
278279,48380
278280,41063
278281,44381
278282,41484
278283,40000
278284,40000
278285,40000
278286,105611
278287,40000
278288,85509
278289,54512
278290,85184
278291,40000
278292,40000
278293,40000
278294,40000
278295,68682
278296,40000
278297,40000
278298,40000
278299,58746
278300,92484
278301,55976
278302,50038
278303,41714
278304,43088
278305,69052
278306,40000
278307,43597
278308,50171
278309,44929
278310,40000
278311,64223
278312,40000
278313,66024
278314,40000
278315,69343
278316,66106
278317,40000
278318,42294
278319,40000
278320,40000
278321,49107
278322,40805
278323,47075
278324,45912
278325,66049
278326,40000
278327,48084
278328,40000
278329,59613
278330,73840
278331,40000
278332,56905
278333,91363
278334,46612
278335,42504
278336,50514
278337,72568
278338,40000
278339,56998
278340,47109
278341,67587
278342,40000
278343,67977
278344,40000
278345,65440
278346,40000
278347,40000
278348,51548
278349,40000
278350,57808
278351,71008
278352,54919
278353,50764
278354,65913
278355,48515
278356,55801
278357,60074
278358,48978
278359,51455
278360,73262
278361,40000
278362,40000
278363,52690
278364,87991
278365,40000
278366,55267
278367,58021
278368,40000
278369,48873
278370,42712
278371,47463
278372,40000
278373,44865
278374,46460
278375,40000
278376,49007
278377,40000
278378,40000
278379,47078
278380,63106
278381,40000
278382,61487
278383,49655
278384,46179
278385,40000
278386,42957
278387,40000
278388,60338
278389,40000
278390,50243
278391,53203
278392,40000
278393,40000
278394,40000
278395,40000
278396,69309
278397,40000
278398,94900
278399,74447
278400,40000
278401,41777
278402,67860
278403,51434
278404,40000
278405,69602
278406,40087
278407,40000
278408,43153
278409,72169
278410,76125
278411,58505
278412,40000
278413,40662
278414,52885
278415,78924
278416,64999
278417,53878
278418,71479
278419,40000
278420,40000
278421,40000
278422,46685
278423,44233
278424,59636
278425,40000
278426,57141
278427,85365
278428,52884
278429,60612
278430,40000
278431,40203
278432,40000
278433,42118
278434,40000
278435,52281
278436,42344
278437,56102
278438,48329
278439,65496
278440,40000
278441,40000
278442,56836
278443,46489
278444,40589
278445,40000
278446,40000
278447,40000
278448,44296
278449,42652
278450,40000
278451,80354
278452,40000
278453,79850
278454,65214
278455,59409
278456,40954
278457,40000
278458,89435
278459,73067
278460,50916
278461,44612
278462,40000
278463,45065
278464,54633
278465,41518
278466,40000
278467,50385
278468,69677
278469,40000
278470,40000
278471,61383
278472,46586
278473,55638
278474,40000
278475,80196
278476,40000
278477,59529
278478,40000
278479,40000
278480,60136
278481,50441
278482,46510
278483,40000
278484,40000
278485,63866
278486,71759
278487,45877
278488,66290
278489,40000
278490,53634
278491,40000
278492,47750
278493,40000
278494,40000
278495,72611
278496,40000
278497,50798
278498,99231
278499,66559
278500,40000
278501,40000
278502,50823
278503,49131
278504,40000
278505,54141
278506,47678
278507,40000
278508,60529
278509,40000
278510,63571
278511,64365
278512,71422
278513,55417
278514,42922
278515,41052
278516,40000
278517,40000
278518,54806
278519,40000
278520,40000
278521,40000
278522,56132
278523,75523
278524,41003
278525,40000
278526,92607
278527,63983
278528,40000
278529,98728
278530,61117
278531,55662
278532,62924
278533,40000
278534,46490
278535,52045
278536,70597
278537,62289
278538,74056
278539,57493
278540,99978
278541,40000
278542,61236
278543,79567
278544,44901
278545,40000
278546,40000
278547,53645
278548,40000
278549,89009
278550,51810
278551,40000
278552,51527
278553,76107
278554,58568
278555,59088
278556,67415
278557,40033
278558,46791
278559,62696
278560,69127
278561,48821
278562,51307
278563,62292
278564,45978
278565,82265
278566,83458
278567,50667
278568,62910
278569,61836
278570,40000
278571,64061
278572,45947
278573,40000
278574,77947
278575,57132
278576,63651
278577,66593
278578,40000
278579,40000
278580,40000
278581,55572
278582,44750
278583,62933
278584,53010
278585,40000
278586,43365
278587,49976
278588,63957
278589,47104
278590,62483
278591,42649
278592,49515
278593,40000
278594,50224
278595,46987
278596,40000
278597,50284
278598,63754
278599,40000
278600,40000
278601,40000
278602,66543
278603,58939
278604,69438
278605,47127
278606,40000
278607,61388
278608,50813
278609,47146
278610,62499
278611,77284
278612,40000
278613,47732
278614,40000
278615,46709
278616,45460
278617,58488
278618,59305
278619,94424
278620,86285
278621,43570
278622,75815
278623,53579
278624,59472
278625,40000
278626,66990
278627,75495
278628,75313
278629,58132
278630,40000
278631,77333
278632,76797
278633,87097
278634,43885
278635,53310
278636,40000
278637,82485
278638,40000
278639,40000
278640,69369
278641,60871
278642,40000
278643,69560
278644,74415
278645,69913
278646,52762
278647,40000
278648,40000
278649,62118
278650,76096
278651,53400
278652,74528
278653,40000
278654,64349
278655,44129
278656,64344
278657,66569
278658,56468
278659,40000
278660,41921
278661,49231
278662,57279
278663,40000
278664,64362
278665,40000
278666,76007
278667,40000
278668,40000
278669,62606
278670,44329
278671,80067
278672,40000
278673,70164
278674,40000
278675,40536
278676,40000
278677,40000
278678,85749
278679,47441
278680,40000
278681,74012
278682,62645
278683,40000
278684,65394
278685,40000
278686,40000
278687,44982
278688,61688
278689,40000
278690,43351
278691,51651
278692,41203
278693,40000
278694,83570
278695,62351
278696,74416
278697,59673
278698,44429
278699,43241
278700,47133
278701,40000
278702,84028
278703,66322
278704,72820
278705,55651
278706,59696
278707,55792
278708,60317
278709,44019
278710,57617
278711,40000
278712,40000
278713,40000
278714,57396
278715,58499
278716,75824
278717,72667
278718,107445
278719,40000
278720,69000
278721,54476
278722,43865
278723,66135
278724,40000
278725,40000
278726,62231
278727,40000
278728,47976
278729,40000
278730,47589
278731,79068
278732,40000
278733,40000
278734,53449
278735,40000
278736,57230
278737,40000
278738,64495
278739,55447
278740,40000
278741,40000
278742,40000
278743,43985
278744,65673
278745,66196
278746,41075
278747,44883
278748,40000
278749,48267
278750,63084
278751,69179
278752,40000
278753,57285
278754,45761
278755,67253
278756,59014
278757,40000
278758,81732
278759,40000
278760,56136
278761,80796
278762,44205
278763,70864
278764,97697
278765,40000
278766,40000
278767,46940
278768,40000
278769,84723
278770,40000
278771,64443
278772,45009
278773,76462
278774,81622
278775,62490
278776,40000
278777,57345
278778,40000
278779,40000
278780,63420
278781,61613
278782,40000
278783,40000
278784,55581
278785,45764
278786,75829
278787,42302
278788,40000
278789,59647
278790,41160
278791,50402
278792,52831
278793,54813
278794,42691
278795,48861
278796,40000
278797,62317
278798,40000
278799,54593
278800,40897
278801,50491
278802,51058
278803,40000
278804,90259
278805,75088
278806,52820
278807,40000
278808,70210
278809,41095
278810,40000
278811,56563
278812,44669
278813,50114
278814,56194
278815,61716
278816,42539
278817,40000
278818,66575
278819,41617
278820,40000
278821,63131
278822,55690
278823,57308
278824,64396
278825,55698
278826,54799
278827,50947
278828,50224
278829,40269
278830,63994
278831,88383
278832,40000
278833,48159
278834,40000
278835,50550
278836,48354
278837,48037
278838,55249
278839,40000
278840,40000
278841,86284
278842,52016
278843,40000
278844,63436
278845,52998
278846,59843
278847,61220
278848,40000
278849,64885
278850,40000
278851,49018
278852,50312
278853,66815
278854,40000
278855,60878
278856,44707
278857,45665
278858,58881
278859,94746
278860,59719
278861,43348
278862,69222
278863,53906
278864,40000
278865,62784
278866,40000
278867,64613
278868,45837
278869,57881
278870,40000
278871,40000
278872,49247
278873,40000
278874,68029
278875,45562
278876,64108
278877,65735
278878,94754
278879,41871
278880,83956
278881,53497
278882,48434
278883,42971
278884,40000
278885,42668
278886,40000
278887,83335
278888,86715
278889,47083
278890,40000
278891,83187
278892,40000
278893,45504
278894,46530
278895,40000
278896,44025
278897,40000
278898,75952
278899,41380
278900,40000
278901,79829
278902,58168
278903,47949
278904,54245
278905,65075
278906,56917
278907,65132
278908,81236
278909,43306
278910,40000
278911,42865
278912,40000
278913,40000
278914,40000
278915,52225
278916,58715
278917,40000
278918,40000
278919,40000
278920,40000
278921,40000
278922,40000
278923,72964
278924,40000
278925,40000
278926,40000
278927,40000
278928,40000
278929,40000
278930,85555
278931,82992
278932,45425
278933,51848
278934,58387
278935,66624
278936,49834
278937,40000
278938,50684
278939,100181
278940,40000
278941,74113
278942,49973
278943,40000
278944,40730
278945,56888
278946,60165
278947,50639
278948,83812
278949,56680
278950,75118
278951,50260
278952,58057
278953,40000
278954,40000
278955,43424
278956,66912
278957,78434
278958,58157
278959,40000
278960,62171
278961,73790
278962,40000
278963,48951
278964,71979
278965,88252
278966,40000
278967,48090
278968,63271
278969,44392
278970,40000
278971,75908
278972,78344
278973,81438
278974,40000
278975,40000
278976,41238
278977,40000
278978,40000
278979,60680
278980,52474
278981,40000
278982,60763
278983,73960
278984,40000
278985,56487
278986,58597
278987,40000
278988,40000
278989,45733
278990,56323
278991,50628
278992,49085
278993,40000
278994,40000
278995,77328
278996,46309
278997,40000
278998,53183
278999,40000
279000,46527
279001,54699
279002,65941
279003,40000
279004,80515
279005,40501
279006,58737
279007,68359
279008,53188
279009,85634
279010,43620
279011,56312
279012,40000
279013,40000
279014,48758
279015,40000
279016,40000
279017,41680
279018,40000
279019,53911
279020,57840
279021,56448
279022,47422
279023,40000
279024,56151
279025,45171
279026,40000
279027,54492
279028,40000
279029,60032
279030,57155
279031,41283
279032,45421
279033,87475
279034,42900
279035,40000
279036,40121
279037,40000
279038,40000
279039,64169
279040,40000
279041,40000
279042,40000
279043,61252
279044,40000
279045,40000
279046,53683
279047,40000
279048,40000
279049,76504
279050,41468
279051,40000
279052,45969
279053,54382
279054,80710
279055,44764
279056,40000
279057,40000
279058,76409
279059,40000
279060,58989
279061,51491
279062,54273
279063,55834
279064,56330
279065,46632
279066,50396
279067,40000
279068,40000
279069,63095
279070,41574
279071,48882
279072,48221
279073,40000
279074,77994
279075,45528
279076,40684
279077,50886
279078,47424
279079,40000
279080,40000
279081,40000
279082,45060
279083,54468
279084,78853
279085,47078
279086,52746
279087,44477
279088,71819
279089,61331
279090,78538
279091,49778
279092,40000
279093,42226
279094,46046
279095,44020
279096,42579
279097,41031
279098,42946
279099,40000
279100,57555
279101,42122
279102,49345
279103,40000
279104,87289
279105,40000
279106,63110
279107,70670
279108,40000
279109,40000
279110,63894
279111,40000
279112,53320
279113,40000
279114,40000
279115,55885
279116,86955
279117,54347
279118,40601
279119,40000
279120,56581
279121,67108
279122,40000
279123,40000
279124,40000
279125,40000
279126,40000
279127,40000
279128,40000
279129,48459
279130,40000
279131,56993
279132,61578
279133,55747
279134,68073
279135,40000
279136,51890
279137,76055
279138,79253
279139,60322
279140,66769
279141,40000
279142,51315
279143,66490
279144,40000
279145,40000
279146,53675
279147,40000
279148,47233
279149,71902
279150,40000
279151,62769
279152,40000
279153,54451
279154,40000
279155,40000
279156,68385
279157,40000
279158,79477
279159,71782
279160,70009
279161,40000
279162,59749
279163,56804
279164,67966
279165,40000
279166,40000
279167,40000
279168,73270
279169,67163
279170,45528
279171,67317
279172,40000
279173,43531
279174,72654
279175,90513
279176,40000
279177,56943
279178,76034
279179,40000
279180,40000
279181,48915
279182,40000
279183,56885
279184,63001
279185,52193
279186,40000
279187,57601
279188,72139
279189,71482
279190,40000
279191,44346
279192,54059
279193,59142
279194,45112
279195,51386
279196,40000
279197,43105
279198,61367
279199,48988
279200,41933
279201,40000
279202,51118
279203,40000
279204,58641
279205,91638
279206,97903
279207,41372
279208,40000
279209,40000
279210,40000
279211,70880
279212,86171
279213,40000
279214,53963
279215,51716
279216,40000
279217,59414
279218,40000
279219,56684
279220,54817
279221,40000
279222,40000
279223,40000
279224,65041
279225,53986
279226,43025
279227,40000
279228,61706
279229,87541
279230,40000
279231,40000
279232,82085
279233,50389
279234,40000
279235,58242
279236,46629
279237,40000
279238,60556
279239,65347
279240,61724
279241,58457
279242,66355
279243,47263
279244,40000
279245,49796
279246,42375
279247,40000
279248,52795
279249,73559
279250,42133
279251,40000
279252,40000
279253,40000
279254,59027
279255,40000
279256,56383
279257,74295
279258,40000
279259,40000
279260,63377
279261,81609
279262,49624
279263,40000
279264,53020
279265,40000
279266,70626
279267,40000
279268,40000
279269,59065
279270,54137
279271,74458
279272,40000
279273,50748
279274,40000
279275,49901
279276,44195
279277,73930
279278,40000
279279,61052
279280,40000
279281,60057
279282,55061
279283,40000
279284,51451
279285,65087
279286,40000
279287,40000
279288,77104
279289,40000
279290,40000
279291,47705
279292,54761
279293,42502
279294,40000
279295,63467
279296,40000
279297,56002
279298,61582
279299,40000
279300,40000
279301,45004
279302,40000
279303,43787
279304,51222
279305,40000
279306,40000
279307,77587
279308,47715
279309,40000
279310,40000
279311,50781
279312,78277
279313,51843
279314,40000
279315,61276
279316,43944
279317,40000
279318,40000
279319,57526
279320,40000
279321,44674
279322,40000
279323,97537
279324,65084
279325,40000
279326,72533
279327,40000
279328,40000
279329,40000
279330,49779
279331,40000
279332,40000
279333,56882
279334,40000
279335,52106
279336,60207
279337,46524
279338,68964
279339,70663
279340,40000
279341,40000
279342,40000
279343,47288
279344,53328
279345,52116
279346,40000
279347,58938
279348,62014
279349,55251
279350,55809
279351,59276
279352,40705
279353,40000
279354,74279
279355,61237
279356,82388
279357,70058
279358,40000
279359,40000
279360,40000
279361,80068
279362,40000
279363,40000
279364,40000
279365,77252
279366,45790
279367,48810
279368,49870
279369,67825
279370,75362
279371,56017
279372,99881
279373,62953
279374,40000
279375,40000
279376,40000
279377,43006
279378,42161
279379,84616
279380,53808
279381,40000
279382,48616
279383,62373
279384,40000
279385,41968
279386,59100
279387,65488
279388,69458
279389,40000
279390,40000
279391,40000
279392,56965
279393,84818
279394,40000
279395,75169
279396,51014
279397,82635
279398,40000
279399,40000
279400,40971
279401,49654
279402,46984
279403,53017
279404,75166
279405,67603
279406,64690
279407,40454
279408,74719
279409,40000
279410,72650
279411,42076
279412,40000
279413,53667
279414,56055
279415,66125
279416,40289
279417,69024
279418,48728
279419,40000
279420,40000
279421,65210
279422,56319
279423,82242
279424,67955
279425,64248
279426,40000
279427,40000
279428,40000
279429,47246
279430,79348
279431,57681
279432,74530
279433,64839
279434,40000
279435,60060
279436,50146
279437,71842
279438,71711
279439,40000
279440,48082
279441,67920
279442,56352
279443,40000
279444,40000
279445,40000
279446,40000
279447,40000
279448,40000
279449,40000
279450,74257
279451,94698
279452,51786
279453,40000
279454,67355
279455,50280
279456,40000
279457,59934
279458,40000
279459,50641
279460,40000
279461,40000
279462,86914
279463,40000
279464,52029
279465,40000
279466,40788
279467,40000
279468,51233
279469,40000
279470,46128
279471,44709
279472,64118
279473,62056
279474,63632
279475,40000
279476,78065
279477,58962
279478,62437
279479,71890
279480,40000
279481,68051
279482,40000
279483,40000
279484,84957
279485,60957
279486,44656
279487,40000
279488,46765
279489,40000
279490,56569
279491,40000
279492,67460
279493,61218
279494,48571
279495,55338
279496,40000
279497,55191
279498,57176
279499,71206
279500,69423
279501,40000
279502,81768
279503,57205
279504,44042
279505,64962
279506,40000
279507,78754
279508,40000
279509,40000
279510,70768
279511,49064
279512,40000
279513,64330
279514,40000
279515,40000
279516,58759
279517,51413
279518,78461
279519,49332
279520,60682
279521,44117
279522,46526
279523,40000
279524,40000
279525,55765
279526,55680
279527,57413
279528,40000
279529,40000
279530,41138
279531,48147
279532,75753
279533,47347
279534,43950
279535,52348
279536,49642
279537,96055
279538,55282
279539,58562
279540,49358
279541,81861
279542,63652
279543,73616
279544,40571
279545,41393
279546,40000
279547,51867
279548,49491
279549,62687
279550,53602
279551,62140
279552,54713
279553,40038
279554,60284
279555,42397
279556,40000
279557,43654
279558,69258
279559,83729
279560,40000
279561,46836
279562,57978
279563,40000
279564,40000
279565,70239
279566,48907
279567,64898
279568,68429
279569,54348
279570,40000
279571,45515
279572,40000
279573,70380
279574,40000
279575,53538
279576,40000
279577,58135
279578,69810
279579,40000
279580,83619
279581,40678
279582,40000
279583,55370
279584,40000
279585,55645
279586,54162
279587,60825
279588,68164
279589,42263
279590,52850
279591,40000
279592,40657
279593,40000
279594,76130
279595,87731
279596,65519
279597,40000
279598,40000
279599,40000
279600,40325
279601,40000
279602,46989
279603,40000
279604,51747
279605,77675
279606,78714
279607,40000
279608,40000
279609,77517
279610,43358
279611,47476
279612,40757
279613,40000
279614,67659
279615,45884
279616,51291
279617,40000
279618,40000
279619,46285
279620,40000
279621,40000
279622,83943
279623,40000
279624,40000
279625,56804
279626,40000
279627,40000
279628,44446
279629,40000
279630,71933
279631,57332
279632,75725
279633,40000
279634,42431
279635,50324
279636,40024
279637,40000
279638,68065
279639,67842
279640,50588
279641,50665
279642,53904
279643,79806
279644,71987
279645,46554
279646,40000
279647,40000
279648,42272
279649,40000
279650,45685
279651,40000
279652,43350
279653,52871
279654,40000
279655,40000
279656,45707
279657,68069
279658,40000
279659,57660
279660,70037
279661,58554
279662,42860
279663,64730
279664,62994
279665,77624
279666,40000
279667,40000
279668,48173
279669,49753
279670,40000
279671,45116
279672,44199
279673,48674
279674,59085
279675,40000
279676,82415
279677,64848
279678,45805
279679,56753
279680,50570
279681,55021
279682,40000
279683,90602
279684,40000
279685,71364
279686,62228
279687,40000
279688,43176
279689,40000
279690,83008
279691,53724
279692,70068
279693,85210
279694,57576
279695,40000
279696,69835
279697,79215
279698,54133
279699,40000
279700,47979
279701,40000
279702,40000
279703,40000
279704,50895
279705,40000
279706,40000
279707,40000
279708,40000
279709,54336
279710,40000
279711,57029
279712,40000
279713,45603
279714,74455
279715,53971
279716,40000
279717,63616
279718,40000
279719,40000
279720,40000
279721,40000
279722,40000
279723,57393
279724,40000
279725,69960
279726,40000
279727,40000
279728,40000
279729,60317
279730,64527
279731,57977
279732,56233
279733,56877
279734,46128
279735,40000
279736,51633
279737,82128
279738,40000
279739,46620
279740,40000
279741,40000
279742,58034
279743,77268
279744,59780
279745,50334
279746,76615
279747,40000
279748,41567
279749,48314
279750,40000
279751,61328
279752,52723
279753,40000
279754,40000
279755,40000
279756,44283
279757,45041
279758,40000
279759,43050
279760,53211
279761,40888
279762,72757
279763,40000
279764,40000
279765,53668
279766,59793
279767,75713
279768,40205
279769,70050
279770,95481
279771,40000
279772,42669
279773,57870
279774,57235
279775,53118
279776,108388
279777,68819
279778,40000
279779,58784
279780,43943
279781,40000
279782,48104
279783,40000
279784,55658
279785,44938
279786,62589
279787,40000
279788,40000
279789,48197
279790,69067
279791,40000
279792,49275
279793,40000
279794,78121
279795,40000
279796,62403
279797,40000
279798,40000
279799,45556
279800,40000
279801,58067
279802,40000
279803,83901
279804,41744
279805,46516
279806,40000
279807,90741
279808,43069
279809,49700
279810,40000
279811,61248
279812,40000
279813,48116
279814,57793
279815,40000
279816,54927
279817,63376
279818,65092
279819,71383
279820,67371
279821,40000
279822,45025
279823,42890
279824,69572
279825,50624
279826,64208
279827,46270
279828,40000
279829,85334
279830,54244
279831,74306
279832,40000
279833,51542
279834,42030
279835,40000
279836,44073
279837,40000
279838,53035
279839,57182
279840,56312
279841,70184
279842,45000
279843,42107
279844,61537
279845,43484
279846,54867
279847,40000
279848,79374
279849,58942
279850,40000
279851,51648
279852,40000
279853,69375
279854,47902
279855,70921
279856,63782
279857,45549
279858,68794
279859,56094
279860,63505
279861,51868
279862,40000
279863,52973
279864,42048
279865,91682
279866,82209
279867,66948
279868,40907
279869,40000
279870,40000
279871,47533
279872,58418
279873,59479
279874,54254
279875,62259
279876,67694
279877,55931
279878,74516
279879,40000
279880,59888
279881,40000
279882,64892
279883,40000
279884,78799
279885,53425
279886,50793
279887,56567
279888,46774
279889,68045
279890,64595
279891,56668
279892,56139
279893,40000
279894,72006
279895,61931
279896,40000
279897,46386
279898,52244
279899,62195
279900,64558
279901,40000
279902,40000
279903,40000
279904,57065
279905,57544
279906,50960
279907,40000
279908,48130
279909,55037
279910,40000
279911,40000
279912,73170
279913,41657
279914,43390
279915,40000
279916,60352
279917,40000
279918,53391
279919,59309
279920,40503
279921,43208
279922,49331
279923,71514
279924,74991
279925,40000
279926,40000
279927,54121
279928,40000
279929,40000
279930,40000
279931,41452
279932,70737
279933,63674
279934,40000
279935,47789
279936,40000
279937,50234
279938,40000
279939,40000
279940,40000
279941,44368
279942,100133
279943,48682
279944,62335
279945,75340
279946,53573
279947,64987
279948,40000
279949,40284
279950,40000
279951,50884
279952,50593
279953,40000
279954,76896
279955,40000
279956,53925
279957,40000
279958,61843
279959,40000
279960,66630
279961,48820
279962,40000
279963,40942
279964,49035
279965,73895
279966,45306
279967,40000
279968,77215
279969,40000
279970,40000
279971,51364
279972,61807
279973,40000
279974,40000
279975,40000
279976,40000
279977,55196
279978,68732
279979,76334
279980,56918
279981,40000
279982,72886
279983,42220
279984,40000
279985,54961
279986,52088
279987,55069
279988,53452
279989,40000
279990,40000
279991,40000
279992,40000
279993,45218
279994,83656
279995,48459
279996,42575
279997,47502
279998,40000
279999,40000
280000,44568
280001,40000
280002,69994
280003,40000
280004,51236
280005,82450
280006,40000
280007,50859
280008,70832
280009,40000
280010,62558
280011,49123
280012,56388
280013,40000
280014,68466
280015,60365
280016,40966
280017,50688
280018,50667
280019,67654
280020,59848
280021,70147
280022,45775
280023,40000
280024,44326
280025,40000
280026,50533
280027,51537
280028,88136
280029,60018
280030,45827
280031,57084
280032,45914
280033,62040
280034,40000
280035,51415
280036,71928
280037,55936
280038,49779
280039,40000
280040,40811
280041,40000
280042,66158
280043,53553
280044,53141
280045,64866
280046,62266
280047,51445
280048,58541
280049,52696
280050,40000
280051,43816
280052,42503
280053,40000
280054,40000
280055,45661
280056,80407
280057,55355
280058,44792
280059,63960
280060,40000
280061,96423
280062,62979
280063,53524
280064,58162
280065,40000
280066,67487
280067,44353
280068,40466
280069,40000
280070,43684
280071,60693
280072,44023
280073,60686
280074,46970
280075,40000
280076,75238
280077,89074
280078,41775
280079,70562
280080,68033
280081,55981
280082,45859
280083,40000
280084,40000
280085,40000
280086,64984
280087,40000
280088,57372
280089,44604
280090,49226
280091,45415
280092,65243
280093,40000
280094,40000
280095,58065
280096,40000
280097,49656
280098,64631
280099,40000
280100,40070
280101,61527
280102,92806
280103,40000
280104,46222
280105,78608
280106,60594
280107,67545
280108,65713
280109,41957
280110,40000
280111,43406
280112,69308
280113,40000
280114,40000
280115,40000
280116,80665
280117,46797
280118,54459
280119,59946
280120,43807
280121,46571
280122,43090
280123,58781
280124,40000
280125,68841
280126,40000
280127,40000
280128,72934
280129,40000
280130,78969
280131,40000
280132,47322
280133,50349
280134,40000
280135,40000
280136,53015
280137,62016
280138,40000
280139,40000
280140,61112
280141,66357
280142,42161
280143,40000
280144,74026
280145,40000
280146,75806
280147,70936
280148,40000
280149,77381
280150,56000
280151,61571
280152,47376
280153,40034
280154,77943
280155,40000
280156,48797
280157,66967
280158,77646
280159,54485
280160,57183
280161,41173
280162,50130
280163,40000
280164,40000
280165,40000
280166,53686
280167,40000
280168,40000
280169,43251
280170,40000
280171,62005
280172,40000
280173,40000
280174,40000
280175,59506
280176,49622
280177,52828
280178,40000
280179,42672
280180,78119
280181,51558
280182,43502
280183,73683
280184,55960
280185,40000
280186,40000
280187,51808
280188,56955
280189,92787
280190,42439
280191,69348
280192,40000
280193,52615
280194,59735
280195,72635
280196,40000
280197,40000
280198,40000
280199,40000
280200,76052
280201,40000
280202,45455
280203,68276
280204,40000
280205,54003
280206,72513
280207,42144
280208,45597
280209,40614
280210,82774
280211,41818
280212,58441
280213,40000
280214,44441
280215,40000
280216,51427
280217,77130
280218,40000
280219,59701
280220,40000
280221,94115
280222,48240
280223,46875
280224,40000
280225,57461
280226,40000
280227,40000
280228,45704
280229,40000
280230,71791
280231,62889
280232,54839
280233,55001
280234,52513
280235,70170
280236,58675
280237,66778
280238,40000
280239,45730
280240,40000
280241,40000
280242,40000
280243,52144
280244,59587
280245,40000
280246,51568
280247,40000
280248,40000
280249,69925
280250,40000
280251,40000
280252,43575
280253,54886
280254,40000
280255,85005
280256,59330
280257,40000
280258,40000
280259,63895
280260,40000
280261,75137
280262,40000
280263,40000
280264,57109
280265,54123
280266,40000
280267,51007
280268,60005
280269,45821
280270,59312
280271,71110
280272,65271
280273,40000
280274,52590
280275,52669
280276,40000
280277,52821
280278,40000
280279,40000
280280,40000
280281,102084
280282,59423
280283,44308
280284,40000
280285,40000
280286,54413
280287,68526
280288,54083
280289,40000
280290,40000
280291,41617
280292,57259
280293,42420
280294,64197
280295,41519
280296,55293
280297,47762
280298,67649
280299,40000
280300,95975
280301,51878
280302,62615
280303,64242
280304,64532
280305,46292
280306,49936
280307,40000
280308,71543
280309,84662
280310,67994
280311,45837
280312,57588
280313,40000
280314,47267
280315,56115
280316,47497
280317,81004
280318,64763
280319,65223
280320,56471
280321,40000
280322,56289
280323,40000
280324,78213
280325,40000
280326,52138
280327,84691
280328,47727
280329,40000
280330,49123
280331,40000
280332,40000
280333,53755
280334,40000
280335,40000
280336,63490
280337,45929
280338,58009
280339,46690
280340,40000
280341,51437
280342,61785
280343,65514
280344,49862
280345,66438
280346,41534
280347,40000
280348,59673
280349,40000
280350,53132
280351,50719
280352,85273
280353,62335
280354,51263
280355,71794
280356,57042
280357,63617
280358,86755
280359,67415
280360,117268
280361,61253
280362,40000
280363,40000
280364,40000
280365,52377
280366,40000
280367,40003
280368,73774
280369,54391
280370,93615
280371,55628
280372,40000
280373,40000
280374,60013
280375,51130
280376,77804
280377,91778
280378,43184
280379,59860
280380,42786
280381,40605
280382,40000
280383,69404
280384,68219
280385,77166
280386,78192
280387,40000
280388,53211
280389,40000
280390,40000
280391,77729
280392,43699
280393,56042
280394,40000
280395,40000
280396,68955
280397,42549
280398,40614
280399,48316
280400,69776
280401,40000
280402,40000
280403,40000
280404,40000
280405,63907
280406,63232
280407,66254
280408,75963
280409,87875
280410,40000
280411,79083
280412,58053
280413,40000
280414,40000
280415,53217
280416,40000
280417,67890
280418,61726
280419,49043
280420,80385
280421,51843
280422,40000
280423,54712
280424,86710
280425,40000
280426,40000
280427,81271
280428,45286
280429,42298
280430,61214
280431,40000
280432,40000
280433,42260
280434,45877
280435,59787
280436,40273
280437,49408
280438,57356
280439,58290
280440,57619
280441,52294
280442,68157
280443,57137
280444,58061
280445,40000
280446,43245
280447,47110
280448,87465
280449,54080
280450,40000
280451,40000
280452,44906
280453,40000
280454,49385
280455,62945
280456,64466
280457,40000
280458,80538
280459,40000
280460,40000
280461,73820
280462,63609
280463,40000
280464,89451
280465,54003
280466,49145
280467,40000
280468,52772
280469,40000
280470,40000
280471,43923
280472,53358
280473,40000
280474,52959
280475,53218
280476,79973
280477,40000
280478,40000
280479,40000
280480,71685
280481,70273
280482,40000
280483,68110
280484,46824
280485,40000
280486,66200
280487,56436
280488,62657
280489,43026
280490,40000
280491,40000
280492,63823
280493,52542
280494,40000
280495,42532
280496,40000
280497,50877
280498,68029
280499,73180
280500,41332
280501,58477
280502,66207
280503,55890
280504,40000
280505,40000
280506,43634
280507,53966
280508,48196
280509,40000
280510,59368
280511,54766
280512,79264
280513,40000
280514,67214
280515,99588
280516,52317
280517,54068
280518,43270
280519,70508
280520,49693
280521,40331
280522,72491
280523,40000
280524,40000
280525,100167
280526,48507
280527,53915
280528,40000
280529,40000
280530,40000
280531,40000
280532,40000
280533,60702
280534,40000
280535,54153
280536,59098
280537,80945
280538,40000
280539,46990
280540,60296
280541,51987
280542,40000
280543,43739
280544,57762
280545,66937
280546,40000
280547,40000
280548,40000
280549,81175
280550,81323
280551,40000
280552,40000
280553,89127
280554,82075
280555,64817
280556,40000
280557,53152
280558,40000
280559,72624
280560,79431
280561,43046
280562,40000
280563,65476
280564,56694
280565,43397
280566,40221
280567,51293
280568,49328
280569,60167
280570,40000
280571,61407
280572,61108
280573,46877
280574,52427
280575,42841
280576,68098
280577,72996
280578,62058
280579,53305
280580,71852
280581,70361
280582,53411
280583,40000
280584,79578
280585,40210
280586,48287
280587,43016
280588,43229
280589,40000
280590,40851
280591,49176
280592,44780
280593,40000
280594,84033
280595,40000
280596,40000
280597,54563
280598,40920
280599,40000
280600,60960
280601,40000
280602,56425
280603,64173
280604,74118
280605,40000
280606,47342
280607,63978
280608,94921
280609,40000
280610,57716
280611,55242
280612,86300
280613,60595
280614,54890
280615,40000
280616,79755
280617,76687
280618,40000
280619,81486
280620,70040
280621,40000
280622,40000
280623,59971
280624,80010
280625,40000
280626,40000
280627,40000
280628,40000
280629,63414
280630,65510
280631,40000
280632,48170
280633,45719
280634,40000
280635,49450
280636,79194
280637,78294
280638,54118
280639,41947
280640,40000
280641,45740
280642,41354
280643,55627
280644,54129
280645,69970
280646,40000
280647,40000
280648,61217
280649,54413
280650,53551
280651,57334
280652,40000
280653,58254
280654,40000
280655,40000
280656,58119
280657,77210
280658,46338
280659,48923
280660,54344
280661,45914
280662,59062
280663,53891
280664,55172
280665,40000
280666,42272
280667,40000
280668,40000
280669,59072
280670,40000
280671,40000
280672,56976
280673,45872
280674,41324
280675,59159
280676,61540
280677,40000
280678,60957
280679,40000
280680,41743
280681,40000
280682,40799
280683,40000
280684,56012
280685,44848
280686,40000
280687,43322
280688,52328
280689,64997
280690,40000
280691,71725
280692,55315
280693,63528
280694,53198
280695,48691
280696,40000
280697,40000
280698,63099
280699,40000
280700,84695
280701,72010
280702,40000
280703,54818
280704,66708
280705,73919
280706,68092
280707,62007
280708,51301
280709,54956
280710,40000
280711,43899
280712,47849
280713,40000
280714,70916
280715,50934
280716,55213
280717,92820
280718,61063
280719,64655
280720,81280
280721,67532
280722,48386
280723,61816
280724,40000
280725,48804
280726,49027
280727,67407
280728,76043
280729,40000
280730,62975
280731,40000
280732,53248
280733,50674
280734,102516
280735,40000
280736,74982
280737,80874
280738,79222
280739,49344
280740,41766
280741,84916
280742,40000
280743,43400
280744,40000
280745,60116
280746,47895
280747,42836
280748,40000
280749,56467
280750,73194
280751,66540
280752,61198
280753,57535
280754,40000
280755,78770
280756,45829
280757,40000
280758,40000
280759,41635
280760,43194
280761,42526
280762,74845
280763,48297
280764,48294
280765,47626
280766,40000
280767,40000
280768,62503
280769,67075
280770,41996
280771,40000
280772,71262
280773,40000
280774,42222
280775,40000
280776,42012
280777,60290
280778,40000
280779,40000
280780,40000
280781,49725
280782,40000
280783,70182
280784,72445
280785,50243
280786,40000
280787,40095
280788,56013
280789,43947
280790,40000
280791,44648
280792,74801
280793,40000
280794,45525
280795,50330
280796,49048
280797,55670
280798,80583
280799,40000
280800,40000
280801,53933
280802,40000
280803,42621
280804,45456
280805,40000
280806,40000
280807,91092
280808,46625
280809,40000
280810,40000
280811,44670
280812,49855
280813,48023
280814,40000
280815,101910
280816,42703
280817,75128
280818,40000
280819,47696
280820,43498
280821,69951
280822,75953
280823,70789
280824,40000
280825,68684
280826,72321
280827,61607
280828,40887
280829,40000
280830,51329
280831,84021
280832,106043
280833,40000
280834,86643
280835,40000
280836,59611
280837,43420
280838,64987
280839,63502
280840,40000
280841,40000
280842,40000
280843,89754
280844,51130
280845,62973
280846,40000
280847,40000
280848,61047
280849,40000
280850,40000
280851,69934
280852,50647
280853,60790
280854,40000
280855,40000
280856,44756
280857,40000
280858,57211
280859,45165
280860,55012
280861,57639
280862,86814
280863,56252
280864,58112
280865,45512
280866,91286
280867,46445
280868,40000
280869,40000
280870,97304
280871,70205
280872,74782
280873,56626
280874,65585
280875,40000
280876,62290
280877,40000
280878,52820
280879,45023
280880,47391
280881,73226
280882,61676
280883,53939
280884,50064
280885,41219
280886,57710
280887,40000
280888,40764
280889,50230
280890,48491
280891,93118
280892,56332
280893,40000
280894,40000
280895,51599
280896,85983
280897,40000
280898,57697
280899,40000
280900,41433
280901,53891
280902,40000
280903,40000
280904,54122
280905,42590
280906,40000
280907,40000
280908,43980
280909,40000
280910,86669
280911,40000
280912,40042
280913,94202
280914,46855
280915,82009
280916,40000
280917,48434
280918,83057
280919,74344
280920,47591
280921,40000
280922,40000
280923,68881
280924,69706
280925,40000
280926,55418
280927,40000
280928,52268
280929,75181
280930,46460
280931,106524
280932,96583
280933,40000
280934,74345
280935,40000
280936,52719
280937,40000
280938,41618
280939,60032
280940,40000
280941,40000
280942,40000
280943,40000
280944,66587
280945,40000
280946,57755
280947,45831
280948,72783
280949,59700
280950,40000
280951,40000
280952,67370
280953,40000
280954,55752
280955,77869
280956,43767
280957,52310
280958,57178
280959,79088
280960,40000
280961,52310
280962,72691
280963,58008
280964,44726
280965,40000
280966,57728
280967,45885
280968,40000
280969,43132
280970,46406
280971,70962
280972,40000
280973,58983
280974,53791
280975,66581
280976,59843
280977,43557
280978,64540
280979,77998
280980,88219
280981,40000
280982,76823
280983,43853
280984,61535
280985,40000
280986,58687
280987,43203
280988,64140
280989,50874
280990,40000
280991,41049
280992,40000
280993,102068
280994,52294
280995,48073
280996,61257
280997,53629
280998,81482
280999,40000
281000,60077
281001,40000
281002,69684
281003,42213
281004,65818
281005,66608
281006,61147
281007,43148
281008,68927
281009,48139
281010,73136
281011,45874
281012,40000
281013,47944
281014,79975
281015,40000
281016,56183
281017,51280
281018,40000
281019,74304
281020,40000
281021,48712
281022,50568
281023,59213
281024,68719
281025,45911
281026,61442
281027,64454
281028,40000
281029,40000
281030,45211
281031,64395
281032,46205
281033,40000
281034,44460
281035,40000
281036,47673
281037,68478
281038,48384
281039,43836
281040,40000
281041,40000
281042,40000
281043,40308
281044,40000
281045,70517
281046,40000
281047,40000
281048,57130
281049,54035
281050,40000
281051,50084
281052,40000
281053,40000
281054,40000
281055,67447
281056,55286
281057,43189
281058,40000
281059,42660
281060,47074
281061,44155
281062,52065
281063,50991
281064,67764
281065,63995
281066,40000
281067,54156
281068,56795
281069,44179
281070,44900
281071,40000
281072,57382
281073,50292
281074,40000
281075,40843
281076,40000
281077,40000
281078,40000
281079,40000
281080,54550
281081,68627
281082,40000
281083,40000
281084,41542
281085,40000
281086,40000
281087,67329
281088,40000
281089,40337
281090,48529
281091,40000
281092,56946
281093,59891
281094,80455
281095,40000
281096,63096
281097,55314
281098,40000
281099,40000
281100,83018
281101,50189
281102,40000
281103,40000
281104,41415
281105,40000
281106,99094
281107,46096
281108,41360
281109,89423
281110,40000
281111,51805
281112,58892
281113,65527
281114,40000
281115,83335
281116,40518
281117,76903
281118,72801
281119,60189
281120,75025
281121,67065
281122,80111
281123,63625
281124,40000
281125,46620
281126,61300
281127,40000
281128,42929
281129,40000
281130,40000
281131,49475
281132,40000
281133,52891
281134,53336
281135,45077
281136,43878
281137,43198
281138,40000
281139,71046
281140,63255
281141,63932
281142,40000
281143,40000
281144,40000
281145,40000
281146,55574
281147,95714
281148,47234
281149,40000
281150,87550
281151,54983
281152,40000
281153,68427
281154,56620
281155,49480
281156,40000
281157,57080
281158,40000
281159,56263
281160,40000
281161,55622
281162,40768
281163,56050
281164,40000
281165,42719
281166,40000
281167,45424
281168,53807
281169,70342
281170,48437
281171,41794
281172,55684
281173,52230
281174,76130
281175,40338
281176,60954
281177,47410
281178,40000
281179,40000
281180,41593
281181,78165
281182,40000
281183,56171
281184,40000
281185,40000
281186,40000
281187,71718
281188,68052
281189,47543
281190,65564
281191,50274
281192,40000
281193,63977
281194,40000
281195,47067
281196,40000
281197,62565
281198,53044
281199,40000
281200,40000
281201,81206
281202,51600
281203,60142
281204,40717
281205,53940
281206,40000
281207,82329
281208,57029
281209,51519
281210,59888
281211,40000
281212,44785
281213,40000
281214,46150
281215,40000
281216,45944
281217,40000
281218,40000
281219,89687
281220,49503
281221,43795
281222,47703
281223,64687
281224,56148
281225,66158
281226,40000
281227,51316
281228,47500
281229,44801
281230,60514
281231,40000
281232,76242
281233,46626
281234,40000
281235,53774
281236,42221
281237,40000
281238,40000
281239,59866
281240,66730
281241,51027
281242,44034
281243,70674
281244,40000
281245,47973
281246,40916
281247,55583
281248,40000
281249,56007
281250,68463
281251,43491
281252,40000
281253,66043
281254,60055
281255,40000
281256,52812
281257,40297
281258,54114
281259,75644
281260,40000
281261,72184
281262,49159
281263,40937
281264,90080
281265,67859
281266,50441
281267,45287
281268,61897
281269,40000
281270,51260
281271,40000
281272,47515
281273,42924
281274,79873
281275,40000
281276,61065
281277,67636
281278,102495
281279,49180
281280,40000
281281,61704
281282,40000
281283,56773
281284,91964
281285,40000
281286,45673
281287,43755
281288,40000
281289,46899
281290,45202
281291,46410
281292,40478
281293,83511
281294,41033
281295,50307
281296,58074
281297,59700
281298,51063
281299,40000
281300,45920
281301,40000
281302,75841
281303,40000
281304,64438
281305,57389
281306,67453
281307,55831
281308,40000
281309,40681
281310,87322
281311,40000
281312,72604
281313,60236
281314,57273
281315,52507
281316,87564
281317,77144
281318,59545
281319,40098
281320,41600
281321,40000
281322,44853
281323,40000
281324,59571
281325,40000
281326,67811
281327,57950
281328,47619
281329,44585
281330,56193
281331,40000
281332,49934
281333,40000
281334,70977
281335,55386
281336,47035
281337,43101
281338,70735
281339,52701
281340,77479
281341,40000
281342,40000
281343,40000
281344,48863
281345,85228
281346,46666
281347,49492
281348,40000
281349,56648
281350,40000
281351,43941
281352,40000
281353,50971
281354,40000
281355,72507
281356,77041
281357,40000
281358,59049
281359,40000
281360,42407
281361,81929
281362,46622
281363,62831
281364,40000
281365,40000
281366,40000
281367,40000
281368,40897
281369,40000
281370,75161
281371,47484
281372,40000
281373,40000
281374,62275
281375,43783
281376,59777
281377,40000
281378,40000
281379,115082
281380,41672
281381,54709
281382,70188
281383,49678
281384,46332
281385,52189
281386,91981
281387,42647
281388,90860
281389,64046
281390,41566
281391,50039
281392,40000
281393,40000
281394,40000
281395,88020
281396,55001
281397,40000
281398,58121
281399,44018
281400,45360
281401,43568
281402,40000
281403,84725
281404,58190
281405,42333
281406,40000
281407,50137
281408,40000
281409,40000
281410,91396
281411,48924
281412,40000
281413,40000
281414,40000
281415,43184
281416,50234
281417,58167
281418,76499
281419,50651
281420,53218
281421,58084
281422,50290
281423,40000
281424,40000
281425,54549
281426,60944
281427,40000
281428,45052
281429,42159
281430,85864
281431,95823
281432,75842
281433,80791
281434,40000
281435,68947
281436,60159
281437,50786
281438,52317
281439,41894
281440,40794
281441,60667
281442,40000
281443,45050
281444,69070
281445,40000
281446,40000
281447,40000
281448,88185
281449,62214
281450,71165
281451,40000
281452,56534
281453,40518
281454,85519
281455,50554
281456,40000
281457,40000
281458,83954
281459,40000
281460,40000
281461,61860
281462,62826
281463,40000
281464,44960
281465,40000
281466,64527
281467,40000
281468,64938
281469,74273
281470,40000
281471,88347
281472,40000
281473,71459
281474,40536
281475,100025
281476,67008
281477,56027
281478,47934
281479,62539
281480,52863
281481,40000
281482,65390
281483,42825
281484,40000
281485,40000
281486,40000
281487,77184
281488,47096
281489,40000
281490,48150
281491,40000
281492,40000
281493,57827
281494,71534
281495,40000
281496,52328
281497,40000
281498,62104
281499,54154
281500,40000
281501,42276
281502,65829
281503,74444
281504,48377
281505,63295
281506,40000
281507,83159
281508,40000
281509,59189
281510,47359
281511,40000
281512,40000
281513,73404
281514,54681
281515,59159
281516,40000
281517,40000
281518,47433
281519,79649
281520,56731
281521,45233
281522,40000
281523,51428
281524,40000
281525,45967
281526,69949
281527,42947
281528,58152
281529,40000
281530,54157
281531,57284
281532,54230
281533,41086
281534,46843
281535,40000
281536,74978
281537,50826
281538,64961
281539,41014
281540,69130
281541,40000
281542,48109
281543,48106
281544,55165
281545,49715
281546,40000
281547,79123
281548,79028
281549,40000
281550,89501
281551,49596
281552,40000
281553,67260
281554,72173
281555,88003
281556,40000
281557,56617
281558,59089
281559,53785
281560,73717
281561,63536
281562,63547
281563,40000
281564,76117
281565,40000
281566,40000
281567,61381
281568,75173
281569,75482
281570,50023
281571,62910
281572,70792
281573,69776
281574,40000
281575,56498
281576,53535
281577,46424
281578,40000
281579,45586
281580,62576
281581,40366
281582,76739
281583,69417
281584,40000
281585,40000
281586,40000
281587,40000
281588,51115
281589,53149
281590,83935
281591,62916
281592,53674
281593,50416
281594,40000
281595,40000
281596,44756
281597,48536
281598,40000
281599,40000
281600,48874
281601,72471
281602,53604
281603,54720
281604,42144
281605,40000
281606,60399
281607,40000
281608,42979
281609,40000
281610,40000
281611,40000
281612,62710
281613,40000
281614,41787
281615,55733
281616,50807
281617,63472
281618,40000
281619,48306
281620,55461
281621,93654
281622,47242
281623,40000
281624,69549
281625,44612
281626,40000
281627,40000
281628,41589
281629,43694
281630,56502
281631,75435
281632,63532
281633,42352
281634,54334
281635,63353
281636,40654
281637,48227
281638,47454
281639,45081
281640,40000
281641,53085
281642,76536
281643,44730
281644,40000
281645,45375
281646,49885
281647,46811
281648,56176
281649,59226
281650,79013
281651,73145
281652,55115
281653,60033
281654,51568
281655,40000
281656,40000
281657,55694
281658,42882
281659,49421
281660,81038
281661,46262
281662,61606
281663,65287
281664,44003
281665,48101
281666,40000
281667,75413
281668,56153
281669,43881
281670,55907
281671,40000
281672,52716
281673,55797
281674,70827
281675,60135
281676,64413
281677,46468
281678,100419
281679,40000
281680,49443
281681,72442
281682,40000
281683,68243
281684,66300
281685,84036
281686,40000
281687,40000
281688,43181
281689,42940
281690,44602
281691,56464
281692,45215
281693,54901
281694,43056
281695,44066
281696,47933
281697,55761
281698,40000
281699,40000
281700,40162
281701,55442
281702,66783
281703,53046
281704,40000
281705,40000
281706,40000
281707,40000
281708,40000
281709,83091
281710,66621
281711,54310
281712,57044
281713,54008
281714,40000
281715,40000
281716,67441
281717,62529
281718,45856
281719,50134
281720,68793
281721,45783
281722,80693
281723,46207
281724,40472
281725,73940
281726,53037
281727,40000
281728,40000
281729,48289
281730,82403
281731,40000
281732,40000
281733,49684
281734,83669
281735,53146
281736,42187
281737,95411
281738,57985
281739,40000
281740,40000
281741,75530
281742,74043
281743,48205
281744,40000
281745,48382
281746,60423
281747,44930
281748,40000
281749,70824
281750,72920
281751,40000
281752,40000
281753,40000
281754,68545
281755,52341
281756,40000
281757,45970
281758,57152
281759,58257
281760,76683
281761,40000
281762,40000
281763,40000
281764,49632
281765,75126
281766,47782
281767,59066
281768,81847
281769,68564
281770,40000
281771,57765
281772,61864
281773,50570
281774,44401
281775,75894
281776,72017
281777,40000
281778,68428
281779,44093
281780,69563
281781,40000
281782,46285
281783,54678
281784,40000
281785,46077
281786,40000
281787,60905
281788,69113
281789,79650
281790,40000
281791,40000
281792,40000
281793,45883
281794,60850
281795,70621
281796,40000
281797,48542
281798,40997
281799,47332
281800,73016
281801,47461
281802,45511
281803,40000
281804,59757
281805,45999
281806,40000
281807,54496
281808,40000
281809,40000
281810,49171
281811,40000
281812,66176
281813,47084
281814,62497
281815,54161
281816,60416
281817,51623
281818,40000
281819,53503
281820,52865
281821,40000
281822,43824
281823,46792
281824,56861
281825,45571
281826,80567
281827,58872
281828,40000
281829,67339
281830,45745
281831,54731
281832,63703
281833,88966
281834,46522
281835,40000
281836,58657
281837,40000
281838,47012
281839,79177
281840,46694
281841,61346
281842,41684
281843,57184
281844,40000
281845,40000
281846,40000
281847,49684
281848,40000
281849,88113
281850,40000
281851,42057
281852,55682
281853,67076
281854,47846
281855,42974
281856,54887
281857,40000
281858,71796
281859,56239
281860,52519
281861,61115
281862,81888
281863,70445
281864,64998
281865,68292
281866,72518
281867,46778
281868,47028
281869,75528
281870,64235
281871,52087
281872,66766
281873,40000
281874,40000
281875,69329
281876,65734
281877,59803
281878,40000
281879,40000
281880,70039
281881,66191
281882,73593
281883,40000
281884,40000
281885,40000
281886,45959
281887,76733
281888,57888
281889,40000
281890,40000
281891,56017
281892,56164
281893,40000
281894,74633
281895,52448
281896,54622
281897,63862
281898,65144
281899,48011
281900,40000
281901,40000
281902,75600
281903,61589
281904,40000
281905,40000
281906,59769
281907,40000
281908,55586
281909,63737
281910,58399
281911,59511
281912,40000
281913,66686
281914,40000
281915,40000
281916,53850
281917,40000
281918,78917
281919,72548
281920,66964
281921,71384
281922,40000
281923,57787
281924,52164
281925,58665
281926,79912
281927,40000
281928,86380
281929,62783
281930,40000
281931,90065
281932,40000
281933,58803
281934,40000
281935,49089
281936,43609
281937,75545
281938,47286
281939,77086
281940,40000
281941,48988
281942,58272
281943,48835
281944,78263
281945,61340
281946,69960
281947,76453
281948,41024
281949,59168
281950,53571
281951,47744
281952,54684
281953,40000
281954,40000
281955,44919
281956,40000
281957,68087
281958,62620
281959,40000
281960,64376
281961,47612
281962,55335
281963,40000
281964,85103
281965,52872
281966,40000
281967,40000
281968,40000
281969,48928
281970,40000
281971,56461
281972,40000
281973,40000
281974,71319
281975,40000
281976,50303
281977,81524
281978,90085
281979,50004
281980,74440
281981,67377
281982,40000
281983,55433
281984,49875
281985,40000
281986,54718
281987,40000
281988,54790
281989,59451
281990,46555
281991,86432
281992,40000
281993,40000
281994,53405
281995,43634
281996,60850
281997,81807
281998,48984
281999,40000
282000,58482
282001,40000
282002,80726
282003,92837
282004,42628
282005,40440
282006,40000
282007,40000
282008,40000
282009,40000
282010,91057
282011,40000
282012,40000
282013,68880
282014,54384
282015,56200
282016,40000
282017,42322
282018,41707
282019,71767
282020,74775
282021,46746
282022,40000
282023,40000
282024,61164
282025,64568
282026,71197
282027,53236
282028,40000
282029,42157
282030,112789
282031,73519
282032,47025
282033,45556
282034,40000
282035,40000
282036,65215
282037,84154
282038,40000
282039,67088
282040,52256
282041,51363
282042,40000
282043,40000
282044,68378
282045,40000
282046,60613
282047,65369
282048,66578
282049,40000
282050,46831
282051,41978
282052,40411
282053,50884
282054,40000
282055,42917
282056,40000
282057,53789
282058,54891
282059,61430
282060,50359
282061,40000
282062,51266
282063,47917
282064,70312
282065,40000
282066,55041
282067,66786
282068,40000
282069,53815
282070,40000
282071,69514
282072,40000
282073,49654
282074,40000
282075,46237
282076,49609
282077,55535
282078,40000
282079,53414
282080,40000
282081,110638
282082,50627
282083,66931
282084,74672
282085,67961
282086,57052
282087,53506
282088,40000
282089,55290
282090,63195
282091,96441
282092,60334
282093,62494
282094,40000
282095,53127
282096,91512
282097,44903
282098,40000
282099,40000
282100,57819
282101,88195
282102,40000
282103,51747
282104,44109
282105,71373
282106,40000
282107,41649
282108,71893
282109,84531
282110,76865
282111,55435
282112,40000
282113,40000
282114,40000
282115,76869
282116,40000
282117,66955
282118,66107
282119,40000
282120,65831
282121,45716
282122,40000
282123,66796
282124,40000
282125,40000
282126,40000
282127,54523
282128,40000
282129,40000
282130,57191
282131,64198
282132,40000
282133,67952
282134,75076
282135,52204
282136,52547
282137,67708
282138,40000
282139,42487
282140,62539
282141,51626
282142,53937
282143,40000
282144,53703
282145,66751
282146,51994
282147,49713
282148,40000
282149,40000
282150,63776
282151,56677
282152,48901
282153,51582
282154,49960
282155,69866
282156,40660
282157,45612
282158,52434
282159,40000
282160,78020
282161,57061
282162,40000
282163,40000
282164,40000
282165,62399
282166,75277
282167,67408
282168,40000
282169,56932
282170,40000
282171,40950
282172,47912
282173,40000
282174,40000
282175,40000
282176,40000
282177,40000
282178,40000
282179,74402
282180,49233
282181,56375
282182,73758
282183,42287
282184,62374
282185,40000
282186,89065
282187,40000
282188,40000
282189,57274
282190,104248
282191,41448
282192,51834
282193,61517
282194,40000
282195,40000
282196,59184
282197,41604
282198,87295
282199,64780
282200,80499
282201,40000
282202,74804
282203,53879
282204,76104
282205,74100
282206,54221
282207,65557
282208,80561
282209,61355
282210,45183
282211,50677
282212,40000
282213,74131
282214,40000
282215,76626
282216,47929
282217,40000
282218,51360
282219,40000
282220,40000
282221,49743
282222,64392
282223,75436
282224,52345
282225,53910
282226,45592
282227,40000
282228,53255
282229,60863
282230,77705
282231,79177
282232,60120
282233,58374
282234,40000
282235,42211
282236,40000
282237,44257
282238,40000
282239,40000
282240,40000
282241,40000
282242,47959
282243,44479
282244,67831
282245,40000
282246,70413
282247,47425
282248,56610
282249,66423
282250,44453
282251,42000
282252,40000
282253,40000
282254,40000
282255,50863
282256,88800
282257,48138
282258,40000
282259,40000
282260,40000
282261,47954
282262,55545
282263,40000
282264,40000
282265,40000
282266,67968
282267,43466
282268,40000
282269,41887
282270,46962
282271,64295
282272,44683
282273,40000
282274,40534
282275,41705
282276,79303
282277,54371
282278,80108
282279,40000
282280,40000
282281,40000
282282,48074
282283,40000
282284,40000
282285,50002
282286,40000
282287,40000
282288,61866
282289,40000
282290,48409
282291,40000
282292,52258
282293,65491
282294,40498
282295,63417
282296,40000
282297,61185
282298,81313
282299,40000
282300,62066
282301,40000
282302,66411
282303,64297
282304,45517
282305,40000
282306,40000
282307,40000
282308,40000
282309,49144
282310,88116
282311,81023
282312,48118
282313,81965
282314,40000
282315,47172
282316,61223
282317,46113
282318,40000
282319,48135
282320,47375
282321,58933
282322,72442
282323,40000
282324,40000
282325,40767
282326,40000
282327,40000
282328,55960
282329,40000
282330,71626
282331,65345
282332,40000
282333,40000
282334,60797
282335,51536
282336,40000
282337,49115
282338,40000
282339,82897
282340,71660
282341,49272
282342,40000
282343,77230
282344,48997
282345,64456
282346,40000
282347,84975
282348,40000
282349,40295
282350,40000
282351,40000
282352,41696
282353,40000
282354,52210
282355,61569
282356,40000
282357,84166
282358,70284
282359,40000
282360,41452
282361,40000
282362,40000
282363,67147
282364,60125
282365,75594
282366,59303
282367,53103
282368,67950
282369,40000
282370,117066
282371,40000
282372,75589
282373,47211
282374,40000
282375,55648
282376,40000
282377,58609
282378,40000
282379,40000
282380,62748
282381,40000
282382,72707
282383,40000
282384,50492
282385,40000
282386,79534
282387,55784
282388,40000
282389,40000
282390,67831
282391,75271
282392,40000
282393,50917
282394,40000
282395,63251
282396,40000
282397,56087
282398,58528
282399,40000
282400,40000
282401,40000
282402,40000
282403,40000
282404,62243
282405,40000
282406,68174
282407,40000
282408,49140
282409,40000
282410,40000
282411,50209
282412,70590
282413,55693
282414,59772
282415,51028
282416,79837
282417,54527
282418,71021
282419,47150
282420,40000
282421,57518
282422,44312
282423,40000
282424,66860
282425,68007
282426,77827
282427,72766
282428,62146
282429,40000
282430,69447
282431,51469
282432,82906
282433,55673
282434,40000
282435,40000
282436,41079
282437,69789
282438,61349
282439,72958
282440,48236
282441,87221
282442,40000
282443,40000
282444,49399
282445,40000
282446,40000
282447,40000
282448,54812
282449,49990
282450,45740
282451,57611
282452,40000
282453,44330
282454,49494
282455,40000
282456,40000
282457,40000
282458,52677
282459,85812
282460,54603
282461,40000
282462,40000
282463,48681
282464,84162
282465,60997
282466,40000
282467,63391
282468,41189
282469,77382
282470,40000
282471,42050
282472,54531
282473,40000
282474,49484
282475,76860
282476,51422
282477,48575
282478,58826
282479,40000
282480,61486
282481,40000
282482,88420
282483,48700
282484,51938
282485,40000
282486,40000
282487,53670
282488,49122
282489,53719
282490,60458
282491,72091
282492,50562
282493,40000
282494,49394
282495,44107
282496,90866
282497,40098
282498,40000
282499,40000
282500,40000
282501,81862
282502,66455
282503,40000
282504,59303
282505,45338
282506,55765
282507,40000
282508,54130
282509,75230
282510,47978
282511,40000
282512,40000
282513,40000
282514,40422
282515,54525
282516,72989
282517,44308
282518,40000
282519,60914
282520,44680
282521,66152
282522,54316
282523,57910
282524,90089
282525,40000
282526,80604
282527,40000
282528,58261
282529,44960
282530,53343
282531,92934
282532,59101
282533,69395
282534,58389
282535,52851
282536,48891
282537,62525
282538,46704
282539,40000
282540,40000
282541,41719
282542,40000
282543,57967
282544,87068
282545,47749
282546,88477
282547,40754
282548,52168
282549,40000
282550,49214
282551,74509
282552,67534
282553,40000
282554,67277
282555,43585
282556,40000
282557,41569
282558,52415
282559,40000
282560,62722
282561,52711
282562,58161
282563,64281
282564,51609
282565,47285
282566,40000
282567,62155
282568,40000
282569,72794
282570,61845
282571,40000
282572,58463
282573,42737
282574,82145
282575,40000
282576,66251
282577,43210
282578,43084
282579,58416
282580,40971
282581,91943
282582,40000
282583,55267
282584,62086
282585,43246
282586,84923
282587,52663
282588,56198
282589,40000
282590,69987
282591,45740
282592,64468
282593,49181
282594,54790
282595,50725
282596,67567
282597,40000
282598,70715
282599,43864
282600,100793
282601,61053
282602,40000
282603,46785
282604,88868
282605,40000
282606,84086
282607,45045
282608,53683
282609,62500
282610,40000
282611,40000
282612,52785
282613,49129
282614,65527
282615,40241
282616,50095
282617,40000
282618,69940
282619,44598
282620,50873
282621,40000
282622,40000
282623,40000
282624,50085
282625,40000
282626,66059
282627,42171
282628,40000
282629,55390
282630,40000
282631,44000
282632,40000
282633,44252
282634,40000
282635,48902
282636,40000
282637,40000
282638,68549
282639,70745
282640,40000
282641,82108
282642,69849
282643,40000
282644,76228
282645,43073
282646,84634
282647,40000
282648,73237
282649,40000
282650,40000
282651,40000
282652,72520
282653,44052
282654,40000
282655,47449
282656,60705
282657,40000
282658,40000
282659,48844
282660,40000
282661,56435
282662,40000
282663,89927
282664,48340
282665,40000
282666,55451
282667,80094
282668,59831
282669,64829
282670,40000
282671,40000
282672,66076
282673,40000
282674,40000
282675,40000
282676,40000
282677,69325
282678,40000
282679,43181
282680,40000
282681,40000
282682,56044
282683,50029
282684,68905
282685,55832
282686,48842
282687,61590
282688,57709
282689,45815
282690,40000
282691,46256
282692,50998
282693,40000
282694,51695
282695,85266
282696,65690
282697,40000
282698,81227
282699,50975
282700,80026
282701,40000
282702,84402
282703,52136
282704,40000
282705,61997
282706,74473
282707,40000
282708,57561
282709,68238
282710,40000
282711,56024
282712,44064
282713,60984
282714,75503
282715,75194
282716,90885
282717,58177
282718,40000
282719,55720
282720,40000
282721,40000
282722,83304
282723,44568
282724,40000
282725,44944
282726,44916
282727,43397
282728,56313
282729,40052
282730,57988
282731,99973
282732,40000
282733,81466
282734,60654
282735,80484
282736,40000
282737,44850
282738,77415
282739,40000
282740,40000
282741,69601
282742,40000
282743,102275
282744,40000
282745,44361
282746,46933
282747,51880
282748,40651
282749,40000
282750,62565
282751,41379
282752,64594
282753,56725
282754,51360
282755,40000
282756,63252
282757,40000
282758,75738
282759,40000
282760,40000
282761,40000
282762,58811
282763,79097
282764,55369
282765,40000
282766,48109
282767,59527
282768,52723
282769,47116
282770,51649
282771,69103
282772,49737
282773,43621
282774,40000
282775,40000
282776,71122
282777,47773
282778,78432
282779,65164
282780,47680
282781,40000
282782,40000
282783,62638
282784,40000
282785,59397
282786,40000
282787,52168
282788,103847
282789,40000
282790,40000
282791,58522
282792,40000
282793,55365
282794,40039
282795,57767
282796,64139
282797,40000
282798,40480
282799,40000
282800,40808
282801,40000
282802,41145
282803,40000
282804,48760
282805,78407
282806,40000
282807,55887
282808,67085
282809,40000
282810,46958
282811,68069
282812,63798
282813,70731
282814,51439
282815,56400
282816,51557
282817,40000
282818,59989
282819,73012
282820,45085
282821,56733
282822,41240
282823,41717
282824,51440
282825,40682
282826,40000
282827,68724
282828,67553
282829,60277
282830,99348
282831,65966
282832,45725
282833,40000
282834,55968
282835,68257
282836,40000
282837,47168
282838,58257
282839,108415
282840,70515
282841,45623
282842,53831
282843,76253
282844,48722
282845,40000
282846,63972
282847,40000
282848,55790
282849,52836
282850,71171
282851,43199
282852,57567
282853,40000
282854,64275
282855,67340
282856,40000
282857,45599
282858,40000
282859,40000
282860,40000
282861,40000
282862,67073
282863,40000
282864,94106
282865,40000
282866,78007
282867,50536
282868,87353
282869,40000
282870,56014
282871,73848
282872,40000
282873,40000
282874,40000
282875,86221
282876,47538
282877,61332
282878,61522
282879,51012
282880,50805
282881,48714
282882,57455
282883,56872
282884,40000
282885,50365
282886,87262
282887,40000
282888,55730
282889,59949
282890,66633
282891,40000
282892,53612
282893,40000
282894,53242
282895,68665
282896,51496
282897,56287
282898,64406
282899,40000
282900,40000
282901,40041
282902,40000
282903,64076
282904,55151
282905,40000
282906,40000
282907,50740
282908,51332
282909,90692
282910,40000
282911,63662
282912,59176
282913,40000
282914,42762
282915,62969
282916,59805
282917,40000
282918,49914
282919,40000
282920,40000
282921,40000
282922,71090
282923,56143
282924,40000
282925,58091
282926,61014
282927,40000
282928,79235
282929,49055
282930,73563
282931,40000
282932,40000
282933,54961
282934,50235
282935,40000
282936,40000
282937,64203
282938,43645
282939,63148
282940,55349
282941,48747
282942,68829
282943,40000
282944,69824
282945,40000
282946,66856
282947,40000
282948,40000
282949,46237
282950,60625
282951,54804
282952,43093
282953,67650
282954,46249
282955,40000
282956,42764
282957,45893
282958,40000
282959,46880
282960,48165
282961,72409
282962,40000
282963,40000
282964,43345
282965,53031
282966,40000
282967,40000
282968,40000
282969,44683
282970,40000
282971,40230
282972,49997
282973,82491
282974,64007
282975,48328
282976,41695
282977,75268
282978,40000
282979,41146
282980,74648
282981,47858
282982,40000
282983,40000
282984,52693
282985,74241
282986,88017
282987,40000
282988,84232
282989,60520
282990,40870
282991,50539
282992,83476
282993,55544
282994,56363
282995,73725
282996,46204
282997,98265
282998,40000
282999,75143
283000,56552
283001,48555
283002,40000
283003,40000
283004,62038
283005,40000
283006,81308
283007,58765
283008,40000
283009,40000
283010,49668
283011,40000
283012,50372
283013,63991
283014,40000
283015,47598
283016,40000
283017,40000
283018,43871
283019,40000
283020,71260
283021,59928
283022,40284
283023,48811
283024,63357
283025,40000
283026,40526
283027,52302
283028,50688
283029,40000
283030,58006
283031,40000
283032,40000
283033,40000
283034,40000
283035,46010
283036,56456
283037,40000
283038,51152
283039,40000
283040,41815
283041,40000
283042,40000
283043,69979
283044,54397
283045,40000
283046,41629
283047,40000
283048,45205
283049,40000
283050,64009
283051,40000
283052,40000
283053,66168
283054,60727
283055,65296
283056,40000
283057,42397
283058,75038
283059,40000
283060,40000
283061,48666
283062,40000
283063,72988
283064,43380
283065,51481
283066,40000
283067,66541
283068,51916
283069,50091
283070,62634
283071,50491
283072,45689
283073,40000
283074,60988
283075,54241
283076,70975
283077,40000
283078,75764
283079,49474
283080,47545
283081,40000
283082,45933
283083,80616
283084,40000
283085,40000
283086,40000
283087,65035
283088,40000
283089,54279
283090,40000
283091,47208
283092,52740
283093,41351
283094,62417
283095,67014
283096,40000
283097,59835
283098,40000
283099,40000
283100,49715
283101,60405
283102,76357
283103,40000
283104,43445
283105,56290
283106,52721
283107,75462
283108,40000
283109,40000
283110,55065
283111,40000
283112,40000
283113,40000
283114,73113
283115,44138
283116,57968
283117,53416
283118,40000
283119,40000
283120,60818
283121,63242
283122,40000
283123,43489
283124,40000
283125,46382
283126,67027
283127,41433
283128,53642
283129,60934
283130,47531
283131,40000
283132,89620
283133,40000
283134,40000
283135,40000
283136,81371
283137,40000
283138,40000
283139,47497
283140,49037
283141,52829
283142,40000
283143,48327
283144,40000
283145,40000
283146,73164
283147,46528
283148,73640
283149,73386
283150,40000
283151,43131
283152,41937
283153,40000
283154,57736
283155,49137
283156,40000
283157,40000
283158,58909
283159,71824
283160,40000
283161,57306
283162,80805
283163,54044
283164,40000
283165,49873
283166,55990
283167,40000
283168,61811
283169,40000
283170,40000
283171,49412
283172,41047
283173,40000
283174,57577
283175,51079
283176,40000
283177,68262
283178,40000
283179,52548
283180,56437
283181,80692
283182,69301
283183,68420
283184,76334
283185,40000
283186,63901
283187,63874
283188,40000
283189,40000
283190,81029
283191,63460
283192,71444
283193,40000
283194,66604
283195,46082
283196,74466
283197,43366
283198,62154
283199,44447
283200,40000
283201,55728
283202,40000
283203,45576
283204,51639
283205,40000
283206,54302
283207,53188
283208,68970
283209,74913
283210,60636
283211,68603
283212,65615
283213,59566
283214,64030
283215,54966
283216,40000
283217,69343
283218,74317
283219,65364
283220,45631
283221,40000
283222,55212
283223,59670
283224,50760
283225,93501
283226,85682
283227,71496
283228,40000
283229,75857
283230,60006
283231,61109
283232,71238
283233,40000
283234,77339
283235,60981
283236,55762
283237,58563
283238,43499
283239,57343
283240,40000
283241,40000
283242,76649
283243,51697
283244,62781
283245,58957
283246,58923
283247,40000
283248,71414
283249,52898
283250,92457
283251,71426
283252,55636
283253,54362
283254,56791
283255,51496
283256,53537
283257,40000
283258,40000
283259,75527
283260,40000
283261,59590
283262,48173
283263,83526
283264,50796
283265,45341
283266,89086
283267,95062
283268,40000
283269,63447
283270,40000
283271,59919
283272,50549
283273,41623
283274,40000
283275,75750
283276,40000
283277,40000
283278,65000
283279,40000
283280,40000
283281,58687
283282,40324
283283,43442
283284,76049
283285,40000
283286,49768
283287,40000
283288,40000
283289,57361
283290,56566
283291,48306
283292,71082
283293,53624
283294,41927
283295,61375
283296,40000
283297,55043
283298,88406
283299,42291
283300,40000
283301,79287
283302,40000
283303,71663
283304,40000
283305,45468
283306,43867
283307,48121
283308,45105
283309,50852
283310,40000
283311,40000
283312,72187
283313,45559
283314,40000
283315,40000
283316,40000
283317,41383
283318,91148
283319,46376
283320,40000
283321,40000
283322,73464
283323,40000
283324,41064
283325,40000
283326,46124
283327,40000
283328,45041
283329,66416
283330,75543
283331,42024
283332,42510
283333,40000
283334,50173
283335,52171
283336,50541
283337,62713
283338,86335
283339,81315
283340,52261
283341,40000
283342,46764
283343,75696
283344,57951
283345,40000
283346,78460
283347,48311
283348,40000
283349,40000
283350,53263
283351,40000
283352,40000
283353,47853
283354,40000
283355,44420
283356,40000
283357,40000
283358,40000
283359,40000
283360,40000
283361,76193
283362,47594
283363,52942
283364,70955
283365,54289
283366,40610
283367,64956
283368,59131
283369,47084
283370,68147
283371,49298
283372,40000
283373,40000
283374,46956
283375,40569
283376,52081
283377,78719
283378,41997
283379,44053
283380,59090
283381,62175
283382,56195
283383,71397
283384,40000
283385,86548
283386,40000
283387,40000
283388,40000
283389,40000
283390,61040
283391,40000
283392,41130
283393,43933
283394,40000
283395,81249
283396,40000
283397,53635
283398,41287
283399,71490
283400,60742
283401,60710
283402,40429
283403,49285
283404,44590
283405,67006
283406,48969
283407,40000
283408,52693
283409,60834
283410,92381
283411,82507
283412,62682
283413,49822
283414,40000
283415,40000
283416,73983
283417,46407
283418,40000
283419,64814
283420,40000
283421,40000
283422,63748
283423,40000
283424,70707
283425,52998
283426,42826
283427,40000
283428,106404
283429,40000
283430,74748
283431,61253
283432,44177
283433,65352
283434,73486
283435,40000
283436,101641
283437,40000
283438,67398
283439,54104
283440,69891
283441,62535
283442,46902
283443,55189
283444,48248
283445,40982
283446,40000
283447,43183
283448,51587
283449,48181
283450,40000
283451,40000
283452,40000
283453,49256
283454,45607
283455,40000
283456,40000
283457,40000
283458,61237
283459,72788
283460,51378
283461,64570
283462,73396
283463,42216
283464,40000
283465,56978
283466,71205
283467,40000
283468,46750
283469,40000
283470,68949
283471,40000
283472,40000
283473,51769
283474,50774
283475,41081
283476,52395
283477,48067
283478,46255
283479,50515
283480,40000
283481,40000
283482,40000
283483,45615
283484,55808
283485,40216
283486,40000
283487,40000
283488,96117
283489,102133
283490,57143
283491,40000
283492,68880
283493,70487
283494,55371
283495,65064
283496,69688
283497,90098
283498,40000
283499,45416
283500,43909
283501,69933
283502,40000
283503,51717
283504,40000
283505,40000
283506,74023
283507,42362
283508,48984
283509,80096
283510,40000
283511,63858
283512,40000
283513,51643
283514,42204
283515,40000
283516,53369
283517,41982
283518,40000
283519,40000
283520,42572
283521,55843
283522,40000
283523,100897
283524,73754
283525,47298
283526,48395
283527,50991
283528,40000
283529,86638
283530,40000
283531,43507
283532,58598
283533,53050
283534,81402
283535,67370
283536,46154
283537,60856
283538,40000
283539,46297
283540,40000
283541,62473
283542,40000
283543,78207
283544,40000
283545,53496
283546,66372
283547,57403
283548,79855
283549,62426
283550,40000
283551,41919
283552,40000
283553,78158
283554,40000
283555,59819
283556,40000
283557,77621
283558,66182
283559,69243
283560,40000
283561,45811
283562,84637
283563,75189
283564,78024
283565,55700
283566,52952
283567,40000
283568,40000
283569,40000
283570,63269
283571,40000
283572,69093
283573,44052
283574,46826
283575,71621
283576,58771
283577,46176
283578,71752
283579,40000
283580,57314
283581,52188
283582,51522
283583,47221
283584,81564
283585,68144
283586,65667
283587,40000
283588,48090
283589,82059
283590,50768
283591,40000
283592,40000
283593,46631
283594,58403
283595,77786
283596,40955
283597,40000
283598,41728
283599,75662
283600,100518
283601,54075
283602,40000
283603,88826
283604,56406
283605,40000
283606,49122
283607,47491
283608,40000
283609,46753
283610,40000
283611,71872
283612,44338
283613,68776
283614,61881
283615,90528
283616,40000
283617,42914
283618,40000
283619,57541
283620,59581
283621,76452
283622,69334
283623,56174
283624,47965
283625,49210
283626,52007
283627,40000
283628,40000
283629,66305
283630,40000
283631,52352
283632,44889
283633,63415
283634,55007
283635,84898
283636,40000
283637,60144
283638,66360
283639,63946
283640,78009
283641,73556
283642,40000
283643,40000
283644,62868
283645,65856
283646,60274
283647,40000
283648,60457
283649,65175
283650,40000
283651,40000
283652,61215
283653,43254
283654,41837
283655,43998
283656,40000
283657,40000
283658,40000
283659,57983
283660,59676
283661,40738
283662,40000
283663,63470
283664,60430
283665,58775
283666,68698
283667,45209
283668,62088
283669,42135
283670,40000
283671,44678
283672,75402
283673,71919
283674,40000
283675,40000
283676,48466
283677,40000
283678,60394
283679,40000
283680,52648
283681,40000
283682,41873
283683,40000
283684,40000
283685,45410
283686,47985
283687,40000
283688,51098
283689,40000
283690,40000
283691,47175
283692,70498
283693,47768
283694,72051
283695,62555
283696,40000
283697,43924
283698,81535
283699,64628
283700,40000
283701,67926
283702,77435
283703,62435
283704,40000
283705,58429
283706,40287
283707,40304
283708,66972
283709,62157
283710,40000
283711,66168
283712,42688
283713,63348
283714,66265
283715,58198
283716,40000
283717,74320
283718,64542
283719,40165
283720,61988
283721,69099
283722,57471
283723,40000
283724,49805
283725,43866
283726,45130
283727,40000
283728,40000
283729,73746
283730,55332
283731,48406
283732,40000
283733,54006
283734,40000
283735,77648
283736,43085
283737,59083
283738,70609
283739,64913
283740,62254
283741,55776
283742,53751
283743,48007
283744,46558
283745,51523
283746,40000
283747,42865
283748,53258
283749,41212
283750,50225
283751,65598
283752,72683
283753,55097
283754,48233
283755,49723
283756,65477
283757,44071
283758,57782
283759,40000
283760,50706
283761,52946
283762,76156
283763,40495
283764,41584
283765,71407
283766,40000
283767,62521
283768,71792
283769,43144
283770,40000
283771,40000
283772,40000
283773,40000
283774,40000
283775,66178
283776,40000
283777,40000
283778,40000
283779,56724
283780,40000
283781,41470
283782,58170
283783,40000
283784,40000
283785,56340
283786,40000
283787,48077
283788,56315
283789,40000
283790,49171
283791,84470
283792,67975
283793,40000
283794,50997
283795,58158
283796,43155
283797,40000
283798,40583
283799,64662
283800,40000
283801,41533
283802,73230
283803,40000
283804,54288
283805,47930
283806,40000
283807,79605
283808,53014
283809,46591
283810,40000
283811,40000
283812,79384
283813,40000
283814,42316
283815,46400
283816,63131
283817,69898
283818,52443
283819,40000
283820,40712
283821,61276
283822,70899
283823,59876
283824,41288
283825,52840
283826,40000
283827,76683
283828,65049
283829,53053
283830,49717
283831,53492
283832,40000
283833,80394
283834,42712
283835,46727
283836,44466
283837,53145
283838,51512
283839,47728
283840,40000
283841,40000
283842,40000
283843,49304
283844,52835
283845,40000
283846,40000
283847,67917
283848,65921
283849,44571
283850,76319
283851,40000
283852,67952
283853,40000
283854,46336
283855,40000
283856,40000
283857,69607
283858,47084
283859,51519
283860,58269
283861,96752
283862,40000
283863,40000
283864,61769
283865,48433
283866,54576
283867,55793
283868,68435
283869,55574
283870,49454
283871,85126
283872,45159
283873,47137
283874,70808
283875,53587
283876,51045
283877,58826
283878,53702
283879,48612
283880,57173
283881,67224
283882,61353
283883,50550
283884,71963
283885,62719
283886,60337
283887,48698
283888,40000
283889,69395
283890,48381
283891,40000
283892,40000
283893,40489
283894,40000
283895,49668
283896,60668
283897,40000
283898,40000
283899,55406
283900,50480
283901,49979
283902,51006
283903,85312
283904,82814
283905,40000
283906,49023
283907,40000
283908,40000
283909,40000
283910,87542
283911,73617
283912,51668
283913,40000
283914,40000
283915,54587
283916,40747
283917,49276
283918,61521
283919,40000
283920,65873
283921,40000
283922,41132
283923,40000
283924,40000
283925,40000
283926,59712
283927,72188
283928,71696
283929,40000
283930,57358
283931,64155
283932,45766
283933,62636
283934,53629
283935,70400
283936,40000
283937,44643
283938,49744
283939,40000
283940,55660
283941,58797
283942,91205
283943,40000
283944,71139
283945,55887
283946,71896
283947,59268
283948,77118
283949,79040
283950,64645
283951,40000
283952,40000
283953,74360
283954,63029
283955,57542
283956,40000
283957,54297
283958,71341
283959,40000
283960,40000
283961,47226
283962,46130
283963,40000
283964,40000
283965,66747
283966,51655
283967,76683
283968,40000
283969,64030
283970,40000
283971,40000
283972,40000
283973,40000
283974,54679
283975,81681
283976,40000
283977,59338
283978,40000
283979,40000
283980,40000
283981,40000
283982,65903
283983,40000
283984,50102
283985,46943
283986,42799
283987,81719
283988,69578
283989,62796
283990,52273
283991,41663
283992,40000
283993,56124
283994,49089
283995,40000
283996,50855
283997,40000
283998,40000
283999,40000
284000,40000
284001,50995
284002,40000
284003,46111
284004,40000
284005,62240
284006,40000
284007,56666
284008,43549
284009,92107
284010,40000
284011,82291
284012,59884
284013,40000
284014,73165
284015,42991
284016,40000
284017,86196
284018,53423
284019,52712
284020,79676
284021,54046
284022,61897
284023,40000
284024,45712
284025,49822
284026,41657
284027,42445
284028,40000
284029,40000
284030,59408
284031,74529
284032,40000
284033,51960
284034,72796
284035,88023
284036,69315
284037,49935
284038,97494
284039,40000
284040,80168
284041,75486
284042,55415
284043,42008
284044,54594
284045,57634
284046,41831
284047,40000
284048,85211
284049,69261
284050,40000
284051,59966
284052,40000
284053,45808
284054,45749
284055,40000
284056,63252
284057,42725
284058,63516
284059,40000
284060,53966
284061,40000
284062,72017
284063,70472
284064,70846
284065,40000
284066,51999
284067,40000
284068,49692
284069,40000
284070,43312
284071,43078
284072,70107
284073,59095
284074,40000
284075,42297
284076,46903
284077,57962
284078,61022
284079,99276
284080,47670
284081,78101
284082,41408
284083,48386
284084,40000
284085,73368
284086,62628
284087,54645
284088,40000
284089,62700
284090,52332
284091,40000
284092,52091
284093,40000
284094,54733
284095,69332
284096,58069
284097,40000
284098,75952
284099,45170
284100,40000
284101,40000
284102,40000
284103,46257
284104,67183
284105,40000
284106,55903
284107,60462
284108,40000
284109,96893
284110,40000
284111,40000
284112,77519
284113,56502
284114,77522
284115,40000
284116,56365
284117,67419
284118,59948
284119,42738
284120,40000
284121,40636
284122,42122
284123,40000
284124,40000
284125,60770
284126,64582
284127,73663
284128,55105
284129,55387
284130,40000
284131,40000
284132,40000
284133,47273
284134,56584
284135,43097
284136,40000
284137,40000
284138,40000
284139,44611
284140,40000
284141,61357
284142,44829
284143,40000
284144,62321
284145,61500
284146,71644
284147,47590
284148,84243
284149,46731
284150,49240
284151,40000
284152,58604
284153,40000
284154,40000
284155,40000
284156,40000
284157,69109
284158,55126
284159,40000
284160,52691
284161,60867
284162,40000
284163,40000
284164,51282
284165,40000
284166,40000
284167,40000
284168,51476
284169,42480
284170,42443
284171,78491
284172,75018
284173,49625
284174,42681
284175,40000
284176,86782
284177,40000
284178,49810
284179,40000
284180,51194
284181,46844
284182,47083
284183,45777
284184,49906
284185,50318
284186,45352
284187,40000
284188,40000
284189,42423
284190,43028
284191,43430
284192,40000
284193,40000
284194,44183
284195,41771
284196,40771
284197,65232
284198,40000
284199,67025
284200,63442
284201,41482
284202,51982
284203,55573
284204,58417
284205,45523
284206,74184
284207,41331
284208,102498
284209,63185
284210,49216
284211,40000
284212,62832
284213,40000
284214,74008
284215,40000
284216,76131
284217,50364
284218,60842
284219,41280
284220,40000
284221,64974
284222,64839
284223,42854
284224,54659
284225,68061
284226,54473
284227,40000
284228,77557
284229,42873
284230,60672
284231,40000
284232,68173
284233,40000
284234,48537
284235,57198
284236,62888
284237,42471
284238,77077
284239,40000
284240,40000
284241,63676
284242,64174
284243,73042
284244,40000
284245,68148
284246,40000
284247,40000
284248,46642
284249,40000
284250,40000
284251,40000
284252,40000
284253,40000
284254,40000
284255,40000
284256,57034
284257,41710
284258,50620
284259,67957
284260,40000
284261,52583
284262,78876
284263,84416
284264,47899
284265,67627
284266,69758
284267,40000
284268,40000
284269,40000
284270,61437
284271,48872
284272,66533
284273,82110
284274,44214
284275,67915
284276,51230
284277,40000
284278,46725
284279,71193
284280,51410
284281,40000
284282,78422
284283,40000
284284,40000
284285,61874
284286,81057
284287,52764
284288,40000
284289,76147
284290,74213
284291,40000
284292,50310
284293,44325
284294,84290
284295,94358
284296,56392
284297,43003
284298,62705
284299,67552
284300,90644
284301,40000
284302,54860
284303,48056
284304,40000
284305,40000
284306,40000
284307,68927
284308,47702
284309,40000
284310,40345
284311,74531
284312,76505
284313,55148
284314,58778
284315,40000
284316,40000
284317,40000
284318,40000
284319,53414
284320,54055
284321,76196
284322,40357
284323,68936
284324,60698
284325,40000
284326,40000
284327,40000
284328,84313
284329,40057
284330,43654
284331,74153
284332,40000
284333,62821
284334,76952
284335,76650
284336,62423
284337,85881
284338,70432
284339,41706
284340,42482
284341,40000
284342,60292
284343,47307
284344,50918
284345,44068
284346,40000
284347,41368
284348,40000
284349,40000
284350,55806
284351,40000
284352,52259
284353,64640
284354,57001
284355,60744
284356,64661
284357,40000
284358,40000
284359,63154
284360,49745
284361,49947
284362,40000
284363,40000
284364,53684
284365,40000
284366,41647
284367,40000
284368,40000
284369,64452
284370,63953
284371,40000
284372,40000
284373,51590
284374,40000
284375,53842
284376,40000
284377,53822
284378,57253
284379,51942
284380,54451
284381,49678
284382,40000
284383,42859
284384,53966
284385,67060
284386,40000
284387,40000
284388,68495
284389,52288
284390,92428
284391,50438
284392,79274
284393,40000
284394,44523
284395,85106
284396,50328
284397,51784
284398,60867
284399,56524
284400,49008
284401,52758
284402,49267
284403,61519
284404,63266
284405,40000
284406,40000
284407,70130
284408,43048
284409,51733
284410,54294
284411,40000
284412,40000
284413,40000
284414,45097
284415,40000
284416,82540
284417,65116
284418,60879
284419,46917
284420,82228
284421,40000
284422,51800
284423,68726
284424,40000
284425,73084
284426,40348
284427,40000
284428,40000
284429,40000
284430,61406
284431,65037
284432,50270
284433,69640
284434,40000
284435,57519
284436,40000
284437,40000
284438,70123
284439,40000
284440,59665
284441,40000
284442,89289
284443,57168
284444,40000
284445,58318
284446,40000
284447,40623
284448,64828
284449,55890
284450,52272
284451,40000
284452,65678
284453,40000
284454,43766
284455,66230
284456,41836
284457,54398
284458,41677
284459,53462
284460,49543
284461,79147
284462,82771
284463,70362
284464,91559
284465,73986
284466,42355
284467,74724
284468,45394
284469,44362
284470,64173
284471,40000
284472,41134
284473,52253
284474,78001
284475,40000
284476,53343
284477,40000
284478,72463
284479,78258
284480,64494
284481,40000
284482,64410
284483,40000
284484,64920
284485,51159
284486,41186
284487,40000
284488,40000
284489,74758
284490,61513
284491,41792
284492,74457
284493,47687
284494,40000
284495,42934
284496,47646
284497,40000
284498,55336
284499,45270
284500,48156
284501,40000
284502,40000
284503,52338
284504,69665
284505,51464
284506,61570
284507,68095
284508,80739
284509,72776
284510,40000
284511,40000
284512,49998
284513,48363
284514,40000
284515,93115
284516,40000
284517,40000
284518,77725
284519,45606
284520,40000
284521,77279
284522,46096
284523,40000
284524,56260
284525,40000
284526,63900
284527,40000
284528,65512
284529,40351
284530,47670
284531,43405
284532,40000
284533,40000
284534,40000
284535,40000
284536,52117
284537,40000
284538,40000
284539,48037
284540,71384
284541,63416
284542,78516
284543,45579
284544,41404
284545,46707
284546,46672
284547,65489
284548,52799
284549,68568
284550,40000
284551,64184
284552,47069
284553,87802
284554,40000
284555,40000
284556,47455
284557,42008
284558,48562
284559,40000
284560,54947
284561,50960
284562,49555
284563,60978
284564,40000
284565,40000
284566,43703
284567,65097
284568,40000
284569,71601
284570,40000
284571,40000
284572,41232
284573,40000
284574,55855
284575,57340
284576,49571
284577,55567
284578,61769
284579,40000
284580,40000
284581,40000
284582,49122
284583,40000
284584,45234
284585,43960
284586,70378
284587,61169
284588,45927
284589,40000
284590,40000
284591,68698
284592,51408
284593,58869
284594,55783
284595,56352
284596,40000
284597,40000
284598,53969
284599,60551
284600,40000
284601,48156
284602,63324
284603,40000
284604,43081
284605,63436
284606,57889
284607,48469
284608,40000
284609,40000
284610,40000
284611,41205
284612,87899
284613,49763
284614,57363
284615,56821
284616,84527
284617,49318
284618,40000
284619,72453
284620,65161
284621,79595
284622,73808
284623,55125
284624,45827
284625,59840
284626,40414
284627,40000
284628,85981
284629,40000
284630,49617
284631,40000
284632,56440
284633,65225
284634,40000
284635,48333
284636,50408
284637,40000
284638,46366
284639,41987
284640,59025
284641,41254
284642,47933
284643,40000
284644,54545
284645,98852
284646,40000
284647,41230
284648,40000
284649,70663
284650,43064
284651,81412
284652,48025
284653,42613
284654,52541
284655,81668
284656,41125
284657,82104
284658,40000
284659,50194
284660,40000
284661,58050
284662,40000
284663,40000
284664,40000
284665,83317
284666,50807
284667,87803
284668,41349
284669,59539
284670,71661
284671,56100
284672,71264
284673,40000
284674,80240
284675,59993
284676,51863
284677,40000
284678,41760
284679,62434
284680,40000
284681,66703
284682,44056
284683,50231
284684,62476
284685,42640
284686,69914
284687,40000
284688,55816
284689,66548
284690,40000
284691,40000
284692,40000
284693,57008
284694,61584
284695,40000
284696,45787
284697,49661
284698,64160
284699,40000
284700,40000
284701,42254
284702,44838
284703,40112
284704,40000
284705,40000
284706,44927
284707,61805
284708,67435
284709,81177
284710,40000
284711,57721
284712,81500
284713,40000
284714,40000
284715,47916
284716,41024
284717,40000
284718,54279
284719,76640
284720,55593
284721,53320
284722,45383
284723,56247
284724,66237
284725,53356
284726,62188
284727,40000
284728,57709
284729,59243
284730,40000
284731,49357
284732,53128
284733,40800
284734,55123
284735,49228
284736,50958
284737,40000
284738,42045
284739,40000
284740,61195
284741,40000
284742,73003
284743,54700
284744,40000
284745,40000
284746,40000
284747,40000
284748,62458
284749,44936
284750,44915
284751,40000
284752,47290
284753,77015
284754,40000
284755,69299
284756,61164
284757,45025
284758,73021
284759,40000
284760,76080
284761,40000
284762,62248
284763,56677
284764,52550
284765,40000
284766,40000
284767,69936
284768,63761
284769,40000
284770,45036
284771,59813
284772,55151
284773,59719
284774,76551
284775,40000
284776,52881
284777,62290
284778,40000
284779,40000
284780,47236
284781,40000
284782,65252
284783,40000
284784,86763
284785,52059
284786,44378
284787,40000
284788,40000
284789,40000
284790,40000
284791,40000
284792,65473
284793,40000
284794,52551
284795,40000
284796,81455
284797,43626
284798,53056
284799,67223
284800,40000
284801,64753
284802,67361
284803,103145
284804,40000
284805,44831
284806,72321
284807,62774
284808,84537
284809,76478
284810,88075
284811,74532
284812,40000
284813,56756
284814,43082
284815,67432
284816,53001
284817,102519
284818,40000
284819,44959
284820,63844
284821,71126
284822,40000
284823,57398
284824,87292
284825,57638
284826,40000
284827,72318
284828,72675
284829,40000
284830,77650
284831,47165
284832,47626
284833,40000
284834,40000
284835,44729
284836,61535
284837,59971
284838,91487
284839,46343
284840,44763
284841,69851
284842,69642
284843,58569
284844,53162
284845,40000
284846,40000
284847,40502
284848,88315
284849,78298
284850,56040
284851,40681
284852,40000
284853,50024
284854,75418
284855,40000
284856,40000
284857,40000
284858,72667
284859,59876
284860,47525
284861,55217
284862,91131
284863,48358
284864,89025
284865,40000
284866,40293
284867,45660
284868,62552
284869,43999
284870,40000
284871,47160
284872,40000
284873,51946
284874,64425
284875,100821
284876,55392
284877,69187
284878,68422
284879,48845
284880,40000
284881,40000
284882,76361
284883,40000
284884,40000
284885,41949
284886,68283
284887,66373
284888,69334
284889,45912
284890,71006
284891,59233
284892,40000
284893,56458
284894,52064
284895,64506
284896,55879
284897,58383
284898,40000
284899,43134
284900,48481
284901,81683
284902,65806
284903,43879
284904,42722
284905,62091
284906,40000
284907,66890
284908,40000
284909,40000
284910,76468
284911,45705
284912,40000
284913,70616
284914,44296
284915,40000
284916,74529
284917,48643
284918,58429
284919,77417
284920,51029
284921,40000
284922,68742
284923,83083
284924,40000
284925,67094
284926,46308
284927,57668
284928,40000
284929,40000
284930,82989
284931,40000
284932,77822
284933,40000
284934,52372
284935,43926
284936,62015
284937,40000
284938,40000
284939,41561
284940,86623
284941,45256
284942,40000
284943,66030
284944,42290
284945,67570
284946,74620
284947,78111
284948,42954
284949,47086
284950,59893
284951,40000
284952,59477
284953,40000
284954,40000
284955,40000
284956,40792
284957,75446
284958,65865
284959,40000
284960,40000
284961,47808
284962,40000
284963,52556
284964,61864
284965,52131
284966,50943
284967,40000
284968,62782
284969,40201
284970,50438
284971,61608
284972,63276
284973,40000
284974,40000
284975,53775
284976,60129
284977,61574
284978,58344
284979,40000
284980,40000
284981,43705
284982,56416
284983,44081
284984,76605
284985,60864
284986,40000
284987,44079
284988,54965
284989,40000
284990,63447
284991,55830
284992,60257
284993,74435
284994,74405
284995,40000
284996,40000
284997,47282
284998,40000
284999,63986
285000,49566
285001,58195
285002,42271
285003,47801
285004,49359
285005,40000
285006,45743
285007,69816
285008,40000
285009,40000
285010,40000
285011,40000
285012,62880
285013,56894
285014,41419
285015,60443
285016,40000
285017,40000
285018,46385
285019,61736
285020,70032
285021,70726
285022,44562
285023,40000
285024,40000
285025,41133
285026,40000
285027,40000
285028,68500
285029,70045
285030,40000
285031,40000
285032,40000
285033,56559
285034,40000
285035,40000
285036,76224
285037,40000
285038,40000
285039,40000
285040,68822
285041,45754
285042,40000
285043,48823
285044,40000
285045,65354
285046,40000
285047,40000
285048,40000
285049,66534
285050,59113
285051,55268
285052,44916
285053,48484
285054,42682
285055,40000
285056,46800
285057,54354
285058,49313
285059,67530
285060,55697
285061,54939
285062,48530
285063,50152
285064,46829
285065,48100
285066,40000
285067,43063
285068,40000
285069,43651
285070,71658
285071,82403
285072,61125
285073,42748
285074,40000
285075,82327
285076,43592
285077,71086
285078,65668
285079,40000
285080,74790
285081,55933
285082,50345
285083,70144
285084,57031
285085,42672
285086,40000
285087,70724
285088,40000
285089,40000
285090,40000
285091,53701
285092,52778
285093,40000
285094,65937
285095,40000
285096,45537
285097,40000
285098,40000
285099,40000
285100,73098
285101,75106
285102,42679
285103,57944
285104,51369
285105,50862
285106,40000
285107,42090
285108,83092
285109,48624
285110,54084
285111,40000
285112,40000
285113,40654
285114,45238
285115,40000
285116,40000
285117,41958
285118,52509
285119,40000
285120,55166
285121,40000
285122,64625
285123,50119
285124,90215
285125,40000
285126,40000
285127,50351
285128,40000
285129,78409
285130,40000
285131,91306
285132,40000
285133,49805
285134,69734
285135,60892
285136,66490
285137,66028
285138,40000
285139,58846
285140,40000
285141,56109
285142,46792
285143,40000
285144,77697
285145,74622
285146,54308
285147,40000
285148,42192
285149,43781
285150,62358
285151,82458
285152,52955
285153,51014
285154,40000
285155,40000
285156,68714
285157,44489
285158,40000
285159,45190
285160,52579
285161,49682
285162,40000
285163,40000
285164,91283
285165,40000
285166,54418
285167,40000
285168,72876
285169,52918
285170,55495
285171,49723
285172,40000
285173,50820
285174,66909
285175,40000
285176,55159
285177,52326
285178,40000
285179,40000
285180,59227
285181,52306
285182,55697
285183,61080
285184,40000
285185,61567
285186,40000
285187,88606
285188,40000
285189,71015
285190,48489
285191,49476
285192,40587
285193,40000
285194,40000
285195,40000
285196,40000
285197,65354
285198,57373
285199,66522
285200,40000
285201,60926
285202,40000
285203,47632
285204,41864
285205,57363
285206,40000
285207,55941
285208,40000
285209,40000
285210,40000
285211,40000
285212,66984
285213,42252
285214,40000
285215,59991
285216,40000
285217,56758
285218,74768
285219,40000
285220,56010
285221,40000
285222,40000
285223,57188
285224,59564
285225,48228
285226,40000
285227,40000
285228,72289
285229,55099
285230,55572
285231,80535
285232,70306
285233,66155
285234,57264
285235,70318
285236,51518
285237,75921
285238,70953
285239,40000
285240,58868
285241,40000
285242,76842
285243,52052
285244,40000
285245,58679
285246,49140
285247,42522
285248,40000
285249,66737
285250,56794
285251,40000
285252,76416
285253,71212
285254,40000
285255,55757
285256,57782
285257,74164
285258,40000
285259,40000
285260,98705
285261,41371
285262,79526
285263,40000
285264,71444
285265,55310
285266,40000
285267,79992
285268,57369
285269,64207
285270,40000
285271,52101
285272,52117
285273,48694
285274,45248
285275,46275
285276,40000
285277,45717
285278,53949
285279,40000
285280,40000
285281,76075
285282,95685
285283,40000
285284,41089
285285,52071
285286,46505
285287,40385
285288,56607
285289,54352
285290,49141
285291,46853
285292,58039
285293,40000
285294,56537
285295,67121
285296,40000
285297,40000
285298,100097
285299,40000
285300,40000
285301,90169
285302,40000
285303,44093
285304,88058
285305,40000
285306,40000
285307,66013
285308,85766
285309,40000
285310,44095
285311,46733
285312,54805
285313,86308
285314,56471
285315,83684
285316,87913
285317,69409
285318,43328
285319,40000
285320,40000
285321,40000
285322,49842
285323,58340
285324,78449
285325,40000
285326,47512
285327,52285
285328,40000
285329,51890
285330,50492
285331,40000
285332,69328
285333,60394
285334,40000
285335,40000
285336,56958
285337,94100
285338,40000
285339,40000
285340,58851
285341,47155
285342,41451
285343,40000
285344,40000
285345,47229
285346,79605
285347,40000
285348,40000
285349,48355
285350,57118
285351,57503
285352,44926
285353,77205
285354,49052
285355,41629
285356,51331
285357,56750
285358,40000
285359,40000
285360,40000
285361,59049
285362,74403
285363,40000
285364,49184
285365,64841
285366,61031
285367,40000
285368,41336
285369,58902
285370,77186
285371,105497
285372,47553
285373,40000
285374,61079
285375,83604
285376,50151
285377,40000
285378,43497
285379,73035
285380,47430
285381,60756
285382,61028
285383,43533
285384,40000
285385,43340
285386,44301
285387,51797
285388,53007
285389,40000
285390,40000
285391,62582
285392,40000
285393,85416
285394,65864
285395,40000
285396,66793
285397,41407
285398,72846
285399,60109
285400,45572
285401,40000
285402,44462
285403,89435
285404,71874
285405,58296
285406,40000
285407,67317
285408,40799
285409,62565
285410,41261
285411,71938
285412,46762
285413,49458
285414,57782
285415,63216
285416,44361
285417,40000
285418,40000
285419,72221
285420,52513
285421,52727
285422,69325
285423,83625
285424,40000
285425,89351
285426,40000
285427,48034
285428,59016
285429,40000
285430,52571
285431,44082
285432,40000
285433,77175
285434,40000
285435,56012
285436,81170
285437,55969
285438,42126
285439,40000
285440,87483
285441,72557
285442,69607
285443,52465
285444,55262
285445,64833
285446,44510
285447,53751
285448,79087
285449,47292
285450,51333
285451,68967
285452,59662
285453,42389
285454,56779
285455,40000
285456,50188
285457,40000
285458,60246
285459,76229
285460,41526
285461,40000
285462,51235
285463,51885
285464,51019
285465,40000
285466,40000
285467,40000
285468,40000
285469,54437
285470,50475
285471,40000
285472,41535
285473,40000
285474,66500
285475,40000
285476,40000
285477,48078
285478,83847
285479,43322
285480,63479
285481,82799
285482,40000
285483,40000
285484,46626
285485,40000
285486,51037
285487,44893
285488,52748
285489,45329
285490,40000
285491,67022
285492,49852
285493,40000
285494,40000
285495,40000
285496,56272
285497,40000
285498,40000
285499,40000
285500,40000
285501,66433
285502,41569
285503,40000
285504,40000
285505,70652
285506,40000
285507,81387
285508,40000
285509,64127
285510,67615
285511,40000
285512,40000
285513,40000
285514,61343
285515,68977
285516,56916
285517,64902
285518,70445
285519,40000
285520,67232
285521,58947
285522,51346
285523,40000
285524,90267
285525,40000
285526,57943
285527,79242
285528,40000
285529,40000
285530,40000
285531,40000
285532,40000
285533,40000
285534,40000
285535,61371
285536,45397
285537,40000
285538,71434
285539,54780
285540,44190
285541,40000
285542,58097
285543,47166
285544,40000
285545,89230
285546,44449
285547,60760
285548,40000
285549,55947
285550,40000
285551,76269
285552,40000
285553,40000
285554,40000
285555,40000
285556,76540
285557,40000
285558,40144
285559,57702
285560,47843
285561,50159
285562,40000
285563,47876
285564,40000
285565,56659
285566,60237
285567,68206
285568,67148
285569,40000
285570,72422
285571,40155
285572,40000
285573,40000
285574,62226
285575,64287
285576,44838
285577,82321
285578,52585
285579,40000
285580,42103
285581,40000
285582,40000
285583,76526
285584,63716
285585,71317
285586,42284
285587,52447
285588,56834
285589,51203
285590,55165
285591,83447
285592,40000
285593,59760
285594,71636
285595,40000
285596,40000
285597,64548
285598,40000
285599,62925
285600,50447
285601,77289
285602,40000
285603,58982
285604,40000
285605,52867
285606,59358
285607,40000
285608,57080
285609,68011
285610,40000
285611,45513
285612,44633
285613,44210
285614,40000
285615,40000
285616,81429
285617,63658
285618,67173
285619,60550
285620,48788
285621,50954
285622,69482
285623,73476
285624,43975
285625,61095
285626,40000
285627,55352
285628,43282
285629,77908
285630,40000
285631,62186
285632,68171
285633,77832
285634,49388
285635,40000
285636,60491
285637,61826
285638,54716
285639,58894
285640,40000
285641,61473
285642,40000
285643,64562
285644,40000
285645,40902
285646,40000
285647,65433
285648,87526
285649,48375
285650,51846
285651,40000
285652,88144
285653,73654
285654,40000
285655,54039
285656,40712
285657,70394
285658,40000
285659,69663
285660,89135
285661,46747
285662,40000
285663,74806
285664,40000
285665,48551
285666,79434
285667,62708
285668,43133
285669,45514
285670,54837
285671,61476
285672,41808
285673,40000
285674,49517
285675,79670
285676,43382
285677,40000
285678,41824
285679,50149
285680,46924
285681,40000
285682,55095
285683,48497
285684,40000
285685,83198
285686,52990
285687,44563
285688,40000
285689,79597
285690,40000
285691,53261
285692,40000
285693,58067
285694,44261
285695,42422
285696,45965
285697,76995
285698,68666
285699,40000
285700,41077
285701,71911
285702,40000
285703,40000
285704,56902
285705,49416
285706,70670
285707,40000
285708,62166
285709,60626
285710,40000
285711,51226
285712,73397
285713,58670
285714,75213
285715,80564
285716,72961
285717,41874
285718,40000
285719,40953
285720,50475
285721,40000
285722,47399
285723,86994
285724,73354
285725,40000
285726,79351
285727,60371
285728,50811
285729,59425
285730,85007
285731,51687
285732,57587
285733,51233
285734,40000
285735,40000
285736,74510
285737,73120
285738,67940
285739,40000
285740,40000
285741,40000
285742,70984
285743,40000
285744,46257
285745,40000
285746,99228
285747,57645
285748,53343
285749,40000
285750,42948
285751,44722
285752,41688
285753,67377
285754,71173
285755,73625
285756,55020
285757,52014
285758,40000
285759,40000
285760,40000
285761,70184
285762,43240
285763,40000
285764,83843
285765,40000
285766,60818
285767,40000
285768,40000
285769,40000
285770,75728
285771,114586
285772,62669
285773,49988
285774,44076
285775,59494
285776,48595
285777,59288
285778,52338
285779,68200
285780,74539
285781,68699
285782,40000
285783,40000
285784,62177
285785,40000
285786,70729
285787,56498
285788,77538
285789,75992
285790,40000
285791,40000
285792,40000
285793,61302
285794,40000
285795,106699
285796,47735
285797,59453
285798,40000
285799,44898
285800,40000
285801,48767
285802,40000
285803,92125
285804,40000
285805,54468
285806,40000
285807,45098
285808,40000
285809,42162
285810,69866
285811,44952
285812,48833
285813,56494
285814,57636
285815,40000
285816,41486
285817,40000
285818,70326
285819,40287
285820,41587
285821,53404
285822,40000
285823,40000
285824,60807
285825,41057
285826,40000
285827,41650
285828,40000
285829,95621
285830,40000
285831,40000
285832,81128
285833,66971
285834,74333
285835,74811
285836,40000
285837,52305
285838,59728
285839,40554
285840,63670
285841,61684
285842,73996
285843,59903
285844,40000
285845,40000
285846,43161
285847,42160
285848,50516
285849,40000
285850,66086
285851,40000
285852,40000
285853,52628
285854,50731
285855,41545
285856,107921
285857,45445
285858,40000
285859,73320
285860,40000
285861,43401
285862,67567
285863,53181
285864,43374
285865,76846
285866,79541
285867,45006
285868,77160
285869,50182
285870,40000
285871,52487
285872,53920
285873,40000
285874,47111
285875,41443
285876,40000
285877,45885
285878,43278
285879,48678
285880,62275
285881,40000
285882,71447
285883,76287
285884,62894
285885,55397
285886,68925
285887,60466
285888,55174
285889,54618
285890,46112
285891,40000
285892,67197
285893,70824
285894,68922
285895,40000
285896,54852
285897,40126
285898,93415
285899,64955
285900,45445
285901,81616
285902,40000
285903,40000
285904,40000
285905,51667
285906,49297
285907,49938
285908,40000
285909,40000
285910,77714
285911,40000
285912,40000
285913,54983
285914,60318
285915,60798
285916,63224
285917,46418
285918,40000
285919,47772
285920,51938
285921,61320
285922,40000
285923,43829
285924,40000
285925,72538
285926,40000
285927,40000
285928,52750
285929,40265
285930,45112
285931,63966
285932,51883
285933,43074
285934,78772
285935,80065
285936,59496
285937,77345
285938,85809
285939,55725
285940,40000
285941,68276
285942,40000
285943,40000
285944,62750
285945,40000
285946,40000
285947,48784
285948,50075
285949,40000
285950,52978
285951,66399
285952,78978
285953,40000
285954,40000
285955,65692
285956,56503
285957,40000
285958,48043
285959,51854
285960,40000
285961,40000
285962,43337
285963,47828
285964,55893
285965,40000
285966,40000
285967,49754
285968,54525
285969,45977
285970,48891
285971,65664
285972,53859
285973,63525
285974,48790
285975,40000
285976,59431
285977,45558
285978,44037
285979,52277
285980,40000
285981,71455
285982,40000
285983,72409
285984,60858
285985,40000
285986,76788
285987,40000
285988,83837
285989,40000
285990,67363
285991,46754
285992,53070
285993,48103
285994,44519
285995,40000
285996,50102
285997,40000
285998,42328
285999,51667
286000,77473
286001,43096
286002,52068
286003,50395
286004,51290
286005,44152
286006,68742
286007,40000
286008,62515
286009,40000
286010,40000
286011,40000
286012,40000
286013,43969
286014,66205
286015,43970
286016,102221
286017,69308
286018,49220
286019,78658
286020,71200
286021,61619
286022,55986
286023,40000
286024,61860
286025,40000
286026,65537
286027,53722
286028,53199
286029,41827
286030,40884
286031,67869
286032,43757
286033,40000
286034,59457
286035,40000
286036,51443
286037,40000
286038,60836
286039,66322
286040,40000
286041,55957
286042,40000
286043,49189
286044,58148
286045,40000
286046,59441
286047,66075
286048,43100
286049,40000
286050,68393
286051,50204
286052,52568
286053,40000
286054,43999
286055,40000
286056,40000
286057,40000
286058,67267
286059,41593
286060,71713
286061,40000
286062,67787
286063,43618
286064,76778
286065,53685
286066,67114
286067,61207
286068,43317
286069,76501
286070,50277
286071,40000
286072,88769
286073,51561
286074,55355
286075,40000
286076,63728
286077,40000
286078,59691
286079,42448
286080,40000
286081,40000
286082,40000
286083,51906
286084,55712
286085,40000
286086,40000
286087,48282
286088,94145
286089,40000
286090,80092
286091,40000
286092,40000
286093,60875
286094,40000
286095,58811
286096,40000
286097,40000
286098,69091
286099,46249
286100,56337
286101,40000
286102,40000
286103,42870
286104,47984
286105,45254
286106,64200
286107,52344
286108,78361
286109,58707
286110,45736
286111,71935
286112,49278
286113,52605
286114,43721
286115,74774
286116,75518
286117,40000
286118,49658
286119,40000
286120,40000
286121,52578
286122,40000
286123,51957
286124,53417
286125,61819
286126,40000
286127,45754
286128,76193
286129,40000
286130,57918
286131,58946
286132,40000
286133,45517
286134,40000
286135,58762
286136,40000
286137,47638
286138,40820
286139,64046
286140,40000
286141,40000
286142,52114
286143,77505
286144,40000
286145,40000
286146,86282
286147,40233
286148,40000
286149,55448
286150,71672
286151,47256
286152,53658
286153,44283
286154,84432
286155,68379
286156,61077
286157,55511
286158,64766
286159,40000
286160,51582
286161,43300
286162,62451
286163,63631
286164,40000
286165,40000
286166,43611
286167,65978
286168,62910
286169,57140
286170,57149
286171,70163
286172,59849
286173,40000
286174,40000
286175,40056
286176,77522
286177,50082
286178,42810
286179,40000
286180,45385
286181,60066
286182,40000
286183,73007
286184,40000
286185,40000
286186,40000
286187,40000
286188,68592
286189,40843
286190,60447
286191,46147
286192,40000
286193,61841
286194,67826
286195,98427
286196,85704
286197,83086
286198,40000
286199,70967
286200,87625
286201,40000
286202,60979
286203,78509
286204,40000
286205,81135
286206,44224
286207,40675
286208,40000
286209,42176
286210,40000
286211,40000
286212,68362
286213,50054
286214,40000
286215,40000
286216,63182
286217,83921
286218,64861
286219,79655
286220,40000
286221,60414
286222,46981
286223,40000
286224,50136
286225,74890
286226,40000
286227,54258
286228,40000
286229,71728
286230,74278
286231,40000
286232,40000
286233,77858
286234,40000
286235,43309
286236,44650
286237,40000
286238,101173
286239,45251
286240,67277
286241,40000
286242,78617
286243,65882
286244,40000
286245,41225
286246,60511
286247,54865
286248,66104
286249,43533
286250,57370
286251,40000
286252,42891
286253,46658
286254,76394
286255,73536
286256,51424
286257,81701
286258,73630
286259,40000
286260,52663
286261,40000
286262,40000
286263,40000
286264,40000
286265,52745
286266,54710
286267,45872
286268,63707
286269,42125
286270,40000
286271,40000
286272,54968
286273,40000
286274,40000
286275,64594
286276,48369
286277,58032
286278,82140
286279,60054
286280,40000
286281,59981
286282,60359
286283,64097
286284,61549
286285,58866
286286,50368
286287,42913
286288,40000
286289,72688
286290,60676
286291,42276
286292,58324
286293,54127
286294,56572
286295,68801
286296,40000
286297,71511
286298,57520
286299,47193
286300,42231
286301,50932
286302,62719
286303,76044
286304,40000
286305,50573
286306,84590
286307,40000
286308,48083
286309,52191
286310,40000
286311,66017
286312,59368
286313,75847
286314,51567
286315,65417
286316,78436
286317,78345
286318,40000
286319,43514
286320,40424
286321,49317
286322,61872
286323,40000
286324,60618
286325,84371
286326,40000
286327,40000
286328,47834
286329,40000
286330,61691
286331,50016
286332,40000
286333,89630
286334,45161
286335,83484
286336,45188
286337,40000
286338,70348
286339,40000
286340,40000
286341,69663
286342,46908
286343,53171
286344,55308
286345,56332
286346,79087
286347,65670
286348,63126
286349,56443
286350,72909
286351,49228
286352,84996
286353,53017
286354,40000
286355,45072
286356,54689
286357,89716
286358,53933
286359,54863
286360,75384
286361,40000
286362,64979
286363,41850
286364,40000
286365,53970
286366,59414
286367,66085
286368,80389
286369,106945
286370,45618
286371,40000
286372,40000
286373,45338
286374,56261
286375,45085
286376,85450
286377,57752
286378,57628
286379,40000
286380,67750
286381,40000
286382,59379
286383,55742
286384,60182
286385,53488
286386,58167
286387,40746
286388,66496
286389,44979
286390,51721
286391,55629
286392,40000
286393,40000
286394,53394
286395,40000
286396,40000
286397,40000
286398,40000
286399,47396
286400,40000
286401,54336
286402,50093
286403,40000
286404,77280
286405,40000
286406,52777
286407,40000
286408,40000
286409,42419
286410,52592
286411,40000
286412,40000
286413,40000
286414,46829
286415,54161
286416,40000
286417,79856
286418,66261
286419,40000
286420,72388
286421,45737
286422,40000
286423,100936
286424,40000
286425,40000
286426,57286
286427,40000
286428,40000
286429,47777
286430,73282
286431,48023
286432,40000
286433,40000
286434,40000
286435,46228
286436,50926
286437,53328
286438,40000
286439,43339
286440,40000
286441,50822
286442,56602
286443,54302
286444,46915
286445,52458
286446,49155
286447,40000
286448,54590
286449,40000
286450,40000
286451,40000
286452,43036
286453,50473
286454,45911
286455,41824
286456,40000
286457,46909
286458,40753
286459,40000
286460,40000
286461,42004
286462,46415
286463,40000
286464,40000
286465,71033
286466,54088
286467,77162
286468,53386
286469,68941
286470,52352
286471,81221
286472,48970
286473,40000
286474,40000
286475,40000
286476,49151
286477,47818
286478,40000
286479,45169
286480,43817
286481,71758
286482,57459
286483,54823
286484,48916
286485,40000
286486,40000
286487,56114
286488,40000
286489,40000
286490,71935
286491,40000
286492,41050
286493,51989
286494,40000
286495,73369
286496,40000
286497,40000
286498,44374
286499,40000
286500,53808
286501,40000
286502,53931
286503,40000
286504,40599
286505,61821
286506,40000
286507,69744
286508,40000
286509,46069
286510,44838
286511,44739
286512,40000
286513,76152
286514,42407
286515,40000
286516,66532
286517,40000
286518,50732
286519,40000
286520,45151
286521,64613
286522,46324
286523,75122
286524,48776
286525,40000
286526,51843
286527,58043
286528,40000
286529,47832
286530,52805
286531,40000
286532,59765
286533,40000
286534,51086
286535,40000
286536,63525
286537,40000
286538,60900
286539,46903
286540,103035
286541,40000
286542,61860
286543,50168
286544,54751
286545,64227
286546,44839
286547,66251
286548,65689
286549,84024
286550,40000
286551,40000
286552,40000
286553,40000
286554,47579
286555,40000
286556,44283
286557,40000
286558,44870
286559,55922
286560,40000
286561,44074
286562,40773
286563,40000
286564,42492
286565,40000
286566,41876
286567,48141
286568,40000
286569,40000
286570,40000
286571,46188
286572,59805
286573,40000
286574,56646
286575,90402
286576,40000
286577,44337
286578,40000
286579,40000
286580,50183
286581,101969
286582,40000
286583,62593
286584,45979
286585,55281
286586,40000
286587,40000
286588,63618
286589,40000
286590,42292
286591,42364
286592,50747
286593,40000
286594,56673
286595,47664
286596,48278
286597,57376
286598,53439
286599,52620
286600,76658
286601,51591
286602,40000
286603,50918
286604,62181
286605,70740
286606,52663
286607,40000
286608,40912
286609,42871
286610,40000
286611,45997
286612,40196
286613,61755
286614,40000
286615,79393
286616,53627
286617,40000
286618,40000
286619,78231
286620,48796
286621,66932
286622,77446
286623,40000
286624,40000
286625,42832
286626,55335
286627,63312
286628,40000
286629,81388
286630,45338
286631,40000
286632,54542
286633,50272
286634,62280
286635,47910
286636,40000
286637,42924
286638,54854
286639,88646
286640,60656
286641,40000
286642,40000
286643,61620
286644,47012
286645,42395
286646,51246
286647,40000
286648,45423
286649,44361
286650,90273
286651,40000
286652,78059
286653,67787
286654,55285
286655,65862
286656,76030
286657,40932
286658,48237
286659,47560
286660,42746
286661,44547
286662,40000
286663,40000
286664,56311
286665,40000
286666,72643
286667,48815
286668,40000
286669,72801
286670,40000
286671,40000
286672,59381
286673,66885
286674,86890
286675,54456
286676,47321
286677,58981
286678,42230
286679,40000
286680,51499
286681,40000
286682,90367
286683,60121
286684,44205
286685,47675
286686,40000
286687,57852
286688,40000
286689,45610
286690,49884
286691,52004
286692,44837
286693,40000
286694,44939
286695,57744
286696,52511
286697,86833
286698,40000
286699,45122
286700,67006
286701,41260
286702,46747
286703,40000
286704,72363
286705,72960
286706,43901
286707,43053
286708,88264
286709,42749
286710,40000
286711,55244
286712,40749
286713,76883
286714,40000
286715,78174
286716,75091
286717,89654
286718,74546
286719,53621
286720,74663
286721,77127
286722,40000
286723,43479
286724,40140
286725,56289
286726,40154
286727,51161
286728,40000
286729,40000
286730,74361
286731,40000
286732,59053
286733,74546
286734,40000
286735,40000
286736,50939
286737,62152
286738,40000
286739,51221
286740,58855
286741,56850
286742,47761
286743,40000
286744,40000
286745,44082
286746,40000
286747,40000
286748,40000
286749,47409
286750,71741
286751,53810
286752,44002
286753,40000
286754,62574
286755,40000
286756,40000
286757,69051
286758,83983
286759,75123
286760,40000
286761,49703
286762,43639
286763,41915
286764,40000
286765,40000
286766,63124
286767,49463
286768,40000
286769,44970
286770,60920
286771,40000
286772,40000
286773,40000
286774,45257
286775,67655
286776,40000
286777,80481
286778,48046
286779,54400
286780,40679
286781,41533
286782,40000
286783,48513
286784,40000
286785,60977
286786,40000
286787,52585
286788,65427
286789,40000
286790,60354
286791,59533
286792,50776
286793,59939
286794,42596
286795,64514
286796,59178
286797,79125
286798,40000
286799,53618
286800,48423
286801,85125
286802,55761
286803,99082
286804,40000
286805,40000
286806,40000
286807,62897
286808,46016
286809,40000
286810,59896
286811,46865
286812,57362
286813,59793
286814,40927
286815,60285
286816,40000
286817,40000
286818,47183
286819,40000
286820,60568
286821,87024
286822,40000
286823,50306
286824,40000
286825,45929
286826,40000
286827,78162
286828,40000
286829,48149
286830,40000
286831,45414
286832,40000
286833,40000
286834,59468
286835,50503
286836,55942
286837,40000
286838,56665
286839,40000
286840,75258
286841,82984
286842,40000
286843,55752
286844,56396
286845,48432
286846,69334
286847,46242
286848,45323
286849,42225
286850,40458
286851,56682
286852,56263
286853,81980
286854,86978
286855,52748
286856,40000
286857,61004
286858,46921
286859,40000
286860,61514
286861,43932
286862,40000
286863,40000
286864,85642
286865,40000
286866,52139
286867,40000
286868,58221
286869,76414
286870,40000
286871,48574
286872,73797
286873,40000
286874,51194
286875,76591
286876,51437
286877,51002
286878,92531
286879,49821
286880,52537
286881,49098
286882,40000
286883,72104
286884,40000
286885,40000
286886,73289
286887,40000
286888,77280
286889,52404
286890,40000
286891,43034
286892,40000
286893,47582
286894,40000
286895,50097
286896,76748
286897,60812
286898,40000
286899,40000
286900,53431
286901,79797
286902,40000
286903,65370
286904,40000
286905,88779
286906,70257
286907,40000
286908,45889
286909,58940
286910,75768
286911,52995
286912,43741
286913,45112
286914,40000
286915,40000
286916,41833
286917,50422
286918,40000
286919,58446
286920,49180
286921,43422
286922,70705
286923,40000
286924,48527
286925,56101
286926,40000
286927,71264
286928,40000
286929,45844
286930,40000
286931,54719
286932,41335
286933,65636
286934,40000
286935,40000
286936,69392
286937,45701
286938,46752
286939,67028
286940,50499
286941,50890
286942,40000
286943,50080
286944,40000
286945,40000
286946,61475
286947,83599
286948,40000
286949,73236
286950,44548
286951,65834
286952,40000
286953,40000
286954,50747
286955,40000
286956,53385
286957,40000
286958,58894
286959,54858
286960,58702
286961,44660
286962,40000
286963,49779
286964,59603
286965,40171
286966,40000
286967,64357
286968,45359
286969,63287
286970,76508
286971,64135
286972,40000
286973,40000
286974,92293
286975,67661
286976,48250
286977,40000
286978,57443
286979,64607
286980,40000
286981,75791
286982,86065
286983,52427
286984,56048
286985,47159
286986,55706
286987,40000
286988,40961
286989,45888
286990,56498
286991,46913
286992,58989
286993,42572
286994,40000
286995,40000
286996,56593
286997,51283
286998,40000
286999,40000
287000,40000
287001,40000
287002,40000
287003,40000
287004,40000
287005,53731
287006,40000
287007,62460
287008,52142
287009,72653
287010,40000
287011,63723
287012,40000
287013,51231
287014,50972
287015,40000
287016,58929
287017,58661
287018,58349
287019,77916
287020,40000
287021,65886
287022,45345
287023,53891
287024,40000
287025,71292
287026,89201
287027,40000
287028,40000
287029,66770
287030,40000
287031,41746
287032,62592
287033,71404
287034,40000
287035,43184
287036,42453
287037,49657
287038,40000
287039,40000
287040,75305
287041,40000
287042,43450
287043,40000
287044,40000
287045,43004
287046,49686
287047,51596
287048,40000
287049,40000
287050,51040
287051,51417
287052,40000
287053,40000
287054,61092
287055,52808
287056,44037
287057,49589
287058,65602
287059,48761
287060,40175
287061,53628
287062,40973
287063,41615
287064,40000
287065,40000
287066,40499
287067,46345
287068,40000
287069,61106
287070,40000
287071,78277
287072,48276
287073,40000
287074,63779
287075,40000
287076,76776
287077,40000
287078,61814
287079,76259
287080,49984
287081,44423
287082,44918
287083,40000
287084,47863
287085,40000
287086,40000
287087,74841
287088,40000
287089,40000
287090,40735
287091,41323
287092,69955
287093,40741
287094,44554
287095,42477
287096,43275
287097,40000
287098,50806
287099,43090
287100,42938
287101,40000
287102,40424
287103,40000
287104,40000
287105,40000
287106,93510
287107,60643
287108,40237
287109,40000
287110,59963
287111,51625
287112,74073
287113,87719
287114,54953
287115,40000
287116,72895
287117,62550
287118,65530
287119,86231
287120,41804
287121,68226
287122,76913
287123,70981
287124,70909
287125,40000
287126,58930
287127,40000
287128,40000
287129,56520
287130,40000
287131,64278
287132,79727
287133,50744
287134,40000
287135,70281
287136,56958
287137,68112
287138,60710
287139,60900
287140,46087
287141,40000
287142,50756
287143,47124
287144,45543
287145,48035
287146,40000
287147,51681
287148,59013
287149,55112
287150,51435
287151,56977
287152,40000
287153,50266
287154,40000
287155,68653
287156,40000
287157,40000
287158,40000
287159,57157
287160,52358
287161,64792
287162,41307
287163,40000
287164,67738
287165,106387
287166,50243
287167,40000
287168,43942
287169,40000
287170,68297
287171,40000
287172,76480
287173,64863
287174,40000
287175,61003
287176,40000
287177,59136
287178,40000
287179,54575
287180,73621
287181,63653
287182,70597
287183,83212
287184,40000
287185,42918
287186,52325
287187,40000
287188,40000
287189,67947
287190,52018
287191,40000
287192,40000
287193,53403
287194,52074
287195,49700
287196,40000
287197,42151
287198,59718
287199,44861
287200,44234
287201,52572
287202,40000
287203,71214
287204,51304
287205,51806
287206,75186
287207,42493
287208,78203
287209,40000
287210,40000
287211,46978
287212,40000
287213,53184
287214,69080
287215,63871
287216,40000
287217,50526
287218,40000
287219,40000
287220,40000
287221,47599
287222,40000
287223,62624
287224,56472
287225,72134
287226,43367
287227,57252
287228,52724
287229,86143
287230,51151
287231,58092
287232,40000
287233,51734
287234,40868
287235,40000
287236,40000
287237,40000
287238,40000
287239,40000
287240,40000
287241,43185
287242,77651
287243,56087
287244,57282
287245,40000
287246,40000
287247,40000
287248,71810
287249,55108
287250,49362
287251,58860
287252,40000
287253,40000
287254,40000
287255,46795
287256,82119
287257,40000
287258,64322
287259,89993
287260,40000
287261,44570
287262,40000
287263,67512
287264,69551
287265,85654
287266,40000
287267,50463
287268,57718
287269,40000
287270,48841
287271,40000
287272,58724
287273,40000
287274,70765
287275,63158
287276,65870
287277,90800
287278,40000
287279,55804
287280,79784
287281,73194
287282,40000
287283,40000
287284,50688
287285,51817
287286,40000
287287,40000
287288,40000
287289,62185
287290,58089
287291,54844
287292,85004
287293,70911
287294,40000
287295,47535
287296,40000
287297,40000
287298,41640
287299,40000
287300,40000
287301,92054
287302,40410
287303,50300
287304,58245
287305,40000
287306,40000
287307,40000
287308,40000
287309,53190
287310,63912
287311,43044
287312,40000
287313,40000
287314,40000
287315,79079
287316,40000
287317,79822
287318,50752
287319,40000
287320,48142
287321,66569
287322,69236
287323,73295
287324,59454
287325,47673
287326,40000
287327,58866
287328,51214
287329,40000
287330,64669
287331,61060
287332,51949
287333,71592
287334,47441
287335,58978
287336,46604
287337,40000
287338,46782
287339,40534
287340,48520
287341,40000
287342,56145
287343,40000
287344,69621
287345,47574
287346,62899
287347,65319
287348,74409
287349,46048
287350,41496
287351,40660
287352,59522
287353,40000
287354,63346
287355,80007
287356,44198
287357,40000
287358,40000
287359,41846
287360,76897
287361,61834
287362,40000
287363,77879
287364,96097
287365,40000
287366,40000
287367,40000
287368,42718
287369,50166
287370,54916
287371,47174
287372,73687
287373,57103
287374,40000
287375,40000
287376,40000
287377,66574
287378,87267
287379,71972
287380,63208
287381,40000
287382,58520
287383,40000
287384,40000
287385,49793
287386,40000
287387,40000
287388,49941
287389,63002
287390,45263
287391,56305
287392,51271
287393,52433
287394,40000
287395,71365
287396,63415
287397,84205
287398,40000
287399,40000
287400,40000
287401,40000
287402,59004
287403,54180
287404,67380
287405,42929
287406,74376
287407,40000
287408,80346
287409,47973
287410,40000
287411,69817
287412,44555
287413,40000
287414,51536
287415,61902
287416,40000
287417,56271
287418,68681
287419,59761
287420,40000
287421,51477
287422,66989
287423,40000
287424,40000
287425,52488
287426,48141
287427,63468
287428,105746
287429,81434
287430,53587
287431,40000
287432,48916
287433,63426
287434,40000
287435,40000
287436,40301
287437,40000
287438,41903
287439,53955
287440,67768
287441,41099
287442,41661
287443,40000
287444,56755
287445,40000
287446,40000
287447,51723
287448,57822
287449,40000
287450,40000
287451,40000
287452,43002
287453,40000
287454,40000
287455,40000
287456,60897
287457,40000
287458,66895
287459,40000
287460,57751
287461,58471
287462,40000
287463,40000
287464,43667
287465,41149
287466,68773
287467,40000
287468,40000
287469,40000
287470,46558
287471,40000
287472,62300
287473,40000
287474,58367
287475,62268
287476,70964
287477,60250
287478,63563
287479,60257
287480,61737
287481,48216
287482,63479
287483,40000
287484,76573
287485,40000
287486,55511
287487,45072
287488,45270
287489,40000
287490,48517
287491,46878
287492,40000
287493,51980
287494,40000
287495,56256
287496,65861
287497,40000
287498,90268
287499,40000
287500,54535
287501,41386
287502,71487
287503,49175
287504,65163
287505,40000
287506,52523
287507,58533
287508,87366
287509,56650
287510,55164
287511,43580
287512,40000
287513,40000
287514,40000
287515,50230
287516,40000
287517,52377
287518,51177
287519,56802
287520,40000
287521,40000
287522,40000
287523,51004
287524,56550
287525,40000
287526,43780
287527,40864
287528,40000
287529,70116
287530,40000
287531,40000
287532,40000
287533,69716
287534,44270
287535,59071
287536,93454
287537,55481
287538,46498
287539,40000
287540,40000
287541,85800
287542,104761
287543,41176
287544,40000
287545,53950
287546,87611
287547,52513
287548,40000
287549,46829
287550,58308
287551,40000
287552,72790
287553,40000
287554,40000
287555,64045
287556,59130
287557,40609
287558,40000
287559,78456
287560,46424
287561,69374
287562,40000
287563,40000
287564,75608
287565,62488
287566,40000
287567,50746
287568,65811
287569,40000
287570,40000
287571,81994
287572,40000
287573,40000
287574,64401
287575,92364
287576,80081
287577,40000
287578,44669
287579,52646
287580,40000
287581,40000
287582,70366
287583,47726
287584,60214
287585,67297
287586,40000
287587,40000
287588,49550
287589,60754
287590,48176
287591,73502
287592,68229
287593,46935
287594,46956
287595,40000
287596,60759
287597,52632
287598,73204
287599,40000
287600,61194
287601,44020
287602,60557
287603,75048
287604,40000
287605,40000
287606,40000
287607,68911
287608,40000
287609,48605
287610,40000
287611,40000
287612,85773
287613,71012
287614,61245
287615,51421
287616,52040
287617,40000
287618,46839
287619,48913
287620,40000
287621,44744
287622,42841
287623,42159
287624,88765
287625,40000
287626,46641
287627,71757
287628,49508
287629,45097
287630,40000
287631,45993
287632,62034
287633,81015
287634,58881
287635,44181
287636,48131
287637,40000
287638,58466
287639,44976
287640,76454
287641,47003
287642,42487
287643,55355
287644,69518
287645,40000
287646,40000
287647,46634
287648,52649
287649,40650
287650,40000
287651,50935
287652,68098
287653,40000
287654,52980
287655,56503
287656,70024
287657,40000
287658,40000
287659,54734
287660,70855
287661,44131
287662,61596
287663,40000
287664,61065
287665,49591
287666,57938
287667,51802
287668,46216
287669,45067
287670,70319
287671,41198
287672,53826
287673,54919
287674,52135
287675,47852
287676,67307
287677,63160
287678,76994
287679,61044
287680,56038
287681,87048
287682,40000
287683,43884
287684,81555
287685,75217
287686,40000
287687,40000
287688,62104
287689,40938
287690,56151
287691,40000
287692,66859
287693,42575
287694,78600
287695,49466
287696,40000
287697,51180
287698,47309
287699,59765
287700,71098
287701,60050
287702,61568
287703,51552
287704,40000
287705,79511
287706,40000
287707,40000
287708,40000
287709,40000
287710,46118
287711,40000
287712,70786
287713,46369
287714,60439
287715,40000
287716,75566
287717,52980
287718,60375
287719,71264
287720,51031
287721,87784
287722,48544
287723,58753
287724,40000
287725,50855
287726,53485
287727,59837
287728,60270
287729,51378
287730,94623
287731,82052
287732,40000
287733,52509
287734,57315
287735,40000
287736,41700
287737,40000
287738,71444
287739,40000
287740,40000
287741,65666
287742,40000
287743,46616
287744,58044
287745,40000
287746,43416
287747,87010
287748,52631
287749,68902
287750,40000
287751,40000
287752,51305
287753,40000
287754,40000
287755,40000
287756,57182
287757,40000
287758,49788
287759,61275
287760,40000
287761,68410
287762,40000
287763,78776
287764,50353
287765,58755
287766,40000
287767,40000
287768,40000
287769,40000
287770,40000
287771,46967
287772,40000
287773,72720
287774,71911
287775,60063
287776,41840
287777,47741
287778,57049
287779,45206
287780,40000
287781,40000
287782,57832
287783,40000
287784,72328
287785,46344
287786,40000
287787,59418
287788,49890
287789,40000
287790,89704
287791,46720
287792,75649
287793,40000
287794,55357
287795,40000
287796,95998
287797,40000
287798,81509
287799,64582
287800,40000
287801,56766
287802,44918
287803,52556
287804,40677
287805,40000
287806,80113
287807,40000
287808,51801
287809,48545
287810,40000
287811,40562
287812,40000
287813,40000
287814,40000
287815,54494
287816,51994
287817,40000
287818,40000
287819,62650
287820,40000
287821,46148
287822,55732
287823,63844
287824,40000
287825,93149
287826,40000
287827,78046
287828,40000
287829,68503
287830,40000
287831,40000
287832,75115
287833,61606
287834,84686
287835,91426
287836,40284
287837,71756
287838,62684
287839,40000
287840,75854
287841,40000
287842,42938
287843,40000
287844,64540
287845,94596
287846,48707
287847,47024
287848,40000
287849,41341
287850,40000
287851,45606
287852,83286
287853,55185
287854,47225
287855,40000
287856,84925
287857,63402
287858,40000
287859,92177
287860,59391
287861,45722
287862,40000
287863,40000
287864,44679
287865,55425
287866,40000
287867,70093
287868,48926
287869,46484
287870,65826
287871,62407
287872,96500
287873,55960
287874,40000
287875,71710
287876,78974
287877,40000
287878,40000
287879,40000
287880,46400
287881,73595
287882,68361
287883,40000
287884,40000
287885,40000
287886,43512
287887,42101
287888,64697
287889,58690
287890,57308
287891,40000
287892,40000
287893,41307
287894,40000
287895,40000
287896,40000
287897,59433
287898,42512
287899,40000
287900,40000
287901,66862
287902,46347
287903,40000
287904,56983
287905,41461
287906,47136
287907,57281
287908,46995
287909,79238
287910,40000
287911,58973
287912,40000
287913,52493
287914,40000
287915,80501
287916,40000
287917,52628
287918,62322
287919,50514
287920,58735
287921,40000
287922,57798
287923,77677
287924,60813
287925,40000
287926,40000
287927,40000
287928,40000
287929,40000
287930,47899
287931,84826
287932,40000
287933,41995
287934,66103
287935,42894
287936,60471
287937,52745
287938,53463
287939,40000
287940,40000
287941,40000
287942,52414
287943,82109
287944,75646
287945,40000
287946,56591
287947,54872
287948,40000
287949,83430
287950,57567
287951,42796
287952,88988
287953,90953
287954,41349
287955,40000
287956,53392
287957,40000
287958,51591
287959,49992
287960,78426
287961,40000
287962,49288
287963,52830
287964,57149
287965,40000
287966,51770
287967,42221
287968,58235
287969,40000
287970,79102
287971,54127
287972,40000
287973,62222
287974,44618
287975,40000
287976,40000
287977,68933
287978,40000
287979,62227
287980,40000
287981,40000
287982,41759
287983,83519
287984,45001
287985,40000
287986,40000
287987,40000
287988,40000
287989,40000
287990,49802
287991,59462
287992,40000
287993,40000
287994,46925
287995,53290
287996,40000
287997,63347
287998,45344
287999,40000
288000,40000
288001,56014
288002,64505
288003,40000
288004,40000
288005,44097
288006,40000
288007,48858
288008,40000
288009,54125
288010,43405
288011,62960
288012,68849
288013,45591
288014,52238
288015,40000
288016,77824
288017,40000
288018,42887
288019,57069
288020,45665
288021,53982
288022,40000
288023,55754
288024,40000
288025,49235
288026,40000
288027,40000
288028,50537
288029,41689
288030,52033
288031,50347
288032,46141
288033,70518
288034,59499
288035,42276
288036,53900
288037,72027
288038,40000
288039,47316
288040,74789
288041,43535
288042,45878
288043,40000
288044,53790
288045,40000
288046,44803
288047,40000
288048,53382
288049,40000
288050,46336
288051,40000
288052,69345
288053,58551
288054,52812
288055,61818
288056,63932
288057,40000
288058,40000
288059,64817
288060,50583
288061,63005
288062,64507
288063,73206
288064,46537
288065,52422
288066,40000
288067,45507
288068,40000
288069,75240
288070,40000
288071,72241
288072,42561
288073,92028
288074,42268
288075,61308
288076,80767
288077,40924
288078,99268
288079,40000
288080,42963
288081,51984
288082,60083
288083,95834
288084,78627
288085,52252
288086,40359
288087,40202
288088,49714
288089,40000
288090,40000
288091,46309
288092,61786
288093,40000
288094,75222
288095,62222
288096,66617
288097,66836
288098,58826
288099,89866
288100,40000
288101,40000
288102,40000
288103,89342
288104,45520
288105,48806
288106,40000
288107,48668
288108,90778
288109,40000
288110,68906
288111,40000
288112,90707
288113,51103
288114,62461
288115,40000
288116,45170
288117,74239
288118,41111
288119,41823
288120,63642
288121,48486
288122,40000
288123,40000
288124,40000
288125,40000
288126,57184
288127,70608
288128,51454
288129,52561
288130,40000
288131,40000
288132,49186
288133,50777
288134,40000
288135,70858
288136,45649
288137,52919
288138,102327
288139,42914
288140,55856
288141,53876
288142,67640
288143,44444
288144,40000
288145,53109
288146,40000
288147,48749
288148,50270
288149,40000
288150,69559
288151,92068
288152,40000
288153,43951
288154,54727
288155,40000
288156,40000
288157,40071
288158,47403
288159,62395
288160,74558
288161,76728
288162,40000
288163,48190
288164,40000
288165,49301
288166,66034
288167,69797
288168,40000
288169,41285
288170,40000
288171,40000
288172,40000
288173,46261
288174,40000
288175,40000
288176,40000
288177,52154
288178,40000
288179,46523
288180,63102
288181,40000
288182,40000
288183,53118
288184,40000
288185,57105
288186,54684
288187,40000
288188,71732
288189,64465
288190,77320
288191,40000
288192,55938
288193,57597
288194,56769
288195,40000
288196,40000
288197,65653
288198,40000
288199,40000
288200,41881
288201,63499
288202,53954
288203,78128
288204,40561
288205,58135
288206,54285
288207,83674
288208,63986
288209,78209
288210,103728
288211,46628
288212,40661
288213,40000
288214,44529
288215,74921
288216,62831
288217,62572
288218,60479
288219,43816
288220,48422
288221,40000
288222,66687
288223,64539
288224,44108
288225,46302
288226,41660
288227,50017
288228,43778
288229,40000
288230,40000
288231,50467
288232,57679
288233,83947
288234,55436
288235,82277
288236,40000
288237,40000
288238,41119
288239,71509
288240,47866
288241,54645
288242,56101
288243,58563
288244,40000
288245,45879
288246,45627
288247,94492
288248,40000
288249,42105
288250,62559
288251,50109
288252,66752
288253,40000
288254,45567
288255,77275
288256,59724
288257,42191
288258,78432
288259,67824
288260,53320
288261,40000
288262,54649
288263,40000
288264,40000
288265,66719
288266,75807
288267,40000
288268,40000
288269,53483
288270,53727
288271,94929
288272,68037
288273,40000
288274,40000
288275,40000
288276,40649
288277,40000
288278,71455
288279,40000
288280,91655
288281,61297
288282,54164
288283,79589
288284,63524
288285,80775
288286,40000
288287,59332
288288,79021
288289,70553
288290,88095
288291,51276
288292,40000
288293,40000
288294,47396
288295,40000
288296,40000
288297,50327
288298,75540
288299,40000
288300,49049
288301,40000
288302,68416
288303,40873
288304,88808
288305,40000
288306,40000
288307,66021
288308,40000
288309,40000
288310,61625
288311,44116
288312,75249
288313,75931
288314,54415
288315,83586
288316,65133
288317,77221
288318,40419
288319,72931
288320,48549
288321,41442
288322,40000
288323,46678
288324,74546
288325,56295
288326,55657
288327,61401
288328,48044
288329,40000
288330,45994
288331,40000
288332,57826
288333,40000
288334,40000
288335,40000
288336,43415
288337,40000
288338,44330
288339,49838
288340,40000
288341,48329
288342,51436
288343,55286
288344,55716
288345,40000
288346,40634
288347,55272
288348,60016
288349,77703
288350,53175
288351,52575
288352,41153
288353,71338
288354,40000
288355,40000
288356,61519
288357,71401
288358,67733
288359,63182
288360,40000
288361,85078
288362,48368
288363,40000
288364,40000
288365,40486
288366,40000
288367,49802
288368,40000
288369,50952
288370,40000
288371,47259
288372,65003
288373,52342
288374,42617
288375,57060
288376,72864
288377,40000
288378,86042
288379,60183
288380,40000
288381,56236
288382,77932
288383,50611
288384,41100
288385,40000
288386,40000
288387,68655
288388,56307
288389,69425
288390,54030
288391,46855
288392,71069
288393,59067
288394,40000
288395,59547
288396,66329
288397,40933
288398,94459
288399,51359
288400,48502
288401,43287
288402,67606
288403,40000
288404,40000
288405,40000
288406,75570
288407,46781
288408,79677
288409,86237
288410,77366
288411,44644
288412,41803
288413,40000
288414,44609
288415,40000
288416,47799
288417,40000
288418,43013
288419,40000
288420,84318
288421,53146
288422,43213
288423,59833
288424,71232
288425,40000
288426,92491
288427,40000
288428,40000
288429,49173
288430,51277
288431,40000
288432,40000
288433,40233
288434,84029
288435,66631
288436,59731
288437,48076
288438,59689
288439,83826
288440,88162
288441,40000
288442,40000
288443,40000
288444,40000
288445,49000
288446,59895
288447,40000
288448,45743
288449,55919
288450,115174
288451,40000
288452,52185
288453,40000
288454,40000
288455,41835
288456,40000
288457,80820
288458,55182
288459,40000
288460,40000
288461,68688
288462,59335
288463,51420
288464,75017
288465,40000
288466,46529
288467,40000
288468,49363
288469,40000
288470,40000
288471,67458
288472,40181
288473,40000
288474,51729
288475,40000
288476,40000
288477,63371
288478,66040
288479,40000
288480,44583
288481,40000
288482,64758
288483,59416
288484,40000
288485,40000
288486,40000
288487,43125
288488,56916
288489,43730
288490,45115
288491,63606
288492,60852
288493,87224
288494,40000
288495,40000
288496,40885
288497,74608
288498,61153
288499,56689
288500,73423
288501,55510
288502,93899
288503,40000
288504,58188
288505,40000
288506,40000
288507,40000
288508,67678
288509,43838
288510,70589
288511,48062
288512,80147
288513,49599
288514,40467
288515,63931
288516,76566
288517,60099
288518,46396
288519,46516
288520,60531
288521,41385
288522,40000
288523,40000
288524,40000
288525,78915
288526,61335
288527,62069
288528,62205
288529,40000
288530,40000
288531,46378
288532,51022
288533,80293
288534,47768
288535,45706
288536,64825
288537,50409
288538,41921
288539,54309
288540,40000
288541,40000
288542,79030
288543,82431
288544,40000
288545,61079
288546,40000
288547,40426
288548,42109
288549,40000
288550,74160
288551,40278
288552,58125
288553,40613
288554,58570
288555,43738
288556,84977
288557,63522
288558,40000
288559,56405
288560,64818
288561,40494
288562,40000
288563,40000
288564,45535
288565,65623
288566,44917
288567,40000
288568,84621
288569,77210
288570,41209
288571,62439
288572,40000
288573,40000
288574,75549
288575,40000
288576,52933
288577,60144
288578,54156
288579,47401
288580,79847
288581,40000
288582,91353
288583,85797
288584,45938
288585,60694
288586,40000
288587,40000
288588,57588
288589,42207
288590,86371
288591,81023
288592,77253
288593,43359
288594,45947
288595,48095
288596,40000
288597,40000
288598,44978
288599,82155
288600,50492
288601,51237
288602,53223
288603,40000
288604,52434
288605,47321
288606,93892
288607,40000
288608,90015
288609,56059
288610,50399
288611,48102
288612,61564
288613,94398
288614,50554
288615,40000
288616,70527
288617,50190
288618,94244
288619,85195
288620,40591
288621,40000
288622,40000
288623,52735
288624,40000
288625,65519
288626,43248
288627,40000
288628,41663
288629,78202
288630,49662
288631,40000
288632,49343
288633,40781
288634,48415
288635,60418
288636,40000
288637,52242
288638,42780
288639,40000
288640,58886
288641,40000
288642,59852
288643,44855
288644,40000
288645,53032
288646,97653
288647,53368
288648,55189
288649,47348
288650,60283
288651,60254
288652,40000
288653,65851
288654,47493
288655,51188
288656,49641
288657,45445
288658,91922
288659,42028
288660,43238
288661,60443
288662,40000
288663,50751
288664,92099
288665,48607
288666,40000
288667,40000
288668,42367
288669,68085
288670,40000
288671,42611
288672,58870
288673,60602
288674,40578
288675,40000
288676,40000
288677,65178
288678,59135
288679,40000
288680,49631
288681,40000
288682,41111
288683,73089
288684,69459
288685,40000
288686,40000
288687,55000
288688,59644
288689,66302
288690,40000
288691,61595
288692,40918
288693,56341
288694,78039
288695,42101
288696,46597
288697,50893
288698,40000
288699,60783
288700,42036
288701,49756
288702,53172
288703,42716
288704,40000
288705,55622
288706,88179
288707,57137
288708,50849
288709,40000
288710,40000
288711,40000
288712,40000
288713,40000
288714,41790
288715,40000
288716,56082
288717,40000
288718,40000
288719,57193
288720,43654
288721,73514
288722,75199
288723,53851
288724,61506
288725,40721
288726,40000
288727,40000
288728,59585
288729,86320
288730,46794
288731,62975
288732,47812
288733,66548
288734,40000
288735,40971
288736,47113
288737,56145
288738,63758
288739,56345
288740,40000
288741,47613
288742,67463
288743,53588
288744,40000
288745,48389
288746,44538
288747,81840
288748,43100
288749,61140
288750,72010
288751,55062
288752,55559
288753,70921
288754,49730
288755,40000
288756,68918
288757,61562
288758,53972
288759,65334
288760,69317
288761,59048
288762,58043
288763,48957
288764,40000
288765,40000
288766,47596
288767,60862
288768,40000
288769,40000
288770,40000
288771,40000
288772,73548
288773,44396
288774,40000
288775,63043
288776,69983
288777,49194
288778,40000
288779,42904
288780,71821
288781,93767
288782,61048
288783,57159
288784,40000
288785,56125
288786,40000
288787,63315
288788,40000
288789,53608
288790,80849
288791,40000
288792,62006
288793,65287
288794,84077
288795,44539
288796,62162
288797,65197
288798,40000
288799,40000
288800,40000
288801,91680
288802,87300
288803,45812
288804,63881
288805,50124
288806,68197
288807,63763
288808,42613
288809,58786
288810,43830
288811,40000
288812,56577
288813,65320
288814,66777
288815,46984
288816,42141
288817,65441
288818,48334
288819,78595
288820,40000
288821,69254
288822,45683
288823,55611
288824,49574
288825,49733
288826,58860
288827,67640
288828,62789
288829,40000
288830,60355
288831,92999
288832,40000
288833,49420
288834,40000
288835,62871
288836,75047
288837,67085
288838,41555
288839,54182
288840,59631
288841,45476
288842,50533
288843,40000
288844,47206
288845,70671
288846,84085
288847,57450
288848,66178
288849,40000
288850,46375
288851,40000
288852,62827
288853,55037
288854,66242
288855,51292
288856,40000
288857,43506
288858,40000
288859,50500
288860,40000
288861,40000
288862,44440
288863,65378
288864,55075
288865,40000
288866,56891
288867,55412
288868,60233
288869,40000
288870,61240
288871,43892
288872,48116
288873,74842
288874,42982
288875,55490
288876,40000
288877,46802
288878,77163
288879,40000
288880,46969
288881,60386
288882,62379
288883,62108
288884,72509
288885,73333
288886,40000
288887,40000
288888,48907
288889,40000
288890,51756
288891,40000
288892,40000
288893,40000
288894,52388
288895,40000
288896,44197
288897,56936
288898,44025
288899,76461
288900,49657
288901,59370
288902,40000
288903,95708
288904,44063
288905,50971
288906,50022
288907,64351
288908,40000
288909,52634
288910,44010
288911,40675
288912,64215
288913,62197
288914,51095
288915,86721
288916,40000
288917,49755
288918,56596
288919,48456
288920,52622
288921,51721
288922,40000
288923,40000
288924,47356
288925,66941
288926,55569
288927,66082
288928,70771
288929,67951
288930,45088
288931,74659
288932,53039
288933,63224
288934,60230
288935,40000
288936,50946
288937,40000
288938,79782
288939,64217
288940,48824
288941,40000
288942,41094
288943,40000
288944,43126
288945,64385
288946,58307
288947,40000
288948,40000
288949,46571
288950,49722
288951,41416
288952,40000
288953,57701
288954,40000
288955,44755
288956,40000
288957,40000
288958,40000
288959,59965
288960,83737
288961,49842
288962,40000
288963,40000
288964,40000
288965,42870
288966,53415
288967,80743
288968,40000
288969,69656
288970,64684
288971,59698
288972,40759
288973,81828
288974,40000
288975,40000
288976,52564
288977,40000
288978,80997
288979,40000
288980,64181
288981,40000
288982,40000
288983,40000
288984,89832
288985,40000
288986,56681
288987,40000
288988,67575
288989,40000
288990,56793
288991,40000
288992,43632
288993,40000
288994,40000
288995,40000
288996,40830
288997,54902
288998,40000
288999,57950
289000,53056
289001,50201
289002,59073
289003,70955
289004,70386
289005,40000
289006,40000
289007,54069
289008,50636
289009,40000
289010,40000
289011,53078
289012,40000
289013,56399
289014,40000
289015,59420
289016,42515
289017,61562
289018,69907
289019,68253
289020,59578
289021,51167
289022,52490
289023,51372
289024,40000
289025,50874
289026,40000
289027,40000
289028,46690
289029,45882
289030,84081
289031,40000
289032,70834
289033,63407
289034,40000
289035,53065
289036,40000
289037,40000
289038,40000
289039,49379
289040,40000
289041,57436
289042,40000
289043,40000
289044,64676
289045,52208
289046,40000
289047,40000
289048,61191
289049,67479
289050,78715
289051,63824
289052,41003
289053,40000
289054,40000
289055,45215
289056,40000
289057,68793
289058,41063
289059,90738
289060,40676
289061,75516
289062,44888
289063,40000
289064,94571
289065,66745
289066,40000
289067,64000
289068,75563
289069,64311
289070,50822
289071,40000
289072,40000
289073,64958
289074,40000
289075,79657
289076,67263
289077,71626
289078,40000
289079,40000
289080,75433
289081,77219
289082,91632
289083,76837
289084,79403
289085,40000
289086,41842
289087,50867
289088,76232
289089,46266
289090,40000
289091,87135
289092,40000
289093,40000
289094,40000
289095,51150
289096,60626
289097,40000
289098,54002
289099,40000
289100,40846
289101,69019
289102,49129
289103,53723
289104,47904
289105,40000
289106,52038
289107,74950
289108,46511
289109,63288
289110,40000
289111,52899
289112,52430
289113,40000
289114,52427
289115,40000
289116,40000
289117,40000
289118,40000
289119,44074
289120,51855
289121,68738
289122,40000
289123,65717
289124,42642
289125,42766
289126,40000
289127,40000
289128,66295
289129,40000
289130,77450
289131,50602
289132,40000
289133,41529
289134,42471
289135,40000
289136,51242
289137,68617
289138,81968
289139,46662
289140,56026
289141,60894
289142,57976
289143,47006
289144,54106
289145,46786
289146,63684
289147,40000
289148,40000
289149,40000
289150,52003
289151,84088
289152,46565
289153,40000
289154,48385
289155,43682
289156,73589
289157,60838
289158,47068
289159,40588
289160,57024
289161,40000
289162,48781
289163,63553
289164,60973
289165,56321
289166,69610
289167,40000
289168,51690
289169,57053
289170,52890
289171,51002
289172,74986
289173,40000
289174,40000
289175,40000
289176,40000
289177,40819
289178,40000
289179,67143
289180,56235
289181,56421
289182,40000
289183,40000
289184,58665
289185,40000
289186,40671
289187,40000
289188,63085
289189,40000
289190,68896
289191,66333
289192,62498
289193,40000
289194,40887
289195,48118
289196,40000
289197,40774
289198,66151
289199,70990
289200,40000
289201,50735
289202,42167
289203,58316
289204,40000
289205,47855
289206,59125
289207,40000
289208,40000
289209,50339
289210,40000
289211,55612
289212,53602
289213,83091
289214,85096
289215,47291
289216,40000
289217,68849
289218,49646
289219,55942
289220,40000
289221,61185
289222,55862
289223,46929
289224,74036
289225,40000
289226,51857
289227,59899
289228,64153
289229,51560
289230,44604
289231,40000
289232,63640
289233,62657
289234,55221
289235,44328
289236,40000
289237,53533
289238,40000
289239,40000
289240,40000
289241,66812
289242,62530
289243,40816
289244,48743
289245,40000
289246,40000
289247,40000
289248,71989
289249,43981
289250,40000
289251,40000
289252,67149
289253,57463
289254,85066
289255,54536
289256,40000
289257,52908
289258,46808
289259,72782
289260,57048
289261,63068
289262,58907
289263,40000
289264,50853
289265,49215
289266,40000
289267,40000
289268,63509
289269,40000
289270,60562
289271,59130
289272,55917
289273,40000
289274,74509
289275,55420
289276,40000
289277,40868
289278,41925
289279,40000
289280,40000
289281,49268
289282,41760
289283,60584
289284,51388
289285,40000
289286,58168
289287,40000
289288,55433
289289,68959
289290,40000
289291,88135
289292,42525
289293,40000
289294,67143
289295,40000
289296,50160
289297,40000
289298,51934
289299,51925
289300,40000
289301,99290
289302,60515
289303,40000
289304,40000
289305,57395
289306,40000
289307,41807
289308,44081
289309,74667
289310,43669
289311,58299
289312,87727
289313,43319
289314,40000
289315,40000
289316,40000
289317,40000
289318,40000
289319,40258
289320,54114
289321,42179
289322,45735
289323,40000
289324,46837
289325,55091
289326,40000
289327,63283
289328,40000
289329,40000
289330,40000
289331,46222
289332,63300
289333,45173
289334,40000
289335,53957
289336,40231
289337,50059
289338,41860
289339,68715
289340,50586
289341,40000
289342,73833
289343,55174
289344,43824
289345,64044
289346,92174
289347,47400
289348,45670
289349,47659
289350,60111
289351,40000
289352,48705
289353,79157
289354,59598
289355,44036
289356,86567
289357,57385
289358,63536
289359,42076
289360,70415
289361,67425
289362,40000
289363,62686
289364,40000
289365,47303
289366,42568
289367,40000
289368,64304
289369,40880
289370,57749
289371,44882
289372,40000
289373,73978
289374,61118
289375,42858
289376,62084
289377,47270
289378,40000
289379,49402
289380,48019
289381,49828
289382,68314
289383,40655
289384,62161
289385,97539
289386,40000
289387,40000
289388,40000
289389,75763
289390,52330
289391,71206
289392,63169
289393,42508
289394,40000
289395,42381
289396,40000
289397,40000
289398,76838
289399,40000
289400,40000
289401,40000
289402,49198
289403,40000
289404,40000
289405,51492
289406,69868
289407,49756
289408,46767
289409,68953
289410,44486
289411,95184
289412,75436
289413,40000
289414,40000
289415,40000
289416,41061
289417,48044
289418,40000
289419,80321
289420,40000
289421,40358
289422,47729
289423,40000
289424,41805
289425,42875
289426,73416
289427,44970
289428,40000
289429,50450
289430,40000
289431,47858
289432,61235
289433,60477
289434,63006
289435,72885
289436,46375
289437,40000
289438,53383
289439,47575
289440,40000
289441,40000
289442,40000
289443,80520
289444,59627
289445,40000
289446,40000
289447,81897
289448,48748
289449,49060
289450,60106
289451,40303
289452,49940
289453,40000
289454,52363
289455,40000
289456,53456
289457,40000
289458,55230
289459,40000
289460,42455
289461,40000
289462,49974
289463,60528
289464,44355
289465,50827
289466,57544
289467,40000
289468,45449
289469,49110
289470,63732
289471,40000
289472,50706
289473,50085
289474,54536
289475,82517
289476,54081
289477,40000
289478,40000
289479,47820
289480,48336
289481,40000
289482,75066
289483,40000
289484,40000
289485,40000
289486,45812
289487,43984
289488,47562
289489,43582
289490,40000
289491,40000
289492,40000
289493,47930
289494,40000
289495,75296
289496,45222
289497,40000
289498,75696
289499,40000
289500,40000
289501,67326
289502,45538
289503,48005
289504,56623
289505,40000
289506,69447
289507,71683
289508,68792
289509,40000
289510,76149
289511,59966
289512,50637
289513,72198
289514,40000
289515,44227
289516,49285
289517,62332
289518,40000
289519,40000
289520,77257
289521,67569
289522,40000
289523,51627
289524,57469
289525,40000
289526,60672
289527,90236
289528,74550
289529,49007
289530,60502
289531,40000
289532,44103
289533,78912
289534,41755
289535,71479
289536,45461
289537,40000
289538,67026
289539,54277
289540,50601
289541,40000
289542,78875
289543,43332
289544,59705
289545,74116
289546,40000
289547,55249
289548,80056
289549,60555
289550,63778
289551,40072
289552,43156
289553,40000
289554,40000
289555,47116
289556,53363
289557,40000
289558,45071
289559,56776
289560,48327
289561,41968
289562,48830
289563,42349
289564,108192
289565,40000
289566,61220
289567,51381
289568,40000
289569,40000
289570,56184
289571,40000
289572,40000
289573,50889
289574,40975
289575,45081
289576,40000
289577,62594
289578,48706
289579,40000
289580,41405
289581,61151
289582,69861
289583,47979
289584,100836
289585,52097
289586,48382
289587,73940
289588,52605
289589,40462
289590,93529
289591,78348
289592,40000
289593,76670
289594,50451
289595,70466
289596,40000
289597,40000
289598,51828
289599,65753
289600,75134
289601,40000
289602,41935
289603,40000
289604,41588
289605,77873
289606,55305
289607,59389
289608,50493
289609,40000
289610,40000
289611,40000
289612,49660
289613,40000
289614,49403
289615,72226
289616,45720
289617,52123
289618,65763
289619,56561
289620,73767
289621,82282
289622,40000
289623,40000
289624,40000
289625,42578
289626,50421
289627,55977
289628,63135
289629,45119
289630,96846
289631,40000
289632,59746
289633,40000
289634,59432
289635,48202
289636,46723
289637,76636
289638,40000
289639,42412
289640,43833
289641,60045
289642,62610
289643,49479
289644,63232
289645,40000
289646,40000
289647,45865
289648,40000
289649,40000
289650,40000
289651,55827
289652,42509
289653,82872
289654,40000
289655,48472
289656,55337
289657,40000
289658,40000
289659,49793
289660,63385
289661,88638
289662,93388
289663,52929
289664,61706
289665,66944
289666,40000
289667,40000
289668,40000
289669,58903
289670,43496
289671,40000
289672,58792
289673,40000
289674,40000
289675,43493
289676,67494
289677,40000
289678,51535
289679,64787
289680,40000
289681,40000
289682,40000
289683,75549
289684,40000
289685,64505
289686,52696
289687,45390
289688,40000
289689,63361
289690,53589
289691,50810
289692,75059
289693,60622
289694,40000
289695,50298
289696,48516
289697,44456
289698,63509
289699,66747
289700,54180
289701,66096
289702,40998
289703,53285
289704,86269
289705,53461
289706,56183
289707,66553
289708,47837
289709,72698
289710,52536
289711,40000
289712,56948
289713,54651
289714,60809
289715,81878
289716,40000
289717,44421
289718,49233
289719,41436
289720,42304
289721,47512
289722,45493
289723,66047
289724,51724
289725,79038
289726,50090
289727,40000
289728,40000
289729,58491
289730,65528
289731,47107
289732,41702
289733,40044
289734,64425
289735,40000
289736,46958
289737,60969
289738,40000
289739,40000
289740,62547
289741,40000
289742,40000
289743,64462
289744,52942
289745,65558
289746,40000
289747,66466
289748,40000
289749,40000
289750,40000
289751,70374
289752,72806
289753,40855
289754,40000
289755,40000
289756,55071
289757,60326
289758,40622
289759,42043
289760,48794
289761,49850
289762,56293
289763,77316
289764,68346
289765,67710
289766,85598
289767,47545
289768,46666
289769,70735
289770,58626
289771,40000
289772,43942
289773,53407
289774,40000
289775,51463
289776,40000
289777,41656
289778,40000
289779,41731
289780,40000
289781,40000
289782,45387
289783,52830
289784,40000
289785,66592
289786,62493
289787,54487
289788,65428
289789,50437
289790,48603
289791,40000
289792,40000
289793,74479
289794,40000
289795,40000
289796,72567
289797,49169
289798,63078
289799,66945
289800,40000
289801,40000
289802,77145
289803,51271
289804,40000
289805,62063
289806,62843
289807,40000
289808,40000
289809,48601
289810,40000
289811,42633
289812,40000
289813,40464
289814,61384
289815,66686
289816,86989
289817,62945
289818,86411
289819,40000
289820,47936
289821,67726
289822,61781
289823,57393
289824,71934
289825,48409
289826,59802
289827,40000
289828,58596
289829,77948
289830,40000
289831,40000
289832,40000
289833,40000
289834,52014
289835,56631
289836,40000
289837,64154
289838,40000
289839,56617
289840,52704
289841,41470
289842,60762
289843,40000
289844,56582
289845,70524
289846,40000
289847,40000
289848,40000
289849,51899
289850,41741
289851,54533
289852,50712
289853,60893
289854,56911
289855,40000
289856,67009
289857,40000
289858,61023
289859,40000
289860,40000
289861,52592
289862,62028
289863,58574
289864,40000
289865,82079
289866,40000
289867,66974
289868,52953
289869,40000
289870,46927
289871,61765
289872,46072
289873,42865
289874,40000
289875,48427
289876,45585
289877,50652
289878,51966
289879,50453
289880,58022
289881,54173
289882,40000
289883,63614
289884,40000
289885,47928
289886,40000
289887,57934
289888,50829
289889,53765
289890,40000
289891,41455
289892,40000
289893,48147
289894,40000
289895,50347
289896,40000
289897,47121
289898,91990
289899,40000
289900,40000
289901,40000
289902,61750
289903,52641
289904,52209
289905,80824
289906,40000
289907,62681
289908,42420
289909,73997
289910,54654
289911,47397
289912,40000
289913,63825
289914,52436
289915,40319
289916,50218
289917,40000
289918,58932
289919,56727
289920,40224
289921,51235
289922,40000
289923,49786
289924,40000
289925,71739
289926,49432
289927,74578
289928,46352
289929,40000
289930,89926
289931,42168
289932,40076
289933,40000
289934,53824
289935,50617
289936,47679
289937,40000
289938,50437
289939,62110
289940,62009
289941,91843
289942,47424
289943,40000
289944,40000
289945,40000
289946,75220
289947,47870
289948,40000
289949,40000
289950,44981
289951,40344
289952,40000
289953,93760
289954,86899
289955,63340
289956,55575
289957,40000
289958,40000
289959,56116
289960,48679
289961,66418
289962,44904
289963,88908
289964,45666
289965,53331
289966,80023
289967,52681
289968,40672
289969,41385
289970,52910
289971,40000
289972,40000
289973,97447
289974,51200
289975,97416
289976,40000
289977,40000
289978,67933
289979,41600
289980,40000
289981,40000
289982,68211
289983,48886
289984,40092
289985,61603
289986,65872
289987,40000
289988,40000
289989,51238
289990,55915
289991,40000
289992,51357
289993,46656
289994,50256
289995,44946
289996,51568
289997,41815
289998,66336
289999,43818
290000,93002
290001,43735
290002,46351
290003,40000
290004,54459
290005,46785
290006,60153
290007,58027
290008,40000
290009,40000
290010,105995
290011,48002
290012,71168
290013,59449
290014,40000
290015,85658
290016,40000
290017,48771
290018,40000
290019,40000
290020,43412
290021,40000
290022,56395
290023,40000
290024,52601
290025,56893
290026,40000
290027,51325
290028,55166
290029,68396
290030,40000
290031,70333
290032,58404
290033,48509
290034,40000
290035,79421
290036,40000
290037,46360
290038,51160
290039,49037
290040,40000
290041,45354
290042,40000
290043,40000
290044,40000
290045,40923
290046,90815
290047,42613
290048,40000
290049,40000
290050,46022
290051,45911
290052,40000
290053,48251
290054,40000
290055,40000
290056,46966
290057,40000
290058,40000
290059,40864
290060,75932
290061,40000
290062,66211
290063,50927
290064,52601
290065,42458
290066,80176
290067,83080
290068,41343
290069,49716
290070,53255
290071,52277
290072,67385
290073,44271
290074,46416
290075,49861
290076,47568
290077,40000
290078,54047
290079,40000
290080,48708
290081,40000
290082,40000
290083,48147
290084,45577
290085,40000
290086,44159
290087,59591
290088,58774
290089,61383
290090,40000
290091,51782
290092,46988
290093,52932
290094,55077
290095,80365
290096,73451
290097,40000
290098,66327
290099,40000
290100,40000
290101,40308
290102,81437
290103,43367
290104,40000
290105,42007
290106,51963
290107,45675
290108,53918
290109,40000
290110,51074
290111,40000
290112,54666
290113,55101
290114,40000
290115,58517
290116,92741
290117,53427
290118,40000
290119,69906
290120,40000
290121,40000
290122,51889
290123,40000
290124,41897
290125,51722
290126,40000
290127,73596
290128,65502
290129,40000
290130,40000
290131,40000
290132,45062
290133,40000
290134,51095
290135,40000
290136,45939
290137,46249
290138,60472
290139,49250
290140,81380
290141,59779
290142,40000
290143,62471
290144,40000
290145,71267
290146,41913
290147,50058
290148,81017
290149,40000
290150,40000
290151,91913
290152,81883
290153,52528
290154,43011
290155,46279
290156,40000
290157,40000
290158,47017
290159,59291
290160,50338
290161,83257
290162,40479
290163,44364
290164,62076
290165,73682
290166,40000
290167,42251
290168,47835
290169,71064
290170,59878
290171,66777
290172,77835
290173,40000
290174,54196
290175,77948
290176,40000
290177,40000
290178,40929
290179,40000
290180,54121
290181,44949
290182,94945
290183,85973
290184,41375
290185,40000
290186,53980
290187,48642
290188,40000
290189,71279
290190,64811
290191,77259
290192,50964
290193,74056
290194,40000
290195,57604
290196,82708
290197,40811
290198,75389
290199,40000
290200,58778
290201,49085
290202,55543
290203,40000
290204,76744
290205,40000
290206,58091
290207,60582
290208,43262
290209,81129
290210,70659
290211,40000
290212,40000
290213,57374
290214,54877
290215,40000
290216,57536
290217,44101
290218,66941
290219,40000
290220,70956
290221,67004
290222,62260
290223,77935
290224,47132
290225,45819
290226,40000
290227,63795
290228,40000
290229,68547
290230,40000
290231,48551
290232,40000
290233,74264
290234,40000
290235,82901
290236,96823
290237,53723
290238,77944
290239,68966
290240,57890
290241,40000
290242,53299
290243,50188
290244,73192
290245,43003
290246,78330
290247,53737
290248,63938
290249,76990
290250,40000
290251,40000
290252,58086
290253,51091
290254,48073
290255,48940
290256,40000
290257,53721
290258,64308
290259,87371
290260,74623
290261,40952
290262,40000
290263,40000
290264,40000
290265,40000
290266,40000
290267,40000
290268,40000
290269,86337
290270,89663
290271,43150
290272,72399
290273,40000
290274,49365
290275,66717
290276,49141
290277,40000
290278,51109
290279,77480
290280,92962
290281,40000
290282,62218
290283,41101
290284,52459
290285,40000
290286,65691
290287,40000
290288,67203
290289,40000
290290,94272
290291,62273
290292,71105
290293,66912
290294,62789
290295,52486
290296,41749
290297,49655
290298,40000
290299,58565
290300,40000
290301,40000
290302,40000
290303,40000
290304,64894
290305,40000
290306,54217
290307,41901
290308,73868
290309,63864
290310,60857
290311,47934
290312,40000
290313,48189
290314,40000
290315,40000
290316,58535
290317,79110
290318,63718
290319,62482
290320,40000
290321,40000
290322,44464
290323,53308
290324,41318
290325,44823
290326,46493
290327,56628
290328,40000
290329,107036
290330,40000
290331,62364
290332,40000
290333,51856
290334,40000
290335,57558
290336,40000
290337,55913
290338,48829
290339,40000
290340,40000
290341,40000
290342,40000
290343,40000
290344,40000
290345,58147
290346,74449
290347,40000
290348,40000
290349,80373
290350,40000
290351,51881
290352,49729
290353,50207
290354,40000
290355,47217
290356,41198
290357,77802
290358,48533
290359,40000
290360,40000
290361,58769
290362,77086
290363,40000
290364,74813
290365,65310
290366,47575
290367,40000
290368,67538
290369,40000
290370,41384
290371,55074
290372,40000
290373,56564
290374,40000
290375,40000
290376,76767
290377,51039
290378,40000
290379,69428
290380,52979
290381,40000
290382,69017
290383,64953
290384,61680
290385,40000
290386,62137
290387,62095
290388,40000
290389,80119
290390,40000
290391,78915
290392,51755
290393,40000
290394,69466
290395,57331
290396,40000
290397,51335
290398,44645
290399,66620
290400,40000
290401,48088
290402,72436
290403,60960
290404,45726
290405,57813
290406,58174
290407,40000
290408,64659
290409,40000
290410,52975
290411,71093
290412,44136
290413,52647
290414,40000
290415,54379
290416,50236
290417,55337
290418,53129
290419,65386
290420,52074
290421,46069
290422,40000
290423,49747
290424,45211
290425,71162
290426,84039
290427,54554
290428,92505
290429,41441
290430,45917
290431,71082
290432,43267
290433,84008
290434,60216
290435,53320
290436,74258
290437,48462
290438,40000
290439,68816
290440,59093
290441,91982
290442,84918
290443,83594
290444,40000
290445,52932
290446,40000
290447,55400
290448,68468
290449,40000
290450,40000
290451,46759
290452,40000
290453,52230
290454,40000
290455,43612
290456,54819
290457,40000
290458,40000
290459,41635
290460,54077
290461,51560
290462,59507
290463,82281
290464,43535
290465,62354
290466,41332
290467,47812
290468,41950
290469,75157
290470,40000
290471,62927
290472,69129
290473,44455
290474,51494
290475,40000
290476,40000
290477,90799
290478,54683
290479,64924
290480,40000
290481,71898
290482,40000
290483,40000
290484,40000
290485,56598
290486,40000
290487,63199
290488,73921
290489,58596
290490,40000
290491,59366
290492,82078
290493,51637
290494,64529
290495,40000
290496,57481
290497,46252
290498,40000
290499,40000
290500,71475
290501,53432
290502,50350
290503,46452
290504,79853
290505,56037
290506,57769
290507,55002
290508,73960
290509,40000
290510,54292
290511,40000
290512,40000
290513,62229
290514,40000
290515,47301
290516,41475
290517,40000
290518,47422
290519,41575
290520,49092
290521,40000
290522,40000
290523,52960
290524,47472
290525,69646
290526,53573
290527,75758
290528,40000
290529,40000
290530,40000
290531,67386
290532,40000
290533,40000
290534,47432
290535,56017
290536,40000
290537,77461
290538,55237
290539,53837
290540,48677
290541,40000
290542,48148
290543,59812
290544,43677
290545,40909
290546,58265
290547,47860
290548,65890
290549,61291
290550,84441
290551,40000
290552,61285
290553,49005
290554,40000
290555,40000
290556,43155
290557,62098
290558,40000
290559,62779
290560,40000
290561,46778
290562,40000
290563,40000
290564,82673
290565,53481
290566,59085
290567,40000
290568,45080
290569,65561
290570,57286
290571,40000
290572,40000
290573,62153
290574,59990
290575,76558
290576,57813
290577,40000
290578,48221
290579,58273
290580,45183
290581,40000
290582,49384
290583,40000
290584,40000
290585,78453
290586,100375
290587,40000
290588,40000
290589,93485
290590,40000
290591,40000
290592,56901
290593,40000
290594,48781
290595,41324
290596,40000
290597,75284
290598,65583
290599,40000
290600,43383
290601,46398
290602,40614
290603,47460
290604,65282
290605,44792
290606,40000
290607,43048
290608,40000
290609,87808
290610,40000
290611,64147
290612,48628
290613,40000
290614,40000
290615,76143
290616,56601
290617,62458
290618,40000
290619,80187
290620,45715
290621,51673
290622,45249
290623,48028
290624,40000
290625,51013
290626,40000
290627,52729
290628,40000
290629,45010
290630,62545
290631,49695
290632,40000
290633,47123
290634,66259
290635,44235
290636,73854
290637,44721
290638,40000
290639,56234
290640,40000
290641,40000
290642,40000
290643,54985
290644,40000
290645,40000
290646,77725
290647,49369
290648,40000
290649,40000
290650,40000
290651,70215
290652,79095
290653,57544
290654,55303
290655,45754
290656,42942
290657,49608
290658,53923
290659,63264
290660,40000
290661,40000
290662,71770
290663,52305
290664,85882
290665,40000
290666,40000
290667,88457
290668,70139
290669,56645
290670,47412
290671,52483
290672,40000
290673,52263
290674,40000
290675,60703
290676,40000
290677,40000
290678,44218
290679,63991
290680,40000
290681,40000
290682,40434
290683,68960
290684,40000
290685,48954
290686,48048
290687,52659
290688,40000
290689,46995
290690,40000
290691,70987
290692,47993
290693,53697
290694,66248
290695,46825
290696,41223
290697,50110
290698,72990
290699,71871
290700,44386
290701,61108
290702,64537
290703,69385
290704,40000
290705,67503
290706,60499
290707,70100
290708,40000
290709,48527
290710,70861
290711,55884
290712,40130
290713,53021
290714,83552
290715,40000
290716,45429
290717,61000
290718,51770
290719,40657
290720,40000
290721,40000
290722,48233
290723,52449
290724,78788
290725,42899
290726,50426
290727,40000
290728,40000
290729,40000
290730,42110
290731,72629
290732,66889
290733,40000
290734,90037
290735,49252
290736,62121
290737,89636
290738,76418
290739,40000
290740,51369
290741,40000
290742,49280
290743,43909
290744,40000
290745,57976
290746,90744
290747,40000
290748,40000
290749,63409
290750,40000
290751,49985
290752,66403
290753,94922
290754,40000
290755,40000
290756,65196
290757,80506
290758,55096
290759,67918
290760,55570
290761,57878
290762,51027
290763,48251
290764,47293
290765,40000
290766,40000
290767,40000
290768,40000
290769,44580
290770,40000
290771,44488
290772,61179
290773,49056
290774,61242
290775,64826
290776,40000
290777,40000
290778,46949
290779,74620
290780,40000
290781,40000
290782,45338
290783,42031
290784,61558
290785,61179
290786,69592
290787,53631
290788,78059
290789,106109
290790,40355
290791,95233
290792,40000
290793,43813
290794,50438
290795,68734
290796,64766
290797,48650
290798,40897
290799,49039
290800,87760
290801,40000
290802,41100
290803,40138
290804,40000
290805,40000
290806,56095
290807,40000
290808,40000
290809,66433
290810,40000
290811,59408
290812,40199
290813,51516
290814,63785
290815,46009
290816,87911
290817,47841
290818,52337
290819,40000
290820,40000
290821,104981
290822,40000
290823,52901
290824,40000
290825,56410
290826,40000
290827,40000
290828,40000
290829,44420
290830,40000
290831,40000
290832,40000
290833,44627
290834,43846
290835,75683
290836,40000
290837,46271
290838,52619
290839,75651
290840,40201
290841,40000
290842,69185
290843,46365
290844,40000
290845,56910
290846,40000
290847,40000
290848,54464
290849,47529
290850,51853
290851,76545
290852,42340
290853,49681
290854,40000
290855,62602
290856,81198
290857,60162
290858,61894
290859,53026
290860,51674
290861,66228
290862,40000
290863,67934
290864,40000
290865,54577
290866,56979
290867,42030
290868,46469
290869,53770
290870,56476
290871,63222
290872,74501
290873,40000
290874,40000
290875,80467
290876,40000
290877,60953
290878,46255
290879,69825
290880,40000
290881,40000
290882,40000
290883,40000
290884,40000
290885,40777
290886,40264
290887,40000
290888,42460
290889,47829
290890,81714
290891,40000
290892,63298
290893,82611
290894,54040
290895,40000
290896,58720
290897,95131
290898,66662
290899,48249
290900,40000
290901,49876
290902,58818
290903,71557
290904,40364
290905,40000
290906,50431
290907,63445
290908,73291
290909,50916
290910,40000
290911,49768
290912,40000
290913,62172
290914,55268
290915,40000
290916,80506
290917,40000
290918,71734
290919,49466
290920,40000
290921,53617
290922,50412
290923,86157
290924,83191
290925,53279
290926,40985
290927,47390
290928,56518
290929,57742
290930,40000
290931,79445
290932,40000
290933,40000
290934,40000
290935,74922
290936,72394
290937,40000
290938,66765
290939,75753
290940,42683
290941,40000
290942,62950
290943,70722
290944,50503
290945,40000
290946,72590
290947,40000
290948,56889
290949,54190
290950,40000
290951,69685
290952,85205
290953,40000
290954,40000
290955,40000
290956,44183
290957,40000
290958,40000
290959,51228
290960,40000
290961,49977
290962,60168
290963,61022
290964,61334
290965,49309
290966,44074
290967,40000
290968,40000
290969,40000
290970,69051
290971,60942
290972,43844
290973,40000
290974,59588
290975,40969
290976,66594
290977,40000
290978,40000
290979,40000
290980,51055
290981,40000
290982,48818
290983,40000
290984,52189
290985,45260
290986,40000
290987,47155
290988,52517
290989,49078
290990,54912
290991,40000
290992,40000
290993,65215
290994,73054
290995,57732
290996,47097
290997,40000
290998,40000
290999,81611
291000,55204
291001,40000
291002,46055
291003,55265
291004,40881
291005,74608
291006,40000
291007,84624
291008,50982
291009,46275
291010,40000
291011,60610
291012,68573
291013,40000
291014,40000
291015,40000
291016,50380
291017,40000
291018,61712
291019,40000
291020,41088
291021,55082
291022,47233
291023,71997
291024,40000
291025,40000
291026,53972
291027,44832
291028,77922
291029,62534
291030,40000
291031,54999
291032,46725
291033,42291
291034,62825
291035,48033
291036,40000
291037,50189
291038,42127
291039,40000
291040,70227
291041,69292
291042,58933
291043,40000
291044,75172
291045,43707
291046,47861
291047,50928
291048,58626
291049,79151
291050,61362
291051,67363
291052,40000
291053,40000
291054,47428
291055,94935
291056,70213
291057,40000
291058,40000
291059,41931
291060,48037
291061,40638
291062,40252
291063,52351
291064,46142
291065,81737
291066,64341
291067,40000
291068,66344
291069,52795
291070,70529
291071,40000
291072,103732
291073,40000
291074,52314
291075,40000
291076,76179
291077,41376
291078,40000
291079,40000
291080,45292
291081,43646
291082,46770
291083,40000
291084,40000
291085,76719
291086,40000
291087,40000
291088,40000
291089,53545
291090,45465
291091,40000
291092,48026
291093,40000
291094,68810
291095,40000
291096,40000
291097,40000
291098,40000
291099,58215
291100,40000
291101,59259
291102,63707
291103,40000
291104,40000
291105,40000
291106,55964
291107,40000
291108,59399
291109,40000
291110,46042
291111,58409
291112,64918
291113,40613
291114,80907
291115,40000
291116,47549
291117,40000
291118,76948
291119,69286
291120,90835
291121,47867
291122,46874
291123,79579
291124,85424
291125,40000
291126,40000
291127,56321
291128,56507
291129,40000
291130,53636
291131,40000
291132,82952
291133,63592
291134,41609
291135,60631
291136,40000
291137,47065
291138,40000
291139,54674
291140,63995
291141,57229
291142,43567
291143,69076
291144,64355
291145,46287
291146,44316
291147,40000
291148,53858
291149,50685
291150,70575
291151,67126
291152,40000
291153,55149
291154,91413
291155,50651
291156,81337
291157,77582
291158,72729
291159,40000
291160,53593
291161,40000
291162,51969
291163,84047
291164,40000
291165,49813
291166,40000
291167,40000
291168,40000
291169,63395
291170,45911
291171,43962
291172,40000
291173,45209
291174,40000
291175,77592
291176,40000
291177,43953
291178,54194
291179,49678
291180,43130
291181,40000
291182,44887
291183,77624
291184,40000
291185,65431
291186,66216
291187,53631
291188,40000
291189,57774
291190,40000
291191,59241
291192,48833
291193,40000
291194,55715
291195,40000
291196,61687
291197,73258
291198,51939
291199,45276
291200,44594
291201,51117
291202,46834
291203,40000
291204,51469
291205,81584
291206,40000
291207,40000
291208,69419
291209,54349
291210,68767
291211,73928
291212,40000
291213,40000
291214,45842
291215,44697
291216,48123
291217,62251
291218,57510
291219,98926
291220,51567
291221,40000
291222,49334
291223,42235
291224,45299
291225,83212
291226,59159
291227,53219
291228,40000
291229,40000
291230,44357
291231,79338
291232,69340
291233,54072
291234,63502
291235,40000
291236,53497
291237,40000
291238,42782
291239,53640
291240,40000
291241,40000
291242,69057
291243,40000
291244,78155
291245,90800
291246,42185
291247,83335
291248,40000
291249,40000
291250,40000
291251,52227
291252,67278
291253,68870
291254,56169
291255,76664
291256,78845
291257,49000
291258,40000
291259,40000
291260,40000
291261,63123
291262,47521
291263,40000
291264,40000
291265,75076
291266,40794
291267,62245
291268,40000
291269,51163
291270,40000
291271,61418
291272,63568
291273,51222
291274,40000
291275,68406
291276,62635
291277,52153
291278,40000
291279,64698
291280,40000
291281,40000
291282,54448
291283,40000
291284,40871
291285,64243
291286,51808
291287,78455
291288,50100
291289,52749
291290,51011
291291,77544
291292,40000
291293,40000
291294,65096
291295,60339
291296,40000
291297,40000
291298,40000
291299,55410
291300,54232
291301,40000
291302,40000
291303,60214
291304,40000
291305,49172
291306,80155
291307,43825
291308,40000
291309,45976
291310,41151
291311,66384
291312,40000
291313,77665
291314,62914
291315,55984
291316,49882
291317,79510
291318,48491
291319,62992
291320,42658
291321,47336
291322,52560
291323,74569
291324,40000
291325,63691
291326,46705
291327,40000
291328,40000
291329,40000
291330,56724
291331,40000
291332,40000
291333,75328
291334,40000
291335,48947
291336,56619
291337,53071
291338,92027
291339,71513
291340,67720
291341,46439
291342,61132
291343,66512
291344,45922
291345,42706
291346,40000
291347,81419
291348,40000
291349,41067
291350,51424
291351,42400
291352,55697
291353,81358
291354,67520
291355,49781
291356,75354
291357,67621
291358,40000
291359,76015
291360,58532
291361,50029
291362,45490
291363,58847
291364,41349
291365,78822
291366,72832
291367,46902
291368,81878
291369,42587
291370,40020
291371,68925
291372,92709
291373,58567
291374,40000
291375,60310
291376,40000
291377,53102
291378,66386
291379,68192
291380,96182
291381,40000
291382,50289
291383,49031
291384,56950
291385,84404
291386,40000
291387,70957
291388,40000
291389,67626
291390,53507
291391,45017
291392,59074
291393,75683
291394,40000
291395,66637
291396,68420
291397,40000
291398,40006
291399,40000
291400,40000
291401,50350
291402,40000
291403,40000
291404,41349
291405,70499
291406,63157
291407,74764
291408,45378
291409,60316
291410,44516
291411,57365
291412,40000
291413,67377
291414,87608
291415,62935
291416,79106
291417,40000
291418,40000
291419,63902
291420,40000
291421,77974
291422,40000
291423,49643
291424,63792
291425,49282
291426,40000
291427,40000
291428,48784
291429,42614
291430,64272
291431,40000
291432,40000
291433,52315
291434,51474
291435,47395
291436,43622
291437,40000
291438,41552
291439,47881
291440,47352
291441,52311
291442,41567
291443,58265
291444,40000
291445,83324
291446,40000
291447,62146
291448,54705
291449,59023
291450,40000
291451,50056
291452,54795
291453,40000
291454,43977
291455,40000
291456,41084
291457,43405
291458,48466
291459,40547
291460,71350
291461,40000
291462,64456
291463,41789
291464,49323
291465,40000
291466,60110
291467,48233
291468,67059
291469,50887
291470,45807
291471,54627
291472,65385
291473,52689
291474,52933
291475,55079
291476,68503
291477,51710
291478,47062
291479,42110
291480,94536
291481,40000
291482,42546
291483,70189
291484,40000
291485,57005
291486,40000
291487,72241
291488,40000
291489,52772
291490,51608
291491,40000
291492,54434
291493,40000
291494,51801
291495,53395
291496,40000
291497,52604
291498,56929
291499,57315
291500,40000
291501,64477
291502,96337
291503,40000
291504,44852
291505,40995
291506,48240
291507,76765
291508,94430
291509,68152
291510,49685
291511,61244
291512,71492
291513,40000
291514,40000
291515,101361
291516,71104
291517,40000
291518,57691
291519,60630
291520,40000
291521,76737
291522,73321
291523,55956
291524,79006
291525,46576
291526,50381
291527,71545
291528,40000
291529,40000
291530,65902
291531,73308
291532,40000
291533,56877
291534,70586
291535,40000
291536,45499
291537,57565
291538,40000
291539,60006
291540,57538
291541,40000
291542,50256
291543,64799
291544,46330
291545,40000
291546,54536
291547,49170
291548,41663
291549,72471
291550,48173
291551,72018
291552,40000
291553,40000
291554,44534
291555,49394
291556,40000
291557,51492
291558,40000
291559,40000
291560,63302
291561,40000
291562,40000
291563,58520
291564,46370
291565,46844
291566,40000
291567,49342
291568,61338
291569,46075
291570,67043
291571,50404
291572,40000
291573,40000
291574,43798
291575,40000
291576,59388
291577,40000
291578,61001
291579,42088
291580,40000
291581,40971
291582,52859
291583,40000
291584,40000
291585,40000
291586,40000
291587,68836
291588,80256
291589,48589
291590,40000
291591,88887
291592,40000
291593,63067
291594,47358
291595,72802
291596,40000
291597,40000
291598,51066
291599,53550
291600,68339
291601,57594
291602,47448
291603,73267
291604,49408
291605,51964
291606,83097
291607,43322
291608,40000
291609,69564
291610,40000
291611,42678
291612,40000
291613,52419
291614,55612
291615,48492
291616,45043
291617,46180
291618,43014
291619,40000
291620,40000
291621,53018
291622,40000
291623,40000
291624,84016
291625,40000
291626,40000
291627,58760
291628,40000
291629,81279
291630,52705
291631,40000
291632,40000
291633,58337
291634,60039
291635,48657
291636,40534
291637,40000
291638,40000
291639,60549
291640,40000
291641,45159
291642,40784
291643,53787
291644,64113
291645,40000
291646,60178
291647,66113
291648,57096
291649,83556
291650,48442
291651,52792
291652,64566
291653,74431
291654,56396
291655,62873
291656,40000
291657,60526
291658,50523
291659,51935
291660,40000
291661,89329
291662,40000
291663,57827
291664,75220
291665,48718
291666,40000
291667,40000
291668,40000
291669,59691
291670,48904
291671,77751
291672,49379
291673,95741
291674,49487
291675,40000
291676,48474
291677,87222
291678,74281
291679,72188
291680,68324
291681,44903
291682,40000
291683,59948
291684,59477
291685,40000
291686,70560
291687,54662
291688,40000
291689,82202
291690,40000
291691,40000
291692,40000
291693,60387
291694,87608
291695,40000
291696,40000
291697,71006
291698,62336
291699,40000
291700,40000
291701,43275
291702,54854
291703,40000
291704,50386
291705,49258
291706,66677
291707,47855
291708,43656
291709,43940
291710,40000
291711,61282
291712,62505
291713,43746
291714,47081
291715,58583
291716,45657
291717,40000
291718,57413
291719,45088
291720,100888
291721,40000
291722,56102
291723,40000
291724,47441
291725,40000
291726,44021
291727,67089
291728,64032
291729,54352
291730,40000
291731,40000
291732,61457
291733,40000
291734,46929
291735,66459
291736,71388
291737,65185
291738,43926
291739,40000
291740,46781
291741,40000
291742,40000
291743,56020
291744,59618
291745,40000
291746,40000
291747,47503
291748,40000
291749,73222
291750,40000
291751,40000
291752,50556
291753,69271
291754,40000
291755,40649
291756,40000
291757,60841
291758,43674
291759,46500
291760,40000
291761,40000
291762,40000
291763,65394
291764,51926
291765,40000
291766,52285
291767,62069
291768,40000
291769,40000
291770,46919
291771,57875
291772,40000
291773,47504
291774,103731
291775,40000
291776,101933
291777,40000
291778,40000
291779,60722
291780,55143
291781,67175
291782,54605
291783,40000
291784,60509
291785,73092
291786,65567
291787,49637
291788,78336
291789,41053
291790,40000
291791,57773
291792,65000
291793,43258
291794,50271
291795,49873
291796,60159
291797,48797
291798,40328
291799,40087
291800,42079
291801,48614
291802,40000
291803,40000
291804,40000
291805,67835
291806,40000
291807,56272
291808,40000
291809,67179
291810,40000
291811,51004
291812,59998
291813,55640
291814,53398
291815,40000
291816,40000
291817,40000
291818,54423
291819,40000
291820,58937
291821,50220
291822,48658
291823,51843
291824,60654
291825,100543
291826,88116
291827,48456
291828,40000
291829,40000
291830,40000
291831,55513
291832,92732
291833,56460
291834,85745
291835,70117
291836,40000
291837,42703
291838,59806
291839,76729
291840,40000
291841,40000
291842,76230
291843,51906
291844,53623
291845,40182
291846,59274
291847,89487
291848,55373
291849,40000
291850,64216
291851,94023
291852,40000
291853,40000
291854,51840
291855,59448
291856,64272
291857,40000
291858,40000
291859,44154
291860,51448
291861,57169
291862,40000
291863,54563
291864,40000
291865,40000
291866,92020
291867,40000
291868,50532
291869,65646
291870,46015
291871,43828
291872,56967
291873,87605
291874,50246
291875,51726
291876,40049
291877,40000
291878,62902
291879,52864
291880,73957
291881,40000
291882,40000
291883,71166
291884,42733
291885,59096
291886,41860
291887,79351
291888,40000
291889,40000
291890,56097
291891,40639
291892,84603
291893,40000
291894,40000
291895,86070
291896,40000
291897,41748
291898,46488
291899,40000
291900,67097
291901,65904
291902,63410
291903,65458
291904,41505
291905,88808
291906,71271
291907,47905
291908,60937
291909,75393
291910,40000
291911,69031
291912,58959
291913,42737
291914,71721
291915,45623
291916,56233
291917,50982
291918,61829
291919,82770
291920,55601
291921,40000
291922,40000
291923,44749
291924,70185
291925,45306
291926,40000
291927,55339
291928,47840
291929,76883
291930,57705
291931,40000
291932,55624
291933,40000
291934,48131
291935,40000
291936,49911
291937,40000
291938,45846
291939,60159
291940,68811
291941,40000
291942,40000
291943,54359
291944,43468
291945,62238
291946,40000
291947,53926
291948,45401
291949,40000
291950,61728
291951,40000
291952,40000
291953,67981
291954,41556
291955,40000
291956,45319
291957,52845
291958,49403
291959,49098
291960,76287
291961,50472
291962,40000
291963,40000
291964,40000
291965,65726
291966,40000
291967,56407
291968,58858
291969,44710
291970,83939
291971,44072
291972,40000
291973,40000
291974,40428
291975,53898
291976,64554
291977,60510
291978,51224
291979,42114
291980,42852
291981,62114
291982,52144
291983,40000
291984,56191
291985,64280
291986,58464
291987,64693
291988,40000
291989,60670
291990,43104
291991,74115
291992,63211
291993,61292
291994,40000
291995,70261
291996,40000
291997,44861
291998,51787
291999,43750
292000,42131
292001,52607
292002,73947
292003,40000
292004,43783
292005,40000
292006,40000
292007,50220
292008,50863
292009,58249
292010,40000
292011,40000
292012,54208
292013,71920
292014,40000
292015,40000
292016,59215
292017,48282
292018,45272
292019,45361
292020,69666
292021,42399
292022,41827
292023,90796
292024,40000
292025,45184
292026,46393
292027,49605
292028,76116
292029,41697
292030,40000
292031,42461
292032,90190
292033,45807
292034,40000
292035,40000
292036,40000
292037,56665
292038,40000
292039,47520
292040,41673
292041,68508
292042,40000
292043,71448
292044,55471
292045,96064
292046,70688
292047,40000
292048,62338
292049,40000
292050,40000
292051,85149
292052,50247
292053,58110
292054,40000
292055,53479
292056,60791
292057,40540
292058,42391
292059,59448
292060,59077
292061,65761
292062,44885
292063,40000
292064,40648
292065,40000
292066,83160
292067,40223
292068,45647
292069,44590
292070,72400
292071,40000
292072,42721
292073,63569
292074,40000
292075,40000
292076,53282
292077,66416
292078,49694
292079,46530
292080,40000
292081,68688
292082,44344
292083,58292
292084,63849
292085,45472
292086,40000
292087,40000
292088,66342
292089,41727
292090,75783
292091,69343
292092,46460
292093,40000
292094,51750
292095,60926
292096,40000
292097,40000
292098,40000
292099,53784
292100,54108
292101,40000
292102,101114
292103,40000
292104,42523
292105,56889
292106,78215
292107,50467
292108,53125
292109,64062
292110,53348
292111,84741
292112,62248
292113,54446
292114,46615
292115,40000
292116,40000
292117,42511
292118,40000
292119,62013
292120,52846
292121,40000
292122,40000
292123,59140
292124,61318
292125,40000
292126,61412
292127,44957
292128,40000
292129,50357
292130,64815
292131,55124
292132,47793
292133,41174
292134,40000
292135,55199
292136,40000
292137,44269
292138,48075
292139,50404
292140,40000
292141,40000
292142,48980
292143,40000
292144,40000
292145,54720
292146,40000
292147,40000
292148,62294
292149,61231
292150,40000
292151,40000
292152,40000
292153,91835
292154,46983
292155,86313
292156,65195
292157,40000
292158,40000
292159,45926
292160,62070
292161,49660
292162,102453
292163,40000
292164,49480
292165,59831
292166,68342
292167,56054
292168,40000
292169,59307
292170,40000
292171,48846
292172,51759
292173,95687
292174,40000
292175,77998
292176,55463
292177,50597
292178,40000
292179,98270
292180,55417
292181,87761
292182,86584
292183,46478
292184,40000
292185,57125
292186,43974
292187,40000
292188,40000
292189,76049
292190,40000
292191,66968
292192,63054
292193,83974
292194,51523
292195,47227
292196,40000
292197,46786
292198,91548
292199,40000
292200,46403
292201,49212
292202,44891
292203,72551
292204,40000
292205,54024
292206,64561
292207,40000
292208,40000
292209,56954
292210,57954
292211,51886
292212,40000
292213,43753
292214,69007
292215,40000
292216,52107
292217,50605
292218,60078
292219,59371
292220,50458
292221,70079
292222,58587
292223,84070
292224,57071
292225,40000
292226,59622
292227,75116
292228,40556
292229,50121
292230,47114
292231,66358
292232,72171
292233,49771
292234,40000
292235,40000
292236,75582
292237,57725
292238,58605
292239,40000
292240,74373
292241,66457
292242,62858
292243,59108
292244,40000
292245,67618
292246,65088
292247,70666
292248,72334
292249,52589
292250,40000
292251,67939
292252,70065
292253,47817
292254,40000
292255,76778
292256,40000
292257,63388
292258,57506
292259,53630
292260,55974
292261,47808
292262,40000
292263,40000
292264,40000
292265,77055
292266,49936
292267,68312
292268,83913
292269,40619
292270,42026
292271,40000
292272,40000
292273,55699
292274,40000
292275,40000
292276,40000
292277,54215
292278,40000
292279,82506
292280,46216
292281,66114
292282,54048
292283,51307
292284,40000
292285,40000
292286,53256
292287,59859
292288,40000
292289,40000
292290,51639
292291,58784
292292,68396
292293,56672
292294,46748
292295,40000
292296,40000
292297,48863
292298,40000
292299,64804
292300,54638
292301,40000
292302,53168
292303,43517
292304,40000
292305,40000
292306,40000
292307,43118
292308,77481
292309,40000
292310,64561
292311,47421
292312,57276
292313,40000
292314,61018
292315,40000
292316,69946
292317,80614
292318,59453
292319,52301
292320,40000
292321,57270
292322,98832
292323,40000
292324,40000
292325,59752
292326,43182
292327,53487
292328,50905
292329,53201
292330,45805
292331,55580
292332,43658
292333,54932
292334,70311
292335,47538
292336,48270
292337,40000
292338,56591
292339,40000
292340,40000
292341,65457
292342,66515
292343,40000
292344,58903
292345,40000
292346,40000
292347,40000
292348,61172
292349,54518
292350,42500
292351,40000
292352,71843
292353,40000
292354,40000
292355,41409
292356,69847
292357,41147
292358,59175
292359,71664
292360,40000
292361,40000
292362,41035
292363,42379
292364,40000
292365,103254
292366,96055
292367,42410
292368,50844
292369,65145
292370,40000
292371,42210
292372,43699
292373,40000
292374,45955
292375,49990
292376,62264
292377,44588
292378,76016
292379,65847
292380,40000
292381,48852
292382,40000
292383,80981
292384,41280
292385,40000
292386,52320
292387,49516
292388,40000
292389,64848
292390,40000
292391,48473
292392,58425
292393,47116
292394,40000
292395,40000
292396,53862
292397,40000
292398,40879
292399,58888
292400,40000
292401,40000
292402,60578
292403,40000
292404,44910
292405,40000
292406,49451
292407,40000
292408,67717
292409,40000
292410,40000
292411,60474
292412,40000
292413,51799
292414,42690
292415,40000
292416,50574
292417,46802
292418,76349
292419,40000
292420,40000
292421,69523
292422,56185
292423,63302
292424,40000
292425,40000
292426,93942
292427,51152
292428,42189
292429,45750
292430,40000
292431,40000
292432,43504
292433,61775
292434,57556
292435,40000
292436,80036
292437,64432
292438,40000
292439,45107
292440,99333
292441,62033
292442,66260
292443,42374
292444,98749
292445,43505
292446,40000
292447,40000
292448,42909
292449,46215
292450,63615
292451,40000
292452,49335
292453,47374
292454,52277
292455,40000
292456,48601
292457,40000
292458,52893
292459,40000
292460,40000
292461,68993
292462,43330
292463,40000
292464,40000
292465,40000
292466,40000
292467,40000
292468,40000
292469,40000
292470,44369
292471,51544
292472,40000
292473,66975
292474,44621
292475,40000
292476,40000
292477,72027
292478,81535
292479,42067
292480,40000
292481,105824
292482,40000
292483,44365
292484,40000
292485,42263
292486,58609
292487,40000
292488,40000
292489,40000
292490,41559
292491,51708
292492,40000
292493,40000
292494,40000
292495,50829
292496,55467
292497,40000
292498,51649
292499,68221
292500,74561
292501,40000
292502,40213
292503,82139
292504,40000
292505,76269
292506,40000
292507,40000
292508,40000
292509,46294
292510,62339
292511,40000
292512,40000
292513,49142
292514,63815
292515,40000
292516,51519
292517,81682
292518,62066
292519,48311
292520,62641
292521,56931
292522,40000
292523,40000
292524,55856
292525,41611
292526,49138
292527,40000
292528,40000
292529,40000
292530,40000
292531,40000
292532,67399
292533,62624
292534,43416
292535,48693
292536,52430
292537,41271
292538,40000
292539,65728
292540,40000
292541,40000
292542,54983
292543,40000
292544,40049
292545,61656
292546,50397
292547,41278
292548,86659
292549,40000
292550,40000
292551,68849
292552,40000
292553,55046
292554,54538
292555,42313
292556,63159
292557,48092
292558,87685
292559,40000
292560,51464
292561,41899
292562,40000
292563,64692
292564,43453
292565,50284
292566,40000
292567,59760
292568,80644
292569,69616
292570,57323
292571,40000
292572,42687
292573,65150
292574,40000
292575,40000
292576,54803
292577,42728
292578,40000
292579,46729
292580,40000
292581,40000
292582,51546
292583,40000
292584,40000
292585,69005
292586,40000
292587,42231
292588,40000
292589,56357
292590,53829
292591,40000
292592,40000
292593,40000
292594,40000
292595,40000
292596,72303
292597,68119
292598,49879
292599,40000
292600,82017
292601,76640
292602,48224
292603,71996
292604,47768
292605,42089
292606,45666
292607,40000
292608,91994
292609,62978
292610,47418
292611,48189
292612,46719
292613,40000
292614,69280
292615,73624
292616,48692
292617,40000
292618,58484
292619,46874
292620,45561
292621,53192
292622,40000
292623,52203
292624,96574
292625,47375
292626,58366
292627,71959
292628,41974
292629,40000
292630,45318
292631,40000
292632,40000
292633,40000
292634,40000
292635,40000
292636,50387
292637,49722
292638,53126
292639,71519
292640,47772
292641,53936
292642,40000
292643,97079
292644,49080
292645,40000
292646,40000
292647,58293
292648,40000
292649,40000
292650,58871
292651,40000
292652,45285
292653,55486
292654,70777
292655,41242
292656,40000
292657,70087
292658,40000
292659,78180
292660,61585
292661,40000
292662,66468
292663,40000
292664,40000
292665,53718
292666,42224
292667,40000
292668,40000
292669,40000
292670,40490
292671,88246
292672,52750
292673,40000
292674,40000
292675,88125
292676,59591
292677,53268
292678,41478
292679,95175
292680,70823
292681,69739
292682,40000
292683,40000
292684,67525
292685,84020
292686,40000
292687,41226
292688,61977
292689,46617
292690,40000
292691,53428
292692,85550
292693,60051
292694,40000
292695,40000
292696,40000
292697,44536
292698,81422
292699,48909
292700,40000
292701,58144
292702,48918
292703,54171
292704,47480
292705,49145
292706,96637
292707,58999
292708,40000
292709,51127
292710,96235
292711,46369
292712,55328
292713,48429
292714,45416
292715,52988
292716,63617
292717,57267
292718,41482
292719,40000
292720,40000
292721,48819
292722,59730
292723,59694
292724,47575
292725,55227
292726,64554
292727,61663
292728,40000
292729,40000
292730,40000
292731,58362
292732,62821
292733,40000
292734,58909
292735,40000
292736,69990
292737,40000
292738,40000
292739,50622
292740,40000
292741,42096
292742,72458
292743,40000
292744,47839
292745,40000
292746,40000
292747,67353
292748,51781
292749,40000
292750,59114
292751,40324
292752,43166
292753,53855
292754,40000
292755,40000
292756,71397
292757,72410
292758,40000
292759,48345
292760,65863
292761,48425
292762,40000
292763,40000
292764,48564
292765,59002
292766,95962
292767,71012
292768,41659
292769,59701
292770,52819
292771,55503
292772,40000
292773,46938
292774,42259
292775,48550
292776,42843
292777,73180
292778,40000
292779,42703
292780,40000
292781,56545
292782,40000
292783,40000
292784,45876
292785,40000
292786,40000
292787,60920
292788,40000
292789,40000
292790,85225
292791,40000
292792,59779
292793,53889
292794,76143
292795,40000
292796,50965
292797,40000
292798,61603
292799,40000
292800,42541
292801,43046
292802,40000
292803,61590
292804,40000
292805,56626
292806,67835
292807,80615
292808,51001
292809,40000
292810,40000
292811,55974
292812,42707
292813,40000
292814,86447
292815,50719
292816,47087
292817,85034
292818,60249
292819,77443
292820,49336
292821,57808
292822,46351
292823,40000
292824,42107
292825,40000
292826,40000
292827,78091
292828,40000
292829,51757
292830,40000
292831,40000
292832,40000
292833,46314
292834,40000
292835,82746
292836,40000
292837,44473
292838,74475
292839,82175
292840,45534
292841,40000
292842,64542
292843,40000
292844,40000
292845,40000
292846,50473
292847,40000
292848,40000
292849,64386
292850,68893
292851,40000
292852,40592
292853,71866
292854,40000
292855,40000
292856,40000
292857,57620
292858,69770
292859,63780
292860,60472
292861,40000
292862,61088
292863,46033
292864,45142
292865,40000
292866,40735
292867,81813
292868,58234
292869,40000
292870,40000
292871,40000
292872,40000
292873,47090
292874,40000
292875,47616
292876,40000
292877,40000
292878,46515
292879,58191
292880,49528
292881,40000
292882,40000
292883,50349
292884,40000
292885,81010
292886,46330
292887,78763
292888,65103
292889,72730
292890,40000
292891,55336
292892,40000
292893,56866
292894,43725
292895,63732
292896,42788
292897,67191
292898,51294
292899,40000
292900,47235
292901,61596
292902,84319
292903,40000
292904,48134
292905,42798
292906,64124
292907,60758
292908,55266
292909,79518
292910,86496
292911,67379
292912,40000
292913,40000
292914,58838
292915,40000
292916,67300
292917,40088
292918,77911
292919,72808
292920,40000
292921,42050
292922,52062
292923,77809
292924,52077
292925,40000
292926,57680
292927,88119
292928,84119
292929,50083
292930,95025
292931,40000
292932,81750
292933,73361
292934,51662
292935,60160
292936,49039
292937,40000
292938,40000
292939,40000
292940,63981
292941,57603
292942,55728
292943,68964
292944,44042
292945,40000
292946,63116
292947,66861
292948,63262
292949,42444
292950,56608
292951,44293
292952,40000
292953,53834
292954,43466
292955,40000
292956,78454
292957,49418
292958,67051
292959,80149
292960,48349
292961,56893
292962,74101
292963,54695
292964,44052
292965,50377
292966,48806
292967,85824
292968,53383
292969,67872
292970,68724
292971,43305
292972,70427
292973,40000
292974,80542
292975,60053
292976,94934
292977,40000
292978,40939
292979,61372
292980,40000
292981,40000
292982,46745
292983,55807
292984,40951
292985,40000
292986,53918
292987,74345
292988,63100
292989,40000
292990,40000
292991,54094
292992,40000
292993,40000
292994,82036
292995,58108
292996,60168
292997,40000
292998,60256
292999,40000
293000,59942
293001,94385
293002,50044
293003,61770
293004,51317
293005,40000
293006,40000
293007,40000
293008,40000
293009,53459
293010,65297
293011,45569
293012,42593
293013,42022
293014,67381
293015,58619
293016,43881
293017,40000
293018,40000
293019,40000
293020,44649
293021,46539
293022,40000
293023,88595
293024,40000
293025,63363
293026,64107
293027,44713
293028,56672
293029,40000
293030,40000
293031,51263
293032,40000
293033,66708
293034,40000
293035,45422
293036,40000
293037,47092
293038,48481
293039,63004
293040,76282
293041,40000
293042,40000
293043,40000
293044,40000
293045,50405
293046,49153
293047,61288
293048,40000
293049,50394
293050,40000
293051,97994
293052,40000
293053,40000
293054,40871
293055,71613
293056,61400
293057,40000
293058,53704
293059,40000
293060,40000
293061,71698
293062,40000
293063,40000
293064,40000
293065,65263
293066,48915
293067,42417
293068,40000
293069,40000
293070,43040
293071,40000
293072,68732
293073,40000
293074,53299
293075,41947
293076,40000
293077,73376
293078,49356
293079,74769
293080,59821
293081,61632
293082,45503
293083,64126
293084,41655
293085,40000
293086,40000
293087,40000
293088,42160
293089,51343
293090,40000
293091,63662
293092,43239
293093,40000
293094,40000
293095,40000
293096,50336
293097,70608
293098,48990
293099,53929
293100,40000
293101,40000
293102,44095
293103,40000
293104,40807
293105,48220
293106,72233
293107,43444
293108,54190
293109,40000
293110,47517
293111,57867
293112,68391
293113,47100
293114,78643
293115,78378
293116,78805
293117,43064
293118,50760
293119,42848
293120,40000
293121,44653
293122,77046
293123,102144
293124,52566
293125,67034
293126,40000
293127,86439
293128,41725
293129,40000
293130,45719
293131,60429
293132,43700
293133,70360
293134,40000
293135,44130
293136,40000
293137,48271
293138,61081
293139,61556
293140,60626
293141,42025
293142,82866
293143,104613
293144,61140
293145,40000
293146,90043
293147,77058
293148,40000
293149,74288
293150,55871
293151,77155
293152,40000
293153,40000
293154,47147
293155,40000
293156,72928
293157,94652
293158,40000
293159,40000
293160,40000
293161,51709
293162,40000
293163,40000
293164,47260
293165,54166
293166,44985
293167,43969
293168,86092
293169,48068
293170,49827
293171,40000
293172,43139
293173,77820
293174,47616
293175,57907
293176,66700
293177,73709
293178,40000
293179,51927
293180,40000
293181,101847
293182,40000
293183,56376
293184,40000
293185,48234
293186,67750
293187,69658
293188,64497
293189,40000
293190,50766
293191,76062
293192,85705
293193,49727
293194,40000
293195,40000
293196,44676
293197,64099
293198,55280
293199,43357
293200,63384
293201,46698
293202,45773
293203,74468
293204,56207
293205,40000
293206,40000
293207,67728
293208,74315
293209,55463
293210,57210
293211,52240
293212,57535
293213,54980
293214,77267
293215,40000
293216,101708
293217,50750
293218,71201
293219,40000
293220,74802
293221,40000
293222,40000
293223,62488
293224,56806
293225,85447
293226,50673
293227,54678
293228,55701
293229,40000
293230,44038
293231,40000
293232,40000
293233,40000
293234,56750
293235,65552
293236,57824
293237,72734
293238,40000
293239,40000
293240,40000
293241,57216
293242,69032
293243,40000
293244,59980
293245,41800
293246,40000
293247,43701
293248,62996
293249,40000
293250,40000
293251,54453
293252,40000
293253,40000
293254,54023
293255,57880
293256,47396
293257,55721
293258,40000
293259,58464
293260,52846
293261,69623
293262,40000
293263,40000
293264,40000
293265,40000
293266,44800
293267,40000
293268,48212
293269,40000
293270,77746
293271,67606
293272,57120
293273,59234
293274,77272
293275,40000
293276,53173
293277,40000
293278,47403
293279,41031
293280,40000
293281,67003
293282,40000
293283,45389
293284,57100
293285,40000
293286,41628
293287,75977
293288,63788
293289,47367
293290,62384
293291,74735
293292,53201
293293,40000
293294,88536
293295,40102
293296,64261
293297,84415
293298,40000
293299,40000
293300,54221
293301,77627
293302,40000
293303,83996
293304,66768
293305,66518
293306,42618
293307,51084
293308,41123
293309,55020
293310,57344
293311,48324
293312,55237
293313,53910
293314,47083
293315,40000
293316,40000
293317,40000
293318,40000
293319,67030
293320,40000
293321,41737
293322,65438
293323,68376
293324,59903
293325,40000
293326,40000
293327,40000
293328,40000
293329,60254
293330,44068
293331,69461
293332,46725
293333,40000
293334,40488
293335,55050
293336,40000
293337,47900
293338,68027
293339,40000
293340,72826
293341,40954
293342,77959
293343,40000
293344,40000
293345,54240
293346,97950
293347,40000
293348,51846
293349,71891
293350,55779
293351,68083
293352,40000
293353,63274
293354,40749
293355,41914
293356,52270
293357,72443
293358,72950
293359,40000
293360,40000
293361,67463
293362,51940
293363,59029
293364,52298
293365,75877
293366,78651
293367,81068
293368,81841
293369,40000
293370,57530
293371,40000
293372,53572
293373,63969
293374,40000
293375,40000
293376,79774
293377,40000
293378,40000
293379,40000
293380,67584
293381,44711
293382,77298
293383,40963
293384,40000
293385,40851
293386,45428
293387,54682
293388,41945
293389,40000
293390,59369
293391,52395
293392,59771
293393,64624
293394,65142
293395,42352
293396,72176
293397,62389
293398,52937
293399,40000
293400,40000
293401,76211
293402,47308
293403,40000
293404,44530
293405,45666
293406,91308
293407,55273
293408,49585
293409,40000
293410,60157
293411,55022
293412,66017
293413,40000
293414,70357
293415,51736
293416,49782
293417,42588
293418,77930
293419,51659
293420,66498
293421,40000
293422,40000
293423,40000
293424,63651
293425,81314
293426,54669
293427,56868
293428,49540
293429,50552
293430,56290
293431,40000
293432,60418
293433,111688
293434,70591
293435,47671
293436,43056
293437,61620
293438,40994
293439,62984
293440,40000
293441,72904
293442,40000
293443,71989
293444,41661
293445,67725
293446,40000
293447,40000
293448,49067
293449,90426
293450,40000
293451,40000
293452,56936
293453,40000
293454,47630
293455,40000
293456,51159
293457,55312
293458,63719
293459,40000
293460,91488
293461,93081
293462,51944
293463,82280
293464,64524
293465,42849
293466,40000
293467,59465
293468,56890
293469,52460
293470,48147
293471,40000
293472,53142
293473,40000
293474,54165
293475,40000
293476,53591
293477,65103
293478,41242
293479,55934
293480,40000
293481,64840
293482,62889
293483,40000
293484,67021
293485,43995
293486,40000
293487,50942
293488,54572
293489,44819
293490,41194
293491,46569
293492,40000
293493,40000
293494,40000
293495,40000
293496,40891
293497,47452
293498,46644
293499,69445
293500,40000
293501,42327
293502,40000
293503,40000
293504,46009
293505,46176
293506,51831
293507,40000
293508,40000
293509,91277
293510,40000
293511,40000
293512,40000
293513,40000
293514,71471
293515,51428
293516,78821
293517,47864
293518,40000
293519,40000
293520,46097
293521,41744
293522,56893
293523,64189
293524,40000
293525,69006
293526,60274
293527,71527
293528,40000
293529,59328
293530,96956
293531,62100
293532,40000
293533,74238
293534,40000
293535,84105
293536,40000
293537,77633
293538,53273
293539,40000
293540,66168
293541,40000
293542,40000
293543,42503
293544,41236
293545,62526
293546,63414
293547,66306
293548,40475
293549,53734
293550,40000
293551,40000
293552,85687
293553,40000
293554,40000
293555,47386
293556,90412
293557,44817
293558,40000
293559,73602
293560,50142
293561,56213
293562,57053
293563,40000
293564,43417
293565,61592
293566,40000
293567,56401
293568,49113
293569,64963
293570,40000
293571,40000
293572,49697
293573,40000
293574,74753
293575,48709
293576,59840
293577,53366
293578,49036
293579,60775
293580,45762
293581,42734
293582,42879
293583,49661
293584,40000
293585,53568
293586,71068
293587,40000
293588,40000
293589,40825
293590,40000
293591,99180
293592,70469
293593,40000
293594,44614
293595,40000
293596,75466
293597,60112
293598,40000
293599,40000
293600,71254
293601,40000
293602,40000
293603,54591
293604,58393
293605,44166
293606,48462
293607,49473
293608,67042
293609,40000
293610,40000
293611,40000
293612,44060
293613,40000
293614,57745
293615,51777
293616,57139
293617,73372
293618,40000
293619,55313
293620,80543
293621,41049
293622,64130
293623,40000
293624,64269
293625,63047
293626,47033
293627,64487
293628,65766
293629,44166
293630,51704
293631,40000
293632,68204
293633,61362
293634,54679
293635,73143
293636,54096
293637,49413
293638,52260
293639,51880
293640,43580
293641,62004
293642,72145
293643,81017
293644,72336
293645,48412
293646,49178
293647,86491
293648,71958
293649,40000
293650,59613
293651,109319
293652,55113
293653,58600
293654,67678
293655,40000
293656,46132
293657,40000
293658,40000
293659,77555
293660,46466
293661,76844
293662,40000
293663,40000
293664,54114
293665,58960
293666,61941
293667,40000
293668,46795
293669,87844
293670,43901
293671,40000
293672,45184
293673,40000
293674,41791
293675,58633
293676,80736
293677,46308
293678,59551
293679,61351
293680,59070
293681,70708
293682,88195
293683,68265
293684,48181
293685,40145
293686,63121
293687,47285
293688,42324
293689,49749
293690,56095
293691,80584
293692,48143
293693,94177
293694,55134
293695,40000
293696,40000
293697,63678
293698,40000
293699,40000
293700,60656
293701,73103
293702,40000
293703,81625
293704,81823
293705,40237
293706,67315
293707,41682
293708,53090
293709,69308
293710,58350
293711,54371
293712,59573
293713,52199
293714,66330
293715,40000
293716,54409
293717,40000
293718,40000
293719,72459
293720,88712
293721,40000
293722,40000
293723,40000
293724,57993
293725,88552
293726,61891
293727,45238
293728,47574
293729,78044
293730,47818
293731,41059
293732,53446
293733,40000
293734,68226
293735,55935
293736,40000
293737,40000
293738,40000
293739,40000
293740,48538
293741,65266
293742,78616
293743,40105
293744,40000
293745,43713
293746,40000
293747,40000
293748,81913
293749,57206
293750,40000
293751,40000
293752,60081
293753,45412
293754,40000
293755,40000
293756,40000
293757,53079
293758,53100
293759,47942
293760,40000
293761,64754
293762,41531
293763,44499
293764,58410
293765,44801
293766,40000
293767,40000
293768,48709
293769,68207
293770,40000
293771,40000
293772,41504
293773,40000
293774,42255
293775,55593
293776,60921
293777,62834
293778,62936
293779,49810
293780,56645
293781,64710
293782,46380
293783,40000
293784,40000
293785,74188
293786,40000
293787,91751
293788,58309
293789,40000
293790,40000
293791,40000
293792,50109
293793,46906
293794,52432
293795,47936
293796,58440
293797,50927
293798,40000
293799,57535
293800,53392
293801,45602
293802,50454
293803,44655
293804,44412
293805,40000
293806,53518
293807,40000
293808,57829
293809,58131
293810,40000
293811,40000
293812,60164
293813,56458
293814,59612
293815,53262
293816,52274
293817,42045
293818,40000
293819,47949
293820,64366
293821,78237
293822,59139
293823,46246
293824,62112
293825,45596
293826,80944
293827,42207
293828,40000
293829,40000
293830,40000
293831,55465
293832,40000
293833,40000
293834,89216
293835,40000
293836,63704
293837,43035
293838,40000
293839,64611
293840,68543
293841,40000
293842,40000
293843,53431
293844,42392
293845,62658
293846,48068
293847,40000
293848,40000
293849,55773
293850,65235
293851,40000
293852,81022
293853,40000
293854,40000
293855,40000
293856,47998
293857,40000
293858,59834
293859,41049
293860,82454
293861,40000
293862,73817
293863,46502
293864,40000
293865,53875
293866,51610
293867,79505
293868,77880
293869,43363
293870,50729
293871,40000
293872,40000
293873,64216
293874,40000
293875,41755
293876,64148
293877,40000
293878,63326
293879,40000
293880,77043
293881,45708
293882,55235
293883,40000
293884,61335
293885,51346
293886,65316
293887,50724
293888,79135
293889,41330
293890,60726
293891,44716
293892,40000
293893,40000
293894,46984
293895,40000
293896,73373
293897,48022
293898,47214
293899,47789
293900,41549
293901,72333
293902,45366
293903,40000
293904,85146
293905,40000
293906,45159
293907,40000
293908,40000
293909,73823
293910,40000
293911,54298
293912,45373
293913,76399
293914,77145
293915,75622
293916,59203
293917,56806
293918,40000
293919,45021
293920,86436
293921,64639
293922,51736
293923,54257
293924,40000
293925,40000
293926,40000
293927,40000
293928,40000
293929,78937
293930,49824
293931,45634
293932,50830
293933,58811
293934,40000
293935,48982
293936,55479
293937,40000
293938,49724
293939,57878
293940,55729
293941,44092
293942,44159
293943,40000
293944,45616
293945,40000
293946,45167
293947,40000
293948,54426
293949,40000
293950,40000
293951,47789
293952,42854
293953,49248
293954,54578
293955,52155
293956,81133
293957,56279
293958,40000
293959,40000
293960,67639
293961,77308
293962,66153
293963,40000
293964,68493
293965,59941
293966,65341
293967,46296
293968,56733
293969,42627
293970,42782
293971,40000
293972,67844
293973,62217
293974,51573
293975,40000
293976,40000
293977,40000
293978,59255
293979,40000
293980,40863
293981,40000
293982,59926
293983,44972
293984,59906
293985,68786
293986,40000
293987,40000
293988,40000
293989,41034
293990,51594
293991,55757
293992,40000
293993,40000
293994,40000
293995,63220
293996,86198
293997,50865
293998,40000
293999,53956
294000,40000
294001,40000
294002,70816
294003,79581
294004,45887
294005,40000
294006,56193
294007,40000
294008,40000
294009,63664
294010,40191
294011,84117
294012,76128
294013,40885
294014,41594
294015,74128
294016,40000
294017,46045
294018,42840
294019,57126
294020,40000
294021,40000
294022,52416
294023,40000
294024,47986
294025,40000
294026,40000
294027,50156
294028,55552
294029,48507
294030,57961
294031,40000
294032,40000
294033,115143
294034,41583
294035,40000
294036,57936
294037,60346
294038,77783
294039,40000
294040,59614
294041,51221
294042,48538
294043,40000
294044,53425
294045,40000
294046,75427
294047,59257
294048,40000
294049,40729
294050,54995
294051,82677
294052,40000
294053,45389
294054,41655
294055,72114
294056,72420
294057,65209
294058,40000
294059,75406
294060,42803
294061,40000
294062,50447
294063,59881
294064,46839
294065,40000
294066,40000
294067,57832
294068,40000
294069,40000
294070,49327
294071,59129
294072,53035
294073,79210
294074,51678
294075,62887
294076,44306
294077,40000
294078,82471
294079,51959
294080,78862
294081,93600
294082,40000
294083,46083
294084,40000
294085,68004
294086,62144
294087,70839
294088,45936
294089,80799
294090,61117
294091,40000
294092,54045
294093,40000
294094,40000
294095,40000
294096,48470
294097,98121
294098,55702
294099,40000
294100,51272
294101,81293
294102,43444
294103,40000
294104,40000
294105,66635
294106,51755
294107,53861
294108,40000
294109,51258
294110,40111
294111,54925
294112,70942
294113,84520
294114,55573
294115,44940
294116,40000
294117,40419
294118,40000
294119,68487
294120,40000
294121,69770
294122,74928
294123,97935
294124,40000
294125,40000
294126,40000
294127,40000
294128,49797
294129,40000
294130,69610
294131,46975
294132,40000
294133,97621
294134,53473
294135,70822
294136,45510
294137,47211
294138,52872
294139,64526
294140,45735
294141,60521
294142,45660
294143,62267
294144,74140
294145,62055
294146,51284
294147,42605
294148,40000
294149,62393
294150,51066
294151,93496
294152,40000
294153,54655
294154,40000
294155,42698
294156,52210
294157,40000
294158,40000
294159,66062
294160,61800
294161,42869
294162,40000
294163,56143
294164,55558
294165,40000
294166,70145
294167,48409
294168,82632
294169,99176
294170,70018
294171,47492
294172,40000
294173,40000
294174,62986
294175,52805
294176,40000
294177,40000
294178,60278
294179,40000
294180,66735
294181,48052
294182,53319
294183,40000
294184,40000
294185,47251
294186,40000
294187,82282
294188,47644
294189,48507
294190,77427
294191,72987
294192,40495
294193,84277
294194,41660
294195,40000
294196,40000
294197,58589
294198,95858
294199,62261
294200,77927
294201,73268
294202,40000
294203,40000
294204,40000
294205,52388
294206,40000
294207,86773
294208,52301
294209,60037
294210,63340
294211,77491
294212,40000
294213,53522
294214,40000
294215,57603
294216,40000
294217,40000
294218,76314
294219,82315
294220,40000
294221,64784
294222,90275
294223,74184
294224,67237
294225,45677
294226,46016
294227,85530
294228,40000
294229,49537
294230,62383
294231,40000
294232,58097
294233,45406
294234,84013
294235,62655
294236,42602
294237,44349
294238,40000
294239,72532
294240,70508
294241,74077
294242,62446
294243,40000
294244,40000
294245,54262
294246,43370
294247,52812
294248,59562
294249,40004
294250,40000
294251,40000
294252,59666
294253,40000
294254,60803
294255,43323
294256,88263
294257,40000
294258,40000
294259,54030
294260,40000
294261,60270
294262,40054
294263,40000
294264,64691
294265,40000
294266,57463
294267,49286
294268,55090
294269,40000
294270,40737
294271,40000
294272,55553
294273,91848
294274,40000
294275,60715
294276,103845
294277,40000
294278,52982
294279,40000
294280,65540
294281,82804
294282,52966
294283,52781
294284,40000
294285,50159
294286,64502
294287,46257
294288,40000
294289,40926
294290,62684
294291,50783
294292,40000
294293,40000
294294,62959
294295,66811
294296,51547
294297,40052
294298,59410
294299,52660
294300,48223
294301,46285
294302,40000
294303,40000
294304,44766
294305,62696
294306,47455
294307,62209
294308,71209
294309,73713
294310,40000
294311,65140
294312,74649
294313,51554
294314,47262
294315,66220
294316,52328
294317,52417
294318,49314
294319,74581
294320,61359
294321,46374
294322,53599
294323,40000
294324,80321
294325,40000
294326,71194
294327,40000
294328,75874
294329,55940
294330,40000
294331,69792
294332,53789
294333,45133
294334,46383
294335,75110
294336,40000
294337,45581
294338,53013
294339,41212
294340,62631
294341,87859
294342,64871
294343,43214
294344,40000
294345,60914
294346,98502
294347,40000
294348,40000
294349,44553
294350,40000
294351,40000
294352,40000
294353,42521
294354,40000
294355,40000
294356,82970
294357,40000
294358,74118
294359,52667
294360,40000
294361,40000
294362,45606
294363,40000
294364,43617
294365,86229
294366,53417
294367,63629
294368,40000
294369,71324
294370,51730
294371,40000
294372,40000
294373,42579
294374,58534
294375,54125
294376,47879
294377,40000
294378,66853
294379,64061
294380,45570
294381,55189
294382,40000
294383,40000
294384,53525
294385,43785
294386,65574
294387,44789
294388,40000
294389,59125
294390,70787
294391,82445
294392,40000
294393,58473
294394,52869
294395,40000
294396,48772
294397,40000
294398,66138
294399,67186
294400,56895
294401,40000
294402,64043
294403,40208
294404,40000
294405,84340
294406,40000
294407,40000
294408,85121
294409,40000
294410,73873
294411,57287
294412,40000
294413,40000
294414,66713
294415,68755
294416,60488
294417,52680
294418,46485
294419,78391
294420,48572
294421,50006
294422,62652
294423,66996
294424,62594
294425,49203
294426,40000
294427,40000
294428,40000
294429,40000
294430,46955
294431,40000
294432,40000
294433,67066
294434,40000
294435,59861
294436,48037
294437,40000
294438,79561
294439,40000
294440,40000
294441,69471
294442,44271
294443,67195
294444,40000
294445,40000
294446,57740
294447,40000
294448,40000
294449,40000
294450,53938
294451,70750
294452,58863
294453,49020
294454,40000
294455,83484
294456,78147
294457,40000
294458,62046
294459,61051
294460,40000
294461,44245
294462,40000
294463,40000
294464,65589
294465,47259
294466,42737
294467,40000
294468,60114
294469,68907
294470,80183
294471,44746
294472,64428
294473,52464
294474,40000
294475,62967
294476,40000
294477,51646
294478,41260
294479,66249
294480,40858
294481,40000
294482,40000
294483,66491
294484,56868
294485,54202
294486,55269
294487,91396
294488,40000
294489,66344
294490,40000
294491,53064
294492,49401
294493,56491
294494,40289
294495,40000
294496,40000
294497,40000
294498,40000
294499,40000
294500,69823
294501,92628
294502,55877
294503,40000
294504,56834
294505,44726
294506,71039
294507,49952
294508,53006
294509,40000
294510,90183
294511,40000
294512,51591
294513,40000
294514,60296
294515,53203
294516,40000
294517,49467
294518,42082
294519,40000
294520,84785
294521,51117
294522,44707
294523,52640
294524,71576
294525,40000
294526,41679
294527,62362
294528,40000
294529,45217
294530,51121
294531,105368
294532,54372
294533,51026
294534,51286
294535,42987
294536,40000
294537,40000
294538,40000
294539,41166
294540,61334
294541,40000
294542,72288
294543,79092
294544,40000
294545,47740
294546,48289
294547,47009
294548,50601
294549,66784
294550,40000
294551,40000
294552,69171
294553,78217
294554,40000
294555,75353
294556,81916
294557,40000
294558,60622
294559,58698
294560,50148
294561,43411
294562,77164
294563,70761
294564,55527
294565,48183
294566,52658
294567,52117
294568,75101
294569,77050
294570,40000
294571,40000
294572,58856
294573,44953
294574,40000
294575,89042
294576,40000
294577,40000
294578,64542
294579,40000
294580,40000
294581,69731
294582,40000
294583,40866
294584,40000
294585,40000
294586,63755
294587,52937
294588,52342
294589,40000
294590,54051
294591,75552
294592,40000
294593,54961
294594,40426
294595,86255
294596,50583
294597,59442
294598,56159
294599,40000
294600,49450
294601,40000
294602,40000
294603,47945
294604,67401
294605,63240
294606,85266
294607,83400
294608,40000
294609,40000
294610,48529
294611,40000
294612,40000
294613,70072
294614,58290
294615,40000
294616,40000
294617,40000
294618,85150
294619,82454
294620,40000
294621,69811
294622,40000
294623,48444
294624,40000
294625,75575
294626,57058
294627,41715
294628,40000
294629,40000
294630,40000
294631,72692
294632,96117
294633,40000
294634,48071
294635,75648
294636,63040
294637,53524
294638,90637
294639,40000
294640,40000
294641,40081
294642,44562
294643,71326
294644,91170
294645,40699
294646,44396
294647,46652
294648,40000
294649,40000
294650,40000
294651,40000
294652,40000
294653,63577
294654,88179
294655,40000
294656,67540
294657,92937
294658,71908
294659,56123
294660,57634
294661,52351
294662,40000
294663,55339
294664,63923
294665,51508
294666,42741
294667,66593
294668,40000
294669,64721
294670,72735
294671,40000
294672,67021
294673,40000
294674,40000
294675,69261
294676,40000
294677,40000
294678,52756
294679,47256
294680,58806
294681,40000
294682,88371
294683,40000
294684,40419
294685,71810
294686,56560
294687,40000
294688,58403
294689,47108
294690,40000
294691,48611
294692,68872
294693,40000
294694,58210
294695,40000
294696,40000
294697,40000
294698,73651
294699,40000
294700,75347
294701,69446
294702,40000
294703,45570
294704,67578
294705,48254
294706,40000
294707,76288
294708,61122
294709,40000
294710,53257
294711,47821
294712,40099
294713,43497
294714,40000
294715,78622
294716,55696
294717,65407
294718,40111
294719,50308
294720,42452
294721,52285
294722,63328
294723,65865
294724,45140
294725,57902
294726,40000
294727,51818
294728,40000
294729,102605
294730,40000
294731,76874
294732,67990
294733,51363
294734,61291
294735,62167
294736,40000
294737,40779
294738,60635
294739,41491
294740,54768
294741,64442
294742,74862
294743,40000
294744,85837
294745,76379
294746,40000
294747,55029
294748,83115
294749,40000
294750,86844
294751,96142
294752,40000
294753,58097
294754,54785
294755,40000
294756,40000
294757,40000
294758,42259
294759,52862
294760,58538
294761,42788
294762,40000
294763,50077
294764,40000
294765,40000
294766,40000
294767,74910
294768,45827
294769,46290
294770,73454
294771,77635
294772,40000
294773,51332
294774,56638
294775,55037
294776,80338
294777,50931
294778,53062
294779,70689
294780,60032
294781,40000
294782,46143
294783,83179
294784,53007
294785,70581
294786,50501
294787,41537
294788,70577
294789,40000
294790,47229
294791,62854
294792,57562
294793,56783
294794,56169
294795,43020
294796,98452
294797,90533
294798,51169
294799,40000
294800,55046
294801,53059
294802,40000
294803,41893
294804,40000
294805,73544
294806,40000
294807,61180
294808,54760
294809,40000
294810,73144
294811,40000
294812,40000
294813,40000
294814,40000
294815,40000
294816,43907
294817,59479
294818,59595
294819,40000
294820,48795
294821,80429
294822,75751
294823,42640
294824,40000
294825,57959
294826,40000
294827,41083
294828,77658
294829,57079
294830,43271
294831,85945
294832,46100
294833,57552
294834,51144
294835,40000
294836,40000
294837,40000
294838,40000
294839,40000
294840,59766
294841,52935
294842,54812
294843,58890
294844,40000
294845,40261
294846,53791
294847,69060
294848,69172
294849,71717
294850,60479
294851,40000
294852,82800
294853,57935
294854,51252
294855,40000
294856,40000
294857,76899
294858,58428
294859,40000
294860,40000
294861,56070
294862,40000
294863,40000
294864,40000
294865,40809
294866,40000
294867,59387
294868,60661
294869,67445
294870,40000
294871,54467
294872,63722
294873,40000
294874,90935
294875,40000
294876,91887
294877,40000
294878,51443
294879,54807
294880,57171
294881,53119
294882,83694
294883,80722
294884,48562
294885,50280
294886,58109
294887,50835
294888,40000
294889,40925
294890,95235
294891,40000
294892,40000
294893,43028
294894,65549
294895,72329
294896,55463
294897,45266
294898,96397
294899,40000
294900,50733
294901,49909
294902,40000
294903,40000
294904,40000
294905,53007
294906,40000
294907,71117
294908,40000
294909,57125
294910,40000
294911,63373
294912,49945
294913,40000
294914,46436
294915,44561
294916,40000
294917,40000
294918,52258
294919,56467
294920,40000
294921,45678
294922,105794
294923,60420
294924,40000
294925,40000
294926,48601
294927,61295
294928,59565
294929,61637
294930,63755
294931,40000
294932,88041
294933,49762
294934,53258
294935,47559
294936,62089
294937,73944
294938,50333
294939,45749
294940,40000
294941,40000
294942,40000
294943,80488
294944,46822
294945,47753
294946,82979
294947,60530
294948,46013
294949,40000
294950,76337
294951,40000
294952,40000
294953,53293
294954,47140
294955,51351
294956,91519
294957,40000
294958,84245
294959,47555
294960,45682
294961,87474
294962,46095
294963,42885
294964,87256
294965,40000
294966,53773
294967,64692
294968,40000
294969,40000
294970,85445
294971,53479
294972,57133
294973,58488
294974,52045
294975,40000
294976,51359
294977,40000
294978,66099
294979,58297
294980,67983
294981,40000
294982,40000
294983,79065
294984,66923
294985,55519
294986,52676
294987,67696
294988,40000
294989,68923
294990,40000
294991,40000
294992,68611
294993,59653
294994,45475
294995,59554
294996,85555
294997,61565
294998,52093
294999,54218
295000,69801
295001,40000
295002,40960
295003,52808
295004,79762
295005,55984
295006,56865
295007,50307
295008,51766
295009,43491
295010,67833
295011,40000
295012,44170
295013,40000
295014,47238
295015,42584
295016,77964
295017,40000
295018,50184
295019,99518
295020,45487
295021,72351
295022,40000
295023,40000
295024,91930
295025,54203
295026,51149
295027,53970
295028,62124
295029,40000
295030,40000
295031,42613
295032,40000
295033,56850
295034,40000
295035,58476
295036,48673
295037,56056
295038,50434
295039,57619
295040,40000
295041,40000
295042,45979
295043,40000
295044,40000
295045,45050
295046,61609
295047,40000
295048,55300
295049,40994
295050,40000
295051,41428
295052,40000
295053,48861
295054,40000
295055,60354
295056,58167
295057,81669
295058,87674
295059,40000
295060,50064
295061,74985
295062,43552
295063,40000
295064,60898
295065,40000
295066,40000
295067,42177
295068,64103
295069,45882
295070,40631
295071,40000
295072,50366
295073,43723
295074,54607
295075,53127
295076,40000
295077,40000
295078,52616
295079,60530
295080,40000
295081,57208
295082,77283
295083,44945
295084,40000
295085,84306
295086,40909
295087,40000
295088,40000
295089,67260
295090,56624
295091,84976
295092,50773
295093,40000
295094,70730
295095,42762
295096,62110
295097,40000
295098,47887
295099,57415
295100,80466
295101,40000
295102,63537
295103,40000
295104,58401
295105,53213
295106,40000
295107,40000
295108,40000
295109,40000
295110,40000
295111,54670
295112,40000
295113,67467
295114,47730
295115,40000
295116,57928
295117,40000
295118,78022
295119,42595
295120,55263
295121,49058
295122,45803
295123,56587
295124,70764
295125,71354
295126,46025
295127,40000
295128,71795
295129,49859
295130,69435
295131,40000
295132,47752
295133,40000
295134,49193
295135,47554
295136,59653
295137,55379
295138,40000
295139,74333
295140,76090
295141,40000
295142,40000
295143,40000
295144,76642
295145,40000
295146,50615
295147,40000
295148,64294
295149,43210
295150,40000
295151,46051
295152,77787
295153,50639
295154,41384
295155,64893
295156,42281
295157,81703
295158,86962
295159,52871
295160,40136
295161,84002
295162,65055
295163,50804
295164,41919
295165,40000
295166,64906
295167,40000
295168,59957
295169,52980
295170,40000
295171,62542
295172,44434
295173,40000
295174,40000
295175,40000
295176,40000
295177,40000
295178,80285
295179,40000
295180,52671
295181,58746
295182,40000
295183,44679
295184,78446
295185,64382
295186,44105
295187,85163
295188,54903
295189,83775
295190,40000
295191,40000
295192,40000
295193,44190
295194,50113
295195,41031
295196,64256
295197,49549
295198,45222
295199,56935
295200,40000
295201,40142
295202,40000
295203,53463
295204,51567
295205,71860
295206,65176
295207,76467
295208,40000
295209,40550
295210,63661
295211,49951
295212,40000
295213,43894
295214,49689
295215,67291
295216,40000
295217,40000
295218,42720
295219,53817
295220,65573
295221,60752
295222,40000
295223,40000
295224,62543
295225,58654
295226,40000
295227,45939
295228,40000
295229,73391
295230,46100
295231,62372
295232,54972
295233,40000
295234,40000
295235,46418
295236,40000
295237,40000
295238,40000
295239,56134
295240,40000
295241,43461
295242,54217
295243,46953
295244,64700
295245,40000
295246,70520
295247,75073
295248,42350
295249,40000
295250,52553
295251,62712
295252,64055
295253,40000
295254,40000
295255,42789
295256,40000
295257,47475
295258,55393
295259,59228
295260,42528
295261,58516
295262,40000
295263,47814
295264,69558
295265,40000
295266,47122
295267,53603
295268,62556
295269,51780
295270,80844
295271,40376
295272,85525
295273,40000
295274,90598
295275,46390
295276,58714
295277,40000
295278,51829
295279,46363
295280,67495
295281,40000
295282,71120
295283,40000
295284,40000
295285,46720
295286,91525
295287,40000
295288,44857
295289,66595
295290,60747
295291,40000
295292,58236
295293,61396
295294,40000
295295,55450
295296,40000
295297,42269
295298,62601
295299,83590
295300,54537
295301,40000
295302,48405
295303,42461
295304,43427
295305,40000
295306,61995
295307,40000
295308,47971
295309,40000
295310,40000
295311,40000
295312,58626
295313,85572
295314,57111
295315,88953
295316,42483
295317,51168
295318,55859
295319,48610
295320,56816
295321,64495
295322,51664
295323,63019
295324,68794
295325,43662
295326,86462
295327,41165
295328,47204
295329,49446
295330,48423
295331,59950
295332,40000
295333,54062
295334,42499
295335,40000
295336,50093
295337,53826
295338,55817
295339,40000
295340,45495
295341,47340
295342,43957
295343,40000
295344,60015
295345,72546
295346,54587
295347,45715
295348,40000
295349,69285
295350,40000
295351,59051
295352,40552
295353,55326
295354,40000
295355,40000
295356,56864
295357,45894
295358,74658
295359,40000
295360,65033
295361,40890
295362,85733
295363,40564
295364,56416
295365,47401
295366,66371
295367,48879
295368,41607
295369,48905
295370,40000
295371,84243
295372,51072
295373,55946
295374,98173
295375,61392
295376,42014
295377,47882
295378,52961
295379,59254
295380,40000
295381,63956
295382,112093
295383,40000
295384,40000
295385,42790
295386,47915
295387,93267
295388,45688
295389,65079
295390,73408
295391,78296
295392,40000
295393,75768
295394,40000
295395,62529
295396,42906
295397,58456
295398,65174
295399,40000
295400,70300
295401,83954
295402,42480
295403,58319
295404,40000
295405,40000
295406,71626
295407,40000
295408,67317
295409,40000
295410,40000
295411,53572
295412,40000
295413,40000
295414,51099
295415,40000
295416,66859
295417,40000
295418,47092
295419,54585
295420,80609
295421,40000
295422,65060
295423,40111
295424,76730
295425,40000
295426,57723
295427,64294
295428,45516
295429,40000
295430,40000
295431,52347
295432,40000
295433,84551
295434,47183
295435,73934
295436,50867
295437,76287
295438,40000
295439,84737
295440,55536
295441,40000
295442,44668
295443,48209
295444,40000
295445,55092
295446,49647
295447,62142
295448,41111
295449,54408
295450,42829
295451,55663
295452,40000
295453,50646
295454,40000
295455,40000
295456,71674
295457,99004
295458,52246
295459,59451
295460,40000
295461,67668
295462,53712
295463,81230
295464,79575
295465,41488
295466,105444
295467,64191
295468,44708
295469,49071
295470,40000
295471,41831
295472,50245
295473,70528
295474,40087
295475,65359
295476,54776
295477,58977
295478,57664
295479,60980
295480,44278
295481,66497
295482,56111
295483,89870
295484,59588
295485,40000
295486,58179
295487,45779
295488,79308
295489,40000
295490,86612
295491,40000
295492,40000
295493,58898
295494,40000
295495,40000
295496,55938
295497,40000
295498,52882
295499,59525
295500,84885
295501,50169
295502,66693
295503,77687
295504,40000
295505,70320
295506,51304
295507,40000
295508,40000
295509,40000
295510,49134
295511,40749
295512,44619
295513,51572
295514,40000
295515,40000
295516,46899
295517,40000
295518,41280
295519,62163
295520,51053
295521,65845
295522,69313
295523,61900
295524,77251
295525,54100
295526,40000
295527,56189
295528,40000
295529,40612
295530,44716
295531,59042
295532,40000
295533,63333
295534,40000
295535,83446
295536,40000
295537,51455
295538,40000
295539,44531
295540,40000
295541,62453
295542,71328
295543,53821
295544,40000
295545,86013
295546,60711
295547,66805
295548,46792
295549,61241
295550,40000
295551,40000
295552,42068
295553,43322
295554,40000
295555,41527
295556,43111
295557,40000
295558,40000
295559,40000
295560,45019
295561,45678
295562,60282
295563,60891
295564,65168
295565,54006
295566,50258
295567,40000
295568,40000
295569,53308
295570,44670
295571,40000
295572,44157
295573,46220
295574,59237
295575,64495
295576,41767
295577,40354
295578,56722
295579,41235
295580,40000
295581,40000
295582,72674
295583,50725
295584,42657
295585,61258
295586,40000
295587,40000
295588,67218
295589,40000
295590,71851
295591,46044
295592,92649
295593,58448
295594,56206
295595,61441
295596,84924
295597,56384
295598,40000
295599,44114
295600,46609
295601,40000
295602,70317
295603,48461
295604,51022
295605,50007
295606,40000
295607,40000
295608,44700
295609,72590
295610,40000
295611,50618
295612,77238
295613,40000
295614,44387
295615,43140
295616,40000
295617,40000
295618,63136
295619,55035
295620,74640
295621,40000
295622,47831
295623,40000
295624,46462
295625,91798
295626,40000
295627,88378
295628,58756
295629,61950
295630,48860
295631,59640
295632,59496
295633,40188
295634,62413
295635,44558
295636,64185
295637,40000
295638,40000
295639,58615
295640,55919
295641,44601
295642,81773
295643,55480
295644,63573
295645,40000
295646,41045
295647,46607
295648,51952
295649,71967
295650,40000
295651,54215
295652,40000
295653,42159
295654,64825
295655,54633
295656,64952
295657,42199
295658,40000
295659,40700
295660,40000
295661,40000
295662,70677
295663,41675
295664,59421
295665,51377
295666,67784
295667,40000
295668,40000
295669,77349
295670,46840
295671,40163
295672,61768
295673,48322
295674,49647
295675,57078
295676,60701
295677,40000
295678,46765
295679,40000
295680,62067
295681,40000
295682,64120
295683,67324
295684,93452
295685,52715
295686,60889
295687,42437
295688,67793
295689,40000
295690,43829
295691,42822
295692,54924
295693,47994
295694,72610
295695,40000
295696,40000
295697,54653
295698,43651
295699,40000
295700,40000
295701,49077
295702,40000
295703,50694
295704,54104
295705,45133
295706,40000
295707,50661
295708,74219
295709,41817
295710,40000
295711,40000
295712,40000
295713,57731
295714,62614
295715,47462
295716,44038
295717,45770
295718,40000
295719,40000
295720,67885
295721,45322
295722,63114
295723,56698
295724,48855
295725,46741
295726,40000
295727,60962
295728,40000
295729,40000
295730,40000
295731,56204
295732,49631
295733,71005
295734,59473
295735,48516
295736,93826
295737,46540
295738,47874
295739,49454
295740,40000
295741,50800
295742,40000
295743,44273
295744,52694
295745,40749
295746,40000
295747,60367
295748,40000
295749,44255
295750,40816
295751,60837
295752,40000
295753,40000
295754,40000
295755,53128
295756,40000
295757,68813
295758,40000
295759,66283
295760,40000
295761,87073
295762,55632
295763,66024
295764,58398
295765,42962
295766,54033
295767,55585
295768,40000
295769,40000
295770,85672
295771,50974
295772,46728
295773,40626
295774,40000
295775,50903
295776,57456
295777,54869
295778,40000
295779,98017
295780,53822
295781,40000
295782,42040
295783,41168
295784,42578
295785,49015
295786,49718
295787,40000
295788,45421
295789,46941
295790,40000
295791,64537
295792,40000
295793,56645
295794,81832
295795,93161
295796,99574
295797,51559
295798,48904
295799,62549
295800,104253
295801,78863
295802,44662
295803,76732
295804,58829
295805,74023
295806,40000
295807,40000
295808,50547
295809,68558
295810,42851
295811,68309
295812,46113
295813,58267
295814,55445
295815,48987
295816,40000
295817,40000
295818,40000
295819,44438
295820,64770
295821,51591
295822,61763
295823,40000
295824,65363
295825,62609
295826,41211
295827,47800
295828,40000
295829,46206
295830,40000
295831,40000
295832,56665
295833,55113
295834,40000
295835,40000
295836,48646
295837,45558
295838,84853
295839,40000
295840,40000
295841,48962
295842,47474
295843,62735
295844,49530
295845,57730
295846,40000
295847,40000
295848,45742
295849,40000
295850,40000
295851,74923
295852,40000
295853,43219
295854,57461
295855,47579
295856,60343
295857,44461
295858,40000
295859,59310
295860,40000
295861,40000
295862,40000
295863,51290
295864,42052
295865,57063
295866,66448
295867,40000
295868,67160
295869,70301
295870,43526
295871,40000
295872,40000
295873,82237
295874,54755
295875,45077
295876,45313
295877,47320
295878,72213
295879,47608
295880,40000
295881,57758
295882,54251
295883,40000
295884,53369
295885,40000
295886,62480
295887,40000
295888,46955
295889,40000
295890,76074
295891,76622
295892,47654
295893,62869
295894,90741
295895,96499
295896,56162
295897,44410
295898,40000
295899,54638
295900,75004
295901,40000
295902,40000
295903,40000
295904,53308
295905,57336
295906,50327
295907,40000
295908,46809
295909,65603
295910,46925
295911,61748
295912,40000
295913,58023
295914,40000
295915,56918
295916,104375
295917,40000
295918,71635
295919,63502
295920,40000
295921,54943
295922,51714
295923,43680
295924,73865
295925,89147
295926,64633
295927,40000
295928,49636
295929,40000
295930,40000
295931,44558
295932,79182
295933,59296
295934,59797
295935,57929
295936,60200
295937,66121
295938,47131
295939,73038
295940,43180
295941,56600
295942,54814
295943,46327
295944,52182
295945,55152
295946,70382
295947,68825
295948,40000
295949,71524
295950,73353
295951,40000
295952,90774
295953,46729
295954,40000
295955,81285
295956,56303
295957,40000
295958,40000
295959,41947
295960,51453
295961,47405
295962,40000
295963,47796
295964,72473
295965,47509
295966,64343
295967,87548
295968,57592
295969,40000
295970,53078
295971,40000
295972,55763
295973,47270
295974,62394
295975,52303
295976,40000
295977,40000
295978,61462
295979,44386
295980,40898
295981,72092
295982,40000
295983,85610
295984,43382
295985,51398
295986,55079
295987,40000
295988,76947
295989,41287
295990,40000
295991,40000
295992,59837
295993,70455
295994,53182
295995,77135
295996,72619
295997,53227
295998,42969
295999,53240
296000,40000
296001,82632
296002,94564
296003,61915
296004,40000
296005,40000
296006,82554
296007,40000
296008,40000
296009,71649
296010,49551
296011,76894
296012,43171
296013,42387
296014,40000
296015,40000
296016,68897
296017,66548
296018,53127
296019,58202
296020,40000
296021,40000
296022,54082
296023,66834
296024,43691
296025,40000
296026,40000
296027,53850
296028,79470
296029,42830
296030,40000
296031,84734
296032,40000
296033,40000
296034,80471
296035,40000
296036,69718
296037,68503
296038,68394
296039,74996
296040,40000
296041,40000
296042,66143
296043,50315
296044,41858
296045,45470
296046,53366
296047,40000
296048,53526
296049,40000
296050,40000
296051,40000
296052,40000
296053,58426
296054,45045
296055,68370
296056,40000
296057,52043
296058,72810
296059,40000
296060,46967
296061,65679
296062,55272
296063,48208
296064,56980
296065,46455
296066,40217
296067,40491
296068,41668
296069,77345
296070,41922
296071,50542
296072,55356
296073,110082
296074,40000
296075,46441
296076,50155
296077,40000
296078,67051
296079,40000
296080,78103
296081,57769
296082,58741
296083,86258
296084,71870
296085,40000
296086,48807
296087,40000
296088,40000
296089,51692
296090,68590
296091,67634
296092,64085
296093,40000
296094,49346
296095,60518
296096,40000
296097,42288
296098,40111
296099,40000
296100,54082
296101,40000
296102,40000
296103,40000
296104,72929
296105,43394
296106,40000
296107,50121
296108,62982
296109,40000
296110,49948
296111,48572
296112,40697
296113,63144
296114,63833
296115,49257
296116,40411
296117,58842
296118,40000
296119,40000
296120,40000
296121,50131
296122,42132
296123,40000
296124,76044
296125,42680
296126,40000
296127,49739
296128,40000
296129,48007
296130,55448
296131,40000
296132,41854
296133,40000
296134,45138
296135,40000
296136,40000
296137,58634
296138,52117
296139,40000
296140,48616
296141,48872
296142,48544
296143,40000
296144,40000
296145,40000
296146,43479
296147,40000
296148,61649
296149,40000
296150,48326
296151,57818
296152,56483
296153,52528
296154,45595
296155,40000
296156,57608
296157,40000
296158,52890
296159,44614
296160,47638
296161,73828
296162,42052
296163,66941
296164,40000
296165,45656
296166,51570
296167,58961
296168,81041
296169,91682
296170,42316
296171,58828
296172,51571
296173,81313
296174,61952
296175,71282
296176,67341
296177,62421
296178,94218
296179,40000
296180,40000
296181,40000
296182,54060
296183,89228
296184,66151
296185,79455
296186,55948
296187,63652
296188,40000
296189,82086
296190,40000
296191,63558
296192,67808
296193,78070
296194,49102
296195,68581
296196,40000
296197,90083
296198,43732
296199,40000
296200,43240
296201,40000
296202,61394
296203,97820
296204,47407
296205,50950
296206,52191
296207,67285
296208,46838
296209,40000
296210,57718
296211,40000
296212,40000
296213,58112
296214,67985
296215,56629
296216,47461
296217,55751
296218,40000
296219,67274
296220,61077
296221,49013
296222,63530
296223,40000
296224,43838
296225,49710
296226,49345
296227,53373
296228,58820
296229,49898
296230,54094
296231,45267
296232,40000
296233,50964
296234,65787
296235,41338
296236,50786
296237,40000
296238,40000
296239,74296
296240,40000
296241,61261
296242,70961
296243,61128
296244,40000
296245,50024
296246,70702
296247,40000
296248,45874
296249,53728
296250,107911
296251,104334
296252,62649
296253,47260
296254,87478
296255,62065
296256,53570
296257,47844
296258,46887
296259,42214
296260,40000
296261,63125
296262,63229
296263,56709
296264,40000
296265,42962
296266,85632
296267,49316
296268,40000
296269,59757
296270,46072
296271,70788
296272,49136
296273,73707
296274,72746
296275,40000
296276,59290
296277,62186
296278,40000
296279,40000
296280,40000
296281,40000
296282,65897
296283,40000
296284,40000
296285,40000
296286,47630
296287,53888
296288,63637
296289,49843
296290,40000
296291,40000
296292,59543
296293,63796
296294,44640
296295,45221
296296,55033
296297,46124
296298,53606
296299,46051
296300,70700
296301,90170
296302,41819
296303,55209
296304,70535
296305,40583
296306,48521
296307,47526
296308,79459
296309,56332
296310,40000
296311,79795
296312,47572
296313,40000
296314,55230
296315,40000
296316,40000
296317,57947
296318,42078
296319,71134
296320,59242
296321,42825
296322,51166
296323,56437
296324,56896
296325,60643
296326,62886
296327,61898
296328,40000
296329,40000
296330,40000
296331,62964
296332,54950
296333,40000
296334,77396
296335,40000
296336,69594
296337,65001
296338,40000
296339,40000
296340,40000
296341,40000
296342,40000
296343,45292
296344,75380
296345,50665
296346,40000
296347,47615
296348,40000
296349,59894
296350,69937
296351,53234
296352,70908
296353,40000
296354,66928
296355,71703
296356,40000
296357,41169
296358,82393
296359,61966
296360,40000
296361,57416
296362,57234
296363,40000
296364,43522
296365,87618
296366,78701
296367,49971
296368,57411
296369,40000
296370,53360
296371,40000
296372,53966
296373,46513
296374,40000
296375,63737
296376,52129
296377,69700
296378,45390
296379,40000
296380,74947
296381,64254
296382,89921
296383,65333
296384,60187
296385,56244
296386,53127
296387,68129
296388,67534
296389,78759
296390,43874
296391,72504
296392,40000
296393,40000
296394,54754
296395,40000
296396,76774
296397,47891
296398,65403
296399,54060
296400,46963
296401,57379
296402,40000
296403,53142
296404,40000
296405,40000
296406,69945
296407,76456
296408,40000
296409,65329
296410,40000
296411,85149
296412,56732
296413,54687
296414,40000
296415,40000
296416,76311
296417,40000
296418,43841
296419,40436
296420,40000
296421,54465
296422,40000
296423,59213
296424,60405
296425,40000
296426,40000
296427,40000
296428,62557
296429,66513
296430,54716
296431,60891
296432,64959
296433,40021
296434,40000
296435,60476
296436,84999
296437,74219
296438,40000
296439,40000
296440,59801
296441,67819
296442,73283
296443,61574
296444,73096
296445,40000
296446,82421
296447,62496
296448,40000
296449,44188
296450,43614
296451,40000
296452,47684
296453,56907
296454,55352
296455,70162
296456,40000
296457,46501
296458,40000
296459,40000
296460,40000
296461,40000
296462,40000
296463,47456
296464,47093
296465,42867
296466,65111
296467,64336
296468,40000
296469,57785
296470,67168
296471,44939
296472,60826
296473,40000
296474,58532
296475,48863
296476,45815
296477,91569
296478,50967
296479,62153
296480,45771
296481,44265
296482,55071
296483,48914
296484,64691
296485,64468
296486,40000
296487,54276
296488,64752
296489,60917
296490,50186
296491,40000
296492,84742
296493,40032
296494,40000
296495,62047
296496,40000
296497,40000
296498,48537
296499,78735
296500,46521
296501,58398
296502,43095
296503,40000
296504,40000
296505,45600
296506,40000
296507,46493
296508,89868
296509,113787
296510,40000
296511,41307
296512,40000
296513,40150
296514,64508
296515,40000
296516,40000
296517,58799
296518,61445
296519,48217
296520,52514
296521,46912
296522,40000
296523,40000
296524,55080
296525,40000
296526,67753
296527,52830
296528,40000
296529,59810
296530,82658
296531,77477
296532,65481
296533,47749
296534,116204
296535,43615
296536,65859
296537,59277
296538,43880
296539,50078
296540,40000
296541,40000
296542,65576
296543,42448
296544,49860
296545,60664
296546,69435
296547,40000
296548,42148
296549,43766
296550,40000
296551,42760
296552,43500
296553,61326
296554,45252
296555,40000
296556,75285
296557,69905
296558,40956
296559,55776
296560,40000
296561,49192
296562,62172
296563,70366
296564,40000
296565,64484
296566,88239
296567,50170
296568,40000
296569,73845
296570,40000
296571,57742
296572,40000
296573,59264
296574,86303
296575,65323
296576,62038
296577,51367
296578,40000
296579,82521
296580,51499
296581,49703
296582,40000
296583,80605
296584,58085
296585,62523
296586,64191
296587,41183
296588,63713
296589,67712
296590,55331
296591,64757
296592,40000
296593,40000
296594,69778
296595,57384
296596,40000
296597,56785
296598,40000
296599,71139
296600,59144
296601,40000
296602,70795
296603,58630
296604,58937
296605,60594
296606,82472
296607,73435
296608,40000
296609,64390
296610,40000
296611,55920
296612,40000
296613,40000
296614,40624
296615,58761
296616,99174
296617,46505
296618,71218
296619,52470
296620,47282
296621,40000
296622,40000
296623,98196
296624,40000
296625,57722
296626,40000
296627,84730
296628,56905
296629,40000
296630,84479
296631,76218
296632,44143
296633,40000
296634,44336
296635,52163
296636,72713
296637,43771
296638,47471
296639,40000
296640,54606
296641,43682
296642,40000
296643,52062
296644,72082
296645,71901
296646,47915
296647,48076
296648,49674
296649,79417
296650,49196
296651,40000
296652,41564
296653,52122
296654,64982
296655,47477
296656,40804
296657,49332
296658,40000
296659,67104
296660,40000
296661,40000
296662,44516
296663,46435
296664,40000
296665,68191
296666,81239
296667,41891
296668,52159
296669,40000
296670,40000
296671,67399
296672,84673
296673,66572
296674,61342
296675,40000
296676,79574
296677,40000
296678,69538
296679,48538
296680,40000
296681,40000
296682,40000
296683,45298
296684,40000
296685,41820
296686,40000
296687,40000
296688,78028
296689,55597
296690,53060
296691,99758
296692,68307
296693,40000
296694,60867
296695,40000
296696,48061
296697,40000
296698,40000
296699,89162
296700,68206
296701,54151
296702,41328
296703,57480
296704,94451
296705,40000
296706,52427
296707,82294
296708,48381
296709,42839
296710,40000
296711,71422
296712,40000
296713,71640
296714,60924
296715,59648
296716,66545
296717,77264
296718,40000
296719,40000
296720,67202
296721,40000
296722,57572
296723,40000
296724,65612
296725,57407
296726,59485
296727,40000
296728,110960
296729,40988
296730,56381
296731,52474
296732,64377
296733,50583
296734,50293
296735,65494
296736,72209
296737,49361
296738,40000
296739,45335
296740,46049
296741,51369
296742,40000
296743,40000
296744,40000
296745,40000
296746,57578
296747,49339
296748,45709
296749,51459
296750,40000
296751,40000
296752,58554
296753,56624
296754,42475
296755,62296
296756,55752
296757,40000
296758,40000
296759,57083
296760,40000
296761,60889
296762,44625
296763,46514
296764,50671
296765,83907
296766,40000
296767,52695
296768,63071
296769,63739
296770,45033
296771,55308
296772,50622
296773,85295
296774,74409
296775,40000
296776,49306
296777,42606
296778,40000
296779,40000
296780,57617
296781,40000
296782,40591
296783,40000
296784,69337
296785,44465
296786,57268
296787,40000
296788,40000
296789,40000
296790,40000
296791,54707
296792,49500
296793,80980
296794,46922
296795,70281
296796,53226
296797,61665
296798,40000
296799,59122
296800,94110
296801,53432
296802,55864
296803,64403
296804,71710
296805,50944
296806,40000
296807,40000
296808,40000
296809,92543
296810,40000
296811,40000
296812,40000
296813,40000
296814,58334
296815,40000
296816,40000
296817,40000
296818,41744
296819,40000
296820,55948
296821,81638
296822,40000
296823,79262
296824,57937
296825,55898
296826,40000
296827,40986
296828,63052
296829,40000
296830,40000
296831,74748
296832,50201
296833,66370
296834,54454
296835,76736
296836,40000
296837,70617
296838,57599
296839,44853
296840,40000
296841,66640
296842,48624
296843,40000
296844,40000
296845,60418
296846,77629
296847,40000
296848,79420
296849,64476
296850,57767
296851,40000
296852,71786
296853,57128
296854,40460
296855,48479
296856,61006
296857,124357
296858,70966
296859,56505
296860,92033
296861,53518
296862,47798
296863,59853
296864,47981
296865,74384
296866,63670
296867,47729
296868,40000
296869,42213
296870,40000
296871,40000
296872,85172
296873,53553
296874,61008
296875,48663
296876,40000
296877,62909
296878,94731
296879,57300
296880,45579
296881,49463
296882,47675
296883,40000
296884,40000
296885,47611
296886,85636
296887,67280
296888,40000
296889,85811
296890,65444
296891,66007
296892,55089
296893,65355
296894,60606
296895,86814
296896,40000
296897,70438
296898,40000
296899,47729
296900,45751
296901,75083
296902,61676
296903,66490
296904,40000
296905,42480
296906,62370
296907,40000
296908,50895
296909,40000
296910,65559
296911,40000
296912,47952
296913,81646
296914,40000
296915,59343
296916,40000
296917,40000
296918,86646
296919,40000
296920,55513
296921,40000
296922,40000
296923,40209
296924,40000
296925,40000
296926,61697
296927,40000
296928,77855
296929,56566
296930,82965
296931,40000
296932,40000
296933,40000
296934,40000
296935,45287
296936,40000
296937,51442
296938,75270
296939,40000
296940,51284
296941,79326
296942,40000
296943,48717
296944,58057
296945,46097
296946,40624
296947,43396
296948,51796
296949,93667
296950,47289
296951,75533
296952,73930
296953,44304
296954,40000
296955,40000
296956,40000
296957,44182
296958,40000
296959,82694
296960,40000
296961,50029
296962,40000
296963,47595
296964,40000
296965,65555
296966,48132
296967,40847
296968,40000
296969,40000
296970,58563
296971,63217
296972,40000
296973,61133
296974,68019
296975,76588
296976,40000
296977,55510
296978,42715
296979,40000
296980,40000
296981,80202
296982,43334
296983,54382
296984,49557
296985,48301
296986,55310
296987,40000
296988,59807
296989,72921
296990,40000
296991,40000
296992,75302
296993,40000
296994,74130
296995,40000
296996,61619
296997,53025
296998,69882
296999,46898
297000,40000
297001,40000
297002,78096
297003,62622
297004,40000
297005,40000
297006,59076
297007,40000
297008,71265
297009,40000
297010,74320
297011,40000
297012,88188
297013,67180
297014,40000
297015,55996
297016,40000
297017,55508
297018,46878
297019,40000
297020,68831
297021,40000
297022,59416
297023,40000
297024,40000
297025,41595
297026,63468
297027,58681
297028,40000
297029,40000
297030,49591
297031,40000
297032,45933
297033,40000
297034,40000
297035,40000
297036,41444
297037,40000
297038,45551
297039,72673
297040,45020
297041,81413
297042,44867
297043,40000
297044,40000
297045,40000
297046,40000
297047,55262
297048,72332
297049,99365
297050,72868
297051,40000
297052,50704
297053,43716
297054,78841
297055,40092
297056,65109
297057,40000
297058,55571
297059,40000
297060,46808
297061,76331
297062,85994
297063,54942
297064,65895
297065,40000
297066,71517
297067,56002
297068,41601
297069,72085
297070,40000
297071,40573
297072,41313
297073,40000
297074,40000
297075,40850
297076,49425
297077,61106
297078,72459
297079,67667
297080,40000
297081,40981
297082,40000
297083,51365
297084,56982
297085,57766
297086,40000
297087,42074
297088,61619
297089,53678
297090,40000
297091,40000
297092,46865
297093,51887
297094,42980
297095,46950
297096,45791
297097,55467
297098,40000
297099,40000
297100,65856
297101,40000
297102,42023
297103,40083
297104,60851
297105,40326
297106,57503
297107,69780
297108,40000
297109,40000
297110,40000
297111,54779
297112,54170
297113,52473
297114,50964
297115,40000
297116,63884
297117,81135
297118,40000
297119,51367
297120,40667
297121,56257
297122,68779
297123,40000
297124,40000
297125,42144
297126,43931
297127,40000
297128,40000
297129,48663
297130,40000
297131,53901
297132,54898
297133,40000
297134,40000
297135,44022
297136,45860
297137,40000
297138,40000
297139,40000
297140,50867
297141,54054
297142,40000
297143,68087
297144,48832
297145,51801
297146,94791
297147,52348
297148,40000
297149,66555
297150,48625
297151,79219
297152,95995
297153,40000
297154,51777
297155,40000
297156,62764
297157,78541
297158,49576
297159,93620
297160,71252
297161,40000
297162,40000
297163,54892
297164,47819
297165,49906
297166,48282
297167,44596
297168,49428
297169,102822
297170,40000
297171,40000
297172,55771
297173,40000
297174,40000
297175,80452
297176,60161
297177,55882
297178,40000
297179,40203
297180,76852
297181,40012
297182,43428
297183,40000
297184,62374
297185,49068
297186,81868
297187,51640
297188,51338
297189,86912
297190,69938
297191,40108
297192,61593
297193,44693
297194,40000
297195,62023
297196,71103
297197,80444
297198,40747
297199,48802
297200,47226
297201,44879
297202,40000
297203,67563
297204,55676
297205,40000
297206,69476
297207,58832
297208,84113
297209,58535
297210,65704
297211,47044
297212,47353
297213,59737
297214,40000
297215,52168
297216,40000
297217,40956
297218,46998
297219,70931
297220,55663
297221,41949
297222,40000
297223,40000
297224,41143
297225,69423
297226,72115
297227,56782
297228,69250
297229,57121
297230,42877
297231,45685
297232,56647
297233,40000
297234,40000
297235,40000
297236,40000
297237,68709
297238,49660
297239,73863
297240,70770
297241,40000
297242,68873
297243,40000
297244,58249
297245,40000
297246,55202
297247,51887
297248,40000
297249,59745
297250,40754
297251,52468
297252,73986
297253,42037
297254,40000
297255,64357
297256,75078
297257,45612
297258,61746
297259,40000
297260,69710
297261,49876
297262,62865
297263,44337
297264,40000
297265,40000
297266,66536
297267,53327
297268,62338
297269,42496
297270,56697
297271,59086
297272,40000
297273,72297
297274,52840
297275,78874
297276,40000
297277,40000
297278,57630
297279,40000
297280,50420
297281,63340
297282,58575
297283,40000
297284,76935
297285,65169
297286,55325
297287,48899
297288,61771
297289,40000
297290,80364
297291,63494
297292,40000
297293,73450
297294,40000
297295,40000
297296,72029
297297,65278
297298,40000
297299,52671
297300,40000
297301,40218
297302,40000
297303,69802
297304,43697
297305,47554
297306,41297
297307,43547
297308,44856
297309,111024
297310,45339
297311,79224
297312,82660
297313,49256
297314,60441
297315,70500
297316,40000
297317,42376
297318,40000
297319,40000
297320,43486
297321,40000
297322,62218
297323,69332
297324,40000
297325,40000
297326,53507
297327,53285
297328,55919
297329,40000
297330,80638
297331,44234
297332,40000
297333,40000
297334,40000
297335,40000
297336,48781
297337,56269
297338,52579
297339,63842
297340,48744
297341,54508
297342,53017
297343,61688
297344,40000
297345,41702
297346,64791
297347,87449
297348,40000
297349,66768
297350,64627
297351,65998
297352,40000
297353,40000
297354,40000
297355,51242
297356,40000
297357,40000
297358,44661
297359,67812
297360,45744
297361,40000
297362,40000
297363,40000
297364,40123
297365,40000
297366,78770
297367,56619
297368,56976
297369,40000
297370,47397
297371,45771
297372,42075
297373,40000
297374,70780
297375,89657
297376,41193
297377,40000
297378,79867
297379,52434
297380,43078
297381,102742
297382,58429
297383,40000
297384,40000
297385,60324
297386,56454
297387,72371
297388,40000
297389,61162
297390,41675
297391,40000
297392,51953
297393,40000
297394,64722
297395,40000
297396,76263
297397,42617
297398,60561
297399,40000
297400,50402
297401,95586
297402,40000
297403,68437
297404,46694
297405,40000
297406,40000
297407,51260
297408,40000
297409,76491
297410,45939
297411,42698
297412,40000
297413,56816
297414,60532
297415,64162
297416,40000
297417,89715
297418,54969
297419,58514
297420,56252
297421,71573
297422,71797
297423,40000
297424,40000
297425,40000
297426,44905
297427,81170
297428,53489
297429,58013
297430,51351
297431,58600
297432,47024
297433,63469
297434,54408
297435,53991
297436,49459
297437,46837
297438,40861
297439,56335
297440,42554
297441,59531
297442,47038
297443,40000
297444,41401
297445,40000
297446,55316
297447,74775
297448,40000
297449,65097
297450,42471
297451,40000
297452,40000
297453,40000
297454,53602
297455,40000
297456,48989
297457,58570
297458,49062
297459,55263
297460,40000
297461,57321
297462,47642
297463,40000
297464,48407
297465,49205
297466,46237
297467,60749
297468,40000
297469,51447
297470,83845
297471,53936
297472,40000
297473,46792
297474,44241
297475,56809
297476,43686
297477,58332
297478,40885
297479,62082
297480,86419
297481,40000
297482,40000
297483,55179
297484,40000
297485,42351
297486,40000
297487,49137
297488,47216
297489,55443
297490,44411
297491,44577
297492,59887
297493,40000
297494,53039
297495,68297
297496,70665
297497,53595
297498,60049
297499,54403
297500,40546
297501,53031
297502,49736
297503,40000
297504,42122
297505,40000
297506,62354
297507,40000
297508,69254
297509,90030
297510,43958
297511,75010
297512,65376
297513,44953
297514,82170
297515,65817
297516,71695
297517,46364
297518,46541
297519,44743
297520,42518
297521,40000
297522,47302
297523,46541
297524,40000
297525,40000
297526,40000
297527,62236
297528,40000
297529,80643
297530,74021
297531,40000
297532,71662
297533,43916
297534,40000
297535,47345
297536,40000
297537,40000
297538,67302
297539,43708
297540,52545
297541,48565
297542,42231
297543,53385
297544,52310
297545,40000
297546,51520
297547,43223
297548,40000
297549,40000
297550,43007
297551,43922
297552,88722
297553,40000
297554,40000
297555,58938
297556,49790
297557,40000
297558,46375
297559,63989
297560,40000
297561,40000
297562,40000
297563,40000
297564,58450
297565,44989
297566,50579
297567,92547
297568,81928
297569,40000
297570,43141
297571,40000
297572,63623
297573,81378
297574,40000
297575,59711
297576,56292
297577,40000
297578,45533
297579,51378
297580,67887
297581,58222
297582,61953
297583,40000
297584,49619
297585,50197
297586,40000
297587,64733
297588,40000
297589,45466
297590,51633
297591,41769
297592,76910
297593,46473
297594,58729
297595,49351
297596,55318
297597,98536
297598,41383
297599,51025
297600,54493
297601,40000
297602,48849
297603,40000
297604,53515
297605,40000
297606,40000
297607,77759
297608,57415
297609,40000
297610,40000
297611,56924
297612,44288
297613,52464
297614,40000
297615,52744
297616,61993
297617,40000
297618,45822
297619,40995
297620,70590
297621,49827
297622,64439
297623,62233
297624,53252
297625,40000
297626,46306
297627,43833
297628,40000
297629,40000
297630,40000
297631,40000
297632,56188
297633,40000
297634,53349
297635,61172
297636,40000
297637,82651
297638,45825
297639,48298
297640,40596
297641,77763
297642,66757
297643,43875
297644,44232
297645,40000
297646,60660
297647,44027
297648,40000
297649,57259
297650,52402
297651,40970
297652,62274
297653,40000
297654,63009
297655,40000
297656,61464
297657,87651
297658,40000
297659,86822
297660,40000
297661,71248
297662,40586
297663,51635
297664,55723
297665,40000
297666,65708
297667,79583
297668,57038
297669,76668
297670,44205
297671,63984
297672,48653
297673,67010
297674,46427
297675,79727
297676,75051
297677,42955
297678,43658
297679,48339
297680,85713
297681,40000
297682,59221
297683,101053
297684,94111
297685,62280
297686,42890
297687,51558
297688,41826
297689,40000
297690,65068
297691,45613
297692,74306
297693,45671
297694,40000
297695,40000
297696,50356
297697,48876
297698,65389
297699,59180
297700,40000
297701,45680
297702,40000
297703,40000
297704,40250
297705,40000
297706,76269
297707,72329
297708,45623
297709,48166
297710,40000
297711,40000
297712,40000
297713,40703
297714,59789
297715,56178
297716,84309
297717,64816
297718,40000
297719,61915
297720,83934
297721,40000
297722,50808
297723,40000
297724,69631
297725,49163
297726,54524
297727,70703
297728,49056
297729,49501
297730,40000
297731,44620
297732,53012
297733,50485
297734,71973
297735,40000
297736,40048
297737,62378
297738,40000
297739,40450
297740,58826
297741,40000
297742,40000
297743,57165
297744,40000
297745,56340
297746,40000
297747,50467
297748,42874
297749,40000
297750,40000
297751,49218
297752,59045
297753,97395
297754,76637
297755,40000
297756,40000
297757,40000
297758,63439
297759,86254
297760,42532
297761,69074
297762,50061
297763,58261
297764,43106
297765,47335
297766,45957
297767,49180
297768,63391
297769,76987
297770,40000
297771,40000
297772,40000
297773,66027
297774,59144
297775,40000
297776,60011
297777,40000
297778,72031
297779,83619
297780,42978
297781,67217
297782,53113
297783,40000
297784,40000
297785,40000
297786,40844
297787,74318
297788,53548
297789,40000
297790,44056
297791,40000
297792,79209
297793,40000
297794,40000
297795,57330
297796,41725
297797,50568
297798,40000
297799,70664
297800,84747
297801,76224
297802,40000
297803,48171
297804,57501
297805,68581
297806,41084
297807,50415
297808,62672
297809,72269
297810,68530
297811,58505
297812,50362
297813,76101
297814,53499
297815,47242
297816,58013
297817,51833
297818,48256
297819,54925
297820,46201
297821,48227
297822,40000
297823,73354
297824,74983
297825,51721
297826,40000
297827,75237
297828,61221
297829,70299
297830,44060
297831,64700
297832,52372
297833,46287
297834,41511
297835,51613
297836,49792
297837,40000
297838,40000
297839,40000
297840,76455
297841,40000
297842,58358
297843,65207
297844,57986
297845,40000
297846,47901
297847,63222
297848,41674
297849,40000
297850,71517
297851,40000
297852,59164
297853,40000
297854,71895
297855,52509
297856,62741
297857,69057
297858,48410
297859,40000
297860,41035
297861,61029
297862,40000
297863,40000
297864,58818
297865,56890
297866,43912
297867,65987
297868,60809
297869,44911
297870,40000
297871,40000
297872,40000
297873,86534
297874,40000
297875,51167
297876,70182
297877,61947
297878,40000
297879,59410
297880,40000
297881,45238
297882,49894
297883,79797
297884,41667
297885,90944
297886,62887
297887,53773
297888,60896
297889,40000
297890,85576
297891,40000
297892,40000
297893,65247
297894,40000
297895,54159
297896,40000
297897,43156
297898,61112
297899,42591
297900,43928
297901,55943
297902,40000
297903,40000
297904,44541
297905,40000
297906,56311
297907,40000
297908,84722
297909,40000
297910,50573
297911,54845
297912,60150
297913,46719
297914,40000
297915,62118
297916,58022
297917,47214
297918,47478
297919,76839
297920,40238
297921,62363
297922,40000
297923,63260
297924,80613
297925,71249
297926,40000
297927,50209
297928,61644
297929,53538
297930,40000
297931,49811
297932,73060
297933,43785
297934,65040
297935,40000
297936,60654
297937,40000
297938,77795
297939,40000
297940,57190
297941,45649
297942,40000
297943,44721
297944,44034
297945,44509
297946,65336
297947,40000
297948,40000
297949,40000
297950,60323
297951,61066
297952,49594
297953,40000
297954,40000
297955,40000
297956,40000
297957,67100
297958,40000
297959,50142
297960,95903
297961,63630
297962,43921
297963,45308
297964,40000
297965,53355
297966,64528
297967,40000
297968,40000
297969,43239
297970,51127
297971,50756
297972,40000
297973,59264
297974,67975
297975,52292
297976,64910
297977,80194
297978,48756
297979,40000
297980,40000
297981,40000
297982,71845
297983,40000
297984,40000
297985,40000
297986,46524
297987,40000
297988,40000
297989,40000
297990,40236
297991,52622
297992,69571
297993,40000
297994,78693
297995,40000
297996,40000
297997,64794
297998,53136
297999,40000
298000,40000
298001,40000
298002,49747
298003,55012
298004,40000
298005,54375
298006,40000
298007,40000
298008,54432
298009,78781
298010,40000
298011,47369
298012,76120
298013,44970
298014,40000
298015,40000
298016,61497
298017,40000
298018,61792
298019,77442
298020,52443
298021,40000
298022,70424
298023,52137
298024,43488
298025,87312
298026,51069
298027,85309
298028,64439
298029,51799
298030,40000
298031,40000
298032,40000
298033,101798
298034,51103
298035,49118
298036,40000
298037,88603
298038,46985
298039,40000
298040,60082
298041,50274
298042,43596
298043,71223
298044,73103
298045,53946
298046,40000
298047,58679
298048,40000
298049,43097
298050,40000
298051,46130
298052,58418
298053,82449
298054,40000
298055,44945
298056,40000
298057,41712
298058,58460
298059,48633
298060,78462
298061,58557
298062,40000
298063,40000
298064,40000
298065,40000
298066,57912
298067,88189
298068,57649
298069,40000
298070,40000
298071,68748
298072,40000
298073,40000
298074,41208
298075,40000
298076,40000
298077,70912
298078,59866
298079,69168
298080,47817
298081,64524
298082,65852
298083,45731
298084,60999
298085,64060
298086,40000
298087,47091
298088,54607
298089,54546
298090,75408
298091,58008
298092,40000
298093,75877
298094,40000
298095,40000
298096,40000
298097,51720
298098,77180
298099,62007
298100,40361
298101,69416
298102,55117
298103,40428
298104,41233
298105,48421
298106,40000
298107,74223
298108,92256
298109,49040
298110,62149
298111,76583
298112,40000
298113,40000
298114,40000
298115,62370
298116,40854
298117,88258
298118,40000
298119,58712
298120,59162
298121,53594
298122,40000
298123,40000
298124,40000
298125,40000
298126,53962
298127,41628
298128,61788
298129,57637
298130,56283
298131,46202
298132,92771
298133,40000
298134,53263
298135,40000
298136,54105
298137,59682
298138,64451
298139,50581
298140,40000
298141,40000
298142,49886
298143,42106
298144,41324
298145,77150
298146,60230
298147,60207
298148,57091
298149,71652
298150,64394
298151,43676
298152,59825
298153,46717
298154,54009
298155,55744
298156,65680
298157,85671
298158,42375
298159,52262
298160,44764
298161,40000
298162,60019
298163,48465
298164,40000
298165,41336
298166,52838
298167,40000
298168,44355
298169,51304
298170,90657
298171,40000
298172,70705
298173,40000
298174,75717
298175,52291
298176,58172
298177,75057
298178,40000
298179,40000
298180,60159
298181,40000
298182,60081
298183,40000
298184,40000
298185,49460
298186,69651
298187,67425
298188,40000
298189,87566
298190,63498
298191,40000
298192,75978
298193,75057
298194,69383
298195,40000
298196,50728
298197,40519
298198,51510
298199,53269
298200,84249
298201,40000
298202,64746
298203,59958
298204,53685
298205,40000
298206,53783
298207,42172
298208,74223
298209,49001
298210,69915
298211,59496
298212,75390
298213,40000
298214,52894
298215,48828
298216,46322
298217,40000
298218,47416
298219,40000
298220,53343
298221,40000
298222,51734
298223,67658
298224,75525
298225,60754
298226,70903
298227,95024
298228,54770
298229,40000
298230,46511
298231,40000
298232,66768
298233,62415
298234,59901
298235,40000
298236,45449
298237,40000
298238,70990
298239,70215
298240,53226
298241,41715
298242,40000
298243,54276
298244,40000
298245,46900
298246,55967
298247,84006
298248,70707
298249,40000
298250,40000
298251,86036
298252,78905
298253,53244
298254,46017
298255,42123
298256,40000
298257,54622
298258,44767
298259,40000
298260,42077
298261,47420
298262,40000
298263,53741
298264,57064
298265,40000
298266,40268
298267,62525
298268,40000
298269,40000
298270,40000
298271,48240
298272,54000
298273,59900
298274,56342
298275,83147
298276,40000
298277,54340
298278,40000
298279,42085
298280,48852
298281,49216
298282,40000
298283,40000
298284,53745
298285,40000
298286,89909
298287,59114
298288,72462
298289,43382
298290,72272
298291,71797
298292,60112
298293,40000
298294,40000
298295,61339
298296,40000
298297,69732
298298,60220
298299,63159
298300,71289
298301,40000
298302,40000
298303,40304
298304,79588
298305,83974
298306,40000
298307,72090
298308,51090
298309,40000
298310,47551
298311,62448
298312,67321
298313,46958
298314,40000
298315,40000
298316,55453
298317,50974
298318,40000
298319,78124
298320,40000
298321,77550
298322,40000
298323,61104
298324,50700
298325,52000
298326,58483
298327,40000
298328,40000
298329,54871
298330,50091
298331,79489
298332,40000
298333,69395
298334,44896
298335,49582
298336,53442
298337,45378
298338,56862
298339,40000
298340,40000
298341,113688
298342,58647
298343,69722
298344,40000
298345,62074
298346,76440
298347,40000
298348,40000
298349,40000
298350,42657
298351,40000
298352,57059
298353,40000
298354,85247
298355,46275
298356,66028
298357,40000
298358,40000
298359,40000
298360,53080
298361,68263
298362,51408
298363,51159
298364,56672
298365,47890
298366,40000
298367,46634
298368,74828
298369,40000
298370,62889
298371,40000
298372,44607
298373,50040
298374,40000
298375,40000
298376,57594
298377,55714
298378,48527
298379,66563
298380,41608
298381,40000
298382,59459
298383,55331
298384,40000
298385,47524
298386,40000
298387,46518
298388,40000
298389,40000
298390,76775
298391,40000
298392,49273
298393,40000
298394,57112
298395,52968
298396,45266
298397,48439
298398,69343
298399,54403
298400,48527
298401,72232
298402,40000
298403,54499
298404,43380
298405,40000
298406,44206
298407,83426
298408,40000
298409,75685
298410,79987
298411,40000
298412,40000
298413,57819
298414,59565
298415,52681
298416,57990
298417,40000
298418,40000
298419,40000
298420,49527
298421,64459
298422,44239
298423,41947
298424,40000
298425,40000
298426,40261
298427,80065
298428,40000
298429,67838
298430,55466
298431,86781
298432,43805
298433,56357
298434,63349
298435,55758
298436,58467
298437,57804
298438,40000
298439,91072
298440,40000
298441,40000
298442,40000
298443,40000
298444,75796
298445,40770
298446,40000
298447,64266
298448,68926
298449,40000
298450,47156
298451,55508
298452,46029
298453,41822
298454,40000
298455,70613
298456,60079
298457,67263
298458,60289
298459,41353
298460,40000
298461,40000
298462,79200
298463,50022
298464,40000
298465,55015
298466,87732
298467,40000
298468,57663
298469,51289
298470,87908
298471,62993
298472,40000
298473,80211
298474,47359
298475,40000
298476,40000
298477,71725
298478,73396
298479,94749
298480,70261
298481,62851
298482,40000
298483,54548
298484,49565
298485,40000
298486,40000
298487,40000
298488,44341
298489,88994
298490,49125
298491,57198
298492,54109
298493,42165
298494,40000
298495,40000
298496,40000
298497,61260
298498,69209
298499,40000
298500,54680
298501,40000
298502,76539
298503,52153
298504,66788
298505,40000
298506,67273
298507,43602
298508,40000
298509,58305
298510,40000
298511,42108
298512,77296
298513,58114
298514,45526
298515,44568
298516,40000
298517,40000
298518,40819
298519,54923
298520,59440
298521,40000
298522,51207
298523,52061
298524,62470
298525,53113
298526,48698
298527,59100
298528,78128
298529,40000
298530,40000
298531,52772
298532,40000
298533,40000
298534,40000
298535,40000
298536,50806
298537,66510
298538,76398
298539,40058
298540,59997
298541,43600
298542,40000
298543,59585
298544,54314
298545,41206
298546,51106
298547,40000
298548,51248
298549,52399
298550,43805
298551,40000
298552,40000
298553,49738
298554,40000
298555,40000
298556,59231
298557,91090
298558,40000
298559,65574
298560,40000
298561,81310
298562,60327
298563,40000
298564,45966
298565,49771
298566,40000
298567,40000
298568,41262
298569,53802
298570,40000
298571,82412
298572,41772
298573,76738
298574,40000
298575,47388
298576,46367
298577,75632
298578,43906
298579,54483
298580,57208
298581,78993
298582,56401
298583,65531
298584,50625
298585,40000
298586,48767
298587,67902
298588,40963
298589,58873
298590,69162
298591,40000
298592,40000
298593,69968
298594,48487
298595,40000
298596,49898
298597,40000
298598,74263
298599,66910
298600,40000
298601,47612
298602,68584
298603,45026
298604,40655
298605,47472
298606,61460
298607,53576
298608,59631
298609,40000
298610,40000
298611,40873
298612,40000
298613,53863
298614,58661
298615,55176
298616,65891
298617,44562
298618,45021
298619,59863
298620,40000
298621,75896
298622,40000
298623,64850
298624,68719
298625,40000
298626,40000
298627,40000
298628,41975
298629,41526
298630,54031
298631,61546
298632,51522
298633,43882
298634,42659
298635,49540
298636,41004
298637,52646
298638,40000
298639,45321
298640,40000
298641,46502
298642,54638
298643,88994
298644,40000
298645,40000
298646,53622
298647,40000
298648,40000
298649,64466
298650,59713
298651,75549
298652,50431
298653,49646
298654,52123
298655,40000
298656,40000
298657,40000
298658,40000
298659,71847
298660,44317
298661,40819
298662,40000
298663,66215
298664,49705
298665,40000
298666,65738
298667,59042
298668,40000
298669,40000
298670,58067
298671,50847
298672,40000
298673,41397
298674,42894
298675,46427
298676,67884
298677,74433
298678,40000
298679,65078
298680,55265
298681,44641
298682,84574
298683,40000
298684,42303
298685,40000
298686,40000
298687,40000
298688,40000
298689,40000
298690,40000
298691,87888
298692,42169
298693,40000
298694,40000
298695,74705
298696,40000
298697,47539
298698,41965
298699,65302
298700,52596
298701,74565
298702,40000
298703,75128
298704,83923
298705,40000
298706,81196
298707,40000
298708,61980
298709,40000
298710,60605
298711,43559
298712,56937
298713,52941
298714,40000
298715,48920
298716,62165
298717,61148
298718,40000
298719,40000
298720,62935
298721,60223
298722,89255
298723,40000
298724,40000
298725,64649
298726,50059
298727,46731
298728,55976
298729,43181
298730,40000
298731,68651
298732,43184
298733,40000
298734,40000
298735,51168
298736,40000
298737,66534
298738,66447
298739,47142
298740,48929
298741,76397
298742,73588
298743,43428
298744,58169
298745,40000
298746,40000
298747,44348
298748,43363
298749,55088
298750,80569
298751,40000
298752,51413
298753,47119
298754,40593
298755,40000
298756,47010
298757,53831
298758,60611
298759,72493
298760,76092
298761,67567
298762,40000
298763,46313
298764,40000
298765,60477
298766,51100
298767,63166
298768,61787
298769,61337
298770,41957
298771,40000
298772,91154
298773,40000
298774,70710
298775,43976
298776,40000
298777,58584
298778,45116
298779,82222
298780,65943
298781,46731
298782,40000
298783,40000
298784,78153
298785,69800
298786,43876
298787,50431
298788,40000
298789,40000
298790,40000
298791,53728
298792,52749
298793,92184
298794,58375
298795,47460
298796,40000
298797,74296
298798,64383
298799,46858
298800,59333
298801,40000
298802,96892
298803,77605
298804,40000
298805,67805
298806,40204
298807,44506
298808,51572
298809,55834
298810,40000
298811,72301
298812,68378
298813,51695
298814,59768
298815,40000
298816,40000
298817,40000
298818,41195
298819,40000
298820,50619
298821,92390
298822,40000
298823,61659
298824,59293
298825,62098
298826,50398
298827,61876
298828,60100
298829,40231
298830,68113
298831,40000
298832,53575
298833,69066
298834,90520
298835,49675
298836,40418
298837,48653
298838,40000
298839,45878
298840,81878
298841,62164
298842,40000
298843,43315
298844,40000
298845,74208
298846,41867
298847,58966
298848,40138
298849,47513
298850,40000
298851,40000
298852,40000
298853,55881
298854,40000
298855,43313
298856,45320
298857,55653
298858,40000
298859,63111
298860,40000
298861,40000
298862,42426
298863,40000
298864,52238
298865,69938
298866,77031
298867,40000
298868,50534
298869,40000
298870,40000
298871,40000
298872,44454
298873,45118
298874,68697
298875,40000
298876,82859
298877,40000
298878,40000
298879,66843
298880,40000
298881,54483
298882,40000
298883,54797
298884,55146
298885,42876
298886,60087
298887,66693
298888,119159
298889,40000
298890,40000
298891,40000
298892,70594
298893,59548
298894,42755
298895,77052
298896,40000
298897,40000
298898,43401
298899,40000
298900,40000
298901,60022
298902,40000
298903,40000
298904,40000
298905,40000
298906,45608
298907,53284
298908,40000
298909,49071
298910,40351
298911,40000
298912,50873
298913,50931
298914,40000
298915,42509
298916,41933
298917,53591
298918,67979
298919,41430
298920,57726
298921,82115
298922,72152
298923,49728
298924,55909
298925,97883
298926,40000
298927,40000
298928,60963
298929,49135
298930,45384
298931,83680
298932,52097
298933,41410
298934,40000
298935,40000
298936,40000
298937,54357
298938,53823
298939,53756
298940,61977
298941,47578
298942,54843
298943,43417
298944,52602
298945,56640
298946,40000
298947,49396
298948,42851
298949,40000
298950,48080
298951,40000
298952,47532
298953,56226
298954,40000
298955,71474
298956,53467
298957,45142
298958,84565
298959,89852
298960,56510
298961,40000
298962,63264
298963,77436
298964,40000
298965,40000
298966,57866
298967,40000
298968,68856
298969,69184
298970,40000
298971,40000
298972,40000
298973,54097
298974,69595
298975,74000
298976,54485
298977,40000
298978,95573
298979,44263
298980,40000
298981,40000
298982,56078
298983,42839
298984,40000
298985,60947
298986,40000
298987,40298
298988,81583
298989,40000
298990,56233
298991,69408
298992,55568
298993,40000
298994,66964
298995,40000
298996,50063
298997,44824
298998,98548
298999,40000
299000,46213
299001,52675
299002,40000
299003,40000
299004,51449
299005,40000
299006,42793
299007,66075
299008,96076
299009,58072
299010,40000
299011,40000
299012,40000
299013,60286
299014,80678
299015,56576
299016,52039
299017,73001
299018,40000
299019,42790
299020,40000
299021,40000
299022,40000
299023,40000
299024,40000
299025,40000
299026,40000
299027,54013
299028,40000
299029,40000
299030,40000
299031,40882
299032,64751
299033,56718
299034,61699
299035,79137
299036,82082
299037,49300
299038,40000
299039,65595
299040,40000
299041,40000
299042,70645
299043,47127
299044,61550
299045,82756
299046,40000
299047,40000
299048,60020
299049,71442
299050,40000
299051,44843
299052,60082
299053,40000
299054,47976
299055,41570
299056,40000
299057,57197
299058,50185
299059,68655
299060,60996
299061,40000
299062,41072
299063,40000
299064,50054
299065,47451
299066,43629
299067,52247
299068,51695
299069,40000
299070,49103
299071,40000
299072,52742
299073,70787
299074,40000
299075,40579
299076,58620
299077,43633
299078,58090
299079,71066
299080,40000
299081,70396
299082,45619
299083,41068
299084,52510
299085,40000
299086,51559
299087,73779
299088,40000
299089,58336
299090,70893
299091,40000
299092,61650
299093,40000
299094,66832
299095,61447
299096,40000
299097,43079
299098,65360
299099,65081
299100,40000
299101,69775
299102,40000
299103,48488
299104,55537
299105,79796
299106,40000
299107,58922
299108,47525
299109,50839
299110,40000
299111,40000
299112,47644
299113,45741
299114,73574
299115,40000
299116,40000
299117,40000
299118,48895
299119,46627
299120,40000
299121,40000
299122,46069
299123,40000
299124,40000
299125,40000
299126,40000
299127,49310
299128,52833
299129,60439
299130,40000
299131,40000
299132,62737
299133,40000
299134,40000
299135,40000
299136,58047
299137,40000
299138,40000
299139,55200
299140,40000
299141,55084
299142,42429
299143,53869
299144,40000
299145,51281
299146,40000
299147,56397
299148,70253
299149,51248
299150,40000
299151,40000
299152,40000
299153,63448
299154,103097
299155,40000
299156,40000
299157,40000
299158,59298
299159,84714
299160,40000
299161,44369
299162,90772
299163,51965
299164,56338
299165,50167
299166,40000
299167,64431
299168,77402
299169,52713
299170,68312
299171,50899
299172,40000
299173,45453
299174,49107
299175,40000
299176,84056
299177,42866
299178,47172
299179,79691
299180,48177
299181,78438
299182,68513
299183,49021
299184,60695
299185,72259
299186,49472
299187,54299
299188,41612
299189,42328
299190,49799
299191,68202
299192,54790
299193,40000
299194,44364
299195,40000
299196,77989
299197,52981
299198,72443
299199,40000
299200,57124
299201,40000
299202,40000
299203,66746
299204,73514
299205,43816
299206,42378
299207,48754
299208,40000
299209,44564
299210,68163
299211,49963
299212,75999
299213,40000
299214,40000
299215,52292
299216,46343
299217,70353
299218,40000
299219,47593
299220,59282
299221,40000
299222,60101
299223,60014
299224,43044
299225,89587
299226,69229
299227,52046
299228,40000
299229,48165
299230,60133
299231,40000
299232,59422
299233,40000
299234,40000
299235,40000
299236,54660
299237,40000
299238,65391
299239,46982
299240,40000
299241,60283
299242,40000
299243,48175
299244,83535
299245,92328
299246,40000
299247,68949
299248,88183
299249,40000
299250,56735
299251,75965
299252,40000
299253,82427
299254,44991
299255,40000
299256,40000
299257,47368
299258,47026
299259,50601
299260,70737
299261,40000
299262,45613
299263,40000
299264,86343
299265,58453
299266,58808
299267,40000
299268,64961
299269,79133
299270,40000
299271,61628
299272,47814
299273,63165
299274,46504
299275,56299
299276,49321
299277,53886
299278,42534
299279,69357
299280,40000
299281,61898
299282,47757
299283,43269
299284,63940
299285,83789
299286,40000
299287,40000
299288,75135
299289,52922
299290,45490
299291,59814
299292,53116
299293,40000
299294,40000
299295,53596
299296,46929
299297,47353
299298,42768
299299,40000
299300,40000
299301,40000
299302,52040
299303,40000
299304,107318
299305,59006
299306,56649
299307,72338
299308,70313
299309,49204
299310,71683
299311,56523
299312,44698
299313,102870
299314,56881
299315,40000
299316,40000
299317,40000
299318,45013
299319,89542
299320,45900
299321,43160
299322,47445
299323,43625
299324,55979
299325,40000
299326,40000
299327,51413
299328,63904
299329,76026
299330,91275
299331,46653
299332,40000
299333,45354
299334,48072
299335,40000
299336,53629
299337,55676
299338,40000
299339,51777
299340,55068
299341,57969
299342,51754
299343,40000
299344,45623
299345,47964
299346,40000
299347,70168
299348,53842
299349,59437
299350,48228
299351,44339
299352,43792
299353,40000
299354,48265
299355,69640
299356,47346
299357,40000
299358,44542
299359,40000
299360,40000
299361,40000
299362,40000
299363,40000
299364,55276
299365,44063
299366,59550
299367,45862
299368,50486
299369,48050
299370,40000
299371,40000
299372,59348
299373,86415
299374,54539
299375,77460
299376,52502
299377,40000
299378,51616
299379,65023
299380,90919
299381,40000
299382,40000
299383,66305
299384,49993
299385,40000
299386,48991
299387,59025
299388,45654
299389,40000
299390,80581
299391,61153
299392,40000
299393,55614
299394,68818
299395,40000
299396,60320
299397,59317
299398,40000
299399,40000
299400,81529
299401,74848
299402,40000
299403,45173
299404,54378
299405,64219
299406,42029
299407,40814
299408,60058
299409,40000
299410,40000
299411,49534
299412,74008
299413,40000
299414,48278
299415,69823
299416,40000
299417,40000
299418,40000
299419,80370
299420,57364
299421,40000
299422,40000
299423,85061
299424,40000
299425,53836
299426,48623
299427,40000
299428,74268
299429,40000
299430,60204
299431,40436
299432,40000
299433,41100
299434,40000
299435,40000
299436,84000
299437,40000
299438,50454
299439,43338
299440,61911
299441,65394
299442,73821
299443,40000
299444,63271
299445,40000
299446,69366
299447,40000
299448,40000
299449,47010
299450,44563
299451,51316
299452,41597
299453,52036
299454,61889
299455,40000
299456,84864
299457,87652
299458,40000
299459,40000
299460,52221
299461,40000
299462,41849
299463,70873
299464,40000
299465,49691
299466,54119
299467,40000
299468,49005
299469,78834
299470,40000
299471,76570
299472,40000
299473,47828
299474,47986
299475,40000
299476,40000
299477,40000
299478,41833
299479,40000
299480,86998
299481,66538
299482,74047
299483,50412
299484,52118
299485,53909
299486,43024
299487,52631
299488,40000
299489,40000
299490,48240
299491,57180
299492,40000
299493,51378
299494,48645
299495,70806
299496,40000
299497,54595
299498,40000
299499,70440
299500,40000
299501,40000
299502,56489
299503,53437
299504,40000
299505,60197
299506,49324
299507,40000
299508,46615
299509,40000
299510,40000
299511,40000
299512,92013
299513,54770
299514,40000
299515,58078
299516,69995
299517,72943
299518,84788
299519,51327
299520,42479
299521,61210
299522,54348
299523,40000
299524,60476
299525,40000
299526,57877
299527,60870
299528,112450
299529,54268
299530,74929
299531,43888
299532,44279
299533,47560
299534,40000
299535,53207
299536,66958
299537,54733
299538,40000
299539,45224
299540,77586
299541,40000
299542,81615
299543,47325
299544,40000
299545,45160
299546,64963
299547,63394
299548,57056
299549,40000
299550,56735
299551,59765
299552,72520
299553,40000
299554,59419
299555,59261
299556,40000
299557,57194
299558,54937
299559,40000
299560,82058
299561,70654
299562,54268
299563,40000
299564,48701
299565,40000
299566,54631
299567,73293
299568,40000
299569,53380
299570,42318
299571,85612
299572,45701
299573,40000
299574,40000
299575,49054
299576,40000
299577,40000
299578,71989
299579,42576
299580,49708
299581,62691
299582,40000
299583,45395
299584,69167
299585,40000
299586,49808
299587,63186
299588,58572
299589,57713
299590,44860
299591,40000
299592,40000
299593,48484
299594,86217
299595,44403
299596,65393
299597,53691
299598,61686
299599,40000
299600,51092
299601,52868
299602,40000
299603,40000
299604,45554
299605,58652
299606,40000
299607,40000
299608,49599
299609,64603
299610,53110
299611,68384
299612,56963
299613,101013
299614,49860
299615,40000
299616,53176
299617,51571
299618,40000
299619,86398
299620,45837
299621,73896
299622,53115
299623,96180
299624,63712
299625,48282
299626,53671
299627,62926
299628,60478
299629,86288
299630,40000
299631,68994
299632,75568
299633,40000
299634,82909
299635,40000
299636,84665
299637,44454
299638,42668
299639,40000
299640,52269
299641,41789
299642,96654
299643,67155
299644,41551
299645,79175
299646,42426
299647,54613
299648,57022
299649,40000
299650,51613
299651,51655
299652,66335
299653,61339
299654,58223
299655,40000
299656,74298
299657,40000
299658,66668
299659,40000
299660,47471
299661,61272
299662,40000
299663,59592
299664,49881
299665,72140
299666,40000
299667,46138
299668,56713
299669,40000
299670,48412
299671,42553
299672,40000
299673,65875
299674,65849
299675,73341
299676,80918
299677,58352
299678,40000
299679,40000
299680,48903
299681,40000
299682,40000
299683,77800
299684,50493
299685,40000
299686,48711
299687,41818
299688,40000
299689,75460
299690,64246
299691,52583
299692,90973
299693,41020
299694,50379
299695,72767
299696,40000
299697,40000
299698,59709
299699,54929
299700,40000
299701,53663
299702,40000
299703,51717
299704,40000
299705,54349
299706,40000
299707,40000
299708,82995
299709,78346
299710,51986
299711,40000
299712,40000
299713,52528
299714,50539
299715,40000
299716,56097
299717,49163
299718,40000
299719,40000
299720,81041
299721,58792
299722,67466
299723,40000
299724,40000
299725,40231
299726,45666
299727,67310
299728,40000
299729,91689
299730,40000
299731,59862
299732,40000
299733,47542
299734,52155
299735,40000
299736,41034
299737,75091
299738,85114
299739,44424
299740,40000
299741,40000
299742,40000
299743,45998
299744,73641
299745,80563
299746,40000
299747,57321
299748,57228
299749,59059
299750,40000
299751,40000
299752,44986
299753,42501
299754,70561
299755,40000
299756,67792
299757,40000
299758,40000
299759,40000
299760,56880
299761,71267
299762,40000
299763,53478
299764,58620
299765,40044
299766,40000
299767,40000
299768,71625
299769,79515
299770,40000
299771,50938
299772,49005
299773,40000
299774,40000
299775,40000
299776,49555
299777,56712
299778,49168
299779,78768
299780,61101
299781,63923
299782,40000
299783,74154
299784,59906
299785,45109
299786,85851
299787,65698
299788,49680
299789,60353
299790,71460
299791,53803
299792,48667
299793,54630
299794,51165
299795,40000
299796,56562
299797,71494
299798,40000
299799,40000
299800,40000
299801,40000
299802,40000
299803,64261
299804,42388
299805,75414
299806,51643
299807,40000
299808,42599
299809,40000
299810,40000
299811,70568
299812,40000
299813,40000
299814,61922
299815,88551
299816,101967
299817,50166
299818,40052
299819,56293
299820,52600
299821,52867
299822,52717
299823,54953
299824,67309
299825,40000
299826,40000
299827,87972
299828,46259
299829,45825
299830,40000
299831,60332
299832,67852
299833,40000
299834,66775
299835,40000
299836,59575
299837,46937
299838,40000
299839,40000
299840,46974
299841,66122
299842,48956
299843,72778
299844,40000
299845,40000
299846,49410
299847,51538
299848,59833
299849,51739
299850,48804
299851,40000
299852,42808
299853,50438
299854,40000
299855,40000
299856,77672
299857,40000
299858,40000
299859,47082
299860,40000
299861,40000
299862,40000
299863,69930
299864,61774
299865,69462
299866,40000
299867,54392
299868,40000
299869,40000
299870,40000
299871,40000
299872,65018
299873,63838
299874,40000
299875,63577
299876,59663
299877,53028
299878,40000
299879,49395
299880,40000
299881,40000
299882,48966
299883,42411
299884,68512
299885,73477
299886,49571
299887,68536
299888,40000
299889,43917
299890,67014
299891,40000
299892,41084
299893,71941
299894,50705
299895,43241
299896,62754
299897,53501
299898,63315
299899,51316
299900,40000
299901,40000
299902,66491
299903,60042
299904,46286
299905,65613
299906,58916
299907,71454
299908,50543
299909,40000
299910,40000
299911,47959
299912,59843
299913,53545
299914,58527
299915,40000
299916,40000
299917,58598
299918,67799
299919,40000
299920,63839
299921,40000
299922,73944
299923,40000
299924,40000
299925,81560
299926,51202
299927,57763
299928,40000
299929,40000
299930,46548
299931,40000
299932,40908
299933,40000
299934,40000
299935,40000
299936,61651
299937,40000
299938,62411
299939,66557
299940,53807
299941,40000
299942,41361
299943,51979
299944,91625
299945,40000
299946,40000
299947,68783
299948,54560
299949,70798
299950,40000
299951,49518
299952,40000
299953,68680
299954,79583
299955,40000
299956,43485
299957,68319
299958,40000
299959,41232
299960,77219
299961,65558
299962,40000
299963,82401
299964,44245
299965,40000
299966,40000
299967,40564
299968,40000
299969,40000
299970,86474
299971,40000
299972,84832
299973,63007
299974,40000
299975,73561
299976,41872
299977,58052
299978,52174
299979,66560
299980,44855
299981,56245
299982,59296
299983,40000
299984,40000
299985,40000
299986,89014
299987,50621
299988,42837
299989,40000
299990,40000
299991,40000
299992,58218
299993,40000
299994,87445
299995,50475
299996,80582
299997,42751
299998,46928
299999,40000
400000,76570
400001,49613
400002,40000
400003,40000
400004,81371
400005,70959
400006,40000
400007,46974
400008,87012
400009,51488
400010,47501
400011,50417
400012,44868
400013,55441
400014,40000
400015,40000
400016,57904
400017,40000
400018,46587
400019,45065
400020,40000
400021,58367
400022,40000
400023,58725
400024,40000
400025,40000
400026,40000
400027,69730
400028,40000
400029,40000
400030,40000
400031,43631
400032,40000
400033,40000
400034,50337
400035,40000
400036,40340
400037,40000
400038,44120
400039,40000
400040,78618
400041,55362
400042,40000
400043,40000
400044,40000
400045,40000
400046,40000
400047,56040
400048,51673
400049,40000
400050,49820
400051,80448
400052,89554
400053,41507
400054,70221
400055,56741
400056,40000
400057,82574
400058,59725
400059,62652
400060,40000
400061,40000
400062,63620
400063,46272
400064,40000
400065,76767
400066,54257
400067,65588
400068,40000
400069,50798
400070,57705
400071,40000
400072,75240
400073,40000
400074,58273
400075,40000
400076,77116
400077,61395
400078,43756
400079,40000
400080,40000
400081,56387
400082,41326
400083,40000
400084,52143
400085,41061
400086,76481
400087,54507
400088,51400
400089,59229
400090,55370
400091,80507
400092,86041
400093,40000
400094,40000
400095,40000
400096,40000
400097,51699
400098,57096
400099,54156
400100,40000
400101,41406
400102,77571
400103,69777
400104,79552
400105,55282
400106,62796
400107,58397
400108,57134
400109,40000
400110,40000
400111,40000
400112,59948
400113,42802
400114,74421
400115,51501
400116,40000
400117,52797
400118,59192
400119,40000
400120,40000
400121,40000
400122,120532
400123,40000
400124,80783
400125,46274
400126,61288
400127,83877
400128,44386
400129,45093
400130,71785
400131,77692
400132,53340
400133,40000
400134,79041
400135,70162
400136,40000
400137,78339
400138,61283
400139,40000
400140,47763
400141,46768
400142,52583
400143,80905
400144,55179
400145,57364
400146,66713
400147,61163
400148,40000
400149,40000
400150,97095
400151,64307
400152,40000
400153,53320
400154,50571
400155,40000
400156,79038
400157,58286
400158,41509
400159,67703
400160,60306
400161,59222
400162,40000
400163,80716
400164,87832
400165,50300
400166,56915
400167,40000
400168,69857
400169,64931
400170,48277
400171,40342
400172,52467
400173,47998
400174,40000
400175,40000
400176,53736
400177,55522
400178,51801
400179,71540
400180,40000
400181,45146
400182,40000
400183,83650
400184,47630
400185,50837
400186,53060
400187,40000
400188,40708
400189,49650
400190,90589
400191,40000
400192,67640
400193,67726
400194,40000
400195,54579
400196,40390
400197,43943
400198,72439
400199,57181
400200,45050
400201,40000
400202,50197
400203,56514
400204,57764
400205,40000
400206,51224
400207,50921
400208,44750
400209,61634
400210,45450
400211,43934
400212,51691
400213,66994
400214,63237
400215,48488
400216,61275
400217,51191
400218,40000
400219,40000
400220,82029
400221,49740
400222,40000
400223,50394
400224,53545
400225,73747
400226,42035
400227,40000
400228,44885
400229,50650
400230,40000
400231,46864
400232,40123
400233,71879
400234,61929
400235,58862
400236,47529
400237,70453
400238,40000
400239,64585
400240,40000
400241,40000
400242,67105
400243,40000
400244,46783
400245,62605
400246,40000
400247,40000
400248,45229
400249,43823
400250,78393
400251,70529
400252,97020
400253,52047
400254,72103
400255,40658
400256,42329
400257,40000
400258,40000
400259,53215
400260,47166
400261,50519
400262,40000
400263,40000
400264,64478
400265,52000
400266,48090
400267,40000
400268,40000
400269,40261
400270,42856
400271,40000
400272,42799
400273,63343
400274,40000
400275,40000
400276,66234
400277,102094
400278,57808
400279,40000
400280,43664
400281,40000
400282,48049
400283,80259
400284,40000
400285,40000
400286,49314
400287,49531
400288,48182
400289,74725
400290,62846
400291,40000
400292,48351
400293,40749
400294,51204
400295,51439
400296,51314
400297,40000
400298,54689
400299,61172
400300,40000
400301,60226
400302,75341
400303,53073
400304,40000
400305,46123
400306,49034
400307,40000
400308,40977
400309,79479
400310,53149
400311,40000
400312,85480
400313,46741
400314,40000
400315,51083
400316,40000
400317,40000
400318,67352
400319,40000
400320,59939
400321,40000
400322,40000
400323,40000
400324,71466
400325,40000
400326,51945
400327,43379
400328,66603
400329,43114
400330,70135
400331,62100
400332,54778
400333,55317
400334,81620
400335,81129
400336,63059
400337,70996
400338,84778
400339,45340
400340,55540
400341,40000
400342,50971
400343,40000
400344,47625
400345,66471
400346,40000
400347,55084
400348,56861
400349,47829
400350,68426
400351,66687
400352,40000
400353,58682
400354,51999
400355,83701
400356,113505
400357,59688
400358,65485
400359,40000
400360,40000
400361,40000
400362,68702
400363,40000
400364,40000
400365,44257
400366,40000
400367,40000
400368,52998
400369,40000
400370,83578
400371,40000
400372,40762
400373,57108
400374,57021
400375,40764
400376,40000
400377,48424
400378,40000
400379,40000
400380,60168
400381,40000
400382,40000
400383,40000
400384,40000
400385,51279
400386,86860
400387,75332
400388,40000
400389,48431
400390,52848
400391,48113
400392,40000
400393,76519
400394,75571
400395,40000
400396,52772
400397,62164
400398,72366
400399,40000
400400,59843
400401,68565
400402,40000
400403,61142
400404,78665
400405,40000
400406,52397
400407,40565
400408,40084
400409,40000
400410,45325
400411,51064
400412,40000
400413,40000
400414,59973
400415,40000
400416,76970
400417,40000
400418,47977
400419,49625
400420,64720
400421,40000
400422,50338
400423,56325
400424,40000
400425,40000
400426,40000
400427,55683
400428,40000
400429,40000
400430,40000
400431,40000
400432,40000
400433,52051
400434,81656
400435,42063
400436,40000
400437,40000
400438,40000
400439,40000
400440,50110
400441,40000
400442,40000
400443,55443
400444,59620
400445,64449
400446,47831
400447,71612
400448,40000
400449,49544
400450,47534
400451,54444
400452,40000
400453,58120
400454,43377
400455,40000
400456,75429
400457,40000
400458,40000
400459,47298
400460,66841
400461,62467
400462,43057
400463,46926
400464,40000
400465,64407
400466,49940
400467,50717
400468,40000
400469,71772
400470,47014
400471,40000
400472,56601
400473,51910
400474,40000
400475,40000
400476,58646
400477,40000
400478,84561
400479,40000
400480,90610
400481,40000
400482,40989
400483,41032
400484,75733
400485,40000
400486,87723
400487,40000
400488,72382
400489,43721
400490,58602
400491,40000
400492,44685
400493,60357
400494,69523
400495,40343
400496,92484
400497,49100
400498,43867
400499,40000
400500,69303
400501,40000
400502,55726
400503,59214
400504,41214
400505,40000
400506,40000
400507,61113
400508,56369
400509,47514
400510,40000
400511,74888
400512,40000
400513,62709
400514,40000
400515,85261
400516,40000
400517,40239
400518,40000
400519,40000
400520,40311
400521,47927
400522,69495
400523,41900
400524,40000
400525,80502
400526,40000
400527,74910
400528,51449
400529,67942
400530,40000
400531,41425
400532,52499
400533,44905
400534,66757
400535,48255
400536,45143
400537,53774
400538,54147
400539,57079
400540,85459
400541,40000
400542,40000
400543,56438
400544,60424
400545,40000
400546,40000
400547,62305
400548,67026
400549,40000
400550,40000
400551,73430
400552,40000
400553,48881
400554,61122
400555,40000
400556,87060
400557,58995
400558,60332
400559,66470
400560,40000
400561,50383
400562,66945
400563,59124
400564,45857
400565,61745
400566,40000
400567,40000
400568,54783
400569,51579
400570,46486
400571,40000
400572,40000
400573,43154
400574,46737
400575,40000
400576,40000
400577,88945
400578,75678
400579,61504
400580,40062
400581,95583
400582,65062
400583,40000
400584,69876
400585,40000
400586,62650
400587,57853
400588,56021
400589,40000
400590,40000
400591,40000
400592,81202
400593,51927
400594,40000
400595,56423
400596,44554
400597,40000
400598,40000
400599,40000
400600,60454
400601,40000
400602,40000
400603,50099
400604,56295
400605,75957
400606,46811
400607,40000
400608,40000
400609,50660
400610,51500
400611,72500
400612,40000
400613,40000
400614,40000
400615,85622
400616,78182
400617,70165
400618,59961
400619,57275
400620,47193
400621,44424
400622,40000
400623,58034
400624,40000
400625,40000
400626,40000
400627,60053
400628,40000
400629,47597
400630,65364
400631,62164
400632,58042
400633,65098
400634,46666
400635,40000
400636,50399
400637,40000
400638,76683
400639,40000
400640,59650
400641,40000
400642,47714
400643,41168
400644,40000
400645,40000
400646,63230
400647,40000
400648,49861
400649,40000
400650,40000
400651,40000
400652,61161
400653,61789
400654,50868
400655,66557
400656,41575
400657,40000
400658,40000
400659,54158
400660,88269
400661,40000
400662,40000
400663,49198
400664,45439
400665,49176
400666,50553
400667,67004
400668,40000
400669,70034
400670,42044
400671,47905
400672,40000
400673,55712
400674,47730
400675,72842
400676,78424
400677,47091
400678,62385
400679,69383
400680,60308
400681,40000
400682,46045
400683,65023
400684,40000
400685,54627
400686,40000
400687,51368
400688,45177
400689,43987
400690,42784
400691,70791
400692,46060
400693,40000
400694,40000
400695,71517
400696,48713
400697,40000
400698,48433
400699,51474
400700,60491
400701,40000
400702,54426
400703,40000
400704,63980
400705,50583
400706,40000
400707,58736
400708,50193
400709,40000
400710,49661
400711,74690
400712,63927
400713,40000
400714,64653
400715,65777
400716,40000
400717,44412
400718,75940
400719,79168
400720,95250
400721,66760
400722,50489
400723,40000
400724,40000
400725,44820
400726,40125
400727,40000
400728,40000
400729,89579
400730,71979
400731,56348
400732,40000
400733,51646
400734,73873
400735,53042
400736,50492
400737,40000
400738,61760
400739,40000
400740,65666
400741,52733
400742,72392
400743,40000
400744,85236
400745,40000
400746,43728
400747,58330
400748,40000
400749,47804
400750,48614
400751,40000
400752,40000
400753,53884
400754,40000
400755,75016
400756,40000
400757,40000
400758,63084
400759,53628
400760,83273
400761,82140
400762,54368
400763,49485
400764,80737
400765,40000
400766,40000
400767,44391
400768,45792
400769,40488
400770,47416
400771,60017
400772,49657
400773,40000
400774,40000
400775,54764
400776,46815
400777,85915
400778,40000
400779,51621
400780,40000
400781,40000
400782,62496
400783,43118
400784,103861
400785,44956
400786,40000
400787,72466
400788,62255
400789,40000
400790,48524
400791,47457
400792,54860
400793,40000
400794,57073
400795,44405
400796,40000
400797,40000
400798,54438
400799,76357
400800,70819
400801,52180
400802,67738
400803,46973
400804,56407
400805,74331
400806,60743
400807,47049
400808,40000
400809,80990
400810,40000
400811,40000
400812,63381
400813,63095
400814,43606
400815,52480
400816,51566
400817,48812
400818,68622
400819,80208
400820,40000
400821,40000
400822,57092
400823,40000
400824,40000
400825,66030
400826,40507
400827,53596
400828,94993
400829,40000
400830,61568
400831,55976
400832,40000
400833,40000
400834,47251
400835,40000
400836,66520
400837,48516
400838,56278
400839,71632
400840,40535
400841,77851
400842,44435
400843,40000
400844,51028
400845,59382
400846,40000
400847,64561
400848,40000
400849,47846
400850,40000
400851,40000
400852,40000
400853,40000
400854,44763
400855,59554
400856,73992
400857,57249
400858,40000
400859,46056
400860,40000
400861,90705
400862,40000
400863,58049
400864,45802
400865,58009
400866,40000
400867,40000
400868,50862
400869,40000
400870,40000
400871,40000
400872,79091
400873,50774
400874,62331
400875,40989
400876,46849
400877,52662
400878,40000
400879,59795
400880,51117
400881,54137
400882,43680
400883,63144
400884,62530
400885,53330
400886,63633
400887,82961
400888,40000
400889,63864
400890,52284
400891,40000
400892,40000
400893,62155
400894,40000
400895,40000
400896,54615
400897,104968
400898,46373
400899,62587
400900,55554
400901,52730
400902,40000
400903,63441
400904,44282
400905,40000
400906,65454
400907,63059
400908,40000
400909,64557
400910,40000
400911,40000
400912,40505
400913,40000
400914,43586
400915,96494
400916,63241
400917,76200
400918,40000
400919,51634
400920,40000
400921,74951
400922,59120
400923,97304
400924,90740
400925,83697
400926,52908
400927,40000
400928,40241
400929,41758
400930,40000
400931,46748
400932,55032
400933,46111
400934,57603
400935,47131
400936,69259
400937,50748
400938,40000
400939,48615
400940,40000
400941,41838
400942,41481
400943,56530
400944,63038
400945,80146
400946,40000
400947,56161
400948,64439
400949,55908
400950,73907
400951,40000
400952,40000
400953,40000
400954,65503
400955,48940
400956,78682
400957,70559
400958,48524
400959,40000
400960,67836
400961,40000
400962,45494
400963,40000
400964,63713
400965,49037
400966,54125
400967,50221
400968,40000
400969,40000
400970,40071
400971,56934
400972,71701
400973,51569
400974,40000
400975,64508
400976,68198
400977,77259
400978,59422
400979,48864
400980,51389
400981,64451
400982,52245
400983,40000
400984,75330
400985,40000
400986,48624
400987,40000
400988,51616
400989,40000
400990,40000
400991,44889
400992,60388
400993,68964
400994,54290
400995,70270
400996,71359
400997,51487
400998,51232
400999,67356
401000,70084
401001,59554
401002,74597
401003,81412
401004,40000
401005,40000
401006,40000
401007,61300
401008,64861
401009,42488
401010,67850
401011,96843
401012,48332
401013,68011
401014,40985
401015,59046
401016,76259
401017,76730
401018,40000
401019,42611
401020,61360
401021,86132
401022,40130
401023,51049
401024,47868
401025,58971
401026,48610
401027,45292
401028,60652
401029,40000
401030,55098
401031,40000
401032,63791
401033,55750
401034,70726
401035,40000
401036,40000
401037,40000
401038,40000
401039,55929
401040,40000
401041,48802
401042,45115
401043,62074
401044,40000
401045,63349
401046,40000
401047,40357
401048,40000
401049,44284
401050,44588
401051,58937
401052,72079
401053,40000
401054,50959
401055,50169
401056,40000
401057,40000
401058,70416
401059,52071
401060,68219
401061,40000
401062,63765
401063,51241
401064,40000
401065,69743
401066,45532
401067,40000
401068,40000
401069,75612
401070,40000
401071,46025
401072,41522
401073,52686
401074,41942
401075,57839
401076,78458
401077,60374
401078,57524
401079,59013
401080,40847
401081,40216
401082,40000
401083,40000
401084,43071
401085,67158
401086,72085
401087,41794
401088,74424
401089,40000
401090,40000
401091,40000
401092,45073
401093,83501
401094,56853
401095,46147
401096,40000
401097,41276
401098,40000
401099,40000
401100,71647
401101,53091
401102,40000
401103,56038
401104,57371
401105,48153
401106,52445
401107,55272
401108,62914
401109,40000
401110,69076
401111,44339
401112,40000
401113,42846
401114,42358
401115,90412
401116,66929
401117,51933
401118,49924
401119,51684
401120,58238
401121,40000
401122,46030
401123,40000
401124,40000
401125,54184
401126,40000
401127,40000
401128,76559
401129,57168
401130,57938
401131,40000
401132,40000
401133,40341
401134,53613
401135,40000
401136,49548
401137,40000
401138,43914
401139,77981
401140,56456
401141,51807
401142,58971
401143,69481
401144,40000
401145,69486
401146,40000
401147,40000
401148,70620
401149,42691
401150,40000
401151,40000
401152,49110
401153,84632
401154,40000
401155,63601
401156,66061
401157,59248
401158,40000
401159,40000
401160,60847
401161,47766
401162,40000
401163,50631
401164,40000
401165,44648
401166,40000
401167,40000
401168,40000
401169,70357
401170,60943
401171,45216
401172,91256
401173,52860
401174,61150
401175,53907
401176,66547
401177,58424
401178,46725
401179,55543
401180,40000
401181,45526
401182,107850
401183,80418
401184,40000
401185,40000
401186,44892
401187,57245
401188,70141
401189,82040
401190,40000
401191,65133
401192,51208
401193,58214
401194,40000
401195,40000
401196,40000
401197,46007
401198,56206
401199,48692
401200,51874
401201,55378
401202,40000
401203,46004
401204,73844
401205,51525
401206,47951
401207,40000
401208,40000
401209,40695
401210,60350
401211,40000
401212,40000
401213,47195
401214,40000
401215,49902
401216,40000
401217,40000
401218,50087
401219,44532
401220,93995
401221,40000
401222,43553
401223,58139
401224,40000
401225,61308
401226,45590
401227,40000
401228,40000
401229,46225
401230,40000
401231,78239
401232,57797
401233,61846
401234,63746
401235,44491
401236,66207
401237,40000
401238,40000
401239,40000
401240,45859
401241,56075
401242,51170
401243,40000
401244,53881
401245,57738
401246,46914
401247,40000
401248,66029
401249,40000
401250,40000
401251,40000
401252,40000
401253,50319
401254,55209
401255,40000
401256,68080
401257,73021
401258,50307
401259,40000
401260,48370
401261,47970
401262,40000
401263,60114
401264,40000
401265,52854
401266,73648
401267,77212
401268,40000
401269,45223
401270,65858
401271,40000
401272,49696
401273,48395
401274,66610
401275,40000
401276,40000
401277,40000
401278,62122
401279,53262
401280,74412
401281,45878
401282,57962
401283,46383
401284,40000
401285,43772
401286,40000
401287,40000
401288,63808
401289,40000
401290,86743
401291,40000
401292,52772
401293,42172
401294,40000
401295,67131
401296,43606
401297,40000
401298,40000
401299,61360
401300,46801
401301,40000
401302,40000
401303,83979
401304,46314
401305,52992
401306,40000
401307,77554
401308,54226
401309,59347
401310,96023
401311,40000
401312,46806
401313,55585
401314,43918
401315,54108
401316,55570
401317,60532
401318,40000
401319,48688
401320,89789
401321,62137
401322,50381
401323,69556
401324,40000
401325,90974
401326,87965
401327,52716
401328,40000
401329,72493
401330,40000
401331,66894
401332,80809
401333,40000
401334,65451
401335,40000
401336,40690
401337,40000
401338,52214
401339,66052
401340,40000
401341,52975
401342,46291
401343,40000
401344,40000
401345,40000
401346,43791
401347,50122
401348,52289
401349,54425
401350,47861
401351,40000
401352,53284
401353,40000
401354,40660
401355,45692
401356,40000
401357,79196
401358,40191
401359,40000
401360,40995
401361,43932
401362,52196
401363,65619
401364,82014
401365,40000
401366,51328
401367,40000
401368,40000
401369,40000
401370,40000
401371,40000
401372,62657
401373,40000
401374,49651
401375,66055
401376,40000
401377,40000
401378,40000
401379,46642
401380,49613
401381,40000
401382,45163
401383,40000
401384,82725
401385,40000
401386,40000
401387,40000
401388,45022
401389,41013
401390,41124
401391,51128
401392,54107
401393,47276
401394,41039
401395,75368
401396,62792
401397,44866
401398,40000
401399,79430
401400,52399
401401,40000
401402,73261
401403,40000
401404,40000
401405,40471
401406,45983
401407,40000
401408,67726
401409,48224
401410,40000
401411,40000
401412,54339
401413,40000
401414,44196
401415,40000
401416,40000
401417,51770
401418,63320
401419,56939
401420,40000
401421,40000
401422,56261
401423,40822
401424,47564
401425,40194
401426,40000
401427,40823
401428,62723
401429,49797
401430,40000
401431,43599
401432,40000
401433,40000
401434,70669
401435,72301
401436,72505
401437,40000
401438,40000
401439,58583
401440,73616
401441,40000
401442,61905
401443,64219
401444,50616
401445,47587
401446,82946
401447,74691
401448,49600
401449,40000
401450,82693
401451,87925
401452,40000
401453,40000
401454,41392
401455,46398
401456,46057
401457,44135
401458,49895
401459,40000
401460,55632
401461,81973
401462,40000
401463,57047
401464,41074
401465,49049
401466,54693
401467,72305
401468,44537
401469,40000
401470,40000
401471,40000
401472,55463
401473,40000
401474,60604
401475,40000
401476,52908
401477,60264
401478,40000
401479,40000
401480,57017
401481,56345
401482,66872
401483,49321
401484,55640
401485,70894
401486,94553
401487,54829
401488,48217
401489,40000
401490,53566
401491,46005
401492,79670
401493,40000
401494,71584
401495,40000
401496,67823
401497,40000
401498,40000
401499,65655
401500,40000
401501,64535
401502,56623
401503,62934
401504,44724
401505,45194
401506,40000
401507,54852
401508,51494
401509,51799
401510,40452
401511,58982
401512,49811
401513,40000
401514,74576
401515,40000
401516,60289
401517,40000
401518,82494
401519,40000
401520,85084
401521,83467
401522,94902
401523,40000
401524,49507
401525,79523
401526,66517
401527,51485
401528,46674
401529,58573
401530,40000
401531,41922
401532,75611
401533,41005
401534,81714
401535,59898
401536,40000
401537,44705
401538,40000
401539,57377
401540,56064
401541,56226
401542,59026
401543,55736
401544,69914
401545,40000
401546,40000
401547,63990
401548,61434
401549,48783
401550,40000
401551,40000
401552,58939
401553,40000
401554,77709
401555,40000
401556,40000
401557,40000
401558,40588
401559,40000
401560,42992
401561,40000
401562,40000
401563,80835
401564,64703
401565,40000
401566,40000
401567,40000
401568,70582
401569,49255
401570,60450
401571,42674
401572,75274
401573,62209
401574,52475
401575,40000
401576,53214
401577,42294
401578,55786
401579,40000
401580,55158
401581,40000
401582,40000
401583,69893
401584,43840
401585,51219
401586,40000
401587,57336
401588,51074
401589,72748
401590,41086
401591,45866
401592,40000
401593,65315
401594,40000
401595,70123
401596,40000
401597,44231
401598,40000
401599,47502
401600,40000
401601,55628
401602,47371
401603,40000
401604,57957
401605,40000
401606,63795
401607,44145
401608,75946
401609,80448
401610,61635
401611,49202
401612,80719
401613,52350
401614,41239
401615,59485
401616,66369
401617,43497
401618,40000
401619,40677
401620,40000
401621,60557
401622,60475
401623,49428
401624,40000
401625,54660
401626,40000
401627,45783
401628,40000
401629,40000
401630,45652
401631,40000
401632,65848
401633,40000
401634,40000
401635,91725
401636,40000
401637,40000
401638,40000
401639,61026
401640,72970
401641,40000
401642,49899
401643,67974
401644,46856
401645,55415
401646,40000
401647,56787
401648,51856
401649,69499
401650,62541
401651,58363
401652,56710
401653,89639
401654,70895
401655,41940
401656,79975
401657,49223
401658,58521
401659,40000
401660,54199
401661,47232
401662,56922
401663,45862
401664,40000
401665,59873
401666,49627
401667,55811
401668,61536
401669,40506
401670,42727
401671,57295
401672,44880
401673,58454
401674,40000
401675,40000
401676,40000
401677,58796
401678,62161
401679,53086
401680,40000
401681,54168
401682,62213
401683,63212
401684,40000
401685,40000
401686,66647
401687,49458
401688,47993
401689,53310
401690,71935
401691,63991
401692,40000
401693,46991
401694,40000
401695,73488
401696,43563
401697,88857
401698,40000
401699,64016
401700,79233
401701,40000
401702,40000
401703,57357
401704,61763
401705,48631
401706,40000
401707,40000
401708,66769
401709,50265
401710,40000
401711,42553
401712,48563
401713,45112
401714,56433
401715,40000
401716,46753
401717,52643
401718,61035
401719,40000
401720,40000
401721,45071
401722,108100
401723,42105
401724,58233
401725,40000
401726,65935
401727,68217
401728,54035
401729,40000
401730,47582
401731,50290
401732,43582
401733,40000
401734,40000
401735,57735
401736,62167
401737,46101
401738,40000
401739,47081
401740,71303
401741,40000
401742,40000
401743,40000
401744,40000
401745,40000
401746,49373
401747,46968
401748,40000
401749,92757
401750,53358
401751,40000
401752,40000
401753,40000
401754,62918
401755,40000
401756,51191
401757,40000
401758,40000
401759,79341
401760,51643
401761,40000
401762,76201
401763,40000
401764,66268
401765,40000
401766,52254
401767,40000
401768,51639
401769,40000
401770,62267
401771,68220
401772,75226
401773,40000
401774,50250
401775,57501
401776,95436
401777,70992
401778,40000
401779,40000
401780,70391
401781,70964
401782,40000
401783,93153
401784,65863
401785,48283
401786,40000
401787,56923
401788,40000
401789,40000
401790,67406
401791,64178
401792,51864
401793,62278
401794,40000
401795,65572
401796,71419
401797,56246
401798,47767
401799,40000
401800,49779
401801,88955
401802,56246
401803,40000
401804,57178
401805,71878
401806,75684
401807,42997
401808,55083
401809,50478
401810,40000
401811,50748
401812,40000
401813,43280
401814,42662
401815,68539
401816,77871
401817,60060
401818,81558
401819,55209
401820,40000
401821,64960
401822,40666
401823,40000
401824,45061
401825,51883
401826,46426
401827,40300
401828,56864
401829,45449
401830,79971
401831,65581
401832,63400
401833,40000
401834,40000
401835,40000
401836,40000
401837,56472
401838,40000
401839,54653
401840,60696
401841,40000
401842,40000
401843,40000
401844,44767
401845,40000
401846,40000
401847,40000
401848,46616
401849,40000
401850,40000
401851,40000
401852,40000
401853,51520
401854,46292
401855,69411
401856,60574
401857,60631
401858,55491
401859,68681
401860,40000
401861,47291
401862,56543
401863,40000
401864,78690
401865,71011
401866,40000
401867,46211
401868,46191
401869,55456
401870,40000
401871,53629
401872,40000
401873,93847
401874,68674
401875,66532
401876,40000
401877,40000
401878,40000
401879,40000
401880,71133
401881,40000
401882,60961
401883,48324
401884,70280
401885,51354
401886,40000
401887,66582
401888,48776
401889,66127
401890,40000
401891,53070
401892,58286
401893,40000
401894,40000
401895,56753
401896,48563
401897,52828
401898,75223
401899,40000
401900,76555
401901,40000
401902,54939
401903,40000
401904,55478
401905,53645
401906,40000
401907,60257
401908,40000
401909,40000
401910,75591
401911,40000
401912,59263
401913,40000
401914,68994
401915,40000
401916,49261
401917,72252
401918,101773
401919,47359
401920,84783
401921,43659
401922,69474
401923,49550
401924,47000
401925,43939
401926,40931
401927,40000
401928,40328
401929,86230
401930,82259
401931,84274
401932,58152
401933,51482
401934,44187
401935,56408
401936,40000
401937,44315
401938,40681
401939,69257
401940,62895
401941,40000
401942,40000
401943,40000
401944,76993
401945,41869
401946,51227
401947,49919
401948,40000
401949,40000
401950,40000
401951,51256
401952,40000
401953,40000
401954,65889
401955,71620
401956,72786
401957,62687
401958,92275
401959,81689
401960,61983
401961,73247
401962,40000
401963,40000
401964,40095
401965,53473
401966,40000
401967,72484
401968,57504
401969,40000
401970,53733
401971,61155
401972,40000
401973,49331
401974,44085
401975,40000
401976,54701
401977,40000
401978,48297
401979,40000
401980,40000
401981,40000
401982,40000
401983,54914
401984,76314
401985,40000
401986,40000
401987,69792
401988,73789
401989,91980
401990,43045
401991,50146
401992,40000
401993,54918
401994,40000
401995,40000
401996,82114
401997,55355
401998,40000
401999,57247
402000,54225
402001,40000
402002,40000
402003,53615
402004,50874
402005,56198
402006,40000
402007,40000
402008,92882
402009,56714
402010,40000
402011,64305
402012,40000
402013,40499
402014,49105
402015,49622
402016,57229
402017,45055
402018,40000
402019,40000
402020,40000
402021,53681
402022,50455
402023,68724
402024,50263
402025,50425
402026,40000
402027,54653
402028,48272
402029,47092
402030,44722
402031,40000
402032,58665
402033,64854
402034,60808
402035,55104
402036,57014
402037,56221
402038,45244
402039,66480
402040,40000
402041,74861
402042,58691
402043,56745
402044,71946
402045,40000
402046,59093
402047,43063
402048,72711
402049,69326
402050,58238
402051,47474
402052,40000
402053,61986
402054,40000
402055,61246
402056,55983
402057,47525
402058,52962
402059,51206
402060,87995
402061,50928
402062,66389
402063,69098
402064,47284
402065,40000
402066,61642
402067,40000
402068,67054
402069,49454
402070,40000
402071,44594
402072,43667
402073,94998
402074,68110
402075,44421
402076,79069
402077,74626
402078,46973
402079,40000
402080,59389
402081,44064
402082,40000
402083,82188
402084,61087
402085,40000
402086,40000
402087,40000
402088,46140
402089,45584
402090,40000
402091,43653
402092,40000
402093,60014
402094,47662
402095,55653
402096,43147
402097,42972
402098,41093
402099,40000
402100,40000
402101,62685
402102,40000
402103,42706
402104,40000
402105,52118
402106,64368
402107,61594
402108,46829
402109,40000
402110,47179
402111,67212
402112,40000
402113,47715
402114,41694
402115,74000
402116,49448
402117,47167
402118,44949
402119,44330
402120,88375
402121,40000
402122,58866
402123,40000
402124,45716
402125,40000
402126,41349
402127,40000
402128,40000
402129,61569
402130,42585
402131,47752
402132,40000
402133,40000
402134,44233
402135,64722
402136,49803
402137,40000
402138,40000
402139,40000
402140,40000
402141,47830
402142,61318
402143,50373
402144,40000
402145,64113
402146,50731
402147,40000
402148,40000
402149,77485
402150,47419
402151,80468
402152,46048
402153,59338
402154,72935
402155,40000
402156,69137
402157,40000
402158,40000
402159,76519
402160,54108
402161,48195
402162,69592
402163,76506
402164,63281
402165,43324
402166,76169
402167,55625
402168,46717
402169,40000
402170,40000
402171,40000
402172,50516
402173,59318
402174,40000
402175,40000
402176,54372
402177,40000
402178,40000
402179,70460
402180,40000
402181,55242
402182,40000
402183,55028
402184,40000
402185,40000
402186,67366
402187,69045
402188,41486
402189,40217
402190,56964
402191,40000
402192,66135
402193,71625
402194,40000
402195,40000
402196,40000
402197,40000
402198,42936
402199,84507
402200,68022
402201,72710
402202,41006
402203,44698
402204,40000
402205,50217
402206,45696
402207,67909
402208,62928
402209,57981
402210,52603
402211,52896
402212,40373
402213,56697
402214,40000
402215,84210
402216,79926
402217,62769
402218,40000
402219,58059
402220,67808
402221,59348
402222,40000
402223,73729
402224,40000
402225,44239
402226,50253
402227,46678
402228,40000
402229,44728
402230,52320
402231,47350
402232,40000
402233,40000
402234,40000
402235,41138
402236,73478
402237,40000
402238,42287
402239,59127
402240,40000
402241,46248
402242,69151
402243,49876
402244,40435
402245,61012
402246,43929
402247,40000
402248,59509
402249,40000
402250,40000
402251,40000
402252,50381
402253,40000
402254,40000
402255,49449
402256,40000
402257,73970
402258,48836
402259,54987
402260,42662
402261,43627
402262,75610
402263,50255
402264,66961
402265,58427
402266,51752
402267,58546
402268,40000
402269,40000
402270,40000
402271,65791
402272,54893
402273,40000
402274,61592
402275,40000
402276,58332
402277,45134
402278,58435
402279,40000
402280,47454
402281,40000
402282,56450
402283,61942
402284,78478
402285,40000
402286,42967
402287,76902
402288,75143
402289,40000
402290,40000
402291,54345
402292,40000
402293,95225
402294,40000
402295,40000
402296,40000
402297,76722
402298,72200
402299,40000
402300,53370
402301,54213
402302,40000
402303,46647
402304,48352
402305,52342
402306,51836
402307,40000
402308,76873
402309,40000
402310,40000
402311,40000
402312,66035
402313,40000
402314,40000
402315,44304
402316,40225
402317,40000
402318,59584
402319,50087
402320,60245
402321,40000
402322,67449
402323,40000
402324,81200
402325,40000
402326,77552
402327,66964
402328,40000
402329,60326
402330,56162
402331,55330
402332,40000
402333,72776
402334,58263
402335,59563
402336,40000
402337,40000
402338,42635
402339,70880
402340,46298
402341,57598
402342,46516
402343,45285
402344,40000
402345,60904
402346,80499
402347,52684
402348,40000
402349,100006
402350,77288
402351,40000
402352,47564
402353,59541
402354,40000
402355,46912
402356,40000
402357,64573
402358,54120
402359,51726
402360,48947
402361,49719
402362,51497
402363,48849
402364,68072
402365,64266
402366,54837
402367,40000
402368,40000
402369,58266
402370,74832
402371,73034
402372,46993
402373,54434
402374,65931
402375,78157
402376,40000
402377,40000
402378,69171
402379,51734
402380,40000
402381,40000
402382,52807
402383,55262
402384,45265
402385,79912
402386,58647
402387,77862
402388,48802
402389,99528
402390,76662
402391,49615
402392,52823
402393,40000
402394,40000
402395,50663
402396,67284
402397,61912
402398,54092
402399,51939
402400,54574
402401,58959
402402,40000
402403,40000
402404,70790
402405,51995
402406,62585
402407,46721
402408,40000
402409,40000
402410,68210
402411,53983
402412,46826
402413,48558
402414,61142
402415,55915
402416,65407
402417,49716
402418,40000
402419,80384
402420,82149
402421,66377
402422,81679
402423,40000
402424,50840
402425,40000
402426,49618
402427,40000
402428,70662
402429,46816
402430,73936
402431,61201
402432,74570
402433,50508
402434,57265
402435,40749
402436,80869
402437,40000
402438,94874
402439,40000
402440,49114
402441,40000
402442,40000
402443,40000
402444,74833
402445,49842
402446,82175
402447,40000
402448,44751
402449,42960
402450,66226
402451,69524
402452,46364
402453,49282
402454,58342
402455,40000
402456,40000
402457,64440
402458,64598
402459,59304
402460,56278
402461,55579
402462,73212
402463,64570
402464,59580
402465,54909
402466,73761
402467,67926
402468,51746
402469,40000
402470,50305
402471,40000
402472,50441
402473,40458
402474,55683
402475,49542
402476,40000
402477,44396
402478,42041
402479,42669
402480,46367
402481,77756
402482,40000
402483,56597
402484,40739
402485,89581
402486,62856
402487,40000
402488,42754
402489,40000
402490,41733
402491,40100
402492,53033
402493,43762
402494,40000
402495,49419
402496,40000
402497,58176
402498,71012
402499,60386
402500,68160
402501,40000
402502,44015
402503,74646
402504,55879
402505,58854
402506,62607
402507,40000
402508,82044
402509,54098
402510,40000
402511,40000
402512,47827
402513,97231
402514,60785
402515,81670
402516,40000
402517,42376
402518,40000
402519,65534
402520,53809
402521,40000
402522,40758
402523,43392
402524,53000
402525,52747
402526,88481
402527,40000
402528,40000
402529,50566
402530,46670
402531,65666
402532,41673
402533,62655
402534,46330
402535,43657
402536,43949
402537,45705
402538,40000
402539,78066
402540,40000
402541,71636
402542,40000
402543,40000
402544,57343
402545,40000
402546,40000
402547,54392
402548,50172
402549,100474
402550,73832
402551,40830
402552,43641
402553,59975
402554,61108
402555,40000
402556,42776
402557,63659
402558,40000
402559,41329
402560,40000
402561,76774
402562,40000
402563,40000
402564,50256
402565,40214
402566,40000
402567,45701
402568,91739
402569,40000
402570,59135
402571,63888
402572,59062
402573,40000
402574,58065
402575,81992
402576,40000
402577,51464
402578,40000
402579,55814
402580,60874
402581,43789
402582,46593
402583,66964
402584,62305
402585,45558
402586,79649
402587,76091
402588,40000
402589,54820
402590,41052
402591,40000
402592,40000
402593,40368
402594,40000
402595,71821
402596,64973
402597,40000
402598,40000
402599,42515
402600,66692
402601,51006
402602,49543
402603,40000
402604,77871
402605,56896
402606,40000
402607,57927
402608,54188
402609,40000
402610,66933
402611,40000
402612,95261
402613,40000
402614,44081
402615,61767
402616,48724
402617,49174
402618,64908
402619,40000
402620,81222
402621,40594
402622,51177
402623,40000
402624,40000
402625,52006
402626,51805
402627,41951
402628,50851
402629,40000
402630,71948
402631,56351
402632,42075
402633,40000
402634,40000
402635,44257
402636,40000
402637,49677
402638,40000
402639,51459
402640,53931
402641,70953
402642,70903
402643,40000
402644,66538
402645,65229
402646,40000
402647,74666
402648,60166
402649,53181
402650,40000
402651,43850
402652,67414
402653,73778
402654,51660
402655,57102
402656,40000
402657,40529
402658,84583
402659,53682
402660,77984
402661,46164
402662,48704
402663,110135
402664,43122
402665,60657
402666,54445
402667,46364
402668,75650
402669,83818
402670,40000
402671,48070
402672,40000
402673,52210
402674,40000
402675,40000
402676,50530
402677,40000
402678,40000
402679,40000
402680,52684
402681,77611
402682,48674
402683,54515
402684,68666
402685,40000
402686,40000
402687,77239
402688,40000
402689,55741
402690,46130
402691,59612
402692,40000
402693,63289
402694,98370
402695,64797
402696,40000
402697,59712
402698,96037
402699,40675
402700,40000
402701,40000
402702,40000
402703,52286
402704,40000
402705,56631
402706,47826
402707,40000
402708,51768
402709,52953
402710,40000
402711,40000
402712,71355
402713,45767
402714,54611
402715,74631
402716,65070
402717,56108
402718,58377
402719,40000
402720,44494
402721,47924
402722,40000
402723,57272
402724,40000
402725,44600
402726,40000
402727,58565
402728,40000
402729,40000
402730,40000
402731,60840
402732,40000
402733,40355
402734,40000
402735,40000
402736,64829
402737,50490
402738,69293
402739,40000
402740,40000
402741,45296
402742,49229
402743,45250
402744,40000
402745,40000
402746,40000
402747,40000
402748,40000
402749,84771
402750,68600
402751,40000
402752,40000
402753,40000
402754,40000
402755,69461
402756,45454
402757,40000
402758,40000
402759,51676
402760,47994
402761,61463
402762,40000
402763,40000
402764,81852
402765,57339
402766,52302
402767,40325
402768,57499
402769,40000
402770,106612
402771,40000
402772,49813
402773,55548
402774,40000
402775,40000
402776,40000
402777,40000
402778,95448
402779,40000
402780,76917
402781,42205
402782,40000
402783,46116
402784,57891
402785,40000
402786,70223
402787,76029
402788,58833
402789,68951
402790,44580
402791,57924
402792,49774
402793,40000
402794,58686
402795,57607
402796,40000
402797,110635
402798,48642
402799,55386
402800,42592
402801,40483
402802,60040
402803,40000
402804,40000
402805,40000
402806,40000
402807,50774
402808,49459
402809,77277
402810,80994
402811,79201
402812,40000
402813,50061
402814,74204
402815,40000
402816,40000
402817,40000
402818,76186
402819,72399
402820,40574
402821,59372
402822,62510
402823,51703
402824,58337
402825,72707
402826,40843
402827,53483
402828,53317
402829,49562
402830,40000
402831,60349
402832,86299
402833,82360
402834,40000
402835,57381
402836,48359
402837,54471
402838,48438
402839,52671
402840,93240
402841,43370
402842,61495
402843,43807
402844,40000
402845,59856
402846,40000
402847,80220
402848,41028
402849,57664
402850,55378
402851,40662
402852,92225
402853,40000
402854,67214
402855,40000
402856,65095
402857,43340
402858,78571
402859,45273
402860,43975
402861,40000
402862,40000
402863,40000
402864,95389
402865,79601
402866,40000
402867,69210
402868,40186
402869,81531
402870,56078
402871,57353
402872,54856
402873,40930
402874,76970
402875,47587
402876,89066
402877,56361
402878,40000
402879,40000
402880,40000
402881,40000
402882,40000
402883,73096
402884,42816
402885,41089
402886,70448
402887,40000
402888,65929
402889,59830
402890,72800
402891,43994
402892,40000
402893,40000
402894,69708
402895,48470
402896,96271
402897,61652
402898,47540
402899,40000
402900,93471
402901,46498
402902,65313
402903,40000
402904,43376
402905,40000
402906,53695
402907,45183
402908,46170
402909,40000
402910,43269
402911,70971
402912,63633
402913,43775
402914,90295
402915,67367
402916,55413
402917,44518
402918,65165
402919,40000
402920,46700
402921,60473
402922,49189
402923,47384
402924,56136
402925,65899
402926,51111
402927,40000
402928,40000
402929,40000
402930,52721
402931,72604
402932,49872
402933,40000
402934,42276
402935,86664
402936,40000
402937,40000
402938,41827
402939,47717
402940,40000
402941,42691
402942,91981
402943,40000
402944,50298
402945,61706
402946,93044
402947,54907
402948,44195
402949,40000
402950,52079
402951,40000
402952,60788
402953,47217
402954,44250
402955,95142
402956,83747
402957,48541
402958,40000
402959,40000
402960,41907
402961,43145
402962,40000
402963,80972
402964,40000
402965,57937
402966,40000
402967,40000
402968,45467
402969,40000
402970,40000
402971,47436
402972,46079
402973,77120
402974,77223
402975,40000
402976,49138
402977,44195
402978,40000
402979,40000
402980,40000
402981,51710
402982,40000
402983,54253
402984,62361
402985,40000
402986,79875
402987,40000
402988,40000
402989,49490
402990,40000
402991,54807
402992,60865
402993,40000
402994,76929
402995,43840
402996,55084
402997,40000
402998,40000
402999,70388
403000,52131
403001,66738
403002,46982
403003,86803
403004,60899
403005,40000
403006,68506
403007,40000
403008,53986
403009,40000
403010,59167
403011,71261
403012,40816
403013,70288
403014,53420
403015,55535
403016,40000
403017,40000
403018,40000
403019,40000
403020,40000
403021,44558
403022,55438
403023,40000
403024,40000
403025,53599
403026,75641
403027,40000
403028,62383
403029,53717
403030,40000
403031,71415
403032,40000
403033,40000
403034,40000
403035,50991
403036,41683
403037,51560
403038,78355
403039,45477
403040,42872
403041,40000
403042,89627
403043,62550
403044,40000
403045,40000
403046,49710
403047,54493
403048,52893
403049,40000
403050,40000
403051,40000
403052,40000
403053,40000
403054,40000
403055,66057
403056,54602
403057,40000
403058,58084
403059,40000
403060,58260
403061,65064
403062,103804
403063,62063
403064,58553
403065,40000
403066,40000
403067,74003
403068,40000
403069,41305
403070,47913
403071,44564
403072,59484
403073,40000
403074,40000
403075,47588
403076,40000
403077,60047
403078,40000
403079,60313
403080,55906
403081,67473
403082,55348
403083,62374
403084,70261
403085,40000
403086,65663
403087,60364
403088,80484
403089,40000
403090,65764
403091,49410
403092,44116
403093,67249
403094,51836
403095,61493
403096,40000
403097,43885
403098,65587
403099,63712
403100,40024
403101,46059
403102,46512
403103,40000
403104,69270
403105,40000
403106,40000
403107,40000
403108,49107
403109,56647
403110,71559
403111,40000
403112,61667
403113,72898
403114,68115
403115,41808
403116,61430
403117,52983
403118,51740
403119,89316
403120,69205
403121,55705
403122,63109
403123,79549
403124,40000
403125,40000
403126,40000
403127,54237
403128,40318
403129,40000
403130,56482
403131,57153
403132,70051
403133,54741
403134,50850
403135,69075
403136,40000
403137,63814
403138,40000
403139,40000
403140,49483
403141,40000
403142,40000
403143,40000
403144,56835
403145,40000
403146,68213
403147,40000
403148,40000
403149,59799
403150,41348
403151,40000
403152,66907
403153,53797
403154,74861
403155,65649
403156,40000
403157,41623
403158,51240
403159,67588
403160,40000
403161,49384
403162,67545
403163,79083
403164,44964
403165,54934
403166,47683
403167,41488
403168,40000
403169,40302
403170,40000
403171,40000
403172,51601
403173,60838
403174,43915
403175,49735
403176,69953
403177,71460
403178,43054
403179,40000
403180,43869
403181,50282
403182,46227
403183,40000
403184,48741
403185,69522
403186,40000
403187,53355
403188,40000
403189,66926
403190,55362
403191,40000
403192,56716
403193,40000
403194,58238
403195,82821
403196,79794
403197,66458
403198,76504
403199,59296
403200,68505
403201,58688
403202,58358
403203,40000
403204,70067
403205,40000
403206,66635
403207,41497
403208,90284
403209,51579
403210,40000
403211,51518
403212,59513
403213,45234
403214,56931
403215,59199
403216,64574
403217,40420
403218,53273
403219,47239
403220,44424
403221,57030
403222,47294
403223,40000
403224,77644
403225,40000
403226,40000
403227,40000
403228,50765
403229,59863
403230,43130
403231,40000
403232,40000
403233,40000
403234,46166
403235,84565
403236,40000
403237,44003
403238,44611
403239,45841
403240,40000
403241,48787
403242,40000
403243,57598
403244,40000
403245,75504
403246,44127
403247,40000
403248,43252
403249,92190
403250,64040
403251,89229
403252,55389
403253,40000
403254,55957
403255,55230
403256,40000
403257,52732
403258,46960
403259,40000
403260,45810
403261,52680
403262,69949
403263,65516
403264,40000
403265,40000
403266,62979
403267,51831
403268,90568
403269,41139
403270,78389
403271,67523
403272,46432
403273,40000
403274,67331
403275,43549
403276,40000
403277,88340
403278,40000
403279,58726
403280,40000
403281,40000
403282,58548
403283,63067
403284,40000
403285,81361
403286,80698
403287,58002
403288,66981
403289,40000
403290,40000
403291,74291
403292,49637
403293,51191
403294,46626
403295,59989
403296,66997
403297,51565
403298,61369
403299,76769
403300,40000
403301,40000
403302,40000
403303,40000
403304,72547
403305,40000
403306,46492
403307,40000
403308,52121
403309,45249
403310,40000
403311,40000
403312,40000
403313,48292
403314,62544
403315,40000
403316,43171
403317,75149
403318,72905
403319,40000
403320,59650
403321,49057
403322,45987
403323,57090
403324,78765
403325,40000
403326,81894
403327,83723
403328,40000
403329,68615
403330,49989
403331,43605
403332,68491
403333,40000
403334,51877
403335,40000
403336,92136
403337,40000
403338,94318
403339,40000
403340,41957
403341,40000
403342,50370
403343,40000
403344,77728
403345,68669
403346,40000
403347,65197
403348,40000
403349,66282
403350,59276
403351,44937
403352,66931
403353,59783
403354,65495
403355,58906
403356,40000
403357,40000
403358,51181
403359,40000
403360,40000
403361,59784
403362,40000
403363,52883
403364,40688
403365,66125
403366,42383
403367,54195
403368,40000
403369,50828
403370,40188
403371,40000
403372,49704
403373,40000
403374,45652
403375,40000
403376,40000
403377,49380
403378,50814
403379,40000
403380,40000
403381,40000
403382,45498
403383,46000
403384,47124
403385,40000
403386,52880
403387,61607
403388,40000
403389,51715
403390,59865
403391,96478
403392,46651
403393,75735
403394,55803
403395,40000
403396,43255
403397,56357
403398,67992
403399,56471
403400,40000
403401,58002
403402,40000
403403,54451
403404,53445
403405,45116
403406,49531
403407,73868
403408,58001
403409,60909
403410,70399
403411,49715
403412,82639
403413,48911
403414,43721
403415,40000
403416,40000
403417,53975
403418,53783
403419,40000
403420,63174
403421,60291
403422,44927
403423,42819
403424,45241
403425,50880
403426,51858
403427,56015
403428,40000
403429,69296
403430,58330
403431,40000
403432,43466
403433,55041
403434,55810
403435,40000
403436,76637
403437,76441
403438,59605
403439,50421
403440,42322
403441,40000
403442,40000
403443,40000
403444,48165
403445,51260
403446,40000
403447,42424
403448,40000
403449,40000
403450,61796
403451,42932
403452,53212
403453,46660
403454,40000
403455,40063
403456,41219
403457,40000
403458,65977
403459,44740
403460,41992
403461,40000
403462,50943
403463,48114
403464,40000
403465,70601
403466,40558
403467,50492
403468,58941
403469,85406
403470,72723
403471,71600
403472,53389
403473,84916
403474,40000
403475,67308
403476,63364
403477,71872
403478,45261
403479,54414
403480,62194
403481,53754
403482,40000
403483,54110
403484,40000
403485,76298
403486,40000
403487,73773
403488,71656
403489,40000
403490,64771
403491,59942
403492,40000
403493,79314
403494,40000
403495,43109
403496,83909
403497,49706
403498,51321
403499,45411
403500,69228
403501,80266
403502,40000
403503,76597
403504,58238
403505,40282
403506,65348
403507,53920
403508,40000
403509,40000
403510,45602
403511,40000
403512,64224
403513,63160
403514,52525
403515,83917
403516,65321
403517,48587
403518,40000
403519,40000
403520,40952
403521,40000
403522,56407
403523,54074
403524,73543
403525,40000
403526,47874
403527,76609
403528,40000
403529,90031
403530,57878
403531,76550
403532,40000
403533,66741
403534,60481
403535,79162
403536,58739
403537,40000
403538,70248
403539,73211
403540,40000
403541,40000
403542,56321
403543,47525
403544,40000
403545,40000
403546,40000
403547,41911
403548,51345
403549,45951
403550,58317
403551,40000
403552,53232
403553,76884
403554,46591
403555,78435
403556,55943
403557,49175
403558,55291
403559,60872
403560,40000
403561,61055
403562,77761
403563,40000
403564,52578
403565,46758
403566,66619
403567,55924
403568,72171
403569,40000
403570,51643
403571,85521
403572,68425
403573,85860
403574,55402
403575,62449
403576,57595
403577,52412
403578,40000
403579,40000
403580,40000
403581,80535
403582,40000
403583,48358
403584,53435
403585,40000
403586,84216
403587,40000
403588,45140
403589,57222
403590,46041
403591,40000
403592,60172
403593,46191
403594,55941
403595,40000
403596,78180
403597,57717
403598,40000
403599,40000
403600,40000
403601,84782
403602,67712
403603,68383
403604,40000
403605,93850
403606,40000
403607,44968
403608,51129
403609,69644
403610,40000
403611,53131
403612,40000
403613,51087
403614,73061
403615,77326
403616,58782
403617,40000
403618,40000
403619,61385
403620,56268
403621,52532
403622,73196
403623,41518
403624,61631
403625,40000
403626,51407
403627,48987
403628,71297
403629,40000
403630,52859
403631,51702
403632,41092
403633,50754
403634,47146
403635,51346
403636,47396
403637,40000
403638,80883
403639,40000
403640,50066
403641,54086
403642,58191
403643,70540
403644,40000
403645,52516
403646,59945
403647,40000
403648,40000
403649,47958
403650,64836
403651,74214
403652,41896
403653,53876
403654,50098
403655,40000
403656,73238
403657,47817
403658,44491
403659,43711
403660,41064
403661,86198
403662,44967
403663,57615
403664,61755
403665,59503
403666,46407
403667,53555
403668,40000
403669,54270
403670,45062
403671,57025
403672,69179
403673,50236
403674,41162
403675,69542
403676,52565
403677,48699
403678,48243
403679,46772
403680,40000
403681,75234
403682,81754
403683,80001
403684,79775
403685,40000
403686,40000
403687,56971
403688,65295
403689,42198
403690,66182
403691,63547
403692,40000
403693,71212
403694,64274
403695,40000
403696,40000
403697,47641
403698,76061
403699,56409
403700,67871
403701,40000
403702,48809
403703,64562
403704,55315
403705,53748
403706,58944
403707,71715
403708,49468
403709,55913
403710,72771
403711,40917
403712,40000
403713,51359
403714,50821
403715,80834
403716,40000
403717,46806
403718,70521
403719,46061
403720,40498
403721,69957
403722,52744
403723,52405
403724,79537
403725,40000
403726,48548
403727,52828
403728,40000
403729,40000
403730,40000
403731,57552
403732,40000
403733,44267
403734,49449
403735,40000
403736,40000
403737,40000
403738,70233
403739,52492
403740,66532
403741,55922
403742,59806
403743,67349
403744,61692
403745,54401
403746,49275
403747,96645
403748,49996
403749,50512
403750,40000
403751,43368
403752,40000
403753,40000
403754,42678
403755,40000
403756,40000
403757,57848
403758,60675
403759,40000
403760,48914
403761,64803
403762,77056
403763,98579
403764,54461
403765,58141
403766,66311
403767,53071
403768,44263
403769,50321
403770,41620
403771,40000
403772,53289
403773,41296
403774,65594
403775,49588
403776,77449
403777,40000
403778,50674
403779,40000
403780,40000
403781,43517
403782,40000
403783,46772
403784,52104
403785,40000
403786,40000
403787,40000
403788,64376
403789,40000
403790,59614
403791,89260
403792,40000
403793,45689
403794,60492
403795,63033
403796,40000
403797,43262
403798,40000
403799,40000
403800,57424
403801,40000
403802,71949
403803,40000
403804,40000
403805,69071
403806,40000
403807,59724
403808,40000
403809,71689
403810,40000
403811,43551
403812,40937
403813,42578
403814,40000
403815,40000
403816,68782
403817,51844
403818,68464
403819,40000
403820,59924
403821,40000
403822,83499
403823,58651
403824,69352
403825,44239
403826,40000
403827,59281
403828,46894
403829,40000
403830,74145
403831,40000
403832,83915
403833,40000
403834,40000
403835,73616
403836,40000
403837,40000
403838,61035
403839,40000
403840,40000
403841,68628
403842,42433
403843,46830
403844,40000
403845,40000
403846,73890
403847,66555
403848,57562
403849,40000
403850,40000
403851,40000
403852,40000
403853,65738
403854,47603
403855,74658
403856,77290
403857,45835
403858,61803
403859,68887
403860,40000
403861,77182
403862,40422
403863,55960
403864,62413
403865,52089
403866,40594
403867,68069
403868,48963
403869,55415
403870,41787
403871,44676
403872,47289
403873,79835
403874,43417
403875,49086
403876,81218
403877,70633
403878,100671
403879,40000
403880,40000
403881,50342
403882,40000
403883,55925
403884,52993
403885,57186
403886,40000
403887,40000
403888,82597
403889,91266
403890,57217
403891,69694
403892,45159
403893,44561
403894,42333
403895,40000
403896,40000
403897,40000
403898,64691
403899,40000
403900,40000
403901,40000
403902,40000
403903,58461
403904,63076
403905,57182
403906,41237
403907,57207
403908,70038
403909,58184
403910,56058
403911,56048
403912,63332
403913,45935
403914,40000
403915,45490
403916,92635
403917,54285
403918,47318
403919,67963
403920,65148
403921,73115
403922,40951
403923,53280
403924,40307
403925,41572
403926,85844
403927,55768
403928,40921
403929,86861
403930,40000
403931,82594
403932,41411
403933,47538
403934,40000
403935,57450
403936,47275
403937,56032
403938,40000
403939,44091
403940,59872
403941,40000
403942,40000
403943,58189
403944,40000
403945,45862
403946,52533
403947,47419
403948,63227
403949,40000
403950,66686
403951,55285
403952,40000
403953,56383
403954,40000
403955,40000
403956,40000
403957,63114
403958,47020
403959,69989
403960,64712
403961,40000
403962,45690
403963,67333
403964,40000
403965,53089
403966,42270
403967,43521
403968,68165
403969,40000
403970,40000
403971,40000
403972,58246
403973,69830
403974,51714
403975,76569
403976,42493
403977,44027
403978,66760
403979,46518
403980,40000
403981,58755
403982,49735
403983,40000
403984,44234
403985,44740
403986,40000
403987,45782
403988,54288
403989,40589
403990,59122
403991,40000
403992,69371
403993,40000
403994,40000
403995,53271
403996,62870
403997,53990
403998,40287
403999,40000
404000,40000
404001,71949
404002,40000
404003,105793
404004,45337
404005,89861
404006,48558
404007,65417
404008,40000
404009,87750
404010,65705
404011,45020
404012,80353
404013,72901
404014,79868
404015,69735
404016,54015
404017,50172
404018,55622
404019,51145
404020,64413
404021,40000
404022,61430
404023,45292
404024,77849
404025,81176
404026,49832
404027,40000
404028,40000
404029,71387
404030,40000
404031,71428
404032,47818
404033,85944
404034,40000
404035,40000
404036,53119
404037,40000
404038,61535
404039,43055
404040,66650
404041,60534
404042,70282
404043,84548
404044,40000
404045,52371
404046,55568
404047,40000
404048,65048
404049,40462
404050,40000
404051,40000
404052,46639
404053,93353
404054,48012
404055,89556
404056,40000
404057,40000
404058,40000
404059,40000
404060,40000
404061,42263
404062,50524
404063,40000
404064,83520
404065,55456
404066,40000
404067,57213
404068,86892
404069,40000
404070,53576
404071,71895
404072,40000
404073,60290
404074,58459
404075,55928
404076,83431
404077,44246
404078,51113
404079,43303
404080,44134
404081,60118
404082,84662
404083,46721
404084,42531
404085,61567
404086,41951
404087,51957
404088,40000
404089,40392
404090,40000
404091,76576
404092,44447
404093,40000
404094,57781
404095,54652
404096,40000
404097,48479
404098,66617
404099,72758
404100,53469
404101,90515
404102,60952
404103,69750
404104,55095
404105,74642
404106,45581
404107,43854
404108,40000
404109,40000
404110,44946
404111,40000
404112,52941
404113,40000
404114,58779
404115,49004
404116,40895
404117,51593
404118,65918
404119,40000
404120,40000
404121,40000
404122,52036
404123,68768
404124,40000
404125,40000
404126,40000
404127,56028
404128,40000
404129,65147
404130,83044
404131,54763
404132,75137
404133,43110
404134,56676
404135,40000
404136,41403
404137,40000
404138,45393
404139,40000
404140,62190
404141,42446
404142,40000
404143,40000
404144,40000
404145,81556
404146,42046
404147,48701
404148,40000
404149,86152
404150,40000
404151,40000
404152,40515
404153,41291
404154,40306
404155,60434
404156,40000
404157,63116
404158,76840
404159,40000
404160,60890
404161,65067
404162,89827
404163,42601
404164,51765
404165,40000
404166,63808
404167,40000
404168,60167
404169,40000
404170,47738
404171,67856
404172,80728
404173,42694
404174,51420
404175,41054
404176,40000
404177,59146
404178,42179
404179,46105
404180,62430
404181,40000
404182,40000
404183,56746
404184,40000
404185,40000
404186,40000
404187,85468
404188,41403
404189,40000
404190,40000
404191,40000
404192,79208
404193,40000
404194,69168
404195,61542
404196,53978
404197,43433
404198,40000
404199,54170
404200,40000
404201,58513
404202,81151
404203,50034
404204,51483
404205,65844
404206,72375
404207,40000
404208,49992
404209,55881
404210,40000
404211,40000
404212,40000
404213,40000
404214,40000
404215,50963
404216,40000
404217,60466
404218,48268
404219,40000
404220,60360
404221,56339
404222,49921
404223,44090
404224,76323
404225,67095
404226,53542
404227,70501
404228,41999
404229,63900
404230,61572
404231,91287
404232,65022
404233,56413
404234,60744
404235,51976
404236,43423
404237,60609
404238,53526
404239,72575
404240,40000
404241,56019
404242,40000
404243,40000
404244,42867
404245,40680
404246,79001
404247,40000
404248,40000
404249,108396
404250,75464
404251,40000
404252,40000
404253,97722
404254,48532
404255,52439
404256,40511
404257,80123
404258,40000
404259,44204
404260,40000
404261,100031
404262,43715
404263,60199
404264,40000
404265,78763
404266,40000
404267,42652
404268,40000
404269,49837
404270,44099
404271,55669
404272,55939
404273,40000
404274,75237
404275,50461
404276,40000
404277,82076
404278,69626
404279,51050
404280,66355
404281,43659
404282,47640
404283,41148
404284,40000
404285,69314
404286,48259
404287,40000
404288,55465
404289,40000
404290,51306
404291,67452
404292,58737
404293,40000
404294,43395
404295,40000
404296,40000
404297,44461
404298,47207
404299,40000
404300,52470
404301,40000
404302,56755
404303,51983
404304,40000
404305,40000
404306,48749
404307,40000
404308,58699
404309,40000
404310,40000
404311,43599
404312,40000
404313,40000
404314,45425
404315,40000
404316,40000
404317,53973
404318,40000
404319,49222
404320,86202
404321,40000
404322,42953
404323,42131
404324,61864
404325,63379
404326,40000
404327,79049
404328,40095
404329,65933
404330,40000
404331,42052
404332,53318
404333,47180
404334,61953
404335,40000
404336,89966
404337,40000
404338,40000
404339,89164
404340,40000
404341,47098
404342,62477
404343,51672
404344,44222
404345,54691
404346,60478
404347,65702
404348,68126
404349,40000
404350,67695
404351,91327
404352,40000
404353,43021
404354,40000
404355,45697
404356,40000
404357,40872
404358,40711
404359,40000
404360,58938
404361,40000
404362,77276
404363,68874
404364,40000
404365,54429
404366,40000
404367,82970
404368,50848
404369,40000
404370,60684
404371,48221
404372,66065
404373,66065
404374,58635
404375,40000
404376,40000
404377,69381
404378,40000
404379,56423
404380,40000
404381,40000
404382,47352
404383,40000
404384,62935
404385,62298
404386,40000
404387,40000
404388,45922
404389,101992
404390,46244
404391,65048
404392,62672
404393,77944
404394,55011
404395,63708
404396,48194
404397,46989
404398,91311
404399,60003
404400,62603
404401,40000
404402,58215
404403,56355
404404,40000
404405,48881
404406,57352
404407,41157
404408,57514
404409,80835
404410,40000
404411,40000
404412,40000
404413,64806
404414,79032
404415,40384
404416,83021
404417,100788
404418,48441
404419,54546
404420,40000
404421,63185
404422,40000
404423,48557
404424,51222
404425,58557
404426,40000
404427,43699
404428,69243
404429,55841
404430,40000
404431,65416
404432,53801
404433,51869
404434,66592
404435,56561
404436,40000
404437,40000
404438,40000
404439,40000
404440,40000
404441,47821
404442,51468
404443,41156
404444,66753
404445,45453
404446,40000
404447,65482
404448,75807
404449,45960
404450,61089
404451,58627
404452,59891
404453,55855
404454,76198
404455,40000
404456,51304
404457,40000
404458,40000
404459,60898
404460,47696
404461,40000
404462,40194
404463,52462
404464,40000
404465,40000
404466,48598
404467,92588
404468,58073
404469,40000
404470,40000
404471,40000
404472,40000
404473,71293
404474,40000
404475,40000
404476,40000
404477,58978
404478,47847
404479,51571
404480,40000
404481,44832
404482,60610
404483,74883
404484,40000
404485,40000
404486,68490
404487,51884
404488,75861
404489,67132
404490,40931
404491,40000
404492,43696
404493,40000
404494,44837
404495,40000
404496,64302
404497,85097
404498,62262
404499,40978
404500,40000
404501,44870
404502,60189
404503,56815
404504,56646
404505,68331
404506,40000
404507,40138
404508,45431
404509,87030
404510,56142
404511,40000
404512,40000
404513,40000
404514,63845
404515,56146
404516,62766
404517,40000
404518,43923
404519,74105
404520,60216
404521,59343
404522,44482
404523,54198
404524,40000
404525,40331
404526,40000
404527,45819
404528,40000
404529,54332
404530,72538
404531,40000
404532,86608
404533,57699
404534,84391
404535,43434
404536,43156
404537,71505
404538,40000
404539,44140
404540,46623
404541,53515
404542,46508
404543,62495
404544,77631
404545,47780
404546,43472
404547,45895
404548,60045
404549,40000
404550,40000
404551,40000
404552,59399
404553,40000
404554,40000
404555,56761
404556,40000
404557,40000
404558,40000
404559,40000
404560,72166
404561,78419
404562,46756
404563,58147
404564,54825
404565,52579
404566,60131
404567,40000
404568,44985
404569,56437
404570,40000
404571,40000
404572,51066
404573,40000
404574,40000
404575,47518
404576,42156
404577,102643
404578,40000
404579,57395
404580,40000
404581,47709
404582,66471
404583,50875
404584,90299
404585,68888
404586,40000
404587,40000
404588,40000
404589,51568
404590,79143
404591,40000
404592,56474
404593,40000
404594,40000
404595,52672
404596,85302
404597,50488
404598,40000
404599,55415
404600,45041
404601,40000
404602,45097
404603,73188
404604,40000
404605,62701
404606,40000
404607,40000
404608,58715
404609,44826
404610,40000
404611,40390
404612,53772
404613,40000
404614,48539
404615,40000
404616,40000
404617,77007
404618,63832
404619,55297
404620,60334
404621,84458
404622,58939
404623,43534
404624,40000
404625,64894
404626,43130
404627,72342
404628,70214
404629,61597
404630,45429
404631,59329
404632,40000
404633,40000
404634,40000
404635,61333
404636,87743
404637,40000
404638,51474
404639,73322
404640,48345
404641,88397
404642,75385
404643,75582
404644,40000
404645,63128
404646,40000
404647,90975
404648,40000
404649,80215
404650,51577
404651,59110
404652,49488
404653,52628
404654,74695
404655,61821
404656,40000
404657,57108
404658,40000
404659,44308
404660,40000
404661,67376
404662,52298
404663,40000
404664,83640
404665,48180
404666,43526
404667,45959
404668,40000
404669,64931
404670,45526
404671,40000
404672,66520
404673,40000
404674,53382
404675,88786
404676,70611
404677,42394
404678,40000
404679,101930
404680,40000
404681,40000
404682,49410
404683,78061
404684,66372
404685,52142
404686,58287
404687,55646
404688,47236
404689,72092
404690,69162
404691,40000
404692,78169
404693,52236
404694,43740
404695,47608
404696,41607
404697,75271
404698,43150
404699,70711
404700,58399
404701,40000
404702,40577
404703,40433
404704,40000
404705,40000
404706,40184
404707,47483
404708,40000
404709,40000
404710,40000
404711,41248
404712,40000
404713,67799
404714,40000
404715,40000
404716,40000
404717,71114
404718,40000
404719,40000
404720,40000
404721,45721
404722,44318
404723,40000
404724,71210
404725,40000
404726,69125
404727,40985
404728,45748
404729,75166
404730,55721
404731,53594
404732,47932
404733,77268
404734,73642
404735,41785
404736,47303
404737,47437
404738,40000
404739,65288
404740,40000
404741,40000
404742,40000
404743,44305
404744,40000
404745,54310
404746,40000
404747,40000
404748,53069
404749,65660
404750,57904
404751,84634
404752,40378
404753,40000
404754,60513
404755,55120
404756,61377
404757,66329
404758,65888
404759,66384
404760,82794
404761,62316
404762,43803
404763,40000
404764,73991
404765,60077
404766,41437
404767,61155
404768,80119
404769,48279
404770,40000
404771,59524
404772,40392
404773,57686
404774,61969
404775,91584
404776,44882
404777,40000
404778,49166
404779,40000
404780,40563
404781,52993
404782,57571
404783,78106
404784,71198
404785,44479
404786,45805
404787,44451
404788,50754
404789,40000
404790,40000
404791,52444
404792,66142
404793,40000
404794,63903
404795,40000
404796,62368
404797,58310
404798,40000
404799,86627
404800,54243
404801,40000
404802,50977
404803,40000
404804,61825
404805,40000
404806,45731
404807,56322
404808,40000
404809,40000
404810,52326
404811,57718
404812,40000
404813,65535
404814,40000
404815,40000
404816,40000
404817,54595
404818,46925
404819,54167
404820,76520
404821,42051
404822,48613
404823,42187
404824,40000
404825,81110
404826,47803
404827,40000
404828,55149
404829,41815
404830,40000
404831,65677
404832,68054
404833,40363
404834,45332
404835,87351
404836,40000
404837,40000
404838,61718
404839,40000
404840,62035
404841,71022
404842,40000
404843,40000
404844,77255
404845,40000
404846,40000
404847,42080
404848,40000
404849,40000
404850,40000
404851,40000
404852,70119
404853,82513
404854,63668
404855,61131
404856,93013
404857,44543
404858,40000
404859,80292
404860,47906
404861,41612
404862,42064
404863,40000
404864,54578
404865,61439
404866,54700
404867,41596
404868,50808
404869,40000
404870,40000
404871,46866
404872,54661
404873,54152
404874,62106
404875,74496
404876,58544
404877,55539
404878,60805
404879,40000
404880,50780
404881,40000
404882,46227
404883,49527
404884,51045
404885,52142
404886,78045
404887,41486
404888,40000
404889,50160
404890,76511
404891,42519
404892,68371
404893,40000
404894,57729
404895,73317
404896,70651
404897,46450
404898,82285
404899,67804
404900,72571
404901,46226
404902,48402
404903,40000
404904,68501
404905,81816
404906,40000
404907,53957
404908,40000
404909,51818
404910,40000
404911,74212
404912,40000
404913,40000
404914,40000
404915,40000
404916,69257
404917,72507
404918,40000
404919,55495
404920,42930
404921,60460
404922,41905
404923,54080
404924,50540
404925,51424
404926,94399
404927,60088
404928,95231
404929,40522
404930,40000
404931,67314
404932,83559
404933,63686
404934,84454
404935,53458
404936,43717
404937,56008
404938,40000
404939,51394
404940,55033
404941,50335
404942,45559
404943,59336
404944,73570
404945,51028
404946,56642
404947,54915
404948,63364
404949,40000
404950,68189
404951,40000
404952,81981
404953,62603
404954,40000
404955,45753
404956,54284
404957,58032
404958,49091
404959,72739
404960,79832
404961,46157
404962,44141
404963,40000
404964,83871
404965,40000
404966,40000
404967,40000
404968,40000
404969,66135
404970,40000
404971,66542
404972,69032
404973,40000
404974,66237
404975,67677
404976,46497
404977,40000
404978,47401
404979,52125
404980,72262
404981,69891
404982,40000
404983,63241
404984,40524
404985,40000
404986,44521
404987,82462
404988,63817
404989,40000
404990,40000
404991,58534
404992,74349
404993,76581
404994,46219
404995,47085
404996,72969
404997,42076
404998,50183
404999,47173
405000,40000
405001,57399
405002,74216
405003,40000
405004,40000
405005,66920
405006,40000
405007,73133
405008,90554
405009,40000
405010,42921
405011,40000
405012,58755
405013,40000
405014,70306
405015,72535
405016,40000
405017,86146
405018,63132
405019,89249
405020,40000
405021,40000
405022,46216
405023,72856
405024,56703
405025,48120
405026,40000
405027,56105
405028,40398
405029,56682
405030,90071
405031,40000
405032,92618
405033,48127
405034,40000
405035,40000
405036,77461
405037,70894
405038,40000
405039,50542
405040,53600
405041,40000
405042,45322
405043,67639
405044,64039
405045,44345
405046,45686
405047,40000
405048,40000
405049,51523
405050,40000
405051,50077
405052,42594
405053,49085
405054,40000
405055,43479
405056,40000
405057,50204
405058,40000
405059,46199
405060,40000
405061,40000
405062,53837
405063,67423
405064,55678
405065,86027
405066,40000
405067,40000
405068,76643
405069,69659
405070,52162
405071,40000
405072,56146
405073,40000
405074,61098
405075,90495
405076,53131
405077,61833
405078,40000
405079,82586
405080,58189
405081,40267
405082,45905
405083,40000
405084,40164
405085,84015
405086,61560
405087,49263
405088,47506
405089,57653
405090,40000
405091,40000
405092,76028
405093,78056
405094,40000
405095,46071
405096,48966
405097,82653
405098,47750
405099,56769
405100,40000
405101,43324
405102,40000
405103,52527
405104,57650
405105,40000
405106,40000
405107,62984
405108,97052
405109,54675
405110,77089
405111,40000
405112,57117
405113,40000
405114,40000
405115,40000
405116,40000
405117,80164
405118,52072
405119,84556
405120,40000
405121,62526
405122,40000
405123,48381
405124,71419
405125,54029
405126,40000
405127,80771
405128,49062
405129,40000
405130,40000
405131,40000
405132,47489
405133,40000
405134,63217
405135,54236
405136,70497
405137,40000
405138,40000
405139,41619
405140,58697
405141,50358
405142,57908
405143,40000
405144,60767
405145,40000
405146,68799
405147,62093
405148,48075
405149,67700
405150,40000
405151,40000
405152,40000
405153,40000
405154,61937
405155,40000
405156,41590
405157,62440
405158,61236
405159,40000
405160,50079
405161,40000
405162,47414
405163,47069
405164,77181
405165,54346
405166,45122
405167,40000
405168,40000
405169,45762
405170,40000
405171,90398
405172,49449
405173,45809
405174,80505
405175,85806
405176,43429
405177,46572
405178,54191
405179,48810
405180,40000
405181,40000
405182,66615
405183,49551
405184,53410
405185,47842
405186,59402
405187,40000
405188,77521
405189,81248
405190,80454
405191,71282
405192,40791
405193,55993
405194,55475
405195,47004
405196,71459
405197,61946
405198,61735
405199,48486
405200,60590
405201,40000
405202,91790
405203,40000
405204,40000
405205,52921
405206,80541
405207,63892
405208,40000
405209,40000
405210,40000
405211,75647
405212,82323
405213,56751
405214,46248
405215,40948
405216,44488
405217,49390
405218,53415
405219,40000
405220,40000
405221,44605
405222,40675
405223,62075
405224,40000
405225,55956
405226,40000
405227,81872
405228,70631
405229,74747
405230,65464
405231,46537
405232,49974
405233,43864
405234,88545
405235,52396
405236,73428
405237,67917
405238,53487
405239,64614
405240,40000
405241,40099
405242,87831
405243,48829
405244,45887
405245,56749
405246,51086
405247,65008
405248,72206
405249,49693
405250,65700
405251,79399
405252,65335
405253,51088
405254,70611
405255,77865
405256,78245
405257,40000
405258,40000
405259,50203
405260,73159
405261,78204
405262,53363
405263,64844
405264,67375
405265,40000
405266,42175
405267,51200
405268,66624
405269,48333
405270,40000
405271,40000
405272,40000
405273,53168
405274,40000
405275,46317
405276,54952
405277,40000
405278,42175
405279,40000
405280,42770
405281,45170
405282,40000
405283,40298
405284,40000
405285,40000
405286,52706
405287,64401
405288,55927
405289,40000
405290,77895
405291,61896
405292,45611
405293,40000
405294,82908
405295,42253
405296,50400
405297,67713
405298,40000
405299,56855
405300,79050
405301,66351
405302,40000
405303,65090
405304,40213
405305,61954
405306,40343
405307,60350
405308,40000
405309,77313
405310,56170
405311,43504
405312,58149
405313,49622
405314,75191
405315,62660
405316,74213
405317,80774
405318,49719
405319,40000
405320,88497
405321,67997
405322,40000
405323,55963
405324,52339
405325,40000
405326,52271
405327,59582
405328,75383
405329,91130
405330,40000
405331,40000
405332,91241
405333,40000
405334,96461
405335,40000
405336,67752
405337,44557
405338,45200
405339,41937
405340,57261
405341,61411
405342,44929
405343,40000
405344,40000
405345,58065
405346,55105
405347,75088
405348,40000
405349,51431
405350,62808
405351,73272
405352,58884
405353,40000
405354,41467
405355,68227
405356,40525
405357,53024
405358,43451
405359,40000
405360,69644
405361,54967
405362,55130
405363,69508
405364,73480
405365,52896
405366,55058
405367,51538
405368,41023
405369,60132
405370,59793
405371,58881
405372,40000
405373,46252
405374,40000
405375,40929
405376,40000
405377,61490
405378,63678
405379,40975
405380,69730
405381,50766
405382,77175
405383,69136
405384,45049
405385,61759
405386,40000
405387,86504
405388,58385
405389,40000
405390,44780
405391,40000
405392,40613
405393,40000
405394,40000
405395,82649
405396,47144
405397,51591
405398,60127
405399,40000
405400,40000
405401,40000
405402,40000
405403,72830
405404,55408
405405,49927
405406,52814
405407,40000
405408,56130
405409,69692
405410,64522
405411,52434
405412,77256
405413,51673
405414,47346
405415,41773
405416,58040
405417,40000
405418,40000
405419,59634
405420,74264
405421,46910
405422,80803
405423,43824
405424,40000
405425,59291
405426,41285
405427,40000
405428,88429
405429,45522
405430,40000
405431,40000
405432,46945
405433,46608
405434,45655
405435,40000
405436,44969
405437,57972
405438,76487
405439,74112
405440,40000
405441,71696
405442,64531
405443,43563
405444,70276
405445,40000
405446,53545
405447,49975
405448,40264
405449,63858
405450,40000
405451,57855
405452,66868
405453,76343
405454,40000
405455,78244
405456,46560
405457,58721
405458,53277
405459,60690
405460,89164
405461,61589
405462,70268
405463,40000
405464,43931
405465,43037
405466,50664
405467,78577
405468,40000
405469,40000
405470,51516
405471,40000
405472,40000
405473,56450
405474,47757
405475,71640
405476,99028
405477,41263
405478,40000
405479,40000
405480,43783
405481,64525
405482,40000
405483,52920
405484,40000
405485,40000
405486,54099
405487,71001
405488,40000
405489,40000
405490,41179
405491,40000
405492,40000
405493,42335
405494,57172
405495,40000
405496,48341
405497,40000
405498,76807
405499,40000
405500,73462
405501,52138
405502,72612
405503,55580
405504,40000
405505,40000
405506,81997
405507,56259
405508,40000
405509,63452
405510,46925
405511,40000
405512,72373
405513,40000
405514,70624
405515,46580
405516,40000
405517,58553
405518,51862
405519,42604
405520,42179
405521,57897
405522,74988
405523,78757
405524,40000
405525,62421
405526,41007
405527,49363
405528,40000
405529,40000
405530,48805
405531,40000
405532,52783
405533,40000
405534,47073
405535,60648
405536,40000
405537,40000
405538,57258
405539,62544
405540,42137
405541,51679
405542,74724
405543,56695
405544,40000
405545,43556
405546,55216
405547,49155
405548,63493
405549,79036
405550,60878
405551,40000
405552,56398
405553,49304
405554,44653
405555,42213
405556,45403
405557,62683
405558,40000
405559,69390
405560,40000
405561,40000
405562,77793
405563,61243
405564,40000
405565,41676
405566,57790
405567,40912
405568,40000
405569,71336
405570,40000
405571,45033
405572,43439
405573,65022
405574,76811
405575,50019
405576,81669
405577,71019
405578,40000
405579,70782
405580,40000
405581,42980
405582,68846
405583,85611
405584,70202
405585,64701
405586,40000
405587,75315
405588,52754
405589,40000
405590,46602
405591,47382
405592,72286
405593,47315
405594,48679
405595,52915
405596,76277
405597,112781
405598,77921
405599,78307
405600,61261
405601,40000
405602,65313
405603,51197
405604,90607
405605,52247
405606,40525
405607,40000
405608,53263
405609,90083
405610,56274
405611,84703
405612,77803
405613,77452
405614,51235
405615,92551
405616,53105
405617,56228
405618,40000
405619,40000
405620,46238
405621,40000
405622,58212
405623,47781
405624,40000
405625,40000
405626,92133
405627,42192
405628,67441
405629,40000
405630,59288
405631,73334
405632,51796
405633,65533
405634,40000
405635,42843
405636,56458
405637,40000
405638,44500
405639,46357
405640,50173
405641,51877
405642,40000
405643,40000
405644,81567
405645,56672
405646,65101
405647,40000
405648,85177
405649,40000
405650,40000
405651,40000
405652,40000
405653,40000
405654,47815
405655,40000
405656,40000
405657,78032
405658,55345
405659,58835
405660,75867
405661,77911
405662,62975
405663,40000
405664,57551
405665,44847
405666,62274
405667,66184
405668,43402
405669,40000
405670,71093
405671,47553
405672,53140
405673,40000
405674,40000
405675,40000
405676,93139
405677,68536
405678,76783
405679,40000
405680,55634
405681,73354
405682,40000
405683,50540
405684,90188
405685,41476
405686,41437
405687,49725
405688,40000
405689,55067
405690,71238
405691,55094
405692,40000
405693,51176
405694,40533
405695,56735
405696,70180
405697,40000
405698,40000
405699,41001
405700,50371
405701,60880
405702,74900
405703,66249
405704,43922
405705,62464
405706,69095
405707,53972
405708,40000
405709,69017
405710,47988
405711,70664
405712,64694
405713,56282
405714,77706
405715,40000
405716,50192
405717,74013
405718,58961
405719,81846
405720,59030
405721,40000
405722,40000
405723,75918
405724,60954
405725,45977
405726,64917
405727,51622
405728,74156
405729,50978
405730,60361
405731,41989
405732,41359
405733,80715
405734,61593
405735,40000
405736,41975
405737,64908
405738,40000
405739,40000
405740,68799
405741,61312
405742,44831
405743,40000
405744,70434
405745,40000
405746,67977
405747,48103
405748,51980
405749,52530
405750,40000
405751,40000
405752,40000
405753,42997
405754,40000
405755,76026
405756,40000
405757,59040
405758,55701
405759,43570
405760,48451
405761,64642
405762,40000
405763,40000
405764,40000
405765,88858
405766,51983
405767,57645
405768,40000
405769,62916
405770,41280
405771,40000
405772,54819
405773,41980
405774,40000
405775,52763
405776,42546
405777,46887
405778,40000
405779,41340
405780,40000
405781,40000
405782,40000
405783,40000
405784,71155
405785,71856
405786,68220
405787,40000
405788,54782
405789,76320
405790,43281
405791,71134
405792,72612
405793,40000
405794,43220
405795,40000
405796,44912
405797,40000
405798,40000
405799,74250
405800,78126
405801,40000
405802,56621
405803,59128
405804,40000
405805,54076
405806,40000
405807,40000
405808,40000
405809,64052
405810,40000
405811,40000
405812,46853
405813,74680
405814,40000
405815,60336
405816,46675
405817,40000
405818,56986
405819,40000
405820,40000
405821,51691
405822,40000
405823,41107
405824,40000
405825,40000
405826,58187
405827,40000
405828,86936
405829,50638
405830,41363
405831,92357
405832,52044
405833,54176
405834,54405
405835,62440
405836,42259
405837,55062
405838,40000
405839,50460
405840,57216
405841,40000
405842,40000
405843,47853
405844,50212
405845,40000
405846,40000
405847,60949
405848,42552
405849,40000
405850,75070
405851,54148
405852,84650
405853,40000
405854,48318
405855,40000
405856,40000
405857,40000
405858,47258
405859,58325
405860,73276
405861,48915
405862,50522
405863,59111
405864,66065
405865,100352
405866,40000
405867,79748
405868,54704
405869,73825
405870,44534
405871,72706
405872,56295
405873,46343
405874,40000
405875,77070
405876,42989
405877,45190
405878,40000
405879,51202
405880,40000
405881,77763
405882,64406
405883,42302
405884,40000
405885,40000
405886,41377
405887,70972
405888,59958
405889,40000
405890,50361
405891,40036
405892,78973
405893,40000
405894,56660
405895,58183
405896,56046
405897,40000
405898,40000
405899,66788
405900,40000
405901,63655
405902,58340
405903,63842
405904,44649
405905,40000
405906,53463
405907,40000
405908,40000
405909,40000
405910,50227
405911,40000
405912,40000
405913,40000
405914,58102
405915,77358
405916,40983
405917,43706
405918,59447
405919,40000
405920,48751
405921,53811
405922,55579
405923,57855
405924,47731
405925,66158
405926,40000
405927,60728
405928,50276
405929,40000
405930,44627
405931,73204
405932,40000
405933,81516
405934,47547
405935,40000
405936,93002
405937,76243
405938,40000
405939,42519
405940,41050
405941,40000
405942,40000
405943,62125
405944,40000
405945,40000
405946,64778
405947,79158
405948,40000
405949,74087
405950,51071
405951,40000
405952,40000
405953,62826
405954,40000
405955,94546
405956,40000
405957,51741
405958,61402
405959,40000
405960,40000
405961,54040
405962,63705
405963,71451
405964,40000
405965,58724
405966,99380
405967,44870
405968,64127
405969,62483
405970,65023
405971,40000
405972,40000
405973,42783
405974,40000
405975,62875
405976,40000
405977,46918
405978,53376
405979,40000
405980,43056
405981,70466
405982,54923
405983,40000
405984,51765
405985,40305
405986,40000
405987,47388
405988,50621
405989,40000
405990,65140
405991,69924
405992,54973
405993,40000
405994,68606
405995,69510
405996,82964
405997,51686
405998,40000
405999,51019
406000,44281
406001,40000
406002,40000
406003,50344
406004,78434
406005,40000
406006,57503
406007,42898
406008,45873
406009,55373
406010,40000
406011,48305
406012,57678
406013,57067
406014,40659
406015,76193
406016,47460
406017,68981
406018,40234
406019,40000
406020,51001
406021,86656
406022,81181
406023,40000
406024,40000
406025,40000
406026,50575
406027,62172
406028,40000
406029,49707
406030,40000
406031,40000
406032,40000
406033,81659
406034,53373
406035,56077
406036,66894
406037,42443
406038,61025
406039,40000
406040,40000
406041,40000
406042,40000
406043,40000
406044,42854
406045,40000
406046,77946
406047,75923
406048,40638
406049,40000
406050,40000
406051,40000
406052,40000
406053,40000
406054,47226
406055,46770
406056,56186
406057,77050
406058,52403
406059,63708
406060,59059
406061,47839
406062,40000
406063,63836
406064,57761
406065,110607
406066,69107
406067,44015
406068,40000
406069,80392
406070,55422
406071,40000
406072,52474
406073,54245
406074,79158
406075,40000
406076,40000
406077,41292
406078,57359
406079,57043
406080,48269
406081,50266
406082,40000
406083,52404
406084,52741
406085,43285
406086,40000
406087,59862
406088,87360
406089,53249
406090,68695
406091,40000
406092,40000
406093,59860
406094,57306
406095,63010
406096,41972
406097,64204
406098,56573
406099,40000
406100,40000
406101,47782
406102,55658
406103,40000
406104,40000
406105,40000
406106,71111
406107,41225
406108,60029
406109,40000
406110,54493
406111,48201
406112,41044
406113,40000
406114,40000
406115,40000
406116,42563
406117,40000
406118,85486
406119,40000
406120,40000
406121,40403
406122,40000
406123,46436
406124,53169
406125,40000
406126,56463
406127,40000
406128,40000
406129,65125
406130,73133
406131,55042
406132,40000
406133,58588
406134,40000
406135,40000
406136,40000
406137,40000
406138,53370
406139,51868
406140,68966
406141,55480
406142,43280
406143,40000
406144,84724
406145,40033
406146,40000
406147,68999
406148,40000
406149,60522
406150,68976
406151,66809
406152,40765
406153,40000
406154,60113
406155,40000
406156,48927
406157,40000
406158,50847
406159,42748
406160,51577
406161,61394
406162,40000
406163,54444
406164,50062
406165,60865
406166,40562
406167,73840
406168,40000
406169,40000
406170,40000
406171,43886
406172,47237
406173,91646
406174,69476
406175,55311
406176,54862
406177,40000
406178,45912
406179,49338
406180,51190
406181,45544
406182,40740
406183,48204
406184,50888
406185,54475
406186,50226
406187,47434
406188,64007
406189,62519
406190,96455
406191,61291
406192,40000
406193,40000
406194,40000
406195,59457
406196,40000
406197,50220
406198,40000
406199,48461
406200,40000
406201,40000
406202,40000
406203,43132
406204,55544
406205,79917
406206,40000
406207,72735
406208,54334
406209,50674
406210,74704
406211,44260
406212,75073
406213,40000
406214,76843
406215,47240
406216,65647
406217,102439
406218,107362
406219,40000
406220,41617
406221,40000
406222,47451
406223,40000
406224,65497
406225,45041
406226,77500
406227,40000
406228,40000
406229,40000
406230,40000
406231,55092
406232,46538
406233,72182
406234,56712
406235,46884
406236,63386
406237,40000
406238,59759
406239,40000
406240,57093
406241,49491
406242,59088
406243,40000
406244,46557
406245,40000
406246,74758
406247,65081
406248,40000
406249,59211
406250,40000
406251,67061
406252,57668
406253,55774
406254,54425
406255,78509
406256,90671
406257,49983
406258,88143
406259,87189
406260,62919
406261,40000
406262,44082
406263,40000
406264,40000
406265,40000
406266,74465
406267,49127
406268,40000
406269,100695
406270,81666
406271,40000
406272,40000
406273,40119
406274,45115
406275,79484
406276,40000
406277,77548
406278,109277
406279,63158
406280,80564
406281,40000
406282,59704
406283,40000
406284,56357
406285,51397
406286,40000
406287,40000
406288,50669
406289,75973
406290,45611
406291,72077
406292,42939
406293,96325
406294,93547
406295,40000
406296,40000
406297,42771
406298,41039
406299,57332
406300,40000
406301,71379
406302,40000
406303,44847
406304,59941
406305,64733
406306,47448
406307,40000
406308,40000
406309,49992
406310,63233
406311,78833
406312,40000
406313,57507
406314,54922
406315,63987
406316,40346
406317,40000
406318,55145
406319,62881
406320,60476
406321,50568
406322,48251
406323,52316
406324,52690
406325,40000
406326,45100
406327,71056
406328,40000
406329,40000
406330,40000
406331,40000
406332,50514
406333,40000
406334,40579
406335,40624
406336,62574
406337,55571
406338,73230
406339,40000
406340,40000
406341,40000
406342,58175
406343,40000
406344,54532
406345,55236
406346,40000
406347,52884
406348,40000
406349,43380
406350,77778
406351,62025
406352,40000
406353,56797
406354,95089
406355,40000
406356,40000
406357,52890
406358,73577
406359,51047
406360,40000
406361,49497
406362,63867
406363,80753
406364,74343
406365,40000
406366,40000
406367,71242
406368,56307
406369,49727
406370,51494
406371,40000
406372,43579
406373,52347
406374,51939
406375,75267
406376,55546
406377,40000
406378,40813
406379,75400
406380,40082
406381,49299
406382,42131
406383,54145
406384,91739
406385,75310
406386,49066
406387,40000
406388,40000
406389,49549
406390,61784
406391,73190
406392,40000
406393,94592
406394,50965
406395,63929
406396,42737
406397,47630
406398,49218
406399,42651
406400,61550
406401,63691
406402,61376
406403,68272
406404,49073
406405,40000
406406,50627
406407,56488
406408,83934
406409,53805
406410,40000
406411,40000
406412,57006
406413,40000
406414,43605
406415,40000
406416,66774
406417,88873
406418,50279
406419,46738
406420,61334
406421,51190
406422,57565
406423,58105
406424,40000
406425,51511
406426,40000
406427,65086
406428,40000
406429,40000
406430,67161
406431,40000
406432,40000
406433,52240
406434,40000
406435,50400
406436,40000
406437,47069
406438,46659
406439,55279
406440,66187
406441,82536
406442,40000
406443,49604
406444,41054
406445,45572
406446,72459
406447,56222
406448,53245
406449,59001
406450,40000
406451,40000
406452,54908
406453,73472
406454,81502
406455,70233
406456,81354
406457,40000
406458,40133
406459,51405
406460,40000
406461,69640
406462,90498
406463,71693
406464,42305
406465,40000
406466,51017
406467,54524
406468,40000
406469,70977
406470,53694
406471,56662
406472,55248
406473,54945
406474,50550
406475,48821
406476,78589
406477,40000
406478,40000
406479,40000
406480,83111
406481,91887
406482,58924
406483,40000
406484,41113
406485,40000
406486,59295
406487,57469
406488,56549
406489,40000
406490,40000
406491,40000
406492,79496
406493,40000
406494,40000
406495,40000
406496,40000
406497,40000
406498,40000
406499,62479
406500,40461
406501,56238
406502,84180
406503,78701
406504,54165
406505,42674
406506,49448
406507,40000
406508,40000
406509,69083
406510,40307
406511,85877
406512,65990
406513,49872
406514,50682
406515,40000
406516,57949
406517,55544
406518,40000
406519,43740
406520,57552
406521,52333
406522,42136
406523,40000
406524,54114
406525,40000
406526,63861
406527,40000
406528,64572
406529,50463
406530,48199
406531,45128
406532,40000
406533,53602
406534,43695
406535,59923
406536,61594
406537,40000
406538,40000
406539,40000
406540,48307
406541,40000
406542,72480
406543,86394
406544,46393
406545,70165
406546,40000
406547,44903
406548,95020
406549,40000
406550,51620
406551,44968
406552,50827
406553,40000
406554,57347
406555,40000
406556,51208
406557,40000
406558,40000
406559,40000
406560,42280
406561,42572
406562,51053
406563,40000
406564,42716
406565,47062
406566,52629
406567,49889
406568,40000
406569,57690
406570,52986
406571,69244
406572,40000
406573,40000
406574,40000
406575,41561
406576,40000
406577,43703
406578,92565
406579,44128
406580,64344
406581,102646
406582,43809
406583,40000
406584,76816
406585,63138
406586,48808
406587,71727
406588,66144
406589,40000
406590,40000
406591,40000
406592,82819
406593,70526
406594,40000
406595,54162
406596,50412
406597,77875
406598,65450
406599,64791
406600,64094
406601,57677
406602,60910
406603,40000
406604,92959
406605,40000
406606,71998
406607,40294
406608,54892
406609,60422
406610,80583
406611,50283
406612,91426
406613,49929
406614,69782
406615,47223
406616,43566
406617,77507
406618,57772
406619,68231
406620,64566
406621,49055
406622,54815
406623,44880
406624,49335
406625,40000
406626,101086
406627,42502
406628,46194
406629,44157
406630,40000
406631,48228
406632,58566
406633,85981
406634,40000
406635,40000
406636,40000
406637,53152
406638,42078
406639,54487
406640,40000
406641,61760
406642,57313
406643,63647
406644,40000
406645,61749
406646,52101
406647,40000
406648,76773
406649,58552
406650,42268
406651,40000
406652,49246
406653,56579
406654,79677
406655,40000
406656,81372
406657,52875
406658,40000
406659,55730
406660,40000
406661,40000
406662,40000
406663,40000
406664,64160
406665,40000
406666,40000
406667,53707
406668,40000
406669,58475
406670,49940
406671,40000
406672,40000
406673,49718
406674,41868
406675,40000
406676,40000
406677,93805
406678,40000
406679,58373
406680,40000
406681,76311
406682,40000
406683,48659
406684,40000
406685,42172
406686,40000
406687,40000
406688,40000
406689,45699
406690,68315
406691,102440
406692,40000
406693,40000
406694,42623
406695,69207
406696,40000
406697,40136
406698,40000
406699,40000
406700,93578
406701,46911
406702,40000
406703,70843
406704,40239
406705,41471
406706,40000
406707,66887
406708,61042
406709,40000
406710,43715
406711,40000
406712,40000
406713,40000
406714,40000
406715,42761
406716,68258
406717,50642
406718,40000
406719,40000
406720,40000
406721,69740
406722,71256
406723,59793
406724,40000
406725,50891
406726,57487
406727,40000
406728,40000
406729,40000
406730,65674
406731,73094
406732,56883
406733,40038
406734,63092
406735,47948
406736,70828
406737,40000
406738,45241
406739,60711
406740,54178
406741,42597
406742,40000
406743,40000
406744,45961
406745,98348
406746,51799
406747,121393
406748,67819
406749,74900
406750,40836
406751,52627
406752,85846
406753,52898
406754,40000
406755,47008
406756,44735
406757,54050
406758,47422
406759,55155
406760,40000
406761,40000
406762,40000
406763,42803
406764,53119
406765,72000
406766,44712
406767,40000
406768,41617
406769,40000
406770,65989
406771,60922
406772,80902
406773,45568
406774,40000
406775,40000
406776,47495
406777,71351
406778,41097
406779,63055
406780,51958
406781,47324
406782,80724
406783,42378
406784,40000
406785,77799
406786,45011
406787,68696
406788,56031
406789,42109
406790,61351
406791,42320
406792,40911
406793,47632
406794,57525
406795,40000
406796,78590
406797,49566
406798,40000
406799,61119
406800,56050
406801,40000
406802,54831
406803,47002
406804,40000
406805,40000
406806,46003
406807,65563
406808,73627
406809,77293
406810,54710
406811,48710
406812,56220
406813,63000
406814,44201
406815,57422
406816,41246
406817,75974
406818,54164
406819,45236
406820,40000
406821,40000
406822,44569
406823,44077
406824,91827
406825,40000
406826,63693
406827,48140
406828,41720
406829,44022
406830,45516
406831,40000
406832,52114
406833,65775
406834,77573
406835,88587
406836,46500
406837,57953
406838,40000
406839,45551
406840,43715
406841,61741
406842,48774
406843,40000
406844,67544
406845,43897
406846,40000
406847,65556
406848,59640
406849,40000
406850,40000
406851,56467
406852,40000
406853,46733
406854,57090
406855,40000
406856,40000
406857,40000
406858,58844
406859,58684
406860,43995
406861,55012
406862,40000
406863,56386
406864,54483
406865,40000
406866,40000
406867,44300
406868,77102
406869,63373
406870,47362
406871,64179
406872,40000
406873,47406
406874,85571
406875,40856
406876,54632
406877,40000
406878,40000
406879,40000
406880,41113
406881,40000
406882,72744
406883,43832
406884,49232
406885,43091
406886,58259
406887,56585
406888,40000
406889,62939
406890,91632
406891,77400
406892,40092
406893,40000
406894,61538
406895,40000
406896,40000
406897,41208
406898,50270
406899,40000
406900,40000
406901,40000
406902,66211
406903,40000
406904,40000
406905,40000
406906,55967
406907,40000
406908,72627
406909,40000
406910,46747
406911,52573
406912,40000
406913,40000
406914,40000
406915,40000
406916,54188
406917,40000
406918,40000
406919,46010
406920,49255
406921,62861
406922,67319
406923,60265
406924,54608
406925,57827
406926,67459
406927,58131
406928,40000
406929,59879
406930,57058
406931,40000
406932,48871
406933,40000
406934,40000
406935,50701
406936,40000
406937,55793
406938,40000
406939,52400
406940,40000
406941,50567
406942,49150
406943,72821
406944,50605
406945,71761
406946,69496
406947,57848
406948,40000
406949,40000
406950,66766
406951,40000
406952,52566
406953,43257
406954,40000
406955,40000
406956,53420
406957,45944
406958,70791
406959,82054
406960,40000
406961,45110
406962,87699
406963,53589
406964,47525
406965,72415
406966,41772
406967,40000
406968,49034
406969,45454
406970,46392
406971,40506
406972,40000
406973,54574
406974,48248
406975,47034
406976,68409
406977,57663
406978,43858
406979,72760
406980,40000
406981,40000
406982,77795
406983,76240
406984,40000
406985,87590
406986,54736
406987,40000
406988,42432
406989,40000
406990,40000
406991,46650
406992,72001
406993,41151
406994,49438
406995,63780
406996,68477
406997,47899
406998,63842
406999,45316
407000,40000
407001,40000
407002,62863
407003,40000
407004,53072
407005,62879
407006,62470
407007,51686
407008,78492
407009,66331
407010,73444
407011,40000
407012,55924
407013,40000
407014,40000
407015,40000
407016,46131
407017,41674
407018,53229
407019,76130
407020,40000
407021,69064
407022,40000
407023,88796
407024,40000
407025,58791
407026,42388
407027,49133
407028,56715
407029,40000
407030,68173
407031,40261
407032,54888
407033,79518
407034,72154
407035,68744
407036,56676
407037,51896
407038,55165
407039,40000
407040,40000
407041,40000
407042,47103
407043,54140
407044,46663
407045,51392
407046,62011
407047,59349
407048,40000
407049,57928
407050,50296
407051,40000
407052,61883
407053,50207
407054,68607
407055,68066
407056,68327
407057,41113
407058,40000
407059,57894
407060,43647
407061,40000
407062,40000
407063,50764
407064,71817
407065,52120
407066,51135
407067,46256
407068,67382
407069,74753
407070,70696
407071,78286
407072,40000
407073,53919
407074,62787
407075,40000
407076,63135
407077,49544
407078,84104
407079,40827
407080,55934
407081,47578
407082,40000
407083,59938
407084,42723
407085,70455
407086,74550
407087,40000
407088,41635
407089,64084
407090,40000
407091,67901
407092,60954
407093,88834
407094,84019
407095,40000
407096,52201
407097,75285
407098,77172
407099,65951
407100,47681
407101,40000
407102,66887
407103,40000
407104,76156
407105,69807
407106,79108
407107,40000
407108,49417
407109,50599
407110,53592
407111,84648
407112,49151
407113,40000
407114,80917
407115,98104
407116,62334
407117,60671
407118,44328
407119,60730
407120,82961
407121,40000
407122,40000
407123,53513
407124,87299
407125,95142
407126,44215
407127,40000
407128,73919
407129,40000
407130,48515
407131,40000
407132,40000
407133,57649
407134,40000
407135,70506
407136,48085
407137,86757
407138,55590
407139,40000
407140,53237
407141,40000
407142,55115
407143,40357
407144,40000
407145,40000
407146,40957
407147,52775
407148,59653
407149,58026
407150,40000
407151,40000
407152,55853
407153,40000
407154,93320
407155,44382
407156,40000
407157,40000
407158,48309
407159,40000
407160,55085
407161,40000
407162,75648
407163,40000
407164,40000
407165,77007
407166,80674
407167,43852
407168,44309
407169,56425
407170,40000
407171,63170
407172,45266
407173,60683
407174,40189
407175,44997
407176,40000
407177,56283
407178,40000
407179,40000
407180,51768
407181,67926
407182,58187
407183,40000
407184,40000
407185,40000
407186,75678
407187,67381
407188,42114
407189,60384
407190,40000
407191,59098
407192,40000
407193,54839
407194,40000
407195,43238
407196,46860
407197,84207
407198,40000
407199,56325
407200,40000
407201,40000
407202,63065
407203,48571
407204,40000
407205,40000
407206,40000
407207,54432
407208,44007
407209,40702
407210,40000
407211,41690
407212,53619
407213,72211
407214,40000
407215,79529
407216,99746
407217,40000
407218,43551
407219,61854
407220,40000
407221,40000
407222,40000
407223,40000
407224,62577
407225,63121
407226,65362
407227,48236
407228,52376
407229,40000
407230,40000
407231,67909
407232,52196
407233,40000
407234,40000
407235,40000
407236,40000
407237,40000
407238,43632
407239,40000
407240,78775
407241,97524
407242,46086
407243,47910
407244,43332
407245,40000
407246,74593
407247,45200
407248,77073
407249,59359
407250,40000
407251,40000
407252,63181
407253,53336
407254,40000
407255,51978
407256,48130
407257,64193
407258,53539
407259,42269
407260,58003
407261,61784
407262,46235
407263,69314
407264,62635
407265,50152
407266,40000
407267,40000
407268,75629
407269,40000
407270,42617
407271,77280
407272,40000
407273,43239
407274,55963
407275,58486
407276,51136
407277,99214
407278,40000
407279,66513
407280,40261
407281,49310
407282,57698
407283,59416
407284,55604
407285,40000
407286,40000
407287,58507
407288,85911
407289,40000
407290,62451
407291,54999
407292,68377
407293,68094
407294,52850
407295,58055
407296,40000
407297,40000
407298,94060
407299,40000
407300,40000
407301,40000
407302,40000
407303,80322
407304,53621
407305,49542
407306,40975
407307,40000
407308,40000
407309,74744
407310,40000
407311,40000
407312,50498
407313,40000
407314,57047
407315,41603
407316,42321
407317,40000
407318,40000
407319,57459
407320,43628
407321,40000
407322,64541
407323,40000
407324,40000
407325,40000
407326,40000
407327,83366
407328,40000
407329,48469
407330,63244
407331,45331
407332,72344
407333,52471
407334,43494
407335,58730
407336,79252
407337,42464
407338,50767
407339,40000
407340,78200
407341,43947
407342,40000
407343,40000
407344,44772
407345,77594
407346,40000
407347,73754
407348,74707
407349,69336
407350,51293
407351,68853
407352,68987
407353,56396
407354,102287
407355,40000
407356,75435
407357,40000
407358,44966
407359,40000
407360,47365
407361,40000
407362,40000
407363,40000
407364,40000
407365,55787
407366,40000
407367,59244
407368,85334
407369,44950
407370,59778
407371,79403
407372,50230
407373,40000
407374,57882
407375,41735
407376,61808
407377,40000
407378,46549
407379,40000
407380,53970
407381,68649
407382,44042
407383,50845
407384,40000
407385,66440
407386,40211
407387,68157
407388,67645
407389,40000
407390,40000
407391,40000
407392,40000
407393,53452
407394,40000
407395,40000
407396,40000
407397,40000
407398,53557
407399,50547
407400,53153
407401,54389
407402,40000
407403,40000
407404,49656
407405,40000
407406,102599
407407,40000
407408,47314
407409,92090
407410,44456
407411,67693
407412,44456
407413,46927
407414,69430
407415,58288
407416,54428
407417,40000
407418,57761
407419,70073
407420,54270
407421,40000
407422,57831
407423,40000
407424,50647
407425,47946
407426,40000
407427,65279
407428,40000
407429,40936
407430,40000
407431,42327
407432,40000
407433,42780
407434,58847
407435,40000
407436,40000
407437,40000
407438,56191
407439,40000
407440,74084
407441,40193
407442,40000
407443,40000
407444,58097
407445,47774
407446,40000
407447,40000
407448,40000
407449,40966
407450,50489
407451,40000
407452,47708
407453,40000
407454,53184
407455,40000
407456,104109
407457,57319
407458,89967
407459,45465
407460,89324
407461,40000
407462,41789
407463,50072
407464,54346
407465,83400
407466,40000
407467,69924
407468,86750
407469,55736
407470,54644
407471,40000
407472,42034
407473,54998
407474,40214
407475,40000
407476,67811
407477,40000
407478,40000
407479,73813
407480,54580
407481,47482
407482,61584
407483,40000
407484,40000
407485,49481
407486,66057
407487,40000
407488,40000
407489,44702
407490,40000
407491,46573
407492,40000
407493,44726
407494,85123
407495,40000
407496,40000
407497,40000
407498,40000
407499,52185
407500,47221
407501,40000
407502,40000
407503,40000
407504,77833
407505,40000
407506,40000
407507,40810
407508,64696
407509,40000
407510,46712
407511,60259
407512,63429
407513,40000
407514,40000
407515,40000
407516,72939
407517,40000
407518,40000
407519,40000
407520,48485
407521,40751
407522,53708
407523,40000
407524,40000
407525,40000
407526,40000
407527,49724
407528,47889
407529,52602
407530,40000
407531,58451
407532,54339
407533,40000
407534,82875
407535,45027
407536,49740
407537,69408
407538,75513
407539,40000
407540,40000
407541,53333
407542,46830
407543,40000
407544,51690
407545,45687
407546,57654
407547,45943
407548,40000
407549,48590
407550,44042
407551,40000
407552,40000
407553,40000
407554,47666
407555,40000
407556,46275
407557,70039
407558,46971
407559,40000
407560,61212
407561,56340
407562,83691
407563,40000
407564,71992
407565,67662
407566,45971
407567,67153
407568,40000
407569,45808
407570,40000
407571,56472
407572,40280
407573,99860
407574,40000
407575,40000
407576,71813
407577,40000
407578,58437
407579,46890
407580,40133
407581,49579
407582,65483
407583,44396
407584,49755
407585,62039
407586,63755
407587,53192
407588,46207
407589,60308
407590,42603
407591,53715
407592,40000
407593,40000
407594,93437
407595,65603
407596,62800
407597,52875
407598,78888
407599,53256
407600,84908
407601,82936
407602,75332
407603,40000
407604,46432
407605,69223
407606,40000
407607,48266
407608,40000
407609,41897
407610,63234
407611,56514
407612,40000
407613,62482
407614,40000
407615,40000
407616,46200
407617,55043
407618,40000
407619,65496
407620,40000
407621,83527
407622,40000
407623,40000
407624,41313
407625,73609
407626,63380
407627,93072
407628,81153
407629,40000
407630,40000
407631,65602
407632,48991
407633,40000
407634,69779
407635,40000
407636,81861
407637,40000
407638,40000
407639,40000
407640,40000
407641,54018
407642,41470
407643,56832
407644,40000
407645,40829
407646,62719
407647,45254
407648,45310
407649,82839
407650,40000
407651,64049
407652,40000
407653,86908
407654,62026
407655,40978
407656,40000
407657,59154
407658,40766
407659,40000
407660,43397
407661,45960
407662,40000
407663,64956
407664,80909
407665,59968
407666,43632
407667,53047
407668,89010
407669,42231
407670,48238
407671,57267
407672,65296
407673,50319
407674,57858
407675,40000
407676,54273
407677,40000
407678,101850
407679,68013
407680,40000
407681,45181
407682,51043
407683,44173
407684,69623
407685,40000
407686,63772
407687,40000
407688,46368
407689,51123
407690,40000
407691,40000
407692,43268
407693,40000
407694,42461
407695,44986
407696,40000
407697,40105
407698,40000
407699,40000
407700,64875
407701,83533
407702,57460
407703,40000
407704,40000
407705,40781
407706,50459
407707,40456
407708,57422
407709,64050
407710,40000
407711,49878
407712,40000
407713,47085
407714,43496
407715,74760
407716,58961
407717,40000
407718,45833
407719,51248
407720,56100
407721,53792
407722,40000
407723,64447
407724,40000
407725,40000
407726,48982
407727,57970
407728,64676
407729,55448
407730,60331
407731,40000
407732,89670
407733,40000
407734,40000
407735,40000
407736,81569
407737,61330
407738,40000
407739,68722
407740,40000
407741,40000
407742,40000
407743,56021
407744,40000
407745,45743
407746,41534
407747,40000
407748,40000
407749,63232
407750,40000
407751,64985
407752,71110
407753,47327
407754,73126
407755,40000
407756,47986
407757,44579
407758,56098
407759,46346
407760,44067
407761,55982
407762,57150
407763,54613
407764,40516
407765,40000
407766,67315
407767,49357
407768,40000
407769,40000
407770,51079
407771,47138
407772,40000
407773,42173
407774,62529
407775,40000
407776,40000
407777,45020
407778,40000
407779,52225
407780,40000
407781,46192
407782,40000
407783,40000
407784,56188
407785,68757
407786,42944
407787,73737
407788,47252
407789,59616
407790,67391
407791,48560
407792,40000
407793,40000
407794,40000
407795,63857
407796,50539
407797,40000
407798,47506
407799,40000
407800,40000
407801,40000
407802,40000
407803,53474
407804,87028
407805,47132
407806,40000
407807,41164
407808,59625
407809,44082
407810,73865
407811,40000
407812,47843
407813,46046
407814,71026
407815,41068
407816,40000
407817,68708
407818,61871
407819,41981
407820,40000
407821,67311
407822,62871
407823,57186
407824,64167
407825,50647
407826,56304
407827,90068
407828,55684
407829,40000
407830,40000
407831,61483
407832,64414
407833,42136
407834,40000
407835,54613
407836,40000
407837,47359
407838,58427
407839,40000
407840,55554
407841,40000
407842,40000
407843,74193
407844,40227
407845,40000
407846,40000
407847,74061
407848,40000
407849,75562
407850,40000
407851,40000
407852,40000
407853,47130
407854,43822
407855,40000
407856,74839
407857,44396
407858,54746
407859,79220
407860,62026
407861,64264
407862,59520
407863,40000
407864,67027
407865,63321
407866,55353
407867,40000
407868,40000
407869,40000
407870,40687
407871,59253
407872,48743
407873,41760
407874,86437
407875,40000
407876,41996
407877,51149
407878,43035
407879,53429
407880,40000
407881,45742
407882,40000
407883,40000
407884,40000
407885,77867
407886,73438
407887,61082
407888,40000
407889,48638
407890,55959
407891,40000
407892,48587
407893,40000
407894,69701
407895,63151
407896,45692
407897,55877
407898,40000
407899,65640
407900,44309
407901,44670
407902,67096
407903,69664
407904,83163
407905,60828
407906,47196
407907,44835
407908,42724
407909,41017
407910,84007
407911,61432
407912,48206
407913,47154
407914,62520
407915,40000
407916,50548
407917,82397
407918,64826
407919,40000
407920,43710
407921,40000
407922,40000
407923,49410
407924,40000
407925,40000
407926,40000
407927,70571
407928,66454
407929,40000
407930,72870
407931,42978
407932,83182
407933,47561
407934,51403
407935,89295
407936,50681
407937,66138
407938,40000
407939,60649
407940,85105
407941,40000
407942,65282
407943,72344
407944,47638
407945,40000
407946,43315
407947,65947
407948,40000
407949,40000
407950,40000
407951,95651
407952,46879
407953,49660
407954,40000
407955,40000
407956,91362
407957,96765
407958,85569
407959,50252
407960,40000
407961,43642
407962,40000
407963,41386
407964,49913
407965,68981
407966,64720
407967,54842
407968,63505
407969,40442
407970,40000
407971,93176
407972,54389
407973,40000
407974,40000
407975,40000
407976,40000
407977,53735
407978,53964
407979,64352
407980,58620
407981,40000
407982,40000
407983,60506
407984,40000
407985,58836
407986,40000
407987,59816
407988,40000
407989,40000
407990,64938
407991,71065
407992,68849
407993,51512
407994,71935
407995,40000
407996,52527
407997,48377
407998,40000
407999,40000
408000,40000
408001,46829
408002,86805
408003,44859
408004,58091
408005,88554
408006,44289
408007,59690
408008,59348
408009,40000
408010,41538
408011,44747
408012,44480
408013,40000
408014,40000
408015,61437
408016,60586
408017,40000
408018,45730
408019,46019
408020,61634
408021,40000
408022,40000
408023,47025
408024,45050
408025,49000
408026,69426
408027,58197
408028,46969
408029,47628
408030,62281
408031,58826
408032,40000
408033,40767
408034,49589
408035,40000
408036,40000
408037,49165
408038,60741
408039,40000
408040,40000
408041,43730
408042,54619
408043,44919
408044,42379
408045,40000
408046,40000
408047,80541
408048,44906
408049,50870
408050,58379
408051,52315
408052,40000
408053,51970
408054,47357
408055,40000
408056,40000
408057,51280
408058,62183
408059,65581
408060,40000
408061,74819
408062,70419
408063,62834
408064,61395
408065,40000
408066,76759
408067,40000
408068,71256
408069,58834
408070,59743
408071,72486
408072,40000
408073,84848
408074,40000
408075,42091
408076,72768
408077,59263
408078,60341
408079,63512
408080,55575
408081,96077
408082,45104
408083,67915
408084,52641
408085,77086
408086,40000
408087,49447
408088,45944
408089,40000
408090,41435
408091,70103
408092,85578
408093,63653
408094,61902
408095,40000
408096,40000
408097,40853
408098,46594
408099,40000
408100,63352
408101,62647
408102,59820
408103,40000
408104,40000
408105,56697
408106,52147
408107,43349
408108,41044
408109,68133
408110,40000
408111,48432
408112,40000
408113,46720
408114,75323
408115,66980
408116,47724
408117,56563
408118,44173
408119,42879
408120,68944
408121,45259
408122,40000
408123,40000
408124,40000
408125,60041
408126,71989
408127,40000
408128,57013
408129,40000
408130,45971
408131,40722
408132,50432
408133,40000
408134,55438
408135,49168
408136,64800
408137,62958
408138,46734
408139,66374
408140,40000
408141,48770
408142,59414
408143,40000
408144,40000
408145,44677
408146,55906
408147,56338
408148,44497
408149,40000
408150,61219
408151,66977
408152,40000
408153,51708
408154,53516
408155,55073
408156,45537
408157,43793
408158,40000
408159,61300
408160,52789
408161,42211
408162,64364
408163,67566
408164,83281
408165,51520
408166,40000
408167,76544
408168,43368
408169,40000
408170,40000
408171,63800
408172,40000
408173,75847
408174,44450
408175,62429
408176,43431
408177,50443
408178,44564
408179,50036
408180,40000
408181,99451
408182,72604
408183,40000
408184,40309
408185,73490
408186,81658
408187,76757
408188,40000
408189,40000
408190,41296
408191,40000
408192,44850
408193,55149
408194,40000
408195,40000
408196,40000
408197,62032
408198,40000
408199,40000
408200,40000
408201,40000
408202,48509
408203,40000
408204,40000
408205,78935
408206,56082
408207,40000
408208,84078
408209,40000
408210,40000
408211,40000
408212,40000
408213,49508
408214,40000
408215,40000
408216,45810
408217,40000
408218,92256
408219,48614
408220,40000
408221,44473
408222,55299
408223,53985
408224,51747
408225,42289
408226,52206
408227,60043
408228,71173
408229,40000
408230,49994
408231,42867
408232,40000
408233,44190
408234,47368
408235,59442
408236,40000
408237,56991
408238,40000
408239,82219
408240,83530
408241,43181
408242,62539
408243,58725
408244,40000
408245,40000
408246,48459
408247,65942
408248,52869
408249,63049
408250,40000
408251,40000
408252,55293
408253,49512
408254,48440
408255,55626
408256,54798
408257,40000
408258,72666
408259,53936
408260,40000
408261,54146
408262,51263
408263,40000
408264,55044
408265,78008
408266,53624
408267,59148
408268,40000
408269,61785
408270,61588
408271,62392
408272,53718
408273,49545
408274,55491
408275,76309
408276,68585
408277,84426
408278,57870
408279,55741
408280,41644
408281,40000
408282,40609
408283,53664
408284,54709
408285,44398
408286,43412
408287,51436
408288,40000
408289,40000
408290,40000
408291,56230
408292,63277
408293,41109
408294,49703
408295,51797
408296,40000
408297,40000
408298,45498
408299,53307
408300,49896
408301,54642
408302,40000
408303,43172
408304,83043
408305,53016
408306,47336
408307,59954
408308,95224
408309,40000
408310,40000
408311,40000
408312,40000
408313,52061
408314,77917
408315,67020
408316,65344
408317,45559
408318,48892
408319,41297
408320,40000
408321,40000
408322,40000
408323,40000
408324,65242
408325,90874
408326,47278
408327,40000
408328,75899
408329,40000
408330,43433
408331,46951
408332,40000
408333,53969
408334,40000
408335,49139
408336,54416
408337,61235
408338,75850
408339,53056
408340,53431
408341,66297
408342,40000
408343,64835
408344,40000
408345,52335
408346,40000
408347,76518
408348,40000
408349,57449
408350,40000
408351,40000
408352,51681
408353,40000
408354,77332
408355,52567
408356,40000
408357,51695
408358,40000
408359,69575
408360,40494
408361,40000
408362,40000
408363,84351
408364,49171
408365,40000
408366,40000
408367,71434
408368,65577
408369,73980
408370,40000
408371,63980
408372,40000
408373,66058
408374,40000
408375,40000
408376,92144
408377,50428
408378,64326
408379,40000
408380,78011
408381,40000
408382,48047
408383,57765
408384,46380
408385,41087
408386,40000
408387,48971
408388,60036
408389,41868
408390,93237
408391,46583
408392,54920
408393,40000
408394,55619
408395,73689
408396,49730
408397,69062
408398,40000
408399,46617
408400,69477
408401,40000
408402,102121
408403,75450
408404,48172
408405,40000
408406,40000
408407,41920
408408,42802
408409,43550
408410,41211
408411,64242
408412,40000
408413,69038
408414,40000
408415,40000
408416,44873
408417,50677
408418,63379
408419,61095
408420,57985
408421,47469
408422,40000
408423,70872
408424,50707
408425,40000
408426,40000
408427,40000
408428,85479
408429,40000
408430,40000
408431,88292
408432,53442
408433,40000
408434,40000
408435,89802
408436,41827
408437,59806
408438,52412
408439,66909
408440,40000
408441,44018
408442,40000
408443,67759
408444,87063
408445,48021
408446,48198
408447,65539
408448,54928
408449,50061
408450,40000
408451,40000
408452,40000
408453,42172
408454,42969
408455,40000
408456,57689
408457,40000
408458,40000
408459,47760
408460,40000
408461,40182
408462,40000
408463,45589
408464,40000
408465,44853
408466,50617
408467,40000
408468,40000
408469,40000
408470,42615
408471,40000
408472,40000
408473,40000
408474,61235
408475,55135
408476,41514
408477,53796
408478,67275
408479,40000
408480,47893
408481,51092
408482,42068
408483,45092
408484,70685
408485,40000
408486,69927
408487,41747
408488,41913
408489,40000
408490,47728
408491,58252
408492,71607
408493,70688
408494,40000
408495,69383
408496,64890
408497,74636
408498,65005
408499,40000
408500,40000
408501,61887
408502,41322
408503,40000
408504,49607
408505,40000
408506,67124
408507,41696
408508,53565
408509,67988
408510,70062
408511,44294
408512,63979
408513,73945
408514,49211
408515,40000
408516,75114
408517,65890
408518,66483
408519,40000
408520,64835
408521,77684
408522,40000
408523,59475
408524,43559
408525,50635
408526,46498
408527,44726
408528,55574
408529,40000
408530,40000
408531,65478
408532,40000
408533,40000
408534,65256
408535,40000
408536,101930
408537,43277
408538,40000
408539,89447
408540,40000
408541,46623
408542,67242
408543,54824
408544,55729
408545,40000
408546,40000
408547,59200
408548,56777
408549,40000
408550,40000
408551,98178
408552,40000
408553,40000
408554,42075
408555,53516
408556,40000
408557,40000
408558,49756
408559,40000
408560,80790
408561,55479
408562,50861
408563,40000
408564,48507
408565,53484
408566,40000
408567,40000
408568,71360
408569,49148
408570,55538
408571,40000
408572,66383
408573,90749
408574,40000
408575,73280
408576,69045
408577,61930
408578,60028
408579,59729
408580,64299
408581,40000
408582,80078
408583,54310
408584,40973
408585,51058
408586,45642
408587,59414
408588,54289
408589,50843
408590,85266
408591,45804
408592,51858
408593,40000
408594,60185
408595,42233
408596,40000
408597,67545
408598,60443
408599,50406
408600,40000
408601,51415
408602,40000
408603,46476
408604,46043
408605,54586
408606,44823
408607,58246
408608,62590
408609,77460
408610,48091
408611,54607
408612,41792
408613,41770
408614,40000
408615,62995
408616,40000
408617,40000
408618,43871
408619,92900
408620,61443
408621,98143
408622,40000
408623,56146
408624,40000
408625,40000
408626,40000
408627,40000
408628,55280
408629,48916
408630,51477
408631,56499
408632,50307
408633,40000
408634,40000
408635,48199
408636,40000
408637,68587
408638,77298
408639,42808
408640,40000
408641,40000
408642,56892
408643,40000
408644,65966
408645,55118
408646,61958
408647,46458
408648,103020
408649,60345
408650,53582
408651,48322
408652,95894
408653,72587
408654,47427
408655,40000
408656,54270
408657,46445
408658,81539
408659,62226
408660,46790
408661,40000
408662,56111
408663,40000
408664,51896
408665,75405
408666,76415
408667,40000
408668,70345
408669,40000
408670,40000
408671,40000
408672,58877
408673,40000
408674,41064
408675,47281
408676,84221
408677,40000
408678,63213
408679,59991
408680,40000
408681,40000
408682,40000
408683,48078
408684,43809
408685,78123
408686,51295
408687,50913
408688,68670
408689,65946
408690,40000
408691,55842
408692,69127
408693,46743
408694,40000
408695,40000
408696,76710
408697,70830
408698,55979
408699,40000
408700,40000
408701,40000
408702,54559
408703,40000
408704,40000
408705,61658
408706,54961
408707,40000
408708,42681
408709,57328
408710,75113
408711,40000
408712,48857
408713,40000
408714,81659
408715,79712
408716,40000
408717,64987
408718,65279
408719,43285
408720,40000
408721,59907
408722,81276
408723,40000
408724,56811
408725,40000
408726,56443
408727,40000
408728,49875
408729,52112
408730,54173
408731,52447
408732,40000
408733,51132
408734,62341
408735,65668
408736,70387
408737,67761
408738,62323
408739,42606
408740,45695
408741,55572
408742,60498
408743,56553
408744,40000
408745,49161
408746,40000
408747,97435
408748,100424
408749,76294
408750,58865
408751,42839
408752,61148
408753,56074
408754,51464
408755,58509
408756,40000
408757,65081
408758,43569
408759,40000
408760,40000
408761,40000
408762,40000
408763,55877
408764,40000
408765,59731
408766,56430
408767,60277
408768,61206
408769,58892
408770,76445
408771,58929
408772,63645
408773,58314
408774,40000
408775,98267
408776,48995
408777,41982
408778,40458
408779,74449
408780,40000
408781,40000
408782,75604
408783,60265
408784,50069
408785,60264
408786,54046
408787,46452
408788,68866
408789,43987
408790,51144
408791,40000
408792,50391
408793,53016
408794,71057
408795,58864
408796,44060
408797,53483
408798,62401
408799,40000
408800,48934
408801,65588
408802,52430
408803,45397
408804,42825
408805,56838
408806,40000
408807,78639
408808,51247
408809,40000
408810,41205
408811,54074
408812,58490
408813,71718
408814,58502
408815,78950
408816,49590
408817,40000
408818,40000
408819,70882
408820,42667
408821,59917
408822,53647
408823,40000
408824,40000
408825,40000
408826,79129
408827,40000
408828,79656
408829,40000
408830,58224
408831,66873
408832,83711
408833,52723
408834,47807
408835,43753
408836,53386
408837,40000
408838,40439
408839,40000
408840,43148
408841,40000
408842,40000
408843,52520
408844,67600
408845,47552
408846,48823
408847,40000
408848,40000
408849,64198
408850,63211
408851,40000
408852,57165
408853,49364
408854,44097
408855,76545
408856,55501
408857,64674
408858,40000
408859,80491
408860,60576
408861,40000
408862,88452
408863,45672
408864,73700
408865,46907
408866,56413
408867,51047
408868,82911
408869,59703
408870,47085
408871,65656
408872,40000
408873,94947
408874,40585
408875,58041
408876,67692
408877,45747
408878,53420
408879,50219
408880,62404
408881,51437
408882,40000
408883,40000
408884,71075
408885,40000
408886,52637
408887,44020
408888,40000
408889,75150
408890,46175
408891,40000
408892,79694
408893,40000
408894,40000
408895,57332
408896,88401
408897,40000
408898,68559
408899,40000
408900,40000
408901,52384
408902,40000
408903,40000
408904,46781
408905,40000
408906,41881
408907,43524
408908,66451
408909,40000
408910,78504
408911,42910
408912,49196
408913,67259
408914,61751
408915,42168
408916,43324
408917,40000
408918,62392
408919,40000
408920,75233
408921,40000
408922,40306
408923,46721
408924,68391
408925,53396
408926,47686
408927,84877
408928,40293
408929,59461
408930,99801
408931,43692
408932,70549
408933,46799
408934,48219
408935,58505
408936,41966
408937,40000
408938,40000
408939,40000
408940,76485
408941,53974
408942,57108
408943,68733
408944,58659
408945,44045
408946,40000
408947,40000
408948,65774
408949,48047
408950,58568
408951,46794
408952,53434
408953,40000
408954,75939
408955,58886
408956,73448
408957,40000
408958,74957
408959,69309
408960,52552
408961,40000
408962,40000
408963,61965
408964,51864
408965,48374
408966,63797
408967,40000
408968,75811
408969,40000
408970,40000
408971,72693
408972,50148
408973,40000
408974,52308
408975,53130
408976,64096
408977,40000
408978,92243
408979,50280
408980,46164
408981,56375
408982,43031
408983,75861
408984,40000
408985,40000
408986,40000
408987,40000
408988,109394
408989,43943
408990,40000
408991,54074
408992,84302
408993,40000
408994,69924
408995,94858
408996,74718
408997,40000
408998,97445
408999,49628
409000,44763
409001,54724
409002,54509
409003,48740
409004,46413
409005,40000
409006,55613
409007,51097
409008,42890
409009,40000
409010,50870
409011,69833
409012,43517
409013,77513
409014,91982
409015,40000
409016,40000
409017,40000
409018,40000
409019,93542
409020,42731
409021,74443
409022,78547
409023,40000
409024,42100
409025,51511
409026,49479
409027,53198
409028,93209
409029,40000
409030,40000
409031,40000
409032,52187
409033,70584
409034,40000
409035,51179
409036,49093
409037,40000
409038,40000
409039,51810
409040,40000
409041,50122
409042,40000
409043,40000
409044,54386
409045,52794
409046,50895
409047,40000
409048,43168
409049,44222
409050,46989
409051,40593
409052,76394
409053,85851
409054,40000
409055,69743
409056,65700
409057,48732
409058,40000
409059,40000
409060,53843
409061,40000
409062,76967
409063,40000
409064,45642
409065,40000
409066,75375
409067,44255
409068,80109
409069,53411
409070,64382
409071,40000
409072,43847
409073,44203
409074,55877
409075,46477
409076,73808
409077,51839
409078,60250
409079,45894
409080,78660
409081,45186
409082,40000
409083,43952
409084,42538
409085,69521
409086,53857
409087,40000
409088,40000
409089,40000
409090,49127
409091,45449
409092,40000
409093,76197
409094,67196
409095,54157
409096,40000
409097,42807
409098,40000
409099,49678
409100,76120
409101,46415
409102,40000
409103,64263
409104,47879
409105,40000
409106,47677
409107,71709
409108,86336
409109,79002
409110,86134
409111,61008
409112,56245
409113,69471
409114,49991
409115,41409
409116,61997
409117,55687
409118,40000
409119,46539
409120,91847
409121,52857
409122,82684
409123,56643
409124,88492
409125,46494
409126,40000
409127,40000
409128,90772
409129,40000
409130,60449
409131,63064
409132,81831
409133,73846
409134,40000
409135,65690
409136,40000
409137,40000
409138,106068
409139,40000
409140,45134
409141,56076
409142,40000
409143,52050
409144,58869
409145,57115
409146,54723
409147,44864
409148,40000
409149,66891
409150,44517
409151,58209
409152,43059
409153,80090
409154,40501
409155,81121
409156,40000
409157,40000
409158,49519
409159,40000
409160,63154
409161,40000
409162,51830
409163,57718
409164,47689
409165,52320
409166,40000
409167,40000
409168,63942
409169,61465
409170,80691
409171,40000
409172,46319
409173,51446
409174,40000
409175,40000
409176,40000
409177,91460
409178,40000
409179,40000
409180,53942
409181,40000
409182,75592
409183,40000
409184,62406
409185,40000
409186,40000
409187,40000
409188,40000
409189,58772
409190,40000
409191,45107
409192,65689
409193,55517
409194,64344
409195,92783
409196,40000
409197,65797
409198,45346
409199,57372
409200,77539
409201,58882
409202,54844
409203,44486
409204,73114
409205,40000
409206,41071
409207,70737
409208,60693
409209,40000
409210,40000
409211,59226
409212,83597
409213,53716
409214,40614
409215,75842
409216,40000
409217,73014
409218,40000
409219,60256
409220,44521
409221,69132
409222,55079
409223,40000
409224,40000
409225,44385
409226,79351
409227,77816
409228,51913
409229,40000
409230,50245
409231,76183
409232,57366
409233,40130
409234,63876
409235,40000
409236,40000
409237,73932
409238,40000
409239,46376
409240,40000
409241,66540
409242,49710
409243,40000
409244,40000
409245,40000
409246,90354
409247,77893
409248,89513
409249,41698
409250,40000
409251,73804
409252,75721
409253,56317
409254,41674
409255,72436
409256,40836
409257,90336
409258,40000
409259,40000
409260,40000
409261,41643
409262,58063
409263,56389
409264,44439
409265,47964
409266,46366
409267,46653
409268,40000
409269,40000
409270,40000
409271,64411
409272,80603
409273,40000
409274,88329
409275,62038
409276,40000
409277,40000
409278,42489
409279,73346
409280,48988
409281,47441
409282,40000
409283,68073
409284,52332
409285,40000
409286,71448
409287,66353
409288,69429
409289,40000
409290,44749
409291,57350
409292,80394
409293,40000
409294,40000
409295,78150
409296,57234
409297,41698
409298,63963
409299,69546
409300,40000
409301,40000
409302,40000
409303,85315
409304,51741
409305,48501
409306,59641
409307,64261
409308,40000
409309,45587
409310,45436
409311,61474
409312,67146
409313,44456
409314,71294
409315,70095
409316,55816
409317,75351
409318,71345
409319,40000
409320,76466
409321,46300
409322,53005
409323,75093
409324,40000
409325,40000
409326,58857
409327,40000
409328,46903
409329,54953
409330,40000
409331,49867
409332,63167
409333,69150
409334,40000
409335,40000
409336,76952
409337,54785
409338,40000
409339,44015
409340,40000
409341,55304
409342,42916
409343,40000
409344,54445
409345,60218
409346,47336
409347,40000
409348,63566
409349,65788
409350,43375
409351,40000
409352,40000
409353,62967
409354,49497
409355,58641
409356,40000
409357,44909
409358,40000
409359,54818
409360,53119
409361,40000
409362,40560
409363,81356
409364,70031
409365,40000
409366,70674
409367,40000
409368,40000
409369,48454
409370,44513
409371,68603
409372,40000
409373,70652
409374,40000
409375,56987
409376,57001
409377,40000
409378,43385
409379,40000
409380,54829
409381,46233
409382,51945
409383,40000
409384,52049
409385,68017
409386,73051
409387,45957
409388,40000
409389,50191
409390,40000
409391,40675
409392,44191
409393,46749
409394,40000
409395,40000
409396,41552
409397,40000
409398,40000
409399,82731
409400,40000
409401,40000
409402,75765
409403,40000
409404,62123
409405,48319
409406,60130
409407,47663
409408,73023
409409,56334
409410,40000
409411,40000
409412,40000
409413,40000
409414,40000
409415,47180
409416,40000
409417,40000
409418,40000
409419,72858
409420,51921
409421,54667
409422,41425
409423,59992
409424,40000
409425,40000
409426,40000
409427,40000
409428,58261
409429,41496
409430,40000
409431,60065
409432,44275
409433,61437
409434,46036
409435,61453
409436,79286
409437,65976
409438,64001
409439,54479
409440,70525
409441,46748
409442,77901
409443,45413
409444,65193
409445,53272
409446,48552
409447,40000
409448,44851
409449,68787
409450,60105
409451,53168
409452,40000
409453,70275
409454,40000
409455,40000
409456,40000
409457,40000
409458,59908
409459,55110
409460,46837
409461,40000
409462,85263
409463,57309
409464,61737
409465,73177
409466,40000
409467,69666
409468,40449
409469,43914
409470,56835
409471,58381
409472,40000
409473,53897
409474,48279
409475,79234
409476,70559
409477,67654
409478,40000
409479,58984
409480,92088
409481,53278
409482,40000
409483,65598
409484,54754
409485,75599
409486,66801
409487,40000
409488,74228
409489,40000
409490,45663
409491,63955
409492,53047
409493,75593
409494,65846
409495,56702
409496,44659
409497,73315
409498,81757
409499,54770
409500,53839
409501,40000
409502,40000
409503,40000
409504,40000
409505,53002
409506,56277
409507,42787
409508,40000
409509,49098
409510,54245
409511,86059
409512,40000
409513,40000
409514,50356
409515,40000
409516,40000
409517,78863
409518,61191
409519,42896
409520,40000
409521,56515
409522,48092
409523,40000
409524,40000
409525,40000
409526,102919
409527,40000
409528,57842
409529,50125
409530,50109
409531,60344
409532,40000
409533,40000
409534,58067
409535,92301
409536,40000
409537,40000
409538,56137
409539,51530
409540,40000
409541,55656
409542,40000
409543,43460
409544,51297
409545,40000
409546,76316
409547,40000
409548,53634
409549,66721
409550,40000
409551,86476
409552,40000
409553,45181
409554,45771
409555,46533
409556,63236
409557,40000
409558,52505
409559,40000
409560,71328
409561,40000
409562,40000
409563,59793
409564,64310
409565,81613
409566,40000
409567,40000
409568,56317
409569,40000
409570,65659
409571,60652
409572,67266
409573,63377
409574,40000
409575,40000
409576,40000
409577,42478
409578,68914
409579,40000
409580,40000
409581,40000
409582,40000
409583,45995
409584,61796
409585,49446
409586,48558
409587,45865
409588,46374
409589,60908
409590,40000
409591,61413
409592,52564
409593,40000
409594,79061
409595,40000
409596,60771
409597,51396
409598,66803
409599,49746
409600,76745
409601,40000
409602,59793
409603,40000
409604,44721
409605,71983
409606,40000
409607,58704
409608,70921
409609,71200
409610,55581
409611,40000
409612,45681
409613,42763
409614,42159
409615,40000
409616,40000
409617,40000
409618,77755
409619,40000
409620,43575
409621,40000
409622,52108
409623,40439
409624,59969
409625,40000
409626,46110
409627,45653
409628,40000
409629,40000
409630,40000
409631,65329
409632,47798
409633,40000
409634,40000
409635,74469
409636,45291
409637,40630
409638,40000
409639,55476
409640,40000
409641,74264
409642,40000
409643,44945
409644,109531
409645,40000
409646,40000
409647,40000
409648,58835
409649,60051
409650,40000
409651,57673
409652,40000
409653,61811
409654,40000
409655,46280
409656,40000
409657,53606
409658,49411
409659,40000
409660,40000
409661,63895
409662,40000
409663,40000
409664,40000
409665,70125
409666,54364
409667,68570
409668,40000
409669,55919
409670,40000
409671,64618
409672,40000
409673,45441
409674,40000
409675,53629
409676,41596
409677,57990
409678,45681
409679,45841
409680,40000
409681,66535
409682,40000
409683,41493
409684,40000
409685,43218
409686,54280
409687,72300
409688,40000
409689,49580
409690,61641
409691,40000
409692,61132
409693,45261
409694,89337
409695,100207
409696,46378
409697,40000
409698,40000
409699,48714
409700,42498
409701,66987
409702,40000
409703,40000
409704,53840
409705,70526
409706,47701
409707,40000
409708,53597
409709,56175
409710,40000
409711,40000
409712,49437
409713,77492
409714,66394
409715,78292
409716,40000
409717,40952
409718,40000
409719,45676
409720,40000
409721,65705
409722,66196
409723,62312
409724,50884
409725,65291
409726,40000
409727,41296
409728,58445
409729,58619
409730,45946
409731,40000
409732,75659
409733,40000
409734,57913
409735,40000
409736,76448
409737,66447
409738,40000
409739,90529
409740,40000
409741,45598
409742,40000
409743,73839
409744,54360
409745,40000
409746,40000
409747,52568
409748,58246
409749,40045
409750,73630
409751,40000
409752,72181
409753,41313
409754,50811
409755,40000
409756,46323
409757,48846
409758,40000
409759,68031
409760,56581
409761,64018
409762,53416
409763,42838
409764,40000
409765,57860
409766,66456
409767,57586
409768,51419
409769,72151
409770,40000
409771,51732
409772,43252
409773,40000
409774,44422
409775,45832
409776,40000
409777,73984
409778,45056
409779,58481
409780,86916
409781,75311
409782,81412
409783,54557
409784,68145
409785,40000
409786,69139
409787,88627
409788,46639
409789,48781
409790,59266
409791,50740
409792,40000
409793,49260
409794,65935
409795,64266
409796,56539
409797,40000
409798,55643
409799,40000
409800,40000
409801,68287
409802,45633
409803,68161
409804,61419
409805,60575
409806,44161
409807,40000
409808,40000
409809,40000
409810,40000
409811,40327
409812,63111
409813,40259
409814,58971
409815,47697
409816,47044
409817,74261
409818,51938
409819,40000
409820,40000
409821,59093
409822,40000
409823,53876
409824,60774
409825,47201
409826,40000
409827,52166
409828,45486
409829,54530
409830,43615
409831,40000
409832,60214
409833,40000
409834,40000
409835,59654
409836,52131
409837,40000
409838,56992
409839,40000
409840,51361
409841,61656
409842,40000
409843,40000
409844,74348
409845,78842
409846,55224
409847,40000
409848,40000
409849,92391
409850,40000
409851,40000
409852,51428
409853,56829
409854,59257
409855,88697
409856,40000
409857,44760
409858,47259
409859,40000
409860,54867
409861,44729
409862,40000
409863,49595
409864,40000
409865,40000
409866,51025
409867,42738
409868,49482
409869,40000
409870,40000
409871,48817
409872,40000
409873,51354
409874,40000
409875,55589
409876,40000
409877,48167
409878,76052
409879,50511
409880,74533
409881,84124
409882,63188
409883,66840
409884,71559
409885,51422
409886,52164
409887,52765
409888,40000
409889,40000
409890,71528
409891,66270
409892,40000
409893,58569
409894,68346
409895,76881
409896,40000
409897,67873
409898,60860
409899,49970
409900,40233
409901,40000
409902,40000
409903,40000
409904,40000
409905,40000
409906,60103
409907,40000
409908,50406
409909,51136
409910,42613
409911,53012
409912,75348
409913,40066
409914,43849
409915,40000
409916,45499
409917,40000
409918,64321
409919,41311
409920,40000
409921,52530
409922,69265
409923,51599
409924,60314
409925,65201
409926,91062
409927,49299
409928,83335
409929,40000
409930,57882
409931,51068
409932,40000
409933,40000
409934,40000
409935,40000
409936,41926
409937,40000
409938,64652
409939,79215
409940,75167
409941,40000
409942,69086
409943,80819
409944,73866
409945,75067
409946,49635
409947,40000
409948,40000
409949,52592
409950,40000
409951,60777
409952,40000
409953,40000
409954,41401
409955,50352
409956,40000
409957,68165
409958,78845
409959,52946
409960,40000
409961,87220
409962,40000
409963,40000
409964,82436
409965,41621
409966,40000
409967,47672
409968,46345
409969,43216
409970,77670
409971,40000
409972,40000
409973,66112
409974,40000
409975,72335
409976,88565
409977,60410
409978,40000
409979,87194
409980,63975
409981,43465
409982,72777
409983,69151
409984,93216
409985,68203
409986,62044
409987,40000
409988,41653
409989,51407
409990,44687
409991,53479
409992,66021
409993,44843
409994,59716
409995,45207
409996,40000
409997,58547
409998,40000
409999,41255
410000,40000
410001,73676
410002,45368
410003,40000
410004,105700
410005,57891
410006,62522
410007,59713
410008,42849
410009,44076
410010,40000
410011,59790
410012,61518
410013,42266
410014,40900
410015,40000
410016,78197
410017,49189
410018,58255
410019,64001
410020,59206
410021,53330
410022,48392
410023,65922
410024,72042
410025,72016
410026,44868
410027,63081
410028,40000
410029,63720
410030,40000
410031,40000
410032,40000
410033,65095
410034,50488
410035,70616
410036,52019
410037,40000
410038,50116
410039,54763
410040,60739
410041,87966
410042,84585
410043,42680
410044,46164
410045,40000
410046,40000
410047,59498
410048,69906
410049,41915
410050,40000
410051,40000
410052,40000
410053,40000
410054,58760
410055,49215
410056,73284
410057,40000
410058,74612
410059,40000
410060,40000
410061,49501
410062,57105
410063,40000
410064,72009
410065,40000
410066,57668
410067,67756
410068,40000
410069,40000
410070,70382
410071,46814
410072,66414
410073,40000
410074,69356
410075,57853
410076,82311
410077,40000
410078,43687
410079,40000
410080,40000
410081,40000
410082,70489
410083,40000
410084,72305
410085,46930
410086,54048
410087,70720
410088,40000
410089,40000
410090,50867
410091,89944
410092,40000
410093,65903
410094,40000
410095,50887
410096,67844
410097,65817
410098,40000
410099,40000
410100,50248
410101,40000
410102,74112
410103,40000
410104,56800
410105,40000
410106,52672
410107,40000
410108,40000
410109,40000
410110,40000
410111,68124
410112,43342
410113,94026
410114,40000
410115,40258
410116,58220
410117,79540
410118,42448
410119,60045
410120,47682
410121,48929
410122,51999
410123,105233
410124,53239
410125,60030
410126,43040
410127,40000
410128,72426
410129,54873
410130,44317
410131,40337
410132,40000
410133,43843
410134,47174
410135,40000
410136,54468
410137,41433
410138,47667
410139,40000
410140,87317
410141,57696
410142,73717
410143,52340
410144,66547
410145,43322
410146,59302
410147,49287
410148,55739
410149,62031
410150,40324
410151,40340
410152,40559
410153,40000
410154,53390
410155,40000
410156,40000
410157,101519
410158,71992
410159,40000
410160,49292
410161,40000
410162,57472
410163,40000
410164,40000
410165,62222
410166,40000
410167,59569
410168,56401
410169,40000
410170,49906
410171,56545
410172,54815
410173,40000
410174,40000
410175,73270
410176,46570
410177,42173
410178,61506
410179,55778
410180,40000
410181,75017
410182,40000
410183,40000
410184,60614
410185,86569
410186,48538
410187,40000
410188,80959
410189,40000
410190,44941
410191,40000
410192,41487
410193,40000
410194,51956
410195,57733
410196,49376
410197,72715
410198,40000
410199,55443
410200,66439
410201,40000
410202,40000
410203,59377
410204,48692
410205,48941
410206,80360
410207,40000
410208,72772
410209,40000
410210,46316
410211,49833
410212,40000
410213,40000
410214,67350
410215,53434
410216,40000
410217,40000
410218,56541
410219,40000
410220,62760
410221,48642
410222,48199
410223,40000
410224,41606
410225,40000
410226,40000
410227,40000
410228,40000
410229,53472
410230,67939
410231,50765
410232,40000
410233,78122
410234,40000
410235,57065
410236,40000
410237,40000
410238,40000
410239,87266
410240,62429
410241,71651
410242,40000
410243,48134
410244,68407
410245,44239
410246,44802
410247,60929
410248,52532
410249,46326
410250,98211
410251,71730
410252,40000
410253,61230
410254,73550
410255,76014
410256,40000
410257,40000
410258,40000
410259,67219
410260,40000
410261,40815
410262,80849
410263,79074
410264,64795
410265,79893
410266,60232
410267,40000
410268,48372
410269,60340
410270,40000
410271,40000
410272,71578
410273,48187
410274,50878
410275,40000
410276,65617
410277,78893
410278,40000
410279,71989
410280,68157
410281,44683
410282,40000
410283,81298
410284,46172
410285,84500
410286,40000
410287,67668
410288,50928
410289,58721
410290,48526
410291,83569
410292,43695
410293,40000
410294,77565
410295,69234
410296,42539
410297,46499
410298,47140
410299,56154
410300,80151
410301,79890
410302,50611
410303,40000
410304,51620
410305,74082
410306,61212
410307,67827
410308,50071
410309,69977
410310,64873
410311,45415
410312,47621
410313,40000
410314,40000
410315,56714
410316,40000
410317,40000
410318,40000
410319,62615
410320,40000
410321,59523
410322,40000
410323,45770
410324,40000
410325,40000
410326,40000
410327,40000
410328,40000
410329,57612
410330,40000
410331,46175
410332,63096
410333,84326
410334,40000
410335,45566
410336,41733
410337,50085
410338,72380
410339,52334
410340,54528
410341,40000
410342,59227
410343,68277
410344,40000
410345,45207
410346,40000
410347,43630
410348,54824
410349,40000
410350,41157
410351,76578
410352,51586
410353,40000
410354,58996
410355,60145
410356,40000
410357,61144
410358,40000
410359,40000
410360,74946
410361,40000
410362,54535
410363,56800
410364,40000
410365,51955
410366,59177
410367,53945
410368,52985
410369,40000
410370,40000
410371,40000
410372,40608
410373,67382
410374,64513
410375,55867
410376,44602
410377,66353
410378,40000
410379,47893
410380,44615
410381,49334
410382,40000
410383,68974
410384,44195
410385,40000
410386,40000
410387,58060
410388,62548
410389,42335
410390,89375
410391,40000
410392,63827
410393,83707
410394,43574
410395,40000
410396,54381
410397,40000
410398,56222
410399,46341
410400,40000
410401,65764
410402,40000
410403,54248
410404,40000
410405,55437
410406,93573
410407,45881
410408,63064
410409,56673
410410,59687
410411,100026
410412,40000
410413,41310
410414,57130
410415,60161
410416,44342
410417,86835
410418,60695
410419,45980
410420,40000
410421,40000
410422,40295
410423,60155
410424,48158
410425,46915
410426,42236
410427,65532
410428,50915
410429,40000
410430,87203
410431,85499
410432,40000
410433,49038
410434,71975
410435,99840
410436,40000
410437,80709
410438,40000
410439,51195
410440,40000
410441,56607
410442,80859
410443,52394
410444,40000
410445,40000
410446,40000
410447,49710
410448,77836
410449,44043
410450,40000
410451,52162
410452,49039
410453,40000
410454,52292
410455,40000
410456,40000
410457,70999
410458,56748
410459,40000
410460,46559
410461,58206
410462,40000
410463,58707
410464,46503
410465,52413
410466,44765
410467,73626
410468,52475
410469,54600
410470,61043
410471,90507
410472,50306
410473,54309
410474,54581
410475,76869
410476,71180
410477,42637
410478,67948
410479,40000
410480,64942
410481,52829
410482,59050
410483,55215
410484,65531
410485,40000
410486,40000
410487,73933
410488,72586
410489,45006
410490,40000
410491,51030
410492,81183
410493,60693
410494,61219
410495,67660
410496,48602
410497,40000
410498,50652
410499,40000
410500,40000
410501,76158
410502,94433
410503,42106
410504,40000
410505,40000
410506,40121
410507,42053
410508,89488
410509,40000
410510,44206
410511,40000
410512,44110
410513,68257
410514,40000
410515,70596
410516,54803
410517,49533
410518,90988
410519,40000
410520,43416
410521,47940
410522,73398
410523,53127
410524,40000
410525,40000
410526,90793
410527,51652
410528,48702
410529,84111
410530,61755
410531,40000
410532,72398
410533,66186
410534,40000
410535,41825
410536,40000
410537,56521
410538,52635
410539,41676
410540,46518
410541,60015
410542,40000
410543,40000
410544,62344
410545,67009
410546,76106
410547,55207
410548,79638
410549,43954
410550,40849
410551,63016
410552,57388
410553,60498
410554,91150
410555,40000
410556,42360
410557,40000
410558,40000
410559,58014
410560,50858
410561,42606
410562,62972
410563,70811
410564,47338
410565,76863
410566,40000
410567,40000
410568,46736
410569,43058
410570,53566
410571,79548
410572,49886
410573,58387
410574,92765
410575,56912
410576,50070
410577,40000
410578,56262
410579,58286
410580,69876
410581,40000
410582,59217
410583,40000
410584,53083
410585,66370
410586,40000
410587,51657
410588,43717
410589,59237
410590,47626
410591,40409
410592,61978
410593,47690
410594,56702
410595,42638
410596,40000
410597,51743
410598,74941
410599,51659
410600,40000
410601,40000
410602,45811
410603,56491
410604,46450
410605,40000
410606,62153
410607,40000
410608,40000
410609,48726
410610,40000
410611,63817
410612,54265
410613,66150
410614,40000
410615,51986
410616,40000
410617,40000
410618,54464
410619,40000
410620,49458
410621,40000
410622,40000
410623,40000
410624,72847
410625,57980
410626,40000
410627,40624
410628,41881
410629,40961
410630,40000
410631,65844
410632,42304
410633,51110
410634,87277
410635,45476
410636,40000
410637,69356
410638,55978
410639,40000
410640,58164
410641,49835
410642,40000
410643,42700
410644,40000
410645,52020
410646,40000
410647,40000
410648,40708
410649,64034
410650,51739
410651,45863
410652,40000
410653,64354
410654,40000
410655,58822
410656,40000
410657,40000
410658,40000
410659,40000
410660,61244
410661,40000
410662,101742
410663,40000
410664,40000
410665,53462
410666,54967
410667,49261
410668,68138
410669,60971
410670,52079
410671,40000
410672,60077
410673,40000
410674,72333
410675,40000
410676,46517
410677,44585
410678,40000
410679,40000
410680,40000
410681,74108
410682,66770
410683,40000
410684,75993
410685,64857
410686,40000
410687,58112
410688,40000
410689,40000
410690,68448
410691,60779
410692,46145
410693,40000
410694,64913
410695,53498
410696,56258
410697,40000
410698,40000
410699,61089
410700,45350
410701,58603
410702,60925
410703,88799
410704,41699
410705,40000
410706,50258
410707,40000
410708,40000
410709,40000
410710,40000
410711,40000
410712,47672
410713,40000
410714,48990
410715,42127
410716,70125
410717,70541
410718,47136
410719,74787
410720,51928
410721,72403
410722,75319
410723,77419
410724,88840
410725,40674
410726,42230
410727,49297
410728,48429
410729,51300
410730,45898
410731,40000
410732,40000
410733,65914
410734,40000
410735,57404
410736,40000
410737,54894
410738,41236
410739,40000
410740,61038
410741,94110
410742,40000
410743,44650
410744,59276
410745,40000
410746,40000
410747,40000
410748,55905
410749,66587
410750,84768
410751,48601
410752,60625
410753,40000
410754,64128
410755,55957
410756,43134
410757,55540
410758,40000
410759,62442
410760,40000
410761,40000
410762,49942
410763,57440
410764,65809
410765,40000
410766,41422
410767,53976
410768,41644
410769,40000
410770,40000
410771,54828
410772,40000
410773,40000
410774,64292
410775,90376
410776,40000
410777,48698
410778,40000
410779,61733
410780,50280
410781,67557
410782,47997
410783,80815
410784,54856
410785,41757
410786,96525
410787,51096
410788,63818
410789,40000
410790,107813
410791,48740
410792,47844
410793,40000
410794,41253
410795,70009
410796,73283
410797,40000
410798,51953
410799,40000
410800,63673
410801,48774
410802,42761
410803,47145
410804,49617
410805,65831
410806,83808
410807,98387
410808,47158
410809,40000
410810,40193
410811,40000
410812,42935
410813,63663
410814,40000
410815,40000
410816,77199
410817,53920
410818,75877
410819,76884
410820,69926
410821,41871
410822,40000
410823,40000
410824,103671
410825,40000
410826,66502
410827,50190
410828,83368
410829,51502
410830,77220
410831,67971
410832,54733
410833,40000
410834,40000
410835,47428
410836,40448
410837,40000
410838,72603
410839,40000
410840,41300
410841,54001
410842,49531
410843,41248
410844,40000
410845,40794
410846,62608
410847,40000
410848,62895
410849,40000
410850,47350
410851,46691
410852,47329
410853,68655
410854,76566
410855,40000
410856,50559
410857,74970
410858,63353
410859,40000
410860,40000
410861,74913
410862,42257
410863,52824
410864,68577
410865,54083
410866,47911
410867,40000
410868,45363
410869,57419
410870,62908
410871,41502
410872,40000
410873,40641
410874,51851
410875,56741
410876,40000
410877,41141
410878,49462
410879,40000
410880,69769
410881,40000
410882,63554
410883,40000
410884,52342
410885,40000
410886,40000
410887,40000
410888,40000
410889,49073
410890,62480
410891,40000
410892,50908
410893,40000
410894,47539
410895,40000
410896,83546
410897,50288
410898,66156
410899,57604
410900,40000
410901,40000
410902,40000
410903,40000
410904,69907
410905,40000
410906,40000
410907,49041
410908,40000
410909,67189
410910,69138
410911,40000
410912,70522
410913,50594
410914,41446
410915,40000
410916,49741
410917,40000
410918,40000
410919,42604
410920,40000
410921,101163
410922,40000
410923,50367
410924,68675
410925,45894
410926,40000
410927,61100
410928,62553
410929,67195
410930,54768
410931,54702
410932,40000
410933,64586
410934,40000
410935,50283
410936,52328
410937,78990
410938,84859
410939,53487
410940,40606
410941,40852
410942,54828
410943,53892
410944,40000
410945,40000
410946,40000
410947,62418
410948,54943
410949,55327
410950,80307
410951,43073
410952,40000
410953,49847
410954,63999
410955,46395
410956,56527
410957,55417
410958,65038
410959,48727
410960,40000
410961,63049
410962,58751
410963,45144
410964,49330
410965,75440
410966,71754
410967,40000
410968,67382
410969,59895
410970,64700
410971,51882
410972,40000
410973,54541
410974,59377
410975,40000
410976,60065
410977,90246
410978,52112
410979,40000
410980,64378
410981,67301
410982,66757
410983,73459
410984,40000
410985,66149
410986,101061
410987,71227
410988,40000
410989,58235
410990,46232
410991,59748
410992,87765
410993,62537
410994,40000
410995,58684
410996,44713
410997,40000
410998,83075
410999,47680
411000,45608
411001,57574
411002,69503
411003,40492
411004,59495
411005,51000
411006,46947
411007,55719
411008,54958
411009,49501
411010,40000
411011,40000
411012,51109
411013,54723
411014,47803
411015,40000
411016,40000
411017,89996
411018,40000
411019,40000
411020,41022
411021,65652
411022,49523
411023,53612
411024,61803
411025,43714
411026,40000
411027,40000
411028,40000
411029,40000
411030,40000
411031,40000
411032,43692
411033,40000
411034,76030
411035,52640
411036,57976
411037,40000
411038,40000
411039,40000
411040,40000
411041,47851
411042,40185
411043,40000
411044,40000
411045,61990
411046,44379
411047,56619
411048,74054
411049,54067
411050,71926
411051,40000
411052,40000
411053,40000
411054,54108
411055,54867
411056,56878
411057,68678
411058,49425
411059,67188
411060,74311
411061,47653
411062,83592
411063,43258
411064,40000
411065,49125
411066,59892
411067,40000
411068,63458
411069,40000
411070,41389
411071,53933
411072,66706
411073,52798
411074,56909
411075,41898
411076,54483
411077,40000
411078,40000
411079,40000
411080,58517
411081,58546
411082,40987
411083,74866
411084,49352
411085,50592
411086,58200
411087,51082
411088,63619
411089,52677
411090,71916
411091,40000
411092,44142
411093,67578
411094,45677
411095,86630
411096,40000
411097,40000
411098,42648
411099,40000
411100,44275
411101,50863
411102,57402
411103,42130
411104,58495
411105,40000
411106,47997
411107,40000
411108,40537
411109,40000
411110,42964
411111,56950
411112,48528
411113,54106
411114,40000
411115,72473
411116,40000
411117,40000
411118,61106
411119,41697
411120,56382
411121,66314
411122,46544
411123,62579
411124,76080
411125,62302
411126,64002
411127,40000
411128,40000
411129,40000
411130,47139
411131,40000
411132,75380
411133,40000
411134,49907
411135,53800
411136,52517
411137,40000
411138,62936
411139,67589
411140,49499
411141,40000
411142,50027
411143,87814
411144,40000
411145,49653
411146,42273
411147,44741
411148,46013
411149,77952
411150,40000
411151,40000
411152,40159
411153,40000
411154,43540
411155,40000
411156,81397
411157,42492
411158,49133
411159,53106
411160,84020
411161,67073
411162,40000
411163,40000
411164,40000
411165,40000
411166,40000
411167,40000
411168,40000
411169,54783
411170,67600
411171,65567
411172,63123
411173,51485
411174,42396
411175,65253
411176,46100
411177,40000
411178,55052
411179,76232
411180,78383
411181,46399
411182,66264
411183,42917
411184,46656
411185,94487
411186,51794
411187,74095
411188,70342
411189,57336
411190,40000
411191,52877
411192,56790
411193,47484
411194,40000
411195,72886
411196,40000
411197,50384
411198,40272
411199,40000
411200,40069
411201,67494
411202,68992
411203,65411
411204,43450
411205,40000
411206,40000
411207,47217
411208,81080
411209,40000
411210,80948
411211,66775
411212,81014
411213,74596
411214,46766
411215,40000
411216,40000
411217,40000
411218,40000
411219,40000
411220,60596
411221,69902
411222,41341
411223,88524
411224,41639
411225,40000
411226,43417
411227,42791
411228,47045
411229,67887
411230,54616
411231,56865
411232,75520
411233,68332
411234,40000
411235,47465
411236,62453
411237,40000
411238,40000
411239,59593
411240,51333
411241,51980
411242,62966
411243,50327
411244,40000
411245,60045
411246,70909
411247,54135
411248,40000
411249,46992
411250,63368
411251,40000
411252,61195
411253,52518
411254,84825
411255,40000
411256,47527
411257,54686
411258,74306
411259,53509
411260,40000
411261,54455
411262,40000
411263,53670
411264,40395
411265,65800
411266,40000
411267,60591
411268,55428
411269,40000
411270,56736
411271,56517
411272,64640
411273,70845
411274,41198
411275,75772
411276,40000
411277,47889
411278,40000
411279,40000
411280,84537
411281,74213
411282,40000
411283,73605
411284,67085
411285,72202
411286,40000
411287,58189
411288,90111
411289,59363
411290,42119
411291,50727
411292,40000
411293,57277
411294,48005
411295,40000
411296,43294
411297,40000
411298,52266
411299,54234
411300,40000
411301,40000
411302,40000
411303,64884
411304,72803
411305,64712
411306,40000
411307,76218
411308,54593
411309,57542
411310,40000
411311,40000
411312,40000
411313,46063
411314,57520
411315,40000
411316,65940
411317,40771
411318,40000
411319,40000
411320,40000
411321,83189
411322,41352
411323,40000
411324,67377
411325,40000
411326,66733
411327,62301
411328,48513
411329,40000
411330,50959
411331,44646
411332,40000
411333,40000
411334,40954
411335,52003
411336,53271
411337,87460
411338,40000
411339,41048
411340,52566
411341,40000
411342,52719
411343,40000
411344,40000
411345,40000
411346,72668
411347,56705
411348,40000
411349,43538
411350,40416
411351,40000
411352,40000
411353,40000
411354,41011
411355,50121
411356,40000
411357,40000
411358,40000
411359,65746
411360,54963
411361,49572
411362,51210
411363,40000
411364,40000
411365,57856
411366,40000
411367,40000
411368,43120
411369,68808
411370,48521
411371,75101
411372,84547
411373,40000
411374,40000
411375,55814
411376,57753
411377,71801
411378,52820
411379,49771
411380,90856
411381,42559
411382,40000
411383,71307
411384,40000
411385,41508
411386,65556
411387,68995
411388,40000
411389,40000
411390,40000
411391,48772
411392,40000
411393,54278
411394,86581
411395,43656
411396,40000
411397,40000
411398,79005
411399,71957
411400,40000
411401,53795
411402,78963
411403,53508
411404,40000
411405,40000
411406,47801
411407,55148
411408,64406
411409,76544
411410,40000
411411,40000
411412,42348
411413,65400
411414,46941
411415,40000
411416,49841
411417,40000
411418,51367
411419,40000
411420,45316
411421,42303
411422,43589
411423,73831
411424,40000
411425,50962
411426,40000
411427,40000
411428,41383
411429,46289
411430,81291
411431,68458
411432,42032
411433,76706
411434,54403
411435,82419
411436,46843
411437,40000
411438,46977
411439,40000
411440,40000
411441,41230
411442,40000
411443,40000
411444,60158
411445,40000
411446,40000
411447,40000
411448,48998
411449,76861
411450,61188
411451,40000
411452,78153
411453,53366
411454,63490
411455,55555
411456,48088
411457,40000
411458,76056
411459,60507
411460,40000
411461,47416
411462,40000
411463,51427
411464,69705
411465,40000
411466,40000
411467,40000
411468,41259
411469,52150
411470,47382
411471,46254
411472,45272
411473,40379
411474,71434
411475,43896
411476,49731
411477,64103
411478,45950
411479,40000
411480,40000
411481,41375
411482,40000
411483,54154
411484,50314
411485,46726
411486,64599
411487,72987
411488,90489
411489,40000
411490,40892
411491,64245
411492,67803
411493,40000
411494,49086
411495,42084
411496,53188
411497,55799
411498,40000
411499,43795
411500,40000
411501,40000
411502,61072
411503,40000
411504,42150
411505,55268
411506,51152
411507,40000
411508,57437
411509,42759
411510,65886
411511,47351
411512,61237
411513,67490
411514,75271
411515,57477
411516,43121
411517,40000
411518,44875
411519,40000
411520,57799
411521,49681
411522,42827
411523,85772
411524,42737
411525,40000
411526,58038
411527,40000
411528,56730
411529,58807
411530,47462
411531,40000
411532,52097
411533,50458
411534,40000
411535,40000
411536,59003
411537,40000
411538,40000
411539,48536
411540,82513
411541,40000
411542,50609
411543,66581
411544,71666
411545,40000
411546,47264
411547,43245
411548,42549
411549,40000
411550,61367
411551,59723
411552,46978
411553,41482
411554,90299
411555,40000
411556,40000
411557,73976
411558,42490
411559,59666
411560,43221
411561,41386
411562,76740
411563,56694
411564,58014
411565,40000
411566,68175
411567,40000
411568,48594
411569,47204
411570,43430
411571,77665
411572,40000
411573,60800
411574,40000
411575,43048
411576,52017
411577,42021
411578,44110
411579,51064
411580,52257
411581,55014
411582,40000
411583,72623
411584,69287
411585,40000
411586,40000
411587,40000
411588,40000
411589,49773
411590,40000
411591,40000
411592,52432
411593,73061
411594,61763
411595,43391
411596,71124
411597,49002
411598,50218
411599,40000
411600,82905
411601,40000
411602,40000
411603,93708
411604,63902
411605,72211
411606,40000
411607,54106
411608,48643
411609,67855
411610,40000
411611,67697
411612,40000
411613,63665
411614,54770
411615,55275
411616,40000
411617,40000
411618,65278
411619,50646
411620,57597
411621,56460
411622,89107
411623,40000
411624,40000
411625,68964
411626,40000
411627,40466
411628,40860
411629,60901
411630,49497
411631,47529
411632,69847
411633,40000
411634,41195
411635,43551
411636,49899
411637,55300
411638,60027
411639,49209
411640,67903
411641,40000
411642,44149
411643,72615
411644,64256
411645,40000
411646,92598
411647,40000
411648,40000
411649,55031
411650,40422
411651,69987
411652,76217
411653,58552
411654,48638
411655,54786
411656,44294
411657,43556
411658,42139
411659,87138
411660,50368
411661,40000
411662,70341
411663,40000
411664,62472
411665,40000
411666,40000
411667,61101
411668,40000
411669,63088
411670,65014
411671,40000
411672,63709
411673,53116
411674,47903
411675,66524
411676,40000
411677,40000
411678,40000
411679,72419
411680,71181
411681,40000
411682,40729
411683,40905
411684,52623
411685,58116
411686,40000
411687,40000
411688,40000
411689,40000
411690,61071
411691,60830
411692,40000
411693,87458
411694,58587
411695,52945
411696,40000
411697,40000
411698,68023
411699,40000
411700,69920
411701,43883
411702,58982
411703,63903
411704,59177
411705,40000
411706,50934
411707,55201
411708,40000
411709,40000
411710,70251
411711,40000
411712,40000
411713,66373
411714,40000
411715,51856
411716,65694
411717,48374
411718,48370
411719,45626
411720,40000
411721,51992
411722,58329
411723,62944
411724,53367
411725,40000
411726,40000
411727,86189
411728,46675
411729,64401
411730,50224
411731,54913
411732,67753
411733,57263
411734,71264
411735,74632
411736,47326
411737,64917
411738,56258
411739,83494
411740,58138
411741,81783
411742,40000
411743,40000
411744,40000
411745,61506
411746,51428
411747,61381
411748,69391
411749,49221
411750,40000
411751,72990
411752,40000
411753,40000
411754,58792
411755,42996
411756,40000
411757,40000
411758,44104
411759,40000
411760,66147
411761,64561
411762,59109
411763,40000
411764,48511
411765,40000
411766,50201
411767,53390
411768,40000
411769,93173
411770,43397
411771,40000
411772,40497
411773,40000
411774,46366
411775,75944
411776,46789
411777,66557
411778,40000
411779,67680
411780,80148
411781,59043
411782,40000
411783,40000
411784,40000
411785,61470
411786,40000
411787,40673
411788,53553
411789,52470
411790,53595
411791,45774
411792,82406
411793,77270
411794,40000
411795,40000
411796,50666
411797,50974
411798,45064
411799,56782
411800,45671
411801,40000
411802,57143
411803,76448
411804,47872
411805,54322
411806,49276
411807,56492
411808,40000
411809,62592
411810,40000
411811,40000
411812,40000
411813,61444
411814,40000
411815,40000
411816,66593
411817,42958
411818,69137
411819,40000
411820,40000
411821,49976
411822,40000
411823,40000
411824,48913
411825,40000
411826,50997
411827,46556
411828,56759
411829,95764
411830,64057
411831,63868
411832,81821
411833,40000
411834,71136
411835,60301
411836,61611
411837,66883
411838,49581
411839,40000
411840,42191
411841,53096
411842,51987
411843,49132
411844,51256
411845,64254
411846,68874
411847,83575
411848,46001
411849,79662
411850,51983
411851,52661
411852,49927
411853,40000
411854,40000
411855,50668
411856,63922
411857,77300
411858,72121
411859,59908
411860,49129
411861,40000
411862,47940
411863,67845
411864,47730
411865,72302
411866,40000
411867,48525
411868,40000
411869,79059
411870,47619
411871,47752
411872,40000
411873,40000
411874,56669
411875,48887
411876,40000
411877,57325
411878,40000
411879,54872
411880,55403
411881,72599
411882,40000
411883,40000
411884,58488
411885,40170
411886,40000
411887,47707
411888,56143
411889,44060
411890,40000
411891,40000
411892,50162
411893,76945
411894,40000
411895,47664
411896,40000
411897,67017
411898,52567
411899,40000
411900,93358
411901,53702
411902,62699
411903,57875
411904,53198
411905,63770
411906,51122
411907,40000
411908,64039
411909,40000
411910,40000
411911,40000
411912,40000
411913,49972
411914,60348
411915,40000
411916,40000
411917,40000
411918,40000
411919,59556
411920,40000
411921,41751
411922,66237
411923,40000
411924,64131
411925,43716
411926,47893
411927,52375
411928,40000
411929,40000
411930,107289
411931,64697
411932,64810
411933,40000
411934,54363
411935,40000
411936,43330
411937,46216
411938,40037
411939,40000
411940,48391
411941,50235
411942,59159
411943,45550
411944,40000
411945,69091
411946,40000
411947,40000
411948,87558
411949,90138
411950,49921
411951,41721
411952,40000
411953,40000
411954,40000
411955,46772
411956,84731
411957,55048
411958,40582
411959,40000
411960,40000
411961,60268
411962,72868
411963,40000
411964,43729
411965,77828
411966,40000
411967,77029
411968,57362
411969,53203
411970,78443
411971,40000
411972,40000
411973,40000
411974,40000
411975,52411
411976,63445
411977,40627
411978,61483
411979,59646
411980,40000
411981,40000
411982,40000
411983,81242
411984,58266
411985,40000
411986,47690
411987,40000
411988,44904
411989,60602
411990,112709
411991,40000
411992,53684
411993,40000
411994,40000
411995,40000
411996,66982
411997,40000
411998,55416
411999,61265
412000,66230
412001,40000
412002,66666
412003,45107
412004,61409
412005,40000
412006,50003
412007,40000
412008,52759
412009,50713
412010,52970
412011,40000
412012,70434
412013,40000
412014,48063
412015,62218
412016,42522
412017,80059
412018,53359
412019,40000
412020,83596
412021,40000
412022,40000
412023,40000
412024,40000
412025,40000
412026,75309
412027,40000
412028,52680
412029,57167
412030,62626
412031,40000
412032,87198
412033,46136
412034,40000
412035,40000
412036,41758
412037,41742
412038,66673
412039,53604
412040,40000
412041,40000
412042,50296
412043,40000
412044,41187
412045,40000
412046,63071
412047,40000
412048,40000
412049,40000
412050,66758
412051,40000
412052,40000
412053,42480
412054,40000
412055,40000
412056,76915
412057,68584
412058,50016
412059,49163
412060,50147
412061,42915
412062,40000
412063,65733
412064,40000
412065,40000
412066,47748
412067,40000
412068,51515
412069,43854
412070,40000
412071,46039
412072,64550
412073,40000
412074,52382
412075,52682
412076,55095
412077,40000
412078,40000
412079,41816
412080,40000
412081,58299
412082,40000
412083,45540
412084,40000
412085,59462
412086,40000
412087,57027
412088,46518
412089,40000
412090,47273
412091,44214
412092,40000
412093,91917
412094,48459
412095,66222
412096,56310
412097,45125
412098,49897
412099,82552
412100,65198
412101,40000
412102,46885
412103,78982
412104,67406
412105,68574
412106,73187
412107,43584
412108,75987
412109,40000
412110,44656
412111,42096
412112,102869
412113,53266
412114,52788
412115,41545
412116,40000
412117,58794
412118,47659
412119,40000
412120,40000
412121,40000
412122,43039
412123,67675
412124,67489
412125,40000
412126,65047
412127,40000
412128,45105
412129,40000
412130,44636
412131,70295
412132,51282
412133,40554
412134,60943
412135,79153
412136,40000
412137,49472
412138,68740
412139,43642
412140,46797
412141,79707
412142,40000
412143,56614
412144,47370
412145,55554
412146,47724
412147,85220
412148,47913
412149,69567
412150,40000
412151,76123
412152,40000
412153,42826
412154,47942
412155,66439
412156,42551
412157,66385
412158,48263
412159,52189
412160,42956
412161,64909
412162,61835
412163,40000
412164,119939
412165,58546
412166,82821
412167,53001
412168,84826
412169,40000
412170,50968
412171,65240
412172,40000
412173,44500
412174,50709
412175,40000
412176,41535
412177,40000
412178,66502
412179,56641
412180,44561
412181,71147
412182,40000
412183,53637
412184,71153
412185,51093
412186,40000
412187,55586
412188,47571
412189,46405
412190,40000
412191,52522
412192,45801
412193,56832
412194,72933
412195,70563
412196,89222
412197,59331
412198,40000
412199,43421
412200,45214
412201,50196
412202,45903
412203,44773
412204,63509
412205,76557
412206,83266
412207,59840
412208,42461
412209,40000
412210,74237
412211,46692
412212,73318
412213,40000
412214,40000
412215,40000
412216,63299
412217,52596
412218,40000
412219,40000
412220,42417
412221,41334
412222,47490
412223,40000
412224,40000
412225,53204
412226,73849
412227,40000
412228,62680
412229,40000
412230,40000
412231,40000
412232,40000
412233,58754
412234,53317
412235,40000
412236,40000
412237,54648
412238,42718
412239,40000
412240,40000
412241,78460
412242,50832
412243,67266
412244,85451
412245,47060
412246,61169
412247,40000
412248,40000
412249,40000
412250,52206
412251,50352
412252,49806
412253,40000
412254,40000
412255,78641
412256,45278
412257,49714
412258,40000
412259,42066
412260,55515
412261,70641
412262,48511
412263,40000
412264,40000
412265,49615
412266,60656
412267,47254
412268,57325
412269,40000
412270,43147
412271,40000
412272,61437
412273,44773
412274,55515
412275,92520
412276,40000
412277,40000
412278,40584
412279,68728
412280,74361
412281,56061
412282,54292
412283,63322
412284,72753
412285,40000
412286,40000
412287,62123
412288,40000
412289,76562
412290,57494
412291,40000
412292,57006
412293,50197
412294,54013
412295,54686
412296,40000
412297,99342
412298,40000
412299,40000
412300,50166
412301,79262
412302,61509
412303,88490
412304,42857
412305,96939
412306,40000
412307,41203
412308,40000
412309,40000
412310,42468
412311,40000
412312,55292
412313,44935
412314,89331
412315,63072
412316,66770
412317,74807
412318,40000
412319,72938
412320,63932
412321,87907
412322,61784
412323,52501
412324,40000
412325,40000
412326,64121
412327,40000
412328,45813
412329,56084
412330,93902
412331,40000
412332,46556
412333,40000
412334,46027
412335,40000
412336,40000
412337,56609
412338,40000
412339,61029
412340,40000
412341,40000
412342,47169
412343,60845
412344,40000
412345,40000
412346,55274
412347,76503
412348,40000
412349,40000
412350,40000
412351,74085
412352,59385
412353,67677
412354,61845
412355,53792
412356,41169
412357,40000
412358,40000
412359,40000
412360,43531
412361,40000
412362,40000
412363,40000
412364,46465
412365,59759
412366,49134
412367,58853
412368,42153
412369,56438
412370,60628
412371,67197
412372,60854
412373,40000
412374,53650
412375,49155
412376,40000
412377,49462
412378,58363
412379,79952
412380,40000
412381,47920
412382,81274
412383,40000
412384,71201
412385,51051
412386,40000
412387,49623
412388,49594
412389,45967
412390,55117
412391,48952
412392,57909
412393,50374
412394,77499
412395,87329
412396,73218
412397,40157
412398,52452
412399,63625
412400,51117
412401,67720
412402,40000
412403,48797
412404,75569
412405,84664
412406,68818
412407,69227
412408,80096
412409,56605
412410,71152
412411,41232
412412,40000
412413,40000
412414,48744
412415,43519
412416,80535
412417,57501
412418,40000
412419,40000
412420,40000
412421,58404
412422,50041
412423,66269
412424,67945
412425,55568
412426,84320
412427,58366
412428,57067
412429,42628
412430,40000
412431,52927
412432,40000
412433,40000
412434,50911
412435,40000
412436,97021
412437,40000
412438,60995
412439,67279
412440,40000
412441,55202
412442,71517
412443,68700
412444,53835
412445,62283
412446,40000
412447,59386
412448,91013
412449,40000
412450,52771
412451,54146
412452,77036
412453,67193
412454,60835
412455,56861
412456,40000
412457,40000
412458,40787
412459,61752
412460,65998
412461,84497
412462,72280
412463,75411
412464,60353
412465,72105
412466,84039
412467,50662
412468,51321
412469,57624
412470,83577
412471,40000
412472,45053
412473,40000
412474,51852
412475,40000
412476,75153
412477,50796
412478,40000
412479,40000
412480,59697
412481,62007
412482,83232
412483,40000
412484,65021
412485,62048
412486,71823
412487,45847
412488,40000
412489,40000
412490,44595
412491,90003
412492,62795
412493,64557
412494,62417
412495,54093
412496,45683
412497,47869
412498,50023
412499,40000
412500,40000
412501,50451
412502,40000
412503,63284
412504,68770
412505,55686
412506,40000
412507,84608
412508,40000
412509,76509
412510,86477
412511,98264
412512,40000
412513,40000
412514,56232
412515,72679
412516,56496
412517,59878
412518,40000
412519,51660
412520,61363
412521,66946
412522,66478
412523,59534
412524,40000
412525,44321
412526,40000
412527,44084
412528,40000
412529,47112
412530,68723
412531,45686
412532,40000
412533,40000
412534,41919
412535,41846
412536,40000
412537,61765
412538,47831
412539,50964
412540,47732
412541,48851
412542,43656
412543,64038
412544,67678
412545,59361
412546,40000
412547,81594
412548,55687
412549,75786
412550,50638
412551,57107
412552,62546
412553,75514
412554,40000
412555,81167
412556,40000
412557,40000
412558,40000
412559,65999
412560,93313
412561,40000
412562,48798
412563,66179
412564,64180
412565,40000
412566,45175
412567,54590
412568,40035
412569,40000
412570,73668
412571,40000
412572,66290
412573,57981
412574,40000
412575,53834
412576,40000
412577,60147
412578,40000
412579,40000
412580,76665
412581,82623
412582,44668
412583,49690
412584,67282
412585,40000
412586,40000
412587,60355
412588,59017
412589,56688
412590,65450
412591,41617
412592,40000
412593,52939
412594,40000
412595,41246
412596,69430
412597,82026
412598,41463
412599,40000
412600,57641
412601,61749
412602,40714
412603,43577
412604,66856
412605,40000
412606,40000
412607,44548
412608,77967
412609,77768
412610,85032
412611,68860
412612,54123
412613,80903
412614,40000
412615,45931
412616,70803
412617,40000
412618,44618
412619,58496
412620,56761
412621,40000
412622,71047
412623,62653
412624,42095
412625,71420
412626,54743
412627,40000
412628,45888
412629,64133
412630,40000
412631,40000
412632,64720
412633,53844
412634,49372
412635,61122
412636,60237
412637,43354
412638,57453
412639,65874
412640,51804
412641,47405
412642,41281
412643,55622
412644,56090
412645,40383
412646,40000
412647,62304
412648,79373
412649,40000
412650,70971
412651,54764
412652,64451
412653,82945
412654,55209
412655,60262
412656,61400
412657,59955
412658,110202
412659,49000
412660,58385
412661,69002
412662,59413
412663,56517
412664,58495
412665,47359
412666,73518
412667,47937
412668,46525
412669,42618
412670,40000
412671,65591
412672,40000
412673,46751
412674,60697
412675,40261
412676,40000
412677,49299
412678,55215
412679,46946
412680,44350
412681,42629
412682,40000
412683,67676
412684,50142
412685,42363
412686,75304
412687,67291
412688,40000
412689,61494
412690,62822
412691,73188
412692,40000
412693,45594
412694,66015
412695,43335
412696,40000
412697,40000
412698,40000
412699,75939
412700,40000
412701,58589
412702,57743
412703,54336
412704,42619
412705,40000
412706,40000
412707,40000
412708,40000
412709,53354
412710,74708
412711,40000
412712,53805
412713,44888
412714,74426
412715,66051
412716,64695
412717,96295
412718,65689
412719,45653
412720,70143
412721,40837
412722,40000
412723,48402
412724,59333
412725,76706
412726,77123
412727,69277
412728,48657
412729,40000
412730,43738
412731,66997
412732,64271
412733,40000
412734,40000
412735,54764
412736,40000
412737,60084
412738,46143
412739,40000
412740,40000
412741,44114
412742,40000
412743,40000
412744,40000
412745,40000
412746,63545
412747,57282
412748,40000
412749,41360
412750,57203
412751,66837
412752,40000
412753,40000
412754,40000
412755,57986
412756,40000
412757,40000
412758,55188
412759,40000
412760,40000
412761,60825
412762,51553
412763,64125
412764,40081
412765,42698
412766,40000
412767,45218
412768,46259
412769,57527
412770,40000
412771,54780
412772,63736
412773,61712
412774,40000
412775,63547
412776,82851
412777,43959
412778,64135
412779,40000
412780,48733
412781,50499
412782,44504
412783,58837
412784,56104
412785,40000
412786,98583
412787,54768
412788,75954
412789,42603
412790,65526
412791,50703
412792,78230
412793,68304
412794,40000
412795,55873
412796,41439
412797,40000
412798,77992
412799,52070
412800,54810
412801,59833
412802,50529
412803,76578
412804,40000
412805,54405
412806,40000
412807,49939
412808,43411
412809,50300
412810,51027
412811,58387
412812,69954
412813,52749
412814,40000
412815,51847
412816,73676
412817,40000
412818,59409
412819,40000
412820,51124
412821,71267
412822,69590
412823,64274
412824,58550
412825,40000
412826,55942
412827,40000
412828,40000
412829,44884
412830,60358
412831,65726
412832,62065
412833,73544
412834,40000
412835,40000
412836,40000
412837,61971
412838,40000
412839,75262
412840,40000
412841,62209
412842,61285
412843,43398
412844,72200
412845,40000
412846,53925
412847,40000
412848,79201
412849,67324
412850,40000
412851,40000
412852,76169
412853,40000
412854,40000
412855,43343
412856,49440
412857,58043
412858,84674
412859,43854
412860,40000
412861,70040
412862,54641
412863,48754
412864,54412
412865,40000
412866,91402
412867,72010
412868,49234
412869,41473
412870,72960
412871,59540
412872,54815
412873,40000
412874,58993
412875,40000
412876,53237
412877,67264
412878,42804
412879,45558
412880,47566
412881,69980
412882,45551
412883,60495
412884,40000
412885,64085
412886,47796
412887,68395
412888,40000
412889,40000
412890,43195
412891,41864
412892,53917
412893,40000
412894,53078
412895,49537
412896,57828
412897,55052
412898,65904
412899,44616
412900,41562
412901,40000
412902,56866
412903,40000
412904,40000
412905,65095
412906,66709
412907,47476
412908,40000
412909,53058
412910,40000
412911,43904
412912,40000
412913,44158
412914,63692
412915,55745
412916,65150
412917,40000
412918,48838
412919,40000
412920,61916
412921,59812
412922,75095
412923,40000
412924,54908
412925,67492
412926,40000
412927,46916
412928,42763
412929,67238
412930,40000
412931,77135
412932,48785
412933,41189
412934,40000
412935,40000
412936,44538
412937,74491
412938,50698
412939,56384
412940,48317
412941,40000
412942,40000
412943,65240
412944,40000
412945,71137
412946,75023
412947,40000
412948,82249
412949,55408
412950,63121
412951,58625
412952,50540
412953,40000
412954,66493
412955,40000
412956,60519
412957,40000
412958,40000
412959,40000
412960,40000
412961,49411
412962,40000
412963,70258
412964,40000
412965,40000
412966,40000
412967,62762
412968,47220
412969,81433
412970,71191
412971,40000
412972,73823
412973,40000
412974,40000
412975,40000
412976,40000
412977,72334
412978,44964
412979,68104
412980,40000
412981,40000
412982,75847
412983,65225
412984,40000
412985,49976
412986,43289
412987,45069
412988,62893
412989,82066
412990,40000
412991,85291
412992,46799
412993,51165
412994,40000
412995,45661
412996,57534
412997,40000
412998,42335
412999,69275
413000,40000
413001,92449
413002,40000
413003,40000
413004,40000
413005,80426
413006,43137
413007,54302
413008,56652
413009,47879
413010,40000
413011,78796
413012,48680
413013,42662
413014,66483
413015,40675
413016,40000
413017,68475
413018,47934
413019,56944
413020,40000
413021,40542
413022,63189
413023,77876
413024,58854
413025,42068
413026,40000
413027,51132
413028,40000
413029,44172
413030,48572
413031,64114
413032,41692
413033,40000
413034,48179
413035,72403
413036,40000
413037,51861
413038,52748
413039,57890
413040,40000
413041,42353
413042,41279
413043,49984
413044,40000
413045,55190
413046,76018
413047,88625
413048,41200
413049,83109
413050,56445
413051,52993
413052,88569
413053,40000
413054,73466
413055,40000
413056,64383
413057,56752
413058,66128
413059,83725
413060,51081
413061,54279
413062,64619
413063,77494
413064,40000
413065,40000
413066,44742
413067,40000
413068,48437
413069,61326
413070,58774
413071,61425
413072,51476
413073,40000
413074,40000
413075,78433
413076,64389
413077,40000
413078,40000
413079,40000
413080,44101
413081,40000
413082,61925
413083,40000
413084,55427
413085,54606
413086,58711
413087,53451
413088,59942
413089,40000
413090,55667
413091,76444
413092,52818
413093,59814
413094,40000
413095,48157
413096,72679
413097,59384
413098,45619
413099,46804
413100,57422
413101,67543
413102,40000
413103,42476
413104,44945
413105,46522
413106,48670
413107,46704
413108,48088
413109,51462
413110,55839
413111,40000
413112,40000
413113,51483
413114,57501
413115,50712
413116,42649
413117,71911
413118,62860
413119,88679
413120,77751
413121,40000
413122,54049
413123,64279
413124,65030
413125,45762
413126,40000
413127,40000
413128,40978
413129,60016
413130,66448
413131,40000
413132,57278
413133,40000
413134,41670
413135,53796
413136,40000
413137,107258
413138,46033
413139,44653
413140,40000
413141,40000
413142,76986
413143,40000
413144,46272
413145,42473
413146,40000
413147,72144
413148,92507
413149,40000
413150,53693
413151,59406
413152,60229
413153,40000
413154,40000
413155,40000
413156,45176
413157,40000
413158,40000
413159,40000
413160,94214
413161,88624
413162,60139
413163,70223
413164,40000
413165,45320
413166,61714
413167,40000
413168,47983
413169,55624
413170,51667
413171,40000
413172,41962
413173,46298
413174,73220
413175,40000
413176,43104
413177,47650
413178,58904
413179,55636
413180,55328
413181,72141
413182,66821
413183,47671
413184,77938
413185,56571
413186,40000
413187,47089
413188,48582
413189,40000
413190,58718
413191,40569
413192,53659
413193,40000
413194,40000
413195,58556
413196,40000
413197,57858
413198,69883
413199,61195
413200,48135
413201,46561
413202,40000
413203,40000
413204,40000
413205,82766
413206,40000
413207,49003
413208,60643
413209,40000
413210,43601
413211,66734
413212,64094
413213,79214
413214,68276
413215,52246
413216,48333
413217,48714
413218,40000
413219,42649
413220,40000
413221,62272
413222,49184
413223,41167
413224,40000
413225,47803
413226,41734
413227,40000
413228,46234
413229,47640
413230,40000
413231,73527
413232,59974
413233,77558
413234,40000
413235,100736
413236,50381
413237,60580
413238,94469
413239,47364
413240,63007
413241,46727
413242,42491
413243,40000
413244,70061
413245,40000
413246,46779
413247,40000
413248,40000
413249,40000
413250,44112
413251,40000
413252,46159
413253,51928
413254,65772
413255,84850
413256,40000
413257,55319
413258,48520
413259,59962
413260,40000
413261,40000
413262,45917
413263,47937
413264,40000
413265,55440
413266,49859
413267,58934
413268,74279
413269,59593
413270,40000
413271,66611
413272,53367
413273,40000
413274,41040
413275,76708
413276,40000
413277,40000
413278,40000
413279,58267
413280,63501
413281,48772
413282,49762
413283,49249
413284,51246
413285,46449
413286,61160
413287,47658
413288,59684
413289,40000
413290,40831
413291,56170
413292,45885
413293,75544
413294,80346
413295,42567
413296,43212
413297,50156
413298,66926
413299,85700
413300,50278
413301,75904
413302,55619
413303,56255
413304,47420
413305,56098
413306,40000
413307,40000
413308,40000
413309,40298
413310,44034
413311,40000
413312,40000
413313,60863
413314,40000
413315,76209
413316,40000
413317,40000
413318,40000
413319,40000
413320,42740
413321,57315
413322,74213
413323,92569
413324,40000
413325,40000
413326,89402
413327,68452
413328,40000
413329,50308
413330,41328
413331,67728
413332,40000
413333,69328
413334,65363
413335,40000
413336,40000
413337,93508
413338,53151
413339,40000
413340,40000
413341,56993
413342,75803
413343,61846
413344,54753
413345,58338
413346,89499
413347,40000
413348,64364
413349,69641
413350,44250
413351,51333
413352,40000
413353,62141
413354,59359
413355,63727
413356,63525
413357,40000
413358,79443
413359,40000
413360,40000
413361,61723
413362,40000
413363,40000
413364,40000
413365,40000
413366,55701
413367,40000
413368,40000
413369,66199
413370,47503
413371,40000
413372,84663
413373,47362
413374,40000
413375,40000
413376,50537
413377,76652
413378,54423
413379,77475
413380,42381
413381,59709
413382,67260
413383,40000
413384,40000
413385,40000
413386,56502
413387,43981
413388,40000
413389,40000
413390,72182
413391,40000
413392,40000
413393,43984
413394,54634
413395,47979
413396,47445
413397,40000
413398,53433
413399,40000
413400,44432
413401,85506
413402,75751
413403,40000
413404,40000
413405,54085
413406,40000
413407,72862
413408,55921
413409,49819
413410,40000
413411,71376
413412,59086
413413,48505
413414,52468
413415,40000
413416,40000
413417,82484
413418,40000
413419,42570
413420,40000
413421,40000
413422,40000
413423,67728
413424,82212
413425,41989
413426,48190
413427,40000
413428,51307
413429,55641
413430,50369
413431,40304
413432,69618
413433,54664
413434,52019
413435,53924
413436,97479
413437,79575
413438,59152
413439,101702
413440,50869
413441,50256
413442,49759
413443,40000
413444,40000
413445,62010
413446,40000
413447,70384
413448,74498
413449,46686
413450,53738
413451,40000
413452,56864
413453,44116
413454,62681
413455,75231
413456,52725
413457,40000
413458,64169
413459,82482
413460,40000
413461,40000
413462,40000
413463,91743
413464,58892
413465,56892
413466,50303
413467,46828
413468,40000
413469,40000
413470,76106
413471,55469
413472,40000
413473,57294
413474,45887
413475,66730
413476,56821
413477,65173
413478,40000
413479,40000
413480,45013
413481,77111
413482,85108
413483,47207
413484,64612
413485,40000
413486,67030
413487,51207
413488,89540
413489,62807
413490,71947
413491,53329
413492,40000
413493,40000
413494,62226
413495,65998
413496,92944
413497,50979
413498,40000
413499,88825
413500,43139
413501,58617
413502,40000
413503,70665
413504,40000
413505,48804
413506,56700
413507,54639
413508,47634
413509,63088
413510,43178
413511,42060
413512,55492
413513,50777
413514,46511
413515,40000
413516,40000
413517,40000
413518,40000
413519,40000
413520,40000
413521,70192
413522,56579
413523,51677
413524,40000
413525,53125
413526,40000
413527,42962
413528,41438
413529,42943
413530,40000
413531,40000
413532,72254
413533,44708
413534,47524
413535,40865
413536,53398
413537,40000
413538,85333
413539,44559
413540,40000
413541,47303
413542,40000
413543,40000
413544,40000
413545,40000
413546,51969
413547,43387
413548,50258
413549,74162
413550,40000
413551,40000
413552,44246
413553,40826
413554,65793
413555,40000
413556,40418
413557,82856
413558,48772
413559,68548
413560,70721
413561,57610
413562,73725
413563,52056
413564,50645
413565,60739
413566,40000
413567,42347
413568,42560
413569,82473
413570,63224
413571,40609
413572,57113
413573,90082
413574,56533
413575,70057
413576,52898
413577,40000
413578,60029
413579,41800
413580,44999
413581,46185
413582,56975
413583,40000
413584,40000
413585,74096
413586,45766
413587,40000
413588,50201
413589,51242
413590,40000
413591,64395
413592,69745
413593,66121
413594,44389
413595,50641
413596,48308
413597,40000
413598,66822
413599,54943
413600,40000
413601,62195
413602,40000
413603,40000
413604,56054
413605,70161
413606,44214
413607,53158
413608,57042
413609,41046
413610,40000
413611,42771
413612,40000
413613,58136
413614,71872
413615,59164
413616,40831
413617,40000
413618,40000
413619,54322
413620,42972
413621,40000
413622,65302
413623,40000
413624,52061
413625,59949
413626,47404
413627,48622
413628,50281
413629,62735
413630,40617
413631,56157
413632,54565
413633,53282
413634,46066
413635,40000
413636,59774
413637,54366
413638,40000
413639,40000
413640,40000
413641,42874
413642,75634
413643,40000
413644,62702
413645,40000
413646,40000
413647,40000
413648,47394
413649,56207
413650,63028
413651,40000
413652,40000
413653,40000
413654,76116
413655,80622
413656,83875
413657,40000
413658,78731
413659,40000
413660,94488
413661,40000
413662,45410
413663,47806
413664,54027
413665,45381
413666,62764
413667,55471
413668,67453
413669,40000
413670,40000
413671,78073
413672,52710
413673,63863
413674,44540
413675,73972
413676,47377
413677,47565
413678,40000
413679,70216
413680,46356
413681,62645
413682,40000
413683,66866
413684,62741
413685,66756
413686,44614
413687,40000
413688,47553
413689,40000
413690,40000
413691,65421
413692,40000
413693,40000
413694,47293
413695,43673
413696,44623
413697,40000
413698,64984
413699,40000
413700,40000
413701,54985
413702,40000
413703,42838
413704,47963
413705,76118
413706,62161
413707,75750
413708,47420
413709,40000
413710,40000
413711,81833
413712,40000
413713,72392
413714,72798
413715,70563
413716,56841
413717,43563
413718,73406
413719,40000
413720,40000
413721,49780
413722,85382
413723,51735
413724,87172
413725,56428
413726,80773
413727,40000
413728,40000
413729,40000
413730,48996
413731,40000
413732,57894
413733,76095
413734,49061
413735,40000
413736,40000
413737,79838
413738,40000
413739,40000
413740,69055
413741,50475
413742,40000
413743,88458
413744,72043
413745,40000
413746,59122
413747,40000
413748,66613
413749,40000
413750,40000
413751,44746
413752,40000
413753,42987
413754,40000
413755,40000
413756,40000
413757,40000
413758,43324
413759,59953
413760,40000
413761,45509
413762,40000
413763,43542
413764,40000
413765,56745
413766,46569
413767,49949
413768,51142
413769,48362
413770,40000
413771,40000
413772,40000
413773,80621
413774,44634
413775,40000
413776,49148
413777,51308
413778,54505
413779,40000
413780,94389
413781,60330
413782,50061
413783,43184
413784,40000
413785,57157
413786,74116
413787,73442
413788,65021
413789,49778
413790,40000
413791,60814
413792,51680
413793,63191
413794,81346
413795,64454
413796,53339
413797,40000
413798,59832
413799,40000
413800,83247
413801,40000
413802,63575
413803,59534
413804,40000
413805,60843
413806,49886
413807,40000
413808,40000
413809,44215
413810,40000
413811,42986
413812,75487
413813,40000
413814,46145
413815,51260
413816,44329
413817,47283
413818,40000
413819,70033
413820,61492
413821,40000
413822,40000
413823,43052
413824,40000
413825,43622
413826,40000
413827,78904
413828,41121
413829,59113
413830,40000
413831,40444
413832,40000
413833,71650
413834,40000
413835,40000
413836,52194
413837,79154
413838,63481
413839,47019
413840,58995
413841,40000
413842,40000
413843,40000
413844,49906
413845,59012
413846,40000
413847,57361
413848,70738
413849,40000
413850,63378
413851,49091
413852,40000
413853,75664
413854,40000
413855,58248
413856,40000
413857,40000
413858,42327
413859,52316
413860,79586
413861,69076
413862,72183
413863,50710
413864,40000
413865,53839
413866,40000
413867,40000
413868,67711
413869,62593
413870,48903
413871,79427
413872,68659
413873,55772
413874,46469
413875,40433
413876,40000
413877,40000
413878,55142
413879,40000
413880,51406
413881,47992
413882,40000
413883,40000
413884,40000
413885,55241
413886,51724
413887,64899
413888,68273
413889,65642
413890,89262
413891,44675
413892,40000
413893,64633
413894,56467
413895,53854
413896,40443
413897,52100
413898,61277
413899,66463
413900,60262
413901,40000
413902,50243
413903,40000
413904,75650
413905,55848
413906,68460
413907,66601
413908,40000
413909,49066
413910,40000
413911,65383
413912,51491
413913,57250
413914,40000
413915,68175
413916,59013
413917,48728
413918,40000
413919,75168
413920,55726
413921,80792
413922,40000
413923,42611
413924,51335
413925,47139
413926,47078
413927,58189
413928,47165
413929,66678
413930,54945
413931,40000
413932,40000
413933,57499
413934,61532
413935,49014
413936,59870
413937,89141
413938,42712
413939,86118
413940,40000
413941,55992
413942,68208
413943,40000
413944,65490
413945,40000
413946,82042
413947,40000
413948,66839
413949,40000
413950,65403
413951,56171
413952,61977
413953,40000
413954,59086
413955,59317
413956,49688
413957,42393
413958,40000
413959,67912
413960,44595
413961,40000
413962,41746
413963,41376
413964,72918
413965,103954
413966,68342
413967,52672
413968,46103
413969,40000
413970,57311
413971,54237
413972,47475
413973,55218
413974,40000
413975,50882
413976,40670
413977,40000
413978,63415
413979,49128
413980,40000
413981,78469
413982,65980
413983,40000
413984,40441
413985,52233
413986,68230
413987,40000
413988,40000
413989,49550
413990,54624
413991,71819
413992,67271
413993,45798
413994,76798
413995,55522
413996,40000
413997,80684
413998,58697
413999,59164
414000,40000
414001,56919
414002,49477
414003,40000
414004,99443
414005,40000
414006,45603
414007,40000
414008,44756
414009,40000
414010,54766
414011,65794
414012,57250
414013,65098
414014,61163
414015,70267
414016,48813
414017,58621
414018,61964
414019,60352
414020,104700
414021,61410
414022,43509
414023,55872
414024,40000
414025,40000
414026,54839
414027,40000
414028,40000
414029,40000
414030,102560
414031,80522
414032,43959
414033,58798
414034,63465
414035,40000
414036,52463
414037,53059
414038,51080
414039,68405
414040,47015
414041,45374
414042,57879
414043,50042
414044,47049
414045,40000
414046,40000
414047,43418
414048,40000
414049,40000
414050,46196
414051,71712
414052,40000
414053,46792
414054,40039
414055,53900
414056,69994
414057,85292
414058,40000
414059,63964
414060,58181
414061,40000
414062,40000
414063,58144
414064,72381
414065,40000
414066,47514
414067,62815
414068,55567
414069,70480
414070,52106
414071,40000
414072,49708
414073,49650
414074,78680
414075,40000
414076,40000
414077,40000
414078,41246
414079,40000
414080,40000
414081,40000
414082,47859
414083,43658
414084,84179
414085,67568
414086,56459
414087,56361
414088,97912
414089,40000
414090,56475
414091,40000
414092,40420
414093,84841
414094,40000
414095,48876
414096,53672
414097,40000
414098,54508
414099,40000
414100,47349
414101,52967
414102,53616
414103,40000
414104,48670
414105,48531
414106,65327
414107,40171
414108,40046
414109,56760
414110,40000
414111,68250
414112,40000
414113,73796
414114,40000
414115,55033
414116,46801
414117,40000
414118,80956
414119,41411
414120,40000
414121,40582
414122,59340
414123,80748
414124,57834
414125,42162
414126,58347
414127,50725
414128,48543
414129,40000
414130,42938
414131,63909
414132,49954
414133,67818
414134,40000
414135,65397
414136,63076
414137,42628
414138,66697
414139,64149
414140,72994
414141,40000
414142,40000
414143,40000
414144,73268
414145,40000
414146,44802
414147,40000
414148,40000
414149,72740
414150,79546
414151,40000
414152,49131
414153,70493
414154,40000
414155,40000
414156,40000
414157,57377
414158,57126
414159,40593
414160,60701
414161,42378
414162,50745
414163,42500
414164,40000
414165,55899
414166,48561
414167,40144
414168,40000
414169,40000
414170,48603
414171,69878
414172,45424
414173,73668
414174,60196
414175,67728
414176,40000
414177,40000
414178,40000
414179,47570
414180,89633
414181,47300
414182,40000
414183,40000
414184,71342
414185,59894
414186,47712
414187,46666
414188,76646
414189,62083
414190,40000
414191,87754
414192,86314
414193,69553
414194,56773
414195,64706
414196,40000
414197,89515
414198,40000
414199,60211
414200,40000
414201,64103
414202,59531
414203,59343
414204,53307
414205,40000
414206,53810
414207,40000
414208,47817
414209,53640
414210,50199
414211,40000
414212,101993
414213,58511
414214,40000
414215,62991
414216,41866
414217,57136
414218,40000
414219,70135
414220,40000
414221,55479
414222,40000
414223,40000
414224,48345
414225,40000
414226,54037
414227,45991
414228,40000
414229,96158
414230,40000
414231,40000
414232,40000
414233,50834
414234,72283
414235,70012
414236,45646
414237,59248
414238,43769
414239,79471
414240,63074
414241,49127
414242,81631
414243,40000
414244,40000
414245,60731
414246,40000
414247,56727
414248,40000
414249,53250
414250,40000
414251,40000
414252,56528
414253,58650
414254,42550
414255,73687
414256,57164
414257,51117
414258,75447
414259,69647
414260,47755
414261,73558
414262,40000
414263,83384
414264,83780
414265,40000
414266,40000
414267,40000
414268,40000
414269,51323
414270,43378
414271,40000
414272,48782
414273,84289
414274,40000
414275,40000
414276,40000
414277,63292
414278,59291
414279,50122
414280,63328
414281,40000
414282,52268
414283,72987
414284,40000
414285,56269
414286,65165
414287,40000
414288,43079
414289,78280
414290,40000
414291,59641
414292,75059
414293,65125
414294,44115
414295,53987
414296,87421
414297,63385
414298,40000
414299,65277
414300,77969
414301,48826
414302,43509
414303,42695
414304,51522
414305,57880
414306,88831
414307,64052
414308,53796
414309,53593
414310,40000
414311,40000
414312,55807
414313,40000
414314,41549
414315,60013
414316,59589
414317,62528
414318,40000
414319,68753
414320,41444
414321,40000
414322,40000
414323,40000
414324,40000
414325,40000
414326,44586
414327,52286
414328,44998
414329,94080
414330,83449
414331,57646
414332,40000
414333,46964
414334,45887
414335,71470
414336,74818
414337,51272
414338,66785
414339,51151
414340,68352
414341,40000
414342,40000
414343,46936
414344,54801
414345,40000
414346,52174
414347,40000
414348,86153
414349,94216
414350,81286
414351,40000
414352,57280
414353,40000
414354,62490
414355,76934
414356,62823
414357,80581
414358,40956
414359,64580
414360,77408
414361,40000
414362,67317
414363,53190
414364,74404
414365,40000
414366,40000
414367,45909
414368,90894
414369,54168
414370,40284
414371,40000
414372,60432
414373,40000
414374,49632
414375,75303
414376,52847
414377,40000
414378,42746
414379,40000
414380,46213
414381,42567
414382,40000
414383,40000
414384,40000
414385,40000
414386,74776
414387,43577
414388,59673
414389,64568
414390,40000
414391,40000
414392,61237
414393,62126
414394,40000
414395,40000
414396,60415
414397,71982
414398,40000
414399,52747
414400,69995
414401,40000
414402,40000
414403,45803
414404,40000
414405,58563
414406,40000
414407,67402
414408,40000
414409,72367
414410,40321
414411,51385
414412,60540
414413,60013
414414,52371
414415,64134
414416,90886
414417,40000
414418,66460
414419,55198
414420,80756
414421,69421
414422,104540
414423,40000
414424,52586
414425,40000
414426,76434
414427,40000
414428,40000
414429,83526
414430,46377
414431,40000
414432,63637
414433,40000
414434,49729
414435,43896
414436,71406
414437,50729
414438,91098
414439,40000
414440,63291
414441,74938
414442,57184
414443,57946
414444,40000
414445,40000
414446,40000
414447,71227
414448,52086
414449,40000
414450,82188
414451,64917
414452,48602
414453,81789
414454,75123
414455,56507
414456,40000
414457,40000
414458,67946
414459,40414
414460,40000
414461,52506
414462,40000
414463,55836
414464,40000
414465,69631
414466,55599
414467,40243
414468,53403
414469,40000
414470,40000
414471,49588
414472,52081
414473,63248
414474,40000
414475,40000
414476,93641
414477,58186
414478,40000
414479,57802
414480,93934
414481,66370
414482,85041
414483,40000
414484,53939
414485,49109
414486,56857
414487,58696
414488,44657
414489,40058
414490,50801
414491,40000
414492,40906
414493,58514
414494,78330
414495,61065
414496,40000
414497,50581
414498,41119
414499,40000
414500,40000
414501,40000
414502,69647
414503,40703
414504,40000
414505,40000
414506,47932
414507,40000
414508,43884
414509,46333
414510,40000
414511,55781
414512,76543
414513,56407
414514,60853
414515,40000
414516,40000
414517,60284
414518,63279
414519,40000
414520,47354
414521,40000
414522,50058
414523,87392
414524,49733
414525,48672
414526,40000
414527,56883
414528,47763
414529,45347
414530,82894
414531,97145
414532,54517
414533,84033
414534,60275
414535,40000
414536,90439
414537,78474
414538,56912
414539,66015
414540,44524
414541,68964
414542,40000
414543,68487
414544,40000
414545,40000
414546,53242
414547,47600
414548,40000
414549,44375
414550,40000
414551,41620
414552,67030
414553,43539
414554,45918
414555,56515
414556,40000
414557,40000
414558,68802
414559,74663
414560,40000
414561,40000
414562,60285
414563,40000
414564,59503
414565,47826
414566,44459
414567,40000
414568,54621
414569,61166
414570,47507
414571,54921
414572,61881
414573,40000
414574,49259
414575,65799
414576,61525
414577,40000
414578,40000
414579,58707
414580,54843
414581,40000
414582,46479
414583,40000
414584,47737
414585,46554
414586,61079
414587,66496
414588,53329
414589,62723
414590,48430
414591,40000
414592,44269
414593,40000
414594,40155
414595,65522
414596,40000
414597,52473
414598,53232
414599,40000
414600,44466
414601,49013
414602,79612
414603,48154
414604,41452
414605,40000
414606,50134
414607,46370
414608,73018
414609,40000
414610,65488
414611,40000
414612,40000
414613,59997
414614,66167
414615,51106
414616,40000
414617,49152
414618,54199
414619,40000
414620,65014
414621,87622
414622,40000
414623,83231
414624,40000
414625,61570
414626,61906
414627,66761
414628,40000
414629,40000
414630,53109
414631,52285
414632,70758
414633,72478
414634,58640
414635,91310
414636,41046
414637,50019
414638,52044
414639,40000
414640,76258
414641,40000
414642,40000
414643,60183
414644,50052
414645,79289
414646,52314
414647,65569
414648,40000
414649,47299
414650,40000
414651,50471
414652,66346
414653,42484
414654,43501
414655,52343
414656,72398
414657,48453
414658,42076
414659,40000
414660,48658
414661,40000
414662,52170
414663,40000
414664,59512
414665,63112
414666,51501
414667,40000
414668,52378
414669,53664
414670,40000
414671,63872
414672,45534
414673,40000
414674,40000
414675,59816
414676,40000
414677,44835
414678,40000
414679,48620
414680,65395
414681,79100
414682,58808
414683,79882
414684,40000
414685,74241
414686,57452
414687,40000
414688,40000
414689,68501
414690,51826
414691,40000
414692,76916
414693,40023
414694,40000
414695,56533
414696,80152
414697,40000
414698,46330
414699,61092
414700,40000
414701,69105
414702,40000
414703,45671
414704,84087
414705,54370
414706,74868
414707,58304
414708,40000
414709,56162
414710,47331
414711,47249
414712,42962
414713,41171
414714,47105
414715,40000
414716,69194
414717,58884
414718,52778
414719,42795
414720,63245
414721,74669
414722,40000
414723,48561
414724,55847
414725,40000
414726,40000
414727,50171
414728,53706
414729,54326
414730,40000
414731,57616
414732,40000
414733,40000
414734,40000
414735,71931
414736,44715
414737,40000
414738,51789
414739,43797
414740,54802
414741,57544
414742,40675
414743,42070
414744,69117
414745,62281
414746,58487
414747,40000
414748,40000
414749,40000
414750,63677
414751,41772
414752,44944
414753,53004
414754,41363
414755,40000
414756,40000
414757,52598
414758,77502
414759,83189
414760,40000
414761,48278
414762,40000
414763,40000
414764,40000
414765,49310
414766,40000
414767,47525
414768,60104
414769,64214
414770,43293
414771,40000
414772,40000
414773,70350
414774,40000
414775,46187
414776,86777
414777,40000
414778,91686
414779,54852
414780,59090
414781,101640
414782,42600
414783,49909
414784,40000
414785,40000
414786,52592
414787,43833
414788,76083
414789,40000
414790,45906
414791,42066
414792,48377
414793,55210
414794,51668
414795,51789
414796,40000
414797,60830
414798,75572
414799,40000
414800,66359
414801,40000
414802,64381
414803,40000
414804,68458
414805,50367
414806,40000
414807,74390
414808,40000
414809,42147
414810,61830
414811,40000
414812,67728
414813,52430
414814,43223
414815,58449
414816,52196
414817,40000
414818,69283
414819,61079
414820,62686
414821,55339
414822,40000
414823,82640
414824,46093
414825,41601
414826,50827
414827,52956
414828,63312
414829,73627
414830,40000
414831,80477
414832,40000
414833,64683
414834,65249
414835,75166
414836,40000
414837,80103
414838,56975
414839,51055
414840,40000
414841,51950
414842,89401
414843,49056
414844,40000
414845,70867
414846,40000
414847,46319
414848,69608
414849,40000
414850,40000
414851,40000
414852,79338
414853,40000
414854,53886
414855,40000
414856,62046
414857,40000
414858,42173
414859,40000
414860,48441
414861,43427
414862,59503
414863,40000
414864,57579
414865,47126
414866,83642
414867,40000
414868,40000
414869,87978
414870,40000
414871,65178
414872,40000
414873,65509
414874,59259
414875,48452
414876,52017
414877,50369
414878,54928
414879,40000
414880,49103
414881,40000
414882,40000
414883,40000
414884,58921
414885,81272
414886,40000
414887,40000
414888,81485
414889,69933
414890,40000
414891,43082
414892,55860
414893,75973
414894,63202
414895,40000
414896,50503
414897,69580
414898,40000
414899,56145
414900,40000
414901,58448
414902,41628
414903,40000
414904,73430
414905,40000
414906,44426
414907,40000
414908,40000
414909,43276
414910,53738
414911,60907
414912,57990
414913,49489
414914,49579
414915,40000
414916,71553
414917,46544
414918,47061
414919,68105
414920,45407
414921,61576
414922,59975
414923,71641
414924,40000
414925,47167
414926,69389
414927,40000
414928,71570
414929,40000
414930,40000
414931,51944
414932,78463
414933,56741
414934,40000
414935,46240
414936,59943
414937,73009
414938,40000
414939,40000
414940,55792
414941,44508
414942,53190
414943,68203
414944,72212
414945,53575
414946,71237
414947,45375
414948,56473
414949,50332
414950,41460
414951,53489
414952,47903
414953,40000
414954,40000
414955,75798
414956,50167
414957,83144
414958,48280
414959,41190
414960,52761
414961,44356
414962,48994
414963,40063
414964,64097
414965,40869
414966,93004
414967,40000
414968,54879
414969,65770
414970,57038
414971,42174
414972,42953
414973,87205
414974,40000
414975,40000
414976,55988
414977,40000
414978,40000
414979,76651
414980,52820
414981,40000
414982,53508
414983,40000
414984,61023
414985,45224
414986,78566
414987,80572
414988,50629
414989,78588
414990,80400
414991,68918
414992,40000
414993,46830
414994,40000
414995,51672
414996,50244
414997,40000
414998,40000
414999,40000
415000,40000
415001,56889
415002,48250
415003,40000
415004,40000
415005,59783
415006,40000
415007,51793
415008,40000
415009,40000
415010,61558
415011,40000
415012,71623
415013,61209
415014,65229
415015,40000
415016,57146
415017,40000
415018,65169
415019,52571
415020,61378
415021,46093
415022,50960
415023,57461
415024,40000
415025,52316
415026,40302
415027,53767
415028,48580
415029,58809
415030,40000
415031,76258
415032,40000
415033,40000
415034,49435
415035,57501
415036,57776
415037,50719
415038,40000
415039,46099
415040,40000
415041,50335
415042,42738
415043,40000
415044,69613
415045,40000
415046,52801
415047,56055
415048,60846
415049,57153
415050,55088
415051,53381
415052,70157
415053,56956
415054,40000
415055,64507
415056,43014
415057,77423
415058,48654
415059,40000
415060,48629
415061,40000
415062,40000
415063,40000
415064,74827
415065,62925
415066,78716
415067,40000
415068,44529
415069,40000
415070,40000
415071,40000
415072,52301
415073,47852
415074,52073
415075,60957
415076,50517
415077,40000
415078,40000
415079,44782
415080,40000
415081,58507
415082,40000
415083,41113
415084,62657
415085,56339
415086,57679
415087,41430
415088,77509
415089,59170
415090,61437
415091,40000
415092,44585
415093,40000
415094,51215
415095,40000
415096,59012
415097,40000
415098,59139
415099,40000
415100,40000
415101,52651
415102,78493
415103,40415
415104,50073
415105,76535
415106,49901
415107,87618
415108,40000
415109,59177
415110,52157
415111,44245
415112,60217
415113,77705
415114,60813
415115,40000
415116,40000
415117,70796
415118,40000
415119,48706
415120,40000
415121,63816
415122,71640
415123,40000
415124,40000
415125,103637
415126,40000
415127,53200
415128,68994
415129,40000
415130,41758
415131,44725
415132,54671
415133,59380
415134,40000
415135,40000
415136,40000
415137,40000
415138,53542
415139,54925
415140,58124
415141,54576
415142,40000
415143,56709
415144,40294
415145,40000
415146,53050
415147,58095
415148,40000
415149,51996
415150,40000
415151,61486
415152,78674
415153,40000
415154,50069
415155,40000
415156,40000
415157,55091
415158,40000
415159,58633
415160,40000
415161,40000
415162,69760
415163,40000
415164,83546
415165,83766
415166,70273
415167,75275
415168,61060
415169,40000
415170,53026
415171,65504
415172,40000
415173,40000
415174,40000
415175,46700
415176,40000
415177,47961
415178,50729
415179,47144
415180,63386
415181,40000
415182,48452
415183,85745
415184,75623
415185,40000
415186,40894
415187,57432
415188,40000
415189,51442
415190,42614
415191,44465
415192,40000
415193,40000
415194,57365
415195,64587
415196,50733
415197,80313
415198,44738
415199,66719
415200,50192
415201,52297
415202,40000
415203,40000
415204,42759
415205,72941
415206,53159
415207,65811
415208,40000
415209,77087
415210,43048
415211,69095
415212,45874
415213,54870
415214,61627
415215,40000
415216,64067
415217,47921
415218,70884
415219,69732
415220,40000
415221,40000
415222,70659
415223,47009
415224,40000
415225,47755
415226,46632
415227,51297
415228,40000
415229,46787
415230,54427
415231,61123
415232,72378
415233,49130
415234,52502
415235,69136
415236,40000
415237,52204
415238,46013
415239,50051
415240,40000
415241,40000
415242,85859
415243,40000
415244,40000
415245,49200
415246,64403
415247,49442
415248,66282
415249,40000
415250,41363
415251,46929
415252,65492
415253,59800
415254,61437
415255,40000
415256,71965
415257,40000
415258,52337
415259,40000
415260,87922
415261,40000
415262,64972
415263,40000
415264,68261
415265,40379
415266,51342
415267,66691
415268,60920
415269,40000
415270,40000
415271,69105
415272,53715
415273,40000
415274,40000
415275,57635
415276,95413
415277,40000
415278,42055
415279,49601
415280,40000
415281,53156
415282,40000
415283,86265
415284,57494
415285,56540
415286,40000
415287,49941
415288,40000
415289,63351
415290,55135
415291,40000
415292,41004
415293,40000
415294,40000
415295,87112
415296,40000
415297,59452
415298,75425
415299,42224
415300,40272
415301,40000
415302,65253
415303,40000
415304,43330
415305,59221
415306,58476
415307,52179
415308,76997
415309,42331
415310,40000
415311,80801
415312,55371
415313,52415
415314,46573
415315,44725
415316,54504
415317,40000
415318,40000
415319,63659
415320,40000
415321,71540
415322,55010
415323,63311
415324,86691
415325,40000
415326,74199
415327,45502
415328,40000
415329,40000
415330,80403
415331,55096
415332,62101
415333,48171
415334,42090
415335,62327
415336,40000
415337,66377
415338,40000
415339,57799
415340,73522
415341,57216
415342,40000
415343,54088
415344,43748
415345,51483
415346,45156
415347,40000
415348,66519
415349,58074
415350,40217
415351,75145
415352,40000
415353,56804
415354,40000
415355,40000
415356,61105
415357,40000
415358,74549
415359,48370
415360,59238
415361,81676
415362,43875
415363,56789
415364,54686
415365,89577
415366,40000
415367,49243
415368,57840
415369,48865
415370,47685
415371,81139
415372,60662
415373,40000
415374,55370
415375,79544
415376,69662
415377,66081
415378,75204
415379,40000
415380,61111
415381,40000
415382,40000
415383,48969
415384,59831
415385,50298
415386,40000
415387,54967
415388,40000
415389,54765
415390,83303
415391,40000
415392,40000
415393,83948
415394,40000
415395,40000
415396,40000
415397,40000
415398,48531
415399,46005
415400,45038
415401,40000
415402,40050
415403,60929
415404,40000
415405,54878
415406,40000
415407,40000
415408,52610
415409,45357
415410,74978
415411,78877
415412,40000
415413,40000
415414,40000
415415,59387
415416,50248
415417,53054
415418,63394
415419,40000
415420,43835
415421,60201
415422,60065
415423,78788
415424,81475
415425,40000
415426,53369
415427,56003
415428,40000
415429,49562
415430,79499
415431,41221
415432,58092
415433,40000
415434,42458
415435,54696
415436,64778
415437,53323
415438,72182
415439,54695
415440,44460
415441,40581
415442,59582
415443,64337
415444,40000
415445,55311
415446,40000
415447,40000
415448,42515
415449,44275
415450,52177
415451,61679
415452,82336
415453,64611
415454,70331
415455,61623
415456,93366
415457,62135
415458,66005
415459,88172
415460,59050
415461,46298
415462,40000
415463,40000
415464,40844
415465,40000
415466,40758
415467,57416
415468,53172
415469,53945
415470,67283
415471,60062
415472,61813
415473,81503
415474,45643
415475,85225
415476,58190
415477,69327
415478,53128
415479,61377
415480,47908
415481,58250
415482,40000
415483,87461
415484,89388
415485,40000
415486,84527
415487,66970
415488,40000
415489,40000
415490,40000
415491,47418
415492,41644
415493,61554
415494,40000
415495,40000
415496,40621
415497,40000
415498,68243
415499,40561
415500,40000
415501,40000
415502,52061
415503,68107
415504,52330
415505,48711
415506,57373
415507,72247
415508,40000
415509,40000
415510,40000
415511,84995
415512,40421
415513,60828
415514,74122
415515,40000
415516,57154
415517,40000
415518,40000
415519,40000
415520,56605
415521,47399
415522,40000
415523,57697
415524,56659
415525,48070
415526,72075
415527,40000
415528,40000
415529,54982
415530,58375
415531,73944
415532,40000
415533,90021
415534,40000
415535,40000
415536,62133
415537,40000
415538,46314
415539,48216
415540,55825
415541,40000
415542,64226
415543,65860
415544,52635
415545,90586
415546,57211
415547,40000
415548,58711
415549,75865
415550,40000
415551,40000
415552,44750
415553,48130
415554,68727
415555,41810
415556,40000
415557,53975
415558,65393
415559,40000
415560,42929
415561,52251
415562,41531
415563,51477
415564,40000
415565,88198
415566,44098
415567,57685
415568,54536
415569,40000
415570,54717
415571,40000
415572,40000
415573,53503
415574,40164
415575,54843
415576,40000
415577,40000
415578,53641
415579,48624
415580,61535
415581,40000
415582,44356
415583,71571
415584,68113
415585,40000
415586,40000
415587,63771
415588,73429
415589,65185
415590,45973
415591,40000
415592,44023
415593,40000
415594,40000
415595,40000
415596,80143
415597,40000
415598,58418
415599,77570
415600,72291
415601,47987
415602,47686
415603,49132
415604,45145
415605,52030
415606,40000
415607,58109
415608,50845
415609,40000
415610,41390
415611,55539
415612,48087
415613,52226
415614,52494
415615,40000
415616,99335
415617,40000
415618,44071
415619,45303
415620,53290
415621,40000
415622,72050
415623,40000
415624,59963
415625,60116
415626,44144
415627,84770
415628,92930
415629,44819
415630,50628
415631,56880
415632,76820
415633,40000
415634,55206
415635,60167
415636,80721
415637,40000
415638,70089
415639,46664
415640,42341
415641,41154
415642,41474
415643,40000
415644,59834
415645,47470
415646,79560
415647,40000
415648,50209
415649,40000
415650,51868
415651,40000
415652,67085
415653,40000
415654,76117
415655,40000
415656,58603
415657,40000
415658,54196
415659,43596
415660,40000
415661,44961
415662,43114
415663,48670
415664,40000
415665,59354
415666,53185
415667,40000
415668,70484
415669,44599
415670,40000
415671,45462
415672,61847
415673,73643
415674,68906
415675,43902
415676,40000
415677,42913
415678,58140
415679,81255
415680,40038
415681,40000
415682,79873
415683,40000
415684,40000
415685,40000
415686,67632
415687,40000
415688,40000
415689,40000
415690,44524
415691,40000
415692,75786
415693,40000
415694,82873
415695,76119
415696,43466
415697,58371
415698,80789
415699,50661
415700,52878
415701,40000
415702,40000
415703,40000
415704,45304
415705,54762
415706,54551
415707,72397
415708,63284
415709,40000
415710,40000
415711,53536
415712,40000
415713,43770
415714,54313
415715,52787
415716,45642
415717,40000
415718,65155
415719,68632
415720,79694
415721,40000
415722,51583
415723,40000
415724,55941
415725,40000
415726,63761
415727,40000
415728,40000
415729,51112
415730,40000
415731,40000
415732,40000
415733,40000
415734,40320
415735,54178
415736,55552
415737,47534
415738,69453
415739,40000
415740,47397
415741,64261
415742,40000
415743,60112
415744,77328
415745,67376
415746,44651
415747,54231
415748,41719
415749,70972
415750,56946
415751,111072
415752,61702
415753,43182
415754,80074
415755,40000
415756,52660
415757,54459
415758,40000
415759,40000
415760,57133
415761,40000
415762,40000
415763,72801
415764,70585
415765,42693
415766,72467
415767,60115
415768,55443
415769,40000
415770,40000
415771,59018
415772,61210
415773,94814
415774,40000
415775,40000
415776,75074
415777,54648
415778,57207
415779,77036
415780,56243
415781,41179
415782,59111
415783,46965
415784,45344
415785,55710
415786,40000
415787,42637
415788,52062
415789,73747
415790,56632
415791,40000
415792,58157
415793,40000
415794,69011
415795,50740
415796,54890
415797,45222
415798,40000
415799,75063
415800,65418
415801,68133
415802,56778
415803,55161
415804,40000
415805,40000
415806,58513
415807,59863
415808,59733
415809,40211
415810,50203
415811,40000
415812,40213
415813,47656
415814,57599
415815,40000
415816,61859
415817,84268
415818,83335
415819,40000
415820,92606
415821,40000
415822,43037
415823,44191
415824,40336
415825,45688
415826,78543
415827,50559
415828,50264
415829,86960
415830,65996
415831,60100
415832,52258
415833,55865
415834,76325
415835,55044
415836,40816
415837,40000
415838,40000
415839,51877
415840,50897
415841,61559
415842,86451
415843,61466
415844,40000
415845,40000
415846,40000
415847,40000
415848,86384
415849,88748
415850,79621
415851,78845
415852,40000
415853,44035
415854,43480
415855,64495
415856,40000
415857,40000
415858,58422
415859,40963
415860,40000
415861,40000
415862,40000
415863,40000
415864,53216
415865,44474
415866,61786
415867,40000
415868,40000
415869,48170
415870,40000
415871,45123
415872,64627
415873,40000
415874,78817
415875,75724
415876,40000
415877,40000
415878,59920
415879,40000
415880,43111
415881,76224
415882,40000
415883,45935
415884,40000
415885,61218
415886,99959
415887,74816
415888,71225
415889,40000
415890,52124
415891,71138
415892,42879
415893,72002
415894,40000
415895,40000
415896,48530
415897,75714
415898,81458
415899,42333
415900,65462
415901,41191
415902,40000
415903,48685
415904,40000
415905,84345
415906,51474
415907,54311
415908,40000
415909,40000
415910,40712
415911,40000
415912,67977
415913,40000
415914,40000
415915,44344
415916,56890
415917,43762
415918,40788
415919,67387
415920,66295
415921,40000
415922,53863
415923,50803
415924,48216
415925,40000
415926,45879
415927,61063
415928,44902
415929,40237
415930,70847
415931,62714
415932,40000
415933,62931
415934,67897
415935,40000
415936,40000
415937,62401
415938,73858
415939,67382
415940,50537
415941,58514
415942,41464
415943,59924
415944,66490
415945,40000
415946,40000
415947,40000
415948,40000
415949,40000
415950,69985
415951,40000
415952,76142
415953,40000
415954,47335
415955,66524
415956,40000
415957,60971
415958,68920
415959,51291
415960,41222
415961,40000
415962,65866
415963,40000
415964,40000
415965,40000
415966,40000
415967,66305
415968,54890
415969,40000
415970,40000
415971,56545
415972,51167
415973,70469
415974,69289
415975,40000
415976,43548
415977,61877
415978,45215
415979,45666
415980,67614
415981,66951
415982,80680
415983,61356
415984,58456
415985,65786
415986,84882
415987,40000
415988,59769
415989,73831
415990,40000
415991,74459
415992,57099
415993,42095
415994,40000
415995,61149
415996,60215
415997,103344
415998,82665
415999,40000
416000,43684
416001,71849
416002,40000
416003,55229
416004,47722
416005,60210
416006,59875
416007,40000
416008,52251
416009,78642
416010,48859
416011,45484
416012,59940
416013,43559
416014,40000
416015,60992
416016,40000
416017,44057
416018,62768
416019,40000
416020,40000
416021,40000
416022,59552
416023,40000
416024,51442
416025,49753
416026,61784
416027,40000
416028,45219
416029,48765
416030,44173
416031,71149
416032,82372
416033,40000
416034,40000
416035,44208
416036,71800
416037,53938
416038,83379
416039,40000
416040,40000
416041,67864
416042,43679
416043,40000
416044,48091
416045,40000
416046,54190
416047,49838
416048,59788
416049,57293
416050,40000
416051,58183
416052,40000
416053,50891
416054,50368
416055,40028
416056,63740
416057,47911
416058,40000
416059,40000
416060,40000
416061,40000
416062,40000
416063,40000
416064,109215
416065,57847
416066,51241
416067,40000
416068,40000
416069,42591
416070,46584
416071,67019
416072,57057
416073,40000
416074,40000
416075,57991
416076,55123
416077,41903
416078,44101
416079,60726
416080,60930
416081,48727
416082,40000
416083,72592
416084,40000
416085,80642
416086,43033
416087,41996
416088,43972
416089,40000
416090,49224
416091,40000
416092,94037
416093,51153
416094,66802
416095,45731
416096,47236
416097,49148
416098,40000
416099,42665
416100,40000
416101,70911
416102,50745
416103,66189
416104,40000
416105,91713
416106,47145
416107,40000
416108,77486
416109,40000
416110,59733
416111,58766
416112,48278
416113,47954
416114,45165
416115,53474
416116,40000
416117,55854
416118,56676
416119,44006
416120,40000
416121,52537
416122,44125
416123,61719
416124,44853
416125,40000
416126,40000
416127,58110
416128,40000
416129,40000
416130,73039
416131,60312
416132,40000
416133,40000
416134,40000
416135,77441
416136,92472
416137,44443
416138,47925
416139,59121
416140,40000
416141,49532
416142,45584
416143,40000
416144,102008
416145,44507
416146,40000
416147,75666
416148,54816
416149,63292
416150,42252
416151,86103
416152,73591
416153,40000
416154,40000
416155,44424
416156,56892
416157,77204
416158,49822
416159,64429
416160,54730
416161,40000
416162,59731
416163,40000
416164,40000
416165,61147
416166,79803
416167,50636
416168,43980
416169,40000
416170,40000
416171,40288
416172,40000
416173,47767
416174,40000
416175,40000
416176,40000
416177,59215
416178,61593
416179,65287
416180,70227
416181,40000
416182,40000
416183,80138
416184,64209
416185,42870
416186,40000
416187,61118
416188,63003
416189,46561
416190,58697
416191,89625
416192,43056
416193,80145
416194,44971
416195,43418
416196,61510
416197,56322
416198,40000
416199,67900
416200,40000
416201,40000
416202,40000
416203,61001
416204,43504
416205,64220
416206,53542
416207,47326
416208,40000
416209,55885
416210,74381
416211,49469
416212,40000
416213,40743
416214,60343
416215,51903
416216,65684
416217,40000
416218,40000
416219,40000
416220,42996
416221,40000
416222,81751
416223,56883
416224,77045
416225,74164
416226,62850
416227,51886
416228,56485
416229,56730
416230,51017
416231,60197
416232,51033
416233,40000
416234,40000
416235,47560
416236,40000
416237,40000
416238,40000
416239,68450
416240,52628
416241,64846
416242,63791
416243,86228
416244,74440
416245,71198
416246,40000
416247,51208
416248,40000
416249,50425
416250,75882
416251,40000
416252,40000
416253,58320
416254,40000
416255,55911
416256,40217
416257,68329
416258,43052
416259,40000
416260,54960
416261,71040
416262,86895
416263,40000
416264,40000
416265,47790
416266,40000
416267,54482
416268,40000
416269,40000
416270,40025
416271,40000
416272,44031
416273,77033
416274,40000
416275,40000
416276,60694
416277,40000
416278,63999
416279,40000
416280,40000
416281,40000
416282,60614
416283,53670
416284,70924
416285,52796
416286,40000
416287,59566
416288,46139
416289,81152
416290,40000
416291,40000
416292,40000
416293,61920
416294,78602
416295,41189
416296,40000
416297,40000
416298,52420
416299,67468
416300,40227
416301,52871
416302,51735
416303,58524
416304,54691
416305,69420
416306,40000
416307,80144
416308,40000
416309,48105
416310,57467
416311,67505
416312,85471
416313,40000
416314,77433
416315,52122
416316,40000
416317,61167
416318,67997
416319,85339
416320,56100
416321,40000
416322,55825
416323,46364
416324,46946
416325,60144
416326,40000
416327,40000
416328,68426
416329,45443
416330,58675
416331,43667
416332,62907
416333,81149
416334,44627
416335,70521
416336,40000
416337,77011
416338,51624
416339,71609
416340,59699
416341,40345
416342,75010
416343,61713
416344,46706
416345,51203
416346,49217
416347,42975
416348,40000
416349,74298
416350,40000
416351,40000
416352,51089
416353,41388
416354,53147
416355,49899
416356,40000
416357,40000
416358,55831
416359,55308
416360,40000
416361,55575
416362,50858
416363,55486
416364,64980
416365,83946
416366,40000
416367,40000
416368,50406
416369,40000
416370,40000
416371,55581
416372,57436
416373,43978
416374,90199
416375,40000
416376,43063
416377,50549
416378,40000
416379,40000
416380,53603
416381,50839
416382,43618
416383,57970
416384,66927
416385,40000
416386,57588
416387,63142
416388,49585
416389,72714
416390,85285
416391,40000
416392,66636
416393,87981
416394,43978
416395,63597
416396,77174
416397,54548
416398,42420
416399,48697
416400,46897
416401,79690
416402,43058
416403,54738
416404,62571
416405,53306
416406,42900
416407,45078
416408,48371
416409,40000
416410,66486
416411,40000
416412,40000
416413,40000
416414,40000
416415,40000
416416,50047
416417,56707
416418,57643
416419,40000
416420,57583
416421,91032
416422,67555
416423,53713
416424,64336
416425,40000
416426,60584
416427,42663
416428,40000
416429,58334
416430,40000
416431,52966
416432,46461
416433,40000
416434,40000
416435,40000
416436,40000
416437,51744
416438,63461
416439,47406
416440,40000
416441,51106
416442,58119
416443,40000
416444,50652
416445,42278
416446,44541
416447,40000
416448,52655
416449,48391
416450,81084
416451,40000
416452,46694
416453,56183
416454,40000
416455,44583
416456,40000
416457,52969
416458,45346
416459,58926
416460,40000
416461,73873
416462,40000
416463,40000
416464,40000
416465,40000
416466,40000
416467,65950
416468,84189
416469,73477
416470,78111
416471,40000
416472,47130
416473,40000
416474,67480
416475,43190
416476,92591
416477,66140
416478,40000
416479,50333
416480,54303
416481,50109
416482,41282
416483,40000
416484,40000
416485,93272
416486,40000
416487,49913
416488,40000
416489,57927
416490,63062
416491,56401
416492,40000
416493,40000
416494,58239
416495,48782
416496,40000
416497,53926
416498,52743
416499,53029
416500,40000
416501,40000
416502,67104
416503,55945
416504,40000
416505,40000
416506,57814
416507,40000
416508,40000
416509,74553
416510,40000
416511,50232
416512,51038
416513,75021
416514,51544
416515,40000
416516,52608
416517,40817
416518,40000
416519,66829
416520,51943
416521,40000
416522,86233
416523,81559
416524,56184
416525,44199
416526,40000
416527,40000
416528,75307
416529,40000
416530,40000
416531,76657
416532,45198
416533,66565
416534,48734
416535,52152
416536,53642
416537,49721
416538,40000
416539,40091
416540,64600
416541,46191
416542,40000
416543,40000
416544,60857
416545,46809
416546,49794
416547,41853
416548,75406
416549,49601
416550,40000
416551,75608
416552,40000
416553,40000
416554,63948
416555,41744
416556,40000
416557,59771
416558,40000
416559,89214
416560,46109
416561,48816
416562,55093
416563,65402
416564,59070
416565,78478
416566,73543
416567,40000
416568,60581
416569,40000
416570,47822
416571,40000
416572,64576
416573,57316
416574,58005
416575,65555
416576,94737
416577,52941
416578,90248
416579,45321
416580,40000
416581,40000
416582,67912
416583,58089
416584,85211
416585,74285
416586,40000
416587,46747
416588,40000
416589,40000
416590,41617
416591,41347
416592,40000
416593,54789
416594,48202
416595,40000
416596,45854
416597,43208
416598,40000
416599,67340
416600,40000
416601,40000
416602,40000
416603,44468
416604,70985
416605,52183
416606,79791
416607,40000
416608,95621
416609,40000
416610,49839
416611,40000
416612,50125
416613,58667
416614,65471
416615,40000
416616,40000
416617,40000
416618,40000
416619,67930
416620,80583
416621,48909
416622,50730
416623,44776
416624,49384
416625,62216
416626,53532
416627,52856
416628,40000
416629,40000
416630,74741
416631,40000
416632,40000
416633,69291
416634,40000
416635,52076
416636,40000
416637,77118
416638,57766
416639,68452
416640,52913
416641,50505
416642,48387
416643,40000
416644,46991
416645,59321
416646,62320
416647,49496
416648,42023
416649,98410
416650,52729
416651,58978
416652,40000
416653,40000
416654,40000
416655,58112
416656,66618
416657,40000
416658,71485
416659,74041
416660,40000
416661,77759
416662,66294
416663,40000
416664,63780
416665,40000
416666,40000
416667,48437
416668,82416
416669,59213
416670,40000
416671,40000
416672,44042
416673,40000
416674,48474
416675,59925
416676,40000
416677,73738
416678,48849
416679,46408
416680,44991
416681,47787
416682,58741
416683,44888
416684,58624
416685,92860
416686,80380
416687,41132
416688,72933
416689,47552
416690,80568
416691,64088
416692,71278
416693,40000
416694,40000
416695,40000
416696,42898
416697,52963
416698,54568
416699,48708
416700,40000
416701,40381
416702,41719
416703,49823
416704,64457
416705,45751
416706,40000
416707,78374
416708,40000
416709,40000
416710,52573
416711,40000
416712,57026
416713,40000
416714,40000
416715,40000
416716,69279
416717,40000
416718,58847
416719,40000
416720,50877
416721,47073
416722,43141
416723,47007
416724,63548
416725,40000
416726,47782
416727,43269
416728,50418
416729,52120
416730,40000
416731,40441
416732,40000
416733,61491
416734,40000
416735,58337
416736,60608
416737,48437
416738,77173
416739,74012
416740,40000
416741,43064
416742,72590
416743,75961
416744,63282
416745,40000
416746,52755
416747,84498
416748,50577
416749,83506
416750,71753
416751,86276
416752,77903
416753,40000
416754,50399
416755,40134
416756,53024
416757,71953
416758,53153
416759,40000
416760,58860
416761,83864
416762,78067
416763,42405
416764,59649
416765,47112
416766,71697
416767,40718
416768,40000
416769,41507
416770,47368
416771,40000
416772,40000
416773,56297
416774,48879
416775,66505
416776,70835
416777,40000
416778,40000
416779,59558
416780,65158
416781,40000
416782,74506
416783,78442
416784,53727
416785,51466
416786,47533
416787,40000
416788,55008
416789,40000
416790,90614
416791,46492
416792,46555
416793,69640
416794,40000
416795,78825
416796,54409
416797,65500
416798,40000
416799,71157
416800,44897
416801,54929
416802,65968
416803,40000
416804,66837
416805,43685
416806,40000
416807,62335
416808,60092
416809,62900
416810,103222
416811,42158
416812,86938
416813,40236
416814,40000
416815,70390
416816,63489
416817,41045
416818,75861
416819,55045
416820,40000
416821,51847
416822,56002
416823,40000
416824,47959
416825,62668
416826,55331
416827,47004
416828,61469
416829,71620
416830,41962
416831,40000
416832,54496
416833,41266
416834,40000
416835,48997
416836,40000
416837,65140
416838,62764
416839,42080
416840,40000
416841,40769
416842,41258
416843,51369
416844,40000
416845,56420
416846,49873
416847,40000
416848,41487
416849,47384
416850,54439
416851,54963
416852,58119
416853,85701
416854,53234
416855,57903
416856,42178
416857,40000
416858,57307
416859,75847
416860,45495
416861,52504
416862,50767
416863,40000
416864,48027
416865,49302
416866,64521
416867,59763
416868,63427
416869,51637
416870,40000
416871,61385
416872,84083
416873,43348
416874,62068
416875,68206
416876,40000
416877,82181
416878,48642
416879,79501
416880,66511
416881,42460
416882,54224
416883,40000
416884,94292
416885,44570
416886,40000
416887,40000
416888,40000
416889,58235
416890,61346
416891,40000
416892,55754
416893,48248
416894,56942
416895,42473
416896,69744
416897,76136
416898,63140
416899,42236
416900,62671
416901,49413
416902,40000
416903,55534
416904,45949
416905,49566
416906,40000
416907,60526
416908,40000
416909,67134
416910,40000
416911,40000
416912,40126
416913,52703
416914,40000
416915,48954
416916,40000
416917,40000
416918,61816
416919,51289
416920,71103
416921,40000
416922,41644
416923,40000
416924,93361
416925,44869
416926,54042
416927,78875
416928,58563
416929,40000
416930,43727
416931,40000
416932,50554
416933,51822
416934,54829
416935,40000
416936,76668
416937,75875
416938,65923
416939,40000
416940,83678
416941,66600
416942,51527
416943,43248
416944,46030
416945,40000
416946,48068
416947,59445
416948,62481
416949,43811
416950,81994
416951,72546
416952,44425
416953,40000
416954,49813
416955,66166
416956,77656
416957,76156
416958,63017
416959,46159
416960,41520
416961,41361
416962,86319
416963,40000
416964,46003
416965,40000
416966,57075
416967,46786
416968,41941
416969,40000
416970,48275
416971,49014
416972,107983
416973,71666
416974,40000
416975,40000
416976,42345
416977,40000
416978,40000
416979,40000
416980,70218
416981,58748
416982,40000
416983,71743
416984,51339
416985,72633
416986,70167
416987,46194
416988,40000
416989,54143
416990,86856
416991,48255
416992,56766
416993,76091
416994,43596
416995,54427
416996,40000
416997,64088
416998,55697
416999,49204
417000,50210
417001,48931
417002,51500
417003,40000
417004,61427
417005,40000
417006,71909
417007,40000
417008,73100
417009,73222
417010,40000
417011,58324
417012,50600
417013,67013
417014,43939
417015,53478
417016,64417
417017,41453
417018,40000
417019,57568
417020,82356
417021,48592
417022,42382
417023,74840
417024,40000
417025,40000
417026,82105
417027,91196
417028,40000
417029,51222
417030,44539
417031,62711
417032,44322
417033,40000
417034,44655
417035,65855
417036,42291
417037,40000
417038,50439
417039,84126
417040,56152
417041,42045
417042,93661
417043,40000
417044,51069
417045,40000
417046,46251
417047,40000
417048,40000
417049,55574
417050,61188
417051,44934
417052,40000
417053,40000
417054,55088
417055,65474
417056,40000
417057,40000
417058,42210
417059,56262
417060,54533
417061,59574
417062,53874
417063,57898
417064,48479
417065,54902
417066,40000
417067,40000
417068,68988
417069,72459
417070,61562
417071,40000
417072,55580
417073,41111
417074,40000
417075,44982
417076,62558
417077,40000
417078,40000
417079,43858
417080,70897
417081,48557
417082,41987
417083,54349
417084,40000
417085,56603
417086,40000
417087,40000
417088,55950
417089,70642
417090,67692
417091,40000
417092,58033
417093,96304
417094,40311
417095,44223
417096,40000
417097,40000
417098,40000
417099,40000
417100,86209
417101,71942
417102,40000
417103,42239
417104,48695
417105,40000
417106,40000
417107,40000
417108,85929
417109,46618
417110,40000
417111,40000
417112,54621
417113,52589
417114,40000
417115,40000
417116,72254
417117,40000
417118,40000
417119,69988
417120,40000
417121,40000
417122,40000
417123,61632
417124,49023
417125,54599
417126,58787
417127,45573
417128,40000
417129,59299
417130,67620
417131,75436
417132,52737
417133,79448
417134,50086
417135,53850
417136,40000
417137,68494
417138,56155
417139,59819
417140,45569
417141,83761
417142,53064
417143,40000
417144,59138
417145,48060
417146,40000
417147,57696
417148,40345
417149,49218
417150,70884
417151,41815
417152,81280
417153,40000
417154,46094
417155,51685
417156,40000
417157,51544
417158,40000
417159,66874
417160,67693
417161,45660
417162,68150
417163,77087
417164,40000
417165,40000
417166,46458
417167,55809
417168,53572
417169,90368
417170,40000
417171,40000
417172,93100
417173,53863
417174,56784
417175,40000
417176,66112
417177,55756
417178,82494
417179,40000
417180,53718
417181,47496
417182,62143
417183,65393
417184,40000
417185,61141
417186,46838
417187,40000
417188,56583
417189,48645
417190,73341
417191,70365
417192,61418
417193,75731
417194,67875
417195,80408
417196,52994
417197,56305
417198,40000
417199,40000
417200,63208
417201,40000
417202,68185
417203,82909
417204,42029
417205,46301
417206,88990
417207,40000
417208,40000
417209,40000
417210,40000
417211,40025
417212,60045
417213,42320
417214,66015
417215,65434
417216,70064
417217,54890
417218,63314
417219,56371
417220,40000
417221,45156
417222,44954
417223,44178
417224,58966
417225,41552
417226,80166
417227,58466
417228,52493
417229,40000
417230,50468
417231,47555
417232,40000
417233,48099
417234,40000
417235,69796
417236,57843
417237,51909
417238,40000
417239,56374
417240,89769
417241,90828
417242,48091
417243,40044
417244,75622
417245,49020
417246,66239
417247,48941
417248,62845
417249,89890
417250,40000
417251,69842
417252,65136
417253,40000
417254,40000
417255,47021
417256,57828
417257,63134
417258,40000
417259,40000
417260,74053
417261,80392
417262,51399
417263,40000
417264,44693
417265,65267
417266,40000
417267,66106
417268,40000
417269,40000
417270,44602
417271,52539
417272,40000
417273,57025
417274,40000
417275,47239
417276,55927
417277,40000
417278,40000
417279,53964
417280,42439
417281,53361
417282,58172
417283,85213
417284,63013
417285,40000
417286,40431
417287,86030
417288,51461
417289,45784
417290,62431
417291,51150
417292,58817
417293,40000
417294,72961
417295,40000
417296,40000
417297,40000
417298,40000
417299,113516
417300,78173
417301,40000
417302,57857
417303,52715
417304,40000
417305,55904
417306,46307
417307,40000
417308,63537
417309,52534
417310,40000
417311,40000
417312,40000
417313,40000
417314,67678
417315,40000
417316,40000
417317,40000
417318,40000
417319,40000
417320,40000
417321,42905
417322,40000
417323,45302
417324,41650
417325,62253
417326,52417
417327,65010
417328,62624
417329,40000
417330,42288
417331,40000
417332,68464
417333,43736
417334,40000
417335,40000
417336,40000
417337,51622
417338,46925
417339,44215
417340,40000
417341,40000
417342,55370
417343,47654
417344,40000
417345,41406
417346,40000
417347,56578
417348,40000
417349,48033
417350,56260
417351,45931
417352,64993
417353,49310
417354,51305
417355,69761
417356,86694
417357,40000
417358,72419
417359,62894
417360,70518
417361,40000
417362,83120
417363,63914
417364,61555
417365,40000
417366,80408
417367,47080
417368,62485
417369,40000
417370,40000
417371,40000
417372,40000
417373,46421
417374,74229
417375,46731
417376,81178
417377,40000
417378,42855
417379,66631
417380,65375
417381,62081
417382,89868
417383,53387
417384,40000
417385,65806
417386,40000
417387,40000
417388,40000
417389,55584
417390,40000
417391,58289
417392,51591
417393,60672
417394,61884
417395,50371
417396,74786
417397,41673
417398,45779
417399,58528
417400,40000
417401,105081
417402,79149
417403,40000
417404,65816
417405,40000
417406,74586
417407,42591
417408,71429
417409,40000
417410,40000
417411,56843
417412,66265
417413,58856
417414,40000
417415,52448
417416,53194
417417,40000
417418,66956
417419,53609
417420,75818
417421,55639
417422,75108
417423,63754
417424,61544
417425,73311
417426,40000
417427,67756
417428,53781
417429,40000
417430,64078
417431,43878
417432,44005
417433,68771
417434,76662
417435,88979
417436,68157
417437,40000
417438,53060
417439,40000
417440,64591
417441,41122
417442,52648
417443,52763
417444,60816
417445,51806
417446,40000
417447,40000
417448,50061
417449,40000
417450,40000
417451,40000
417452,40000
417453,40000
417454,40000
417455,40000
417456,43549
417457,51633
417458,54091
417459,40232
417460,40000
417461,47927
417462,64352
417463,49356
417464,60095
417465,40000
417466,40000
417467,40000
417468,52271
417469,46624
417470,49488
417471,72054
417472,40000
417473,40000
417474,40000
417475,41487
417476,46647
417477,40000
417478,40000
417479,45479
417480,45024
417481,40000
417482,48388
417483,76508
417484,60094
417485,40000
417486,57188
417487,40000
417488,54815
417489,40000
417490,95051
417491,78490
417492,40000
417493,40000
417494,68970
417495,54941
417496,47725
417497,56467
417498,40000
417499,40000
417500,40000
417501,46337
417502,47569
417503,49113
417504,45255
417505,86426
417506,77310
417507,42088
417508,41059
417509,64423
417510,57967
417511,58687
417512,40000
417513,40000
417514,54385
417515,68660
417516,40000
417517,47410
417518,58841
417519,55960
417520,40000
417521,53867
417522,73481
417523,91125
417524,55803
417525,50049
417526,40000
417527,45999
417528,81242
417529,57137
417530,67343
417531,76289
417532,71004
417533,90811
417534,81070
417535,40000
417536,64102
417537,40000
417538,59462
417539,45029
417540,55125
417541,46887
417542,40829
417543,89683
417544,40000
417545,40000
417546,40000
417547,56079
417548,40000
417549,40000
417550,40000
417551,42853
417552,43620
417553,40000
417554,93486
417555,60173
417556,61843
417557,56544
417558,40000
417559,40000
417560,40000
417561,46037
417562,52676
417563,79707
417564,40000
417565,76892
417566,40000
417567,78760
417568,40000
417569,63534
417570,90727
417571,71106
417572,62069
417573,40000
417574,40000
417575,70405
417576,84269
417577,40000
417578,44507
417579,60376
417580,94447
417581,56687
417582,68524
417583,40000
417584,40000
417585,66604
417586,57959
417587,56731
417588,51319
417589,58330
417590,40000
417591,40000
417592,40000
417593,65544
417594,61784
417595,83777
417596,75555
417597,40000
417598,101537
417599,91352
417600,40031
417601,40000
417602,40000
417603,51180
417604,54827
417605,40000
417606,82465
417607,48403
417608,40000
417609,46178
417610,40000
417611,91099
417612,40581
417613,69787
417614,40000
417615,86248
417616,45083
417617,46310
417618,40000
417619,50290
417620,40000
417621,97361
417622,64064
417623,64192
417624,65862
417625,67147
417626,79883
417627,46008
417628,64190
417629,48069
417630,70783
417631,72290
417632,52626
417633,73327
417634,40000
417635,43698
417636,40000
417637,67962
417638,71306
417639,61736
417640,54897
417641,40000
417642,66917
417643,73298
417644,43829
417645,61286
417646,53324
417647,61458
417648,57778
417649,68942
417650,40000
417651,46639
417652,76876
417653,40000
417654,47012
417655,54983
417656,64480
417657,48873
417658,78639
417659,55323
417660,67322
417661,54037
417662,64948
417663,53334
417664,40000
417665,85546
417666,56393
417667,56776
417668,40000
417669,40000
417670,98048
417671,67749
417672,46448
417673,53198
417674,62473
417675,40000
417676,40000
417677,42008
417678,40000
417679,40000
417680,40000
417681,73084
417682,52261
417683,40000
417684,40000
417685,51650
417686,40000
417687,82935
417688,40000
417689,83079
417690,59684
417691,68295
417692,40724
417693,40539
417694,90738
417695,40000
417696,40000
417697,42717
417698,44154
417699,50632
417700,56323
417701,66868
417702,60752
417703,57936
417704,55768
417705,58043
417706,40000
417707,40000
417708,92708
417709,40000
417710,51357
417711,40000
417712,40000
417713,40000
417714,53727
417715,47222
417716,56221
417717,40000
417718,40000
417719,49412
417720,40000
417721,40000
417722,43112
417723,46352
417724,53045
417725,60630
417726,40000
417727,49209
417728,40000
417729,40000
417730,68959
417731,48946
417732,40000
417733,43582
417734,55332
417735,40599
417736,55908
417737,65526
417738,64413
417739,40000
417740,40000
417741,40000
417742,47144
417743,51151
417744,40000
417745,56606
417746,43318
417747,74475
417748,40000
417749,40000
417750,41505
417751,40000
417752,51683
417753,67024
417754,44649
417755,43710
417756,41550
417757,43619
417758,77530
417759,51443
417760,52286
417761,73599
417762,46033
417763,60098
417764,46104
417765,51914
417766,80920
417767,40000
417768,88441
417769,40000
417770,40000
417771,47630
417772,40000
417773,43048
417774,40000
417775,51981
417776,40000
417777,68714
417778,40000
417779,60011
417780,51885
417781,40000
417782,51717
417783,40000
417784,40000
417785,49509
417786,45965
417787,52376
417788,82935
417789,69838
417790,49590
417791,84926
417792,48397
417793,51174
417794,57982
417795,84157
417796,45477
417797,65889
417798,40000
417799,79006
417800,69681
417801,66973
417802,40000
417803,70501
417804,40000
417805,40000
417806,41324
417807,68363
417808,69615
417809,40000
417810,53053
417811,63551
417812,63985
417813,81697
417814,69810
417815,42085
417816,49241
417817,40000
417818,40000
417819,40000
417820,48469
417821,41948
417822,51687
417823,40000
417824,62548
417825,69089
417826,72056
417827,42487
417828,40000
417829,41176
417830,55329
417831,75985
417832,49202
417833,40000
417834,40000
417835,67461
417836,40000
417837,88932
417838,40000
417839,40000
417840,45388
417841,66174
417842,40000
417843,59750
417844,40000
417845,68486
417846,55112
417847,61711
417848,50419
417849,43977
417850,40000
417851,61097
417852,69262
417853,46862
417854,40016
417855,40496
417856,40000
417857,50713
417858,45161
417859,95595
417860,50429
417861,56170
417862,40000
417863,67685
417864,40000
417865,72983
417866,57449
417867,64559
417868,68860
417869,46948
417870,41267
417871,45606
417872,47535
417873,64668
417874,40000
417875,67919
417876,48660
417877,69497
417878,40000
417879,82501
417880,75394
417881,73196
417882,50155
417883,59257
417884,48942
417885,76777
417886,46542
417887,40059
417888,40000
417889,68328
417890,51347
417891,40000
417892,40000
417893,59362
417894,54086
417895,40000
417896,40000
417897,70035
417898,71956
417899,40000
417900,40000
417901,40000
417902,54722
417903,46808
417904,85035
417905,88676
417906,43248
417907,67147
417908,57668
417909,83320
417910,40000
417911,70817
417912,47959
417913,40000
417914,40000
417915,60652
417916,72644
417917,40000
417918,57230
417919,40000
417920,54272
417921,49970
417922,58287
417923,40000
417924,40000
417925,57466
417926,65686
417927,40000
417928,61963
417929,44155
417930,56667
417931,60372
417932,84432
417933,40000
417934,74841
417935,48993
417936,73624
417937,66403
417938,95914
417939,40000
417940,67197
417941,40000
417942,68025
417943,40000
417944,51555
417945,40000
417946,40000
417947,49427
417948,62083
417949,47856
417950,61122
417951,44332
417952,64716
417953,43867
417954,58163
417955,43322
417956,53604
417957,86765
417958,60665
417959,74150
417960,42608
417961,40000
417962,40000
417963,52716
417964,40000
417965,66259
417966,42456
417967,45062
417968,70125
417969,45351
417970,65028
417971,58123
417972,40000
417973,71169
417974,40000
417975,40000
417976,40000
417977,45975
417978,40000
417979,51850
417980,67504
417981,40000
417982,57603
417983,40000
417984,40000
417985,40000
417986,40000
417987,43553
417988,51992
417989,53375
417990,90632
417991,43826
417992,40000
417993,46700
417994,40000
417995,61114
417996,40000
417997,40283
417998,62661
417999,40000
418000,82805
418001,40000
418002,49730
418003,40000
418004,40000
418005,47348
418006,73810
418007,40000
418008,46709
418009,53308
418010,52148
418011,42917
418012,49885
418013,46846
418014,48195
418015,52945
418016,40000
418017,40000
418018,56692
418019,56827
418020,73847
418021,68939
418022,81780
418023,48527
418024,40000
418025,59322
418026,82811
418027,53237
418028,40000
418029,53075
418030,49271
418031,60166
418032,41290
418033,40000
418034,65817
418035,82291
418036,72369
418037,71323
418038,44689
418039,62233
418040,49714
418041,44568
418042,40000
418043,56458
418044,40622
418045,77276
418046,40000
418047,70062
418048,40000
418049,62637
418050,40000
418051,52200
418052,41416
418053,46845
418054,58339
418055,64561
418056,46503
418057,43293
418058,41785
418059,59701
418060,67467
418061,58542
418062,90703
418063,52776
418064,49264
418065,40000
418066,44918
418067,40000
418068,40000
418069,73682
418070,65983
418071,57005
418072,40000
418073,40000
418074,64747
418075,60345
418076,40000
418077,40000
418078,40000
418079,40000
418080,79248
418081,42020
418082,40000
418083,40000
418084,64827
418085,54622
418086,40000
418087,89311
418088,44865
418089,40000
418090,40000
418091,40000
418092,62051
418093,61336
418094,81903
418095,40000
418096,40000
418097,65331
418098,40000
418099,40000
418100,40000
418101,56538
418102,40000
418103,40000
418104,40000
418105,42737
418106,40000
418107,87946
418108,64189
418109,58608
418110,46094
418111,40000
418112,53118
418113,96853
418114,54135
418115,40000
418116,51443
418117,78238
418118,49578
418119,60305
418120,40300
418121,46490
418122,67759
418123,40000
418124,61821
418125,95306
418126,40000
418127,81662
418128,40000
418129,40000
418130,66252
418131,70597
418132,70181
418133,40000
418134,40000
418135,40000
418136,88939
418137,40000
418138,45202
418139,40000
418140,40000
418141,40000
418142,40000
418143,40000
418144,77327
418145,40000
418146,40000
418147,53783
418148,41720
418149,40000
418150,74003
418151,69576
418152,50864
418153,40000
418154,63359
418155,40000
418156,64979
418157,40000
418158,40000
418159,40000
418160,48666
418161,40323
418162,53673
418163,40000
418164,68677
418165,40000
418166,54265
418167,51037
418168,43850
418169,49714
418170,53200
418171,48994
418172,67107
418173,48023
418174,56937
418175,40000
418176,44983
418177,48708
418178,40000
418179,40000
418180,40000
418181,65547
418182,48879
418183,73774
418184,73957
418185,59201
418186,51939
418187,56173
418188,40000
418189,40000
418190,77548
418191,85860
418192,64839
418193,46587
418194,57120
418195,60253
418196,74193
418197,40000
418198,40000
418199,40000
418200,40000
418201,90770
418202,56547
418203,52422
418204,40000
418205,40000
418206,50337
418207,40000
418208,40000
418209,40000
418210,40000
418211,40000
418212,40000
418213,51550
418214,40000
418215,40000
418216,73730
418217,68164
418218,45409
418219,65456
418220,40000
418221,68352
418222,49870
418223,40826
418224,60399
418225,52318
418226,42882
418227,63601
418228,40000
418229,40000
418230,40000
418231,52291
418232,54866
418233,58603
418234,63001
418235,40000
418236,46690
418237,40000
418238,40000
418239,65620
418240,91914
418241,40000
418242,59999
418243,40000
418244,90655
418245,47720
418246,43530
418247,58604
418248,86865
418249,40000
418250,68733
418251,70741
418252,49783
418253,49118
418254,49922
418255,40000
418256,40000
418257,48491
418258,48613
418259,44355
418260,40000
418261,53618
418262,40000
418263,40000
418264,62664
418265,57098
418266,43886
418267,40000
418268,84297
418269,40000
418270,40000
418271,56834
418272,59541
418273,40000
418274,52762
418275,40000
418276,46902
418277,40000
418278,40000
418279,63329
418280,53923
418281,82879
418282,89239
418283,40000
418284,40000
418285,48976
418286,43484
418287,43126
418288,62719
418289,61330
418290,73803
418291,40037
418292,58762
418293,42596
418294,40000
418295,56606
418296,88350
418297,40323
418298,40000
418299,53231
418300,50683
418301,40000
418302,73803
418303,80719
418304,68505
418305,77115
418306,74629
418307,56944
418308,41954
418309,47095
418310,56985
418311,78212
418312,44709
418313,40000
418314,40000
418315,40000
418316,40000
418317,40000
418318,44242
418319,40000
418320,46431
418321,48786
418322,40000
418323,40000
418324,40000
418325,40000
418326,79008
418327,57414
418328,40000
418329,56888
418330,47838
418331,44824
418332,44184
418333,88804
418334,59282
418335,74814
418336,62494
418337,56014
418338,49035
418339,40000
418340,78561
418341,40000
418342,53941
418343,43885
418344,40000
418345,40000
418346,61185
418347,66433
418348,40000
418349,40000
418350,51597
418351,72052
418352,84931
418353,45761
418354,45037
418355,65866
418356,40000
418357,45706
418358,40000
418359,40000
418360,44956
418361,55299
418362,40000
418363,40000
418364,69140
418365,76598
418366,59191
418367,58873
418368,61571
418369,52462
418370,40000
418371,76496
418372,62323
418373,40594
418374,83360
418375,68320
418376,40000
418377,45218
418378,55316
418379,40000
418380,41525
418381,53555
418382,42541
418383,40000
418384,55430
418385,51040
418386,44402
418387,40000
418388,40000
418389,40000
418390,57626
418391,52164
418392,60095
418393,43725
418394,74451
418395,90147
418396,55086
418397,89803
418398,40000
418399,40000
418400,67884
418401,50389
418402,64897
418403,40000
418404,40000
418405,59067
418406,58625
418407,81080
418408,50083
418409,45167
418410,40000
418411,40000
418412,40000
418413,73946
418414,63538
418415,40000
418416,100853
418417,46564
418418,61978
418419,41812
418420,78965
418421,45522
418422,83322
418423,44999
418424,51443
418425,40000
418426,55588
418427,40000
418428,41896
418429,42730
418430,69977
418431,41535
418432,47748
418433,40000
418434,40000
418435,47323
418436,40000
418437,49442
418438,40000
418439,40000
418440,60185
418441,40000
418442,48810
418443,48519
418444,40000
418445,56205
418446,40000
418447,40000
418448,40000
418449,76157
418450,40000
418451,40000
418452,50613
418453,47387
418454,42853
418455,48460
418456,40000
418457,58348
418458,87206
418459,41271
418460,83191
418461,40000
418462,41352
418463,40000
418464,40000
418465,40000
418466,80716
418467,46341
418468,51910
418469,52352
418470,40000
418471,72191
418472,53133
418473,46304
418474,54282
418475,41375
418476,40000
418477,64750
418478,53289
418479,40000
418480,88005
418481,40000
418482,64677
418483,40000
418484,40000
418485,40000
418486,40000
418487,40000
418488,40000
418489,64593
418490,49297
418491,63786
418492,40000
418493,65161
418494,40000
418495,57222
418496,63934
418497,40000
418498,54180
418499,54959
418500,40000
418501,40000
418502,40000
418503,73317
418504,77157
418505,40000
418506,47803
418507,51373
418508,40000
418509,67975
418510,55517
418511,69175
418512,59549
418513,40000
418514,61224
418515,82032
418516,40000
418517,79605
418518,40000
418519,54231
418520,73181
418521,40000
418522,40000
418523,53104
418524,40000
418525,43536
418526,51218
418527,58272
418528,59337
418529,53577
418530,64560
418531,59570
418532,64384
418533,40000
418534,83145
418535,40000
418536,41976
418537,58373
418538,44917
418539,40000
418540,40000
418541,40000
418542,69548
418543,62744
418544,67863
418545,44981
418546,40000
418547,54627
418548,47042
418549,60708
418550,40000
418551,51368
418552,57595
418553,46156
418554,54683
418555,40000
418556,57867
418557,59389
418558,100776
418559,56874
418560,42179
418561,45156
418562,63124
418563,66645
418564,40000
418565,40000
418566,62954
418567,68705
418568,52059
418569,40000
418570,71043
418571,40000
418572,41953
418573,40000
418574,56045
418575,69803
418576,40000
418577,44360
418578,50343
418579,47106
418580,85947
418581,57398
418582,40000
418583,46491
418584,40000
418585,49985
418586,45958
418587,55606
418588,49011
418589,75373
418590,50081
418591,40000
418592,43764
418593,40000
418594,47843
418595,87899
418596,40000
418597,83463
418598,69102
418599,40000
418600,40000
418601,45205
418602,60499
418603,40886
418604,78281
418605,56402
418606,41390
418607,40000
418608,60375
418609,56774
418610,67984
418611,40418
418612,40000
418613,51712
418614,40000
418615,63929
418616,54927
418617,69776
418618,42164
418619,40000
418620,40000
418621,49774
418622,40341
418623,40000
418624,79966
418625,60725
418626,40000
418627,40000
418628,42921
418629,40000
418630,49354
418631,60943
418632,44607
418633,40000
418634,55581
418635,40000
418636,41144
418637,44379
418638,47747
418639,57023
418640,41877
418641,42715
418642,40000
418643,42868
418644,68333
418645,40000
418646,49396
418647,54753
418648,47914
418649,40000
418650,63487
418651,52561
418652,47902
418653,40000
418654,45936
418655,40000
418656,77290
418657,40000
418658,59008
418659,47666
418660,42234
418661,42335
418662,82805
418663,40000
418664,61678
418665,49400
418666,70261
418667,75421
418668,77644
418669,44189
418670,40000
418671,62129
418672,78036
418673,68873
418674,53135
418675,87553
418676,43053
418677,51025
418678,62776
418679,64255
418680,67907
418681,40000
418682,59096
418683,87603
418684,40589
418685,40000
418686,42676
418687,40966
418688,40000
418689,61930
418690,40327
418691,61447
418692,41452
418693,56366
418694,40000
418695,66942
418696,55457
418697,74852
418698,68292
418699,68336
418700,77439
418701,43756
418702,50186
418703,61531
418704,41438
418705,40000
418706,63113
418707,40000
418708,62129
418709,55604
418710,63589
418711,43595
418712,40000
418713,51354
418714,40444
418715,62593
418716,81322
418717,67967
418718,50334
418719,55995
418720,70160
418721,40000
418722,40000
418723,76609
418724,47037
418725,40000
418726,42837
418727,44980
418728,40000
418729,47120
418730,73625
418731,42239
418732,42954
418733,72124
418734,42503
418735,40000
418736,40000
418737,40000
418738,40000
418739,67076
418740,91733
418741,40000
418742,43579
418743,40000
418744,40000
418745,46909
418746,40000
418747,57948
418748,40119
418749,40000
418750,48939
418751,42908
418752,40000
418753,40000
418754,40000
418755,40000
418756,40000
418757,42200
418758,68075
418759,76920
418760,44751
418761,40000
418762,40000
418763,44921
418764,40000
418765,47001
418766,53838
418767,40000
418768,43884
418769,40000
418770,40000
418771,47161
418772,90383
418773,40000
418774,52323
418775,40000
418776,66720
418777,40000
418778,51336
418779,62297
418780,47367
418781,64852
418782,43879
418783,41561
418784,65788
418785,82175
418786,74126
418787,55438
418788,40000
418789,63414
418790,55026
418791,44767
418792,40000
418793,43563
418794,40000
418795,40000
418796,53046
418797,44813
418798,58639
418799,80181
418800,95734
418801,40000
418802,52908
418803,68645
418804,40000
418805,40000
418806,40235
418807,48610
418808,57366
418809,40000
418810,44349
418811,56539
418812,40000
418813,55767
418814,42684
418815,48130
418816,51253
418817,40790
418818,40000
418819,40000
418820,49463
418821,41111
418822,48969
418823,56021
418824,40000
418825,40000
418826,40000
418827,63306
418828,54550
418829,40000
418830,57636
418831,53131
418832,40000
418833,73529
418834,47297
418835,62386
418836,56746
418837,65901
418838,56737
418839,78758
418840,40000
418841,52290
418842,52735
418843,73445
418844,41719
418845,47189
418846,40000
418847,40000
418848,40000
418849,40000
418850,62581
418851,56206
418852,40158
418853,48659
418854,40000
418855,73012
418856,40000
418857,68554
418858,40000
418859,62004
418860,51181
418861,55291
418862,40000
418863,40000
418864,59521
418865,40000
418866,40000
418867,65370
418868,52877
418869,60477
418870,86757
418871,80108
418872,46885
418873,57707
418874,54611
418875,40000
418876,60196
418877,41108
418878,55346
418879,41617
418880,40152
418881,88116
418882,40000
418883,65964
418884,63768
418885,51280
418886,40000
418887,40000
418888,40000
418889,46706
418890,45967
418891,40000
418892,40000
418893,47532
418894,40000
418895,45759
418896,50815
418897,60261
418898,40000
418899,44884
418900,60756
418901,78846
418902,44488
418903,53988
418904,47844
418905,40000
418906,63757
418907,75979
418908,40000
418909,47561
418910,40000
418911,52640
418912,54687
418913,71156
418914,92661
418915,67716
418916,40452
418917,61592
418918,40000
418919,43663
418920,72656
418921,47180
418922,88495
418923,40000
418924,53644
418925,44595
418926,41862
418927,40000
418928,78854
418929,42969
418930,59749
418931,40000
418932,41142
418933,94016
418934,51582
418935,43464
418936,53379
418937,52052
418938,88511
418939,48557
418940,47576
418941,63392
418942,40000
418943,51952
418944,49449
418945,40000
418946,51650
418947,92451
418948,64135
418949,45575
418950,40000
418951,40000
418952,91498
418953,40000
418954,57944
418955,40000
418956,73773
418957,61870
418958,51429
418959,40000
418960,48429
418961,65634
418962,40000
418963,48748
418964,61953
418965,42641
418966,67378
418967,43036
418968,40000
418969,65302
418970,40000
418971,40798
418972,49922
418973,60503
418974,48438
418975,70805
418976,53449
418977,51015
418978,84918
418979,48678
418980,41283
418981,56815
418982,45666
418983,42222
418984,40000
418985,54469
418986,40000
418987,51642
418988,40000
418989,73236
418990,70482
418991,40000
418992,41108
418993,44672
418994,55393
418995,40000
418996,40000
418997,55858
418998,71872
418999,42647
419000,92761
419001,40000
419002,40000
419003,41079
419004,73415
419005,40000
419006,40000
419007,56616
419008,44161
419009,42110
419010,40000
419011,40000
419012,53563
419013,40000
419014,63152
419015,69076
419016,50790
419017,48785
419018,40000
419019,69463
419020,45619
419021,75799
419022,49092
419023,42843
419024,40000
419025,107312
419026,40000
419027,40000
419028,77607
419029,40000
419030,63441
419031,40000
419032,40000
419033,40000
419034,40000
419035,40000
419036,40000
419037,40000
419038,48861
419039,40000
419040,63659
419041,40000
419042,40000
419043,40000
419044,64203
419045,40000
419046,60896
419047,42678
419048,51586
419049,57387
419050,52146
419051,45371
419052,40000
419053,40000
419054,60849
419055,66869
419056,68261
419057,40000
419058,40000
419059,40000
419060,40000
419061,40000
419062,70299
419063,40000
419064,91713
419065,52502
419066,58093
419067,40000
419068,57591
419069,40000
419070,63935
419071,42365
419072,44509
419073,57651
419074,70947
419075,62335
419076,70676
419077,40000
419078,40000
419079,40000
419080,40000
419081,50385
419082,55100
419083,57081
419084,74877
419085,55709
419086,66861
419087,45402
419088,69448
419089,40000
419090,40000
419091,42783
419092,96309
419093,40000
419094,62556
419095,98623
419096,80069
419097,41455
419098,40000
419099,96271
419100,40000
419101,77964
419102,40000
419103,46629
419104,40000
419105,40000
419106,76541
419107,51457
419108,43127
419109,50871
419110,40000
419111,40000
419112,40000
419113,50529
419114,76095
419115,56837
419116,46544
419117,55897
419118,58320
419119,43056
419120,40000
419121,40000
419122,40000
419123,40000
419124,40000
419125,61418
419126,45159
419127,71407
419128,40000
419129,44283
419130,48289
419131,40273
419132,40000
419133,61197
419134,63830
419135,50131
419136,40000
419137,40000
419138,68791
419139,45648
419140,72951
419141,78546
419142,41788
419143,40570
419144,54109
419145,89164
419146,40000
419147,44256
419148,40000
419149,41536
419150,48120
419151,52514
419152,54975
419153,40000
419154,65506
419155,40000
419156,48307
419157,64425
419158,56784
419159,70940
419160,56020
419161,43886
419162,58884
419163,40000
419164,52668
419165,64148
419166,40000
419167,59304
419168,76405
419169,47164
419170,43408
419171,44118
419172,85502
419173,74306
419174,47491
419175,63303
419176,44671
419177,59045
419178,79750
419179,59687
419180,80594
419181,54576
419182,63810
419183,45213
419184,43129
419185,62216
419186,41104
419187,66702
419188,51313
419189,43811
419190,40000
419191,83460
419192,84766
419193,59678
419194,59839
419195,42839
419196,60349
419197,61783
419198,40000
419199,52270
419200,40000
419201,71554
419202,63651
419203,40000
419204,40000
419205,40000
419206,59429
419207,40000
419208,40000
419209,47574
419210,42451
419211,61918
419212,92137
419213,40000
419214,61857
419215,46306
419216,90928
419217,43269
419218,48980
419219,69081
419220,56870
419221,54182
419222,54290
419223,59407
419224,40000
419225,80517
419226,40000
419227,46640
419228,40000
419229,46400
419230,69091
419231,47487
419232,60650
419233,49976
419234,77439
419235,40000
419236,40000
419237,40000
419238,60210
419239,63770
419240,40000
419241,40000
419242,59638
419243,65118
419244,69212
419245,40000
419246,77257
419247,40000
419248,40000
419249,40000
419250,40000
419251,57464
419252,40000
419253,70281
419254,57507
419255,43170
419256,53973
419257,61634
419258,40000
419259,40000
419260,54551
419261,65268
419262,46108
419263,53914
419264,40000
419265,40000
419266,51271
419267,49225
419268,40000
419269,40000
419270,44319
419271,40000
419272,51226
419273,60731
419274,40000
419275,79740
419276,96825
419277,46833
419278,40000
419279,46185
419280,41653
419281,40000
419282,60827
419283,76330
419284,40000
419285,72758
419286,40000
419287,40000
419288,42331
419289,40000
419290,70674
419291,44802
419292,73130
419293,54298
419294,40000
419295,40000
419296,40000
419297,54101
419298,42893
419299,41604
419300,40000
419301,71672
419302,42837
419303,40000
419304,42489
419305,40000
419306,40000
419307,52517
419308,67923
419309,42154
419310,57981
419311,61473
419312,40836
419313,87182
419314,40000
419315,40000
419316,83112
419317,49573
419318,44953
419319,40000
419320,56369
419321,58547
419322,105986
419323,41192
419324,40000
419325,40000
419326,61170
419327,40000
419328,40000
419329,69211
419330,81457
419331,40000
419332,73305
419333,40000
419334,47497
419335,52851
419336,40000
419337,56155
419338,52684
419339,52664
419340,58547
419341,66730
419342,55470
419343,47318
419344,40000
419345,44945
419346,40000
419347,41990
419348,51503
419349,40000
419350,58563
419351,45934
419352,83516
419353,54469
419354,40000
419355,51700
419356,76654
419357,40000
419358,48491
419359,44880
419360,74645
419361,61213
419362,50425
419363,73280
419364,40000
419365,50329
419366,42032
419367,73236
419368,40000
419369,42025
419370,51919
419371,40000
419372,40000
419373,102501
419374,82779
419375,40000
419376,47255
419377,40000
419378,40000
419379,47609
419380,51394
419381,60640
419382,81810
419383,40000
419384,40000
419385,43589
419386,40000
419387,57855
419388,53853
419389,66857
419390,66132
419391,40000
419392,55730
419393,49697
419394,40000
419395,76520
419396,55885
419397,62752
419398,64492
419399,40000
419400,57439
419401,70343
419402,49408
419403,52417
419404,63047
419405,72054
419406,57177
419407,40000
419408,40000
419409,40000
419410,40000
419411,43877
419412,50970
419413,40000
419414,55846
419415,52449
419416,71570
419417,54186
419418,62929
419419,64459
419420,40000
419421,40000
419422,44558
419423,70155
419424,53310
419425,55074
419426,59187
419427,40000
419428,71458
419429,47186
419430,40000
419431,41637
419432,40000
419433,46781
419434,78570
419435,43129
419436,49415
419437,40000
419438,65820
419439,66616
419440,40000
419441,60259
419442,44016
419443,40000
419444,41043
419445,71794
419446,58947
419447,40000
419448,52260
419449,52438
419450,40000
419451,56094
419452,65695
419453,40000
419454,40000
419455,58122
419456,83052
419457,65683
419458,84496
419459,45598
419460,40000
419461,54044
419462,45835
419463,68006
419464,43738
419465,40000
419466,71789
419467,40000
419468,40000
419469,92207
419470,40000
419471,69567
419472,40000
419473,77894
419474,59990
419475,53029
419476,61371
419477,92485
419478,40000
419479,61722
419480,79127
419481,40000
419482,51196
419483,40263
419484,60902
419485,55713
419486,74712
419487,40000
419488,40000
419489,74610
419490,40000
419491,43298
419492,63142
419493,40000
419494,40000
419495,44429
419496,41120
419497,52206
419498,41058
419499,40000
419500,54050
419501,76074
419502,57137
419503,40000
419504,49754
419505,49392
419506,94404
419507,59060
419508,82318
419509,47698
419510,84353
419511,65695
419512,46832
419513,49972
419514,89933
419515,62168
419516,40000
419517,40000
419518,40000
419519,40000
419520,56644
419521,61630
419522,44502
419523,47632
419524,49952
419525,47766
419526,75892
419527,40000
419528,40000
419529,40000
419530,40000
419531,58392
419532,60071
419533,45566
419534,41650
419535,85031
419536,40000
419537,70756
419538,43866
419539,48154
419540,40000
419541,60863
419542,40000
419543,63547
419544,40000
419545,61238
419546,58327
419547,67502
419548,66333
419549,40000
419550,40000
419551,40000
419552,45431
419553,53865
419554,61013
419555,69417
419556,40000
419557,57092
419558,52271
419559,44392
419560,55463
419561,59969
419562,57125
419563,40502
419564,41674
419565,40000
419566,40000
419567,66777
419568,64989
419569,40000
419570,54745
419571,87265
419572,40000
419573,40000
419574,40000
419575,86630
419576,71150
419577,76879
419578,75471
419579,42036
419580,71826
419581,40000
419582,68846
419583,49226
419584,72228
419585,54485
419586,71005
419587,51809
419588,40000
419589,46407
419590,68415
419591,64256
419592,40000
419593,50994
419594,57264
419595,70540
419596,40000
419597,41892
419598,49954
419599,50983
419600,40000
419601,40000
419602,40000
419603,40000
419604,65609
419605,52205
419606,40000
419607,42143
419608,40000
419609,45616
419610,50081
419611,57518
419612,40000
419613,61157
419614,53547
419615,63991
419616,58589
419617,85654
419618,40000
419619,65997
419620,40000
419621,45586
419622,42619
419623,60021
419624,50588
419625,57167
419626,45073
419627,51413
419628,46563
419629,60232
419630,42568
419631,50791
419632,40000
419633,40000
419634,77135
419635,86093
419636,40000
419637,40000
419638,84636
419639,46237
419640,40000
419641,40000
419642,40000
419643,40000
419644,40000
419645,54059
419646,43771
419647,53518
419648,77152
419649,92384
419650,49761
419651,47787
419652,59281
419653,73625
419654,62172
419655,62119
419656,48399
419657,54328
419658,40000
419659,40000
419660,41904
419661,45033
419662,49114
419663,44072
419664,45078
419665,40000
419666,40000
419667,44501
419668,50674
419669,67263
419670,49837
419671,58520
419672,40000
419673,53373
419674,40000
419675,40000
419676,61812
419677,40000
419678,41845
419679,40000
419680,40000
419681,63628
419682,62389
419683,76517
419684,88899
419685,45633
419686,78699
419687,40000
419688,70335
419689,63100
419690,66730
419691,40000
419692,45967
419693,71006
419694,40000
419695,65832
419696,59438
419697,40000
419698,40000
419699,57680
419700,72681
419701,72063
419702,47343
419703,40000
419704,40000
419705,44252
419706,40000
419707,41369
419708,47384
419709,56044
419710,40000
419711,40000
419712,49725
419713,40000
419714,40000
419715,44623
419716,40000
419717,44601
419718,40000
419719,40000
419720,52555
419721,52716
419722,53530
419723,40000
419724,40000
419725,47343
419726,40000
419727,57615
419728,40992
419729,40000
419730,40000
419731,63410
419732,65507
419733,48014
419734,47402
419735,105320
419736,74197
419737,47182
419738,40000
419739,40000
419740,75900
419741,40000
419742,71381
419743,40000
419744,62389
419745,40000
419746,41593
419747,62232
419748,97675
419749,40000
419750,59966
419751,40000
419752,40000
419753,77849
419754,50828
419755,49096
419756,60040
419757,66470
419758,45560
419759,48355
419760,63852
419761,40000
419762,58119
419763,46624
419764,91564
419765,40000
419766,75863
419767,85844
419768,58235
419769,62829
419770,40000
419771,53352
419772,40000
419773,55855
419774,54263
419775,40000
419776,76677
419777,54297
419778,40000
419779,40000
419780,40000
419781,57698
419782,47750
419783,52786
419784,59025
419785,40000
419786,44349
419787,40000
419788,56739
419789,57349
419790,50805
419791,80489
419792,58681
419793,63399
419794,40000
419795,63878
419796,40000
419797,60674
419798,40000
419799,61454
419800,40000
419801,52886
419802,44268
419803,40000
419804,40000
419805,75973
419806,40000
419807,58234
419808,40000
419809,42855
419810,80016
419811,40000
419812,41878
419813,49338
419814,71378
419815,66961
419816,55944
419817,40000
419818,74133
419819,56275
419820,52690
419821,81773
419822,72030
419823,40000
419824,57832
419825,94721
419826,64993
419827,40000
419828,40000
419829,40000
419830,60564
419831,40000
419832,52160
419833,44728
419834,43334
419835,76777
419836,44216
419837,40000
419838,90016
419839,81219
419840,74717
419841,46400
419842,61148
419843,40000
419844,70049
419845,40000
419846,93027
419847,67419
419848,40000
419849,40000
419850,48256
419851,61850
419852,65826
419853,40000
419854,74089
419855,43974
419856,49998
419857,40000
419858,57245
419859,40000
419860,69967
419861,40391
419862,40000
419863,58375
419864,64975
419865,40000
419866,62199
419867,52152
419868,41268
419869,57940
419870,50553
419871,54924
419872,40000
419873,54363
419874,44264
419875,52962
419876,41955
419877,52562
419878,40000
419879,41858
419880,50795
419881,64193
419882,73365
419883,67581
419884,48985
419885,52590
419886,50396
419887,41282
419888,40000
419889,42244
419890,40000
419891,43721
419892,54334
419893,40954
419894,47818
419895,40000
419896,40000
419897,47764
419898,75411
419899,51018
419900,58537
419901,73520
419902,40000
419903,88045
419904,54136
419905,54506
419906,40000
419907,103850
419908,64556
419909,63943
419910,40000
419911,72788
419912,40000
419913,40000
419914,51113
419915,69416
419916,40422
419917,40000
419918,51287
419919,40000
419920,49833
419921,45353
419922,40000
419923,54093
419924,65691
419925,40000
419926,49539
419927,81953
419928,40472
419929,40000
419930,58339
419931,59587
419932,40000
419933,56735
419934,45414
419935,45005
419936,46317
419937,40000
419938,61948
419939,40000
419940,40000
419941,73262
419942,55195
419943,92667
419944,49292
419945,65690
419946,40000
419947,63651
419948,69988
419949,41547
419950,56377
419951,40000
419952,53499
419953,60803
419954,40000
419955,40000
419956,40000
419957,71059
419958,55421
419959,69888
419960,40000
419961,53986
419962,40000
419963,48607
419964,40000
419965,42304
419966,64774
419967,40000
419968,62107
419969,71208
419970,40000
419971,40000
419972,49468
419973,40000
419974,53172
419975,83866
419976,66614
419977,45659
419978,80886
419979,40000
419980,51264
419981,57055
419982,50703
419983,53346
419984,40000
419985,50083
419986,51086
419987,56934
419988,40000
419989,40000
419990,40000
419991,40000
419992,45281
419993,58396
419994,60249
419995,55938
419996,40000
419997,40000
419998,69429
419999,56798
420000,45611
420001,40000
420002,40000
420003,40000
420004,40000
420005,47827
420006,46810
420007,54772
420008,40000
420009,40187
420010,40000
420011,55775
420012,40046
420013,67151
420014,40000
420015,40000
420016,40000
420017,40000
420018,46832
420019,78535
420020,100693
420021,51696
420022,42959
420023,107639
420024,46640
420025,40000
420026,40000
420027,43493
420028,41853
420029,49935
420030,51190
420031,40000
420032,40000
420033,54888
420034,61831
420035,40000
420036,61845
420037,43785
420038,57206
420039,59697
420040,45360
420041,70050
420042,48995
420043,57400
420044,44221
420045,40000
420046,89289
420047,60186
420048,48603
420049,83504
420050,40000
420051,40000
420052,44397
420053,40000
420054,40000
420055,40000
420056,45670
420057,40000
420058,46965
420059,47119
420060,40000
420061,47139
420062,57642
420063,65302
420064,42928
420065,40000
420066,40000
420067,56306
420068,40000
420069,43408
420070,94251
420071,50941
420072,40000
420073,50498
420074,60992
420075,51136
420076,40000
420077,88913
420078,63288
420079,40000
420080,42084
420081,52865
420082,73847
420083,91171
420084,40000
420085,40000
420086,48457
420087,42090
420088,40000
420089,57220
420090,55782
420091,40000
420092,74047
420093,73670
420094,40000
420095,58976
420096,83744
420097,88958
420098,89234
420099,40000
420100,52872
420101,40000
420102,40000
420103,44823
420104,40000
420105,40000
420106,43138
420107,66036
420108,40000
420109,61907
420110,45038
420111,40000
420112,41673
420113,47038
420114,40000
420115,40000
420116,47363
420117,48733
420118,40000
420119,52589
420120,79509
420121,40000
420122,40000
420123,68887
420124,61277
420125,58277
420126,40000
420127,62455
420128,45601
420129,40000
420130,58897
420131,66980
420132,56074
420133,40000
420134,40000
420135,40000
420136,40000
420137,71277
420138,46301
420139,58866
420140,50596
420141,60660
420142,74901
420143,68894
420144,82252
420145,47879
420146,81460
420147,58080
420148,40000
420149,43530
420150,66498
420151,59277
420152,40390
420153,76818
420154,40000
420155,73398
420156,65048
420157,40000
420158,69936
420159,45354
420160,40000
420161,50388
420162,59780
420163,43753
420164,80808
420165,41485
420166,73410
420167,98763
420168,58306
420169,47849
420170,40000
420171,46340
420172,40000
420173,58407
420174,40000
420175,56588
420176,54951
420177,46264
420178,40000
420179,98504
420180,40802
420181,70524
420182,45235
420183,66198
420184,40000
420185,40000
420186,63827
420187,47345
420188,71300
420189,61486
420190,74836
420191,40000
420192,52915
420193,43263
420194,55287
420195,45546
420196,68351
420197,40000
420198,61624
420199,40000
420200,51793
420201,54371
420202,59826
420203,40000
420204,60927
420205,62798
420206,65920
420207,58018
420208,50393
420209,84892
420210,55177
420211,48979
420212,80334
420213,40000
420214,40000
420215,72398
420216,40000
420217,40000
420218,54252
420219,51562
420220,51872
420221,42814
420222,63910
420223,44300
420224,50727
420225,44646
420226,40000
420227,89133
420228,40000
420229,75963
420230,41508
420231,40000
420232,57598
420233,49416
420234,60427
420235,69928
420236,40000
420237,41030
420238,40000
420239,47463
420240,40000
420241,40000
420242,43125
420243,40000
420244,55987
420245,54857
420246,74116
420247,40000
420248,55559
420249,54456
420250,51106
420251,43896
420252,53039
420253,45886
420254,60285
420255,45960
420256,40000
420257,86638
420258,40000
420259,75396
420260,69446
420261,43243
420262,55443
420263,52252
420264,62721
420265,40000
420266,40000
420267,51499
420268,61551
420269,40000
420270,40000
420271,66177
420272,46472
420273,40000
420274,40000
420275,62396
420276,76030
420277,40000
420278,43051
420279,47375
420280,40000
420281,40000
420282,40000
420283,51825
420284,40000
420285,53276
420286,40000
420287,40000
420288,45018
420289,60289
420290,40000
420291,98286
420292,40000
420293,40000
420294,50677
420295,59402
420296,77788
420297,48967
420298,44080
420299,40000
420300,40000
420301,40000
420302,40000
420303,40000
420304,40000
420305,53381
420306,47199
420307,69748
420308,47214
420309,40000
420310,40000
420311,40000
420312,50075
420313,57838
420314,47552
420315,49746
420316,64297
420317,52722
420318,75519
420319,55198
420320,69083
420321,40000
420322,70781
420323,60778
420324,89055
420325,45696
420326,59900
420327,40000
420328,40000
420329,40000
420330,40000
420331,77966
420332,47046
420333,40000
420334,70523
420335,40000
420336,44651
420337,58648
420338,64026
420339,40000
420340,58918
420341,40000
420342,48607
420343,50431
420344,40000
420345,65699
420346,56919
420347,92332
420348,56783
420349,40000
420350,73038
420351,40000
420352,70808
420353,63908
420354,40000
420355,40000
420356,40000
420357,83659
420358,54940
420359,40000
420360,51070
420361,42149
420362,72603
420363,51263
420364,40000
420365,54995
420366,40000
420367,102992
420368,47327
420369,40000
420370,66666
420371,40000
420372,40000
420373,72112
420374,43363
420375,67499
420376,40000
420377,68990
420378,40000
420379,40000
420380,55798
420381,69361
420382,40542
420383,54358
420384,40000
420385,40000
420386,45396
420387,62492
420388,40000
420389,41715
420390,90071
420391,42617
420392,51088
420393,40000
420394,85143
420395,63813
420396,58111
420397,40000
420398,77056
420399,62144
420400,40000
420401,40000
420402,56753
420403,43734
420404,52663
420405,61928
420406,40000
420407,58844
420408,40000
420409,73147
420410,40000
420411,40000
420412,40000
420413,44604
420414,40000
420415,79065
420416,42073
420417,50693
420418,57735
420419,40000
420420,40000
420421,40000
420422,56655
420423,54519
420424,46661
420425,46606
420426,56738
420427,40000
420428,61072
420429,85615
420430,67895
420431,56488
420432,58217
420433,48806
420434,40000
420435,56350
420436,40000
420437,54244
420438,40000
420439,55512
420440,50322
420441,59777
420442,43994
420443,40000
420444,56989
420445,43881
420446,40000
420447,48239
420448,56882
420449,40000
420450,40000
420451,52910
420452,63176
420453,68278
420454,50858
420455,56163
420456,40000
420457,40315
420458,40000
420459,56830
420460,40000
420461,40000
420462,69298
420463,60872
420464,77146
420465,40000
420466,41855
420467,54725
420468,71127
420469,55459
420470,55404
420471,40000
420472,40000
420473,84240
420474,70204
420475,54646
420476,40000
420477,47220
420478,42453
420479,57041
420480,40000
420481,61075
420482,40000
420483,40000
420484,62107
420485,40000
420486,64123
420487,40000
420488,40000
420489,61695
420490,74643
420491,45338
420492,68879
420493,40686
420494,46363
420495,44206
420496,40000
420497,46993
420498,64269
420499,79866
420500,40000
420501,41186
420502,40000
420503,75492
420504,100927
420505,41757
420506,40000
420507,51807
420508,84039
420509,72216
420510,50119
420511,42784
420512,53708
420513,47313
420514,54496
420515,85836
420516,61484
420517,53554
420518,64112
420519,94647
420520,40000
420521,87028
420522,48400
420523,76618
420524,57520
420525,69186
420526,90839
420527,40000
420528,41958
420529,40000
420530,40000
420531,48701
420532,40000
420533,64084
420534,40000
420535,41506
420536,44526
420537,74191
420538,40000
420539,62379
420540,53461
420541,57679
420542,59051
420543,40000
420544,69604
420545,52641
420546,40000
420547,40000
420548,40000
420549,47858
420550,40000
420551,40000
420552,41346
420553,40000
420554,57150
420555,47326
420556,51363
420557,82355
420558,48759
420559,40000
420560,40000
420561,51558
420562,79429
420563,66718
420564,40000
420565,40000
420566,40000
420567,46721
420568,50784
420569,40000
420570,58374
420571,45729
420572,40000
420573,65894
420574,43432
420575,68475
420576,40000
420577,83962
420578,40000
420579,70620
420580,51204
420581,61753
420582,43157
420583,40191
420584,65659
420585,41861
420586,66029
420587,40000
420588,43749
420589,40000
420590,41912
420591,63327
420592,40000
420593,65570
420594,40000
420595,65675
420596,40000
420597,40000
420598,40000
420599,40000
420600,70451
420601,40525
420602,40000
420603,71664
420604,40000
420605,40000
420606,40000
420607,51169
420608,43862
420609,40000
420610,40000
420611,74089
420612,53783
420613,40000
420614,40000
420615,45971
420616,40000
420617,66181
420618,58667
420619,40000
420620,89685
420621,40777
420622,71436
420623,47303
420624,55412
420625,79042
420626,40000
420627,40000
420628,92182
420629,43283
420630,42285
420631,63922
420632,40000
420633,40000
420634,51802
420635,50318
420636,68827
420637,40000
420638,58300
420639,40000
420640,40000
420641,51058
420642,40000
420643,70473
420644,83587
420645,40000
420646,40000
420647,42024
420648,40000
420649,65366
420650,57361
420651,54091
420652,46496
420653,40000
420654,58265
420655,40000
420656,81243
420657,85170
420658,40000
420659,47614
420660,40000
420661,40000
420662,60031
420663,40000
420664,77021
420665,47686
420666,65664
420667,80806
420668,53683
420669,46410
420670,40000
420671,49460
420672,40000
420673,40000
420674,53402
420675,48904
420676,40000
420677,50915
420678,40000
420679,40000
420680,54570
420681,47291
420682,40000
420683,41564
420684,48188
420685,64393
420686,51333
420687,73969
420688,60480
420689,62264
420690,48164
420691,46630
420692,43263
420693,40000
420694,40000
420695,40000
420696,84839
420697,65050
420698,74837
420699,40000
420700,51956
420701,57923
420702,54499
420703,68724
420704,49741
420705,40000
420706,40000
420707,46429
420708,58177
420709,57957
420710,71935
420711,62198
420712,40000
420713,40000
420714,40000
420715,65321
420716,47165
420717,70618
420718,40000
420719,66315
420720,48831
420721,40000
420722,46874
420723,40000
420724,43816
420725,50391
420726,40000
420727,40000
420728,46253
420729,49543
420730,47310
420731,53689
420732,59288
420733,84432
420734,40000
420735,49725
420736,57145
420737,82856
420738,44729
420739,55459
420740,62394
420741,41371
420742,63305
420743,47503
420744,40000
420745,55644
420746,49357
420747,78976
420748,71762
420749,40000
420750,66019
420751,54006
420752,57627
420753,94438
420754,68778
420755,40000
420756,40000
420757,43178
420758,40000
420759,55608
420760,40000
420761,58207
420762,40000
420763,40000
420764,73792
420765,78825
420766,61082
420767,63256
420768,40000
420769,60940
420770,40165
420771,60067
420772,71858
420773,60835
420774,40363
420775,41497
420776,40000
420777,40000
420778,67060
420779,47886
420780,61821
420781,40000
420782,52401
420783,50501
420784,61820
420785,46786
420786,40000
420787,40000
420788,40000
420789,40000
420790,45223
420791,41592
420792,46199
420793,49153
420794,44046
420795,40000
420796,40000
420797,74733
420798,47486
420799,45507
420800,40000
420801,65862
420802,57716
420803,54014
420804,89511
420805,70243
420806,40000
420807,47225
420808,40000
420809,44243
420810,85586
420811,43904
420812,56813
420813,64181
420814,56088
420815,52188
420816,40000
420817,50853
420818,40000
420819,47756
420820,88897
420821,40000
420822,55377
420823,80278
420824,51308
420825,50144
420826,49825
420827,40000
420828,42939
420829,40000
420830,40000
420831,45637
420832,70657
420833,54793
420834,40000
420835,63745
420836,58394
420837,60408
420838,45963
420839,64804
420840,43130
420841,40000
420842,51651
420843,80324
420844,46040
420845,40000
420846,64012
420847,40000
420848,40000
420849,40000
420850,40000
420851,50228
420852,67557
420853,40514
420854,74818
420855,40000
420856,43461
420857,43558
420858,70853
420859,40000
420860,67033
420861,40000
420862,49168
420863,65052
420864,49376
420865,60422
420866,40000
420867,43573
420868,67888
420869,40000
420870,41920
420871,52937
420872,73173
420873,51015
420874,69928
420875,50344
420876,66688
420877,48689
420878,40000
420879,47291
420880,64712
420881,74958
420882,40000
420883,62868
420884,53223
420885,75514
420886,42340
420887,40000
420888,40000
420889,45670
420890,40000
420891,54129
420892,63896
420893,40000
420894,60587
420895,40000
420896,40000
420897,56107
420898,66640
420899,58899
420900,55511
420901,40000
420902,40000
420903,55925
420904,41472
420905,49099
420906,62318
420907,58713
420908,40000
420909,40000
420910,41660
420911,40000
420912,64976
420913,40000
420914,40000
420915,70975
420916,40000
420917,52832
420918,40000
420919,40000
420920,40354
420921,69690
420922,78303
420923,85805
420924,81821
420925,40000
420926,62817
420927,50180
420928,40000
420929,40000
420930,40000
420931,49239
420932,51441
420933,64641
420934,44621
420935,40000
420936,40000
420937,40000
420938,96242
420939,40000
420940,47268
420941,46093
420942,40000
420943,40000
420944,70075
420945,65294
420946,60691
420947,44637
420948,40000
420949,40000
420950,40000
420951,99939
420952,67855
420953,42283
420954,40000
420955,53706
420956,57950
420957,40000
420958,40000
420959,78910
420960,66336
420961,53182
420962,48669
420963,40294
420964,83890
420965,86697
420966,55959
420967,75903
420968,97333
420969,42414
420970,51414
420971,103387
420972,62889
420973,54512
420974,40000
420975,68957
420976,61788
420977,82650
420978,40000
420979,41841
420980,54458
420981,72210
420982,40000
420983,40000
420984,53568
420985,76843
420986,45085
420987,65414
420988,60993
420989,48523
420990,40000
420991,40000
420992,53662
420993,52347
420994,61883
420995,55481
420996,67001
420997,69789
420998,74730
420999,40000
421000,40000
421001,65439
421002,66013
421003,40000
421004,40000
421005,40000
421006,40000
421007,80075
421008,40257
421009,55784
421010,84082
421011,40000
421012,40000
421013,40000
421014,49088
421015,53235
421016,40000
421017,57554
421018,42310
421019,95713
421020,48429
421021,80940
421022,67327
421023,60467
421024,40000
421025,46519
421026,51921
421027,40000
421028,81063
421029,40000
421030,87214
421031,70022
421032,45050
421033,87795
421034,51588
421035,40000
421036,57060
421037,40000
421038,47928
421039,50978
421040,56593
421041,40106
421042,53759
421043,90600
421044,40000
421045,51647
421046,53732
421047,52256
421048,60094
421049,66048
421050,53751
421051,45875
421052,46129
421053,40000
421054,52374
421055,74812
421056,44218
421057,40000
421058,56812
421059,67868
421060,40000
421061,43496
421062,93640
421063,40000
421064,40000
421065,40000
421066,40000
421067,42870
421068,40000
421069,40000
421070,78259
421071,43387
421072,65060
421073,77893
421074,72554
421075,47973
421076,46424
421077,49900
421078,86905
421079,62439
421080,40000
421081,68928
421082,44320
421083,41274
421084,74858
421085,44594
421086,40000
421087,40000
421088,77036
421089,56483
421090,40000
421091,40000
421092,52651
421093,40000
421094,53259
421095,40000
421096,40000
421097,40000
421098,47538
421099,40000
421100,46570
421101,74371
421102,40000
421103,40000
421104,49198
421105,63298
421106,40336
421107,61547
421108,82366
421109,55577
421110,40000
421111,67200
421112,50952
421113,47181
421114,69338
421115,74384
421116,40000
421117,71219
421118,40000
421119,44154
421120,40000
421121,59608
421122,51336
421123,47240
421124,40000
421125,40000
421126,40000
421127,89462
421128,64898
421129,40000
421130,65834
421131,93910
421132,40000
421133,49801
421134,47002
421135,51943
421136,40365
421137,44992
421138,59773
421139,42633
421140,51442
421141,40000
421142,74125
421143,61943
421144,40000
421145,49829
421146,53431
421147,72732
421148,66666
421149,45626
421150,53443
421151,57413
421152,64519
421153,72717
421154,80956
421155,50845
421156,64614
421157,40000
421158,40000
421159,52587
421160,66287
421161,64844
421162,40000
421163,79777
421164,78470
421165,52549
421166,42684
421167,44021
421168,81916
421169,50540
421170,40000
421171,80628
421172,56228
421173,45528
421174,96267
421175,63670
421176,43882
421177,40853
421178,40000
421179,40000
421180,96054
421181,40000
421182,58976
421183,73553
421184,68897
421185,60910
421186,52680
421187,78525
421188,40000
421189,58008
421190,78034
421191,40000
421192,48068
421193,40000
421194,40000
421195,71147
421196,61083
421197,53413
421198,40000
421199,40000
421200,58374
421201,46991
421202,57255
421203,53748
421204,40000
421205,52916
421206,71050
421207,83808
421208,59900
421209,45817
421210,69015
421211,63759
421212,42020
421213,45601
421214,40000
421215,41075
421216,50501
421217,40000
421218,46449
421219,54077
421220,82141
421221,45990
421222,88053
421223,40000
421224,85919
421225,45957
421226,40000
421227,40000
421228,40000
421229,43326
421230,41350
421231,50704
421232,68432
421233,40000
421234,61885
421235,82135
421236,40000
421237,40000
421238,40000
421239,57248
421240,40000
421241,53223
421242,40000
421243,58114
421244,49644
421245,59162
421246,40000
421247,40000
421248,49460
421249,40000
421250,62928
421251,75044
421252,40000
421253,42210
421254,40000
421255,40000
421256,60877
421257,40906
421258,53195
421259,41834
421260,40000
421261,40000
421262,74540
421263,59843
421264,66657
421265,40000
421266,40000
421267,49199
421268,40000
421269,56829
421270,45628
421271,40000
421272,69583
421273,49876
421274,55955
421275,40000
421276,50317
421277,40000
421278,55994
421279,51133
421280,69523
421281,66278
421282,72944
421283,40000
421284,58121
421285,41735
421286,40000
421287,46589
421288,67523
421289,49178
421290,77414
421291,55174
421292,73736
421293,40000
421294,90727
421295,69944
421296,40000
421297,40000
421298,40000
421299,40000
421300,40000
421301,52031
421302,45880
421303,55629
421304,46489
421305,72637
421306,42912
421307,71712
421308,40000
421309,68762
421310,40000
421311,58491
421312,40000
421313,46291
421314,87422
421315,79095
421316,40000
421317,40000
421318,40000
421319,70477
421320,45128
421321,45635
421322,45142
421323,56023
421324,40000
421325,56419
421326,40000
421327,40909
421328,44083
421329,51726
421330,63257
421331,58732
421332,45174
421333,65042
421334,46207
421335,56075
421336,57731
421337,69946
421338,62181
421339,48625
421340,40000
421341,88260
421342,91598
421343,43635
421344,74559
421345,40000
421346,70731
421347,49338
421348,40000
421349,43491
421350,61042
421351,71293
421352,40000
421353,46123
421354,40000
421355,40000
421356,42865
421357,60084
421358,49431
421359,91163
421360,53228
421361,51019
421362,81824
421363,45507
421364,82900
421365,58890
421366,52936
421367,72252
421368,40000
421369,49855
421370,62858
421371,45417
421372,40000
421373,61408
421374,40000
421375,76551
421376,64510
421377,61912
421378,69389
421379,61935
421380,46041
421381,40000
421382,40000
421383,49669
421384,40000
421385,42825
421386,57908
421387,40000
421388,74744
421389,44235
421390,62537
421391,40000
421392,40000
421393,53210
421394,43304
421395,40000
421396,41575
421397,51172
421398,58607
421399,40321
421400,40791
421401,40000
421402,80496
421403,78682
421404,40000
421405,40000
421406,67652
421407,73934
421408,41144
421409,40000
421410,47303
421411,40000
421412,49036
421413,47774
421414,40000
421415,64590
421416,56410
421417,46580
421418,82778
421419,56852
421420,60487
421421,40428
421422,40000
421423,66795
421424,42956
421425,43695
421426,42014
421427,40000
421428,40000
421429,40000
421430,54031
421431,40000
421432,66943
421433,46151
421434,42984
421435,52442
421436,40000
421437,40000
421438,41663
421439,51039
421440,65165
421441,40670
421442,70770
421443,40000
421444,43934
421445,79215
421446,40000
421447,40000
421448,41353
421449,53260
421450,58037
421451,50502
421452,85139
421453,53614
421454,64526
421455,73498
421456,40000
421457,42336
421458,40000
421459,47210
421460,40000
421461,40000
421462,52164
421463,72291
421464,40000
421465,40000
421466,57046
421467,69647
421468,49533
421469,60947
421470,40000
421471,60935
421472,40000
421473,55550
421474,59463
421475,48196
421476,77848
421477,40000
421478,60040
421479,73815
421480,40000
421481,40000
421482,82540
421483,67977
421484,40000
421485,46220
421486,40000
421487,43222
421488,40000
421489,40000
421490,40000
421491,44102
421492,49131
421493,63261
421494,54781
421495,66279
421496,40000
421497,43084
421498,58390
421499,53695
421500,40000
421501,70619
421502,72036
421503,55022
421504,59433
421505,60896
421506,53392
421507,40000
421508,77357
421509,40000
421510,64447
421511,61570
421512,66804
421513,63447
421514,40000
421515,40432
421516,40000
421517,74814
421518,40000
421519,62524
421520,40000
421521,64698
421522,43714
421523,40000
421524,60288
421525,40000
421526,45410
421527,40000
421528,47535
421529,90703
421530,73014
421531,78002
421532,40000
421533,40000
421534,43746
421535,40000
421536,45519
421537,60942
421538,79555
421539,43597
421540,82626
421541,40000
421542,88652
421543,64206
421544,88142
421545,44187
421546,50925
421547,40000
421548,40000
421549,68622
421550,40000
421551,60413
421552,40287
421553,71532
421554,40000
421555,46192
421556,44367
421557,43320
421558,40000
421559,62853
421560,52806
421561,45144
421562,69074
421563,40658
421564,45009
421565,89367
421566,51064
421567,73856
421568,49617
421569,73901
421570,83553
421571,40000
421572,49184
421573,40000
421574,45472
421575,60448
421576,52346
421577,40000
421578,40000
421579,52547
421580,79432
421581,81702
421582,52457
421583,50562
421584,56150
421585,42310
421586,47458
421587,40000
421588,73942
421589,40000
421590,46134
421591,40000
421592,40000
421593,40000
421594,40000
421595,40000
421596,74141
421597,47273
421598,70165
421599,42883
421600,61616
421601,73478
421602,61782
421603,50185
421604,40000
421605,40000
421606,49807
421607,53705
421608,40000
421609,72787
421610,75351
421611,40000
421612,71123
421613,40000
421614,80217
421615,40000
421616,61784
421617,40000
421618,49149
421619,75404
421620,51607
421621,40000
421622,40000
421623,40000
421624,53591
421625,67580
421626,58780
421627,62312
421628,60901
421629,46565
421630,40000
421631,44765
421632,55556
421633,64583
421634,40000
421635,42308
421636,51516
421637,40574
421638,40000
421639,41271
421640,50443
421641,43335
421642,40000
421643,79891
421644,49707
421645,49982
421646,50780
421647,77374
421648,40000
421649,53122
421650,62333
421651,40000
421652,51309
421653,40000
421654,63040
421655,40000
421656,47079
421657,56054
421658,59415
421659,54699
421660,79986
421661,40000
421662,40000
421663,66334
421664,42982
421665,58813
421666,60178
421667,40000
421668,40000
421669,66372
421670,50809
421671,63517
421672,68822
421673,69769
421674,63541
421675,57001
421676,56683
421677,40201
421678,43698
421679,51813
421680,40000
421681,40000
421682,48666
421683,77350
421684,42698
421685,40000
421686,73074
421687,40000
421688,74510
421689,48138
421690,41053
421691,52818
421692,48589
421693,91144
421694,46596
421695,93912
421696,40000
421697,40000
421698,77860
421699,80238
421700,97666
421701,40000
421702,40000
421703,40000
421704,78017
421705,43371
421706,56885
421707,40000
421708,40000
421709,40000
421710,40000
421711,82929
421712,40000
421713,63092
421714,48937
421715,63556
421716,41321
421717,65433
421718,82256
421719,40000
421720,40000
421721,65478
421722,71953
421723,40000
421724,40000
421725,56990
421726,40074
421727,73713
421728,57916
421729,40000
421730,60987
421731,69119
421732,40000
421733,75653
421734,72575
421735,70130
421736,40000
421737,66149
421738,66126
421739,40000
421740,73036
421741,40000
421742,40000
421743,70497
421744,80435
421745,56761
421746,40287
421747,46529
421748,40000
421749,40000
421750,40000
421751,53930
421752,40000
421753,74364
421754,40000
421755,49914
421756,50611
421757,60392
421758,80225
421759,56882
421760,74831
421761,40000
421762,77500
421763,40000
421764,41134
421765,40000
421766,78533
421767,50664
421768,68704
421769,58992
421770,42589
421771,40000
421772,50272
421773,55842
421774,57817
421775,54614
421776,40000
421777,67833
421778,60375
421779,47491
421780,42199
421781,40000
421782,55391
421783,40000
421784,40000
421785,40000
421786,40000
421787,47023
421788,40000
421789,67114
421790,49754
421791,70411
421792,40000
421793,53267
421794,40000
421795,40000
421796,61213
421797,51280
421798,40000
421799,47795
421800,60126
421801,54647
421802,61613
421803,40000
421804,57688
421805,40000
421806,40000
421807,51119
421808,40000
421809,40000
421810,50793
421811,78624
421812,73236
421813,43210
421814,42199
421815,40000
421816,40000
421817,72487
421818,40000
421819,58608
421820,40000
421821,52387
421822,55356
421823,54655
421824,57467
421825,79273
421826,41187
421827,56126
421828,40000
421829,61416
421830,58662
421831,81926
421832,40000
421833,40000
421834,65182
421835,110308
421836,43754
421837,51250
421838,40000
421839,47771
421840,48627
421841,101279
421842,57623
421843,53976
421844,52765
421845,76591
421846,51885
421847,65670
421848,79051
421849,73483
421850,47093
421851,44434
421852,61647
421853,62251
421854,54116
421855,64916
421856,47834
421857,43887
421858,48600
421859,71050
421860,49814
421861,62659
421862,40000
421863,40000
421864,40000
421865,50167
421866,49987
421867,76431
421868,66355
421869,40000
421870,48129
421871,40000
421872,52181
421873,40715
421874,40000
421875,40000
421876,40000
421877,45706
421878,53557
421879,63643
421880,79002
421881,68926
421882,50278
421883,63541
421884,40000
421885,67923
421886,56959
421887,40000
421888,40161
421889,40000
421890,40000
421891,46492
421892,62154
421893,85838
421894,90068
421895,42222
421896,40000
421897,40000
421898,40000
421899,71999
421900,40000
421901,40000
421902,40000
421903,50125
421904,55605
421905,90673
421906,40000
421907,40000
421908,54214
421909,55814
421910,62110
421911,67745
421912,40000
421913,68382
421914,59769
421915,40000
421916,55757
421917,49897
421918,59423
421919,55152
421920,40000
421921,40000
421922,55308
421923,51421
421924,70730
421925,40000
421926,40000
421927,58035
421928,64282
421929,41425
421930,78563
421931,40000
421932,40000
421933,40000
421934,40000
421935,40000
421936,40000
421937,66194
421938,41807
421939,47495
421940,40000
421941,46337
421942,40000
421943,68458
421944,44695
421945,46233
421946,73232
421947,44742
421948,64906
421949,40000
421950,40000
421951,56748
421952,62157
421953,46940
421954,40000
421955,40000
421956,76971
421957,40000
421958,61195
421959,48944
421960,52006
421961,75742
421962,40000
421963,40000
421964,49150
421965,40000
421966,57058
421967,60308
421968,58037
421969,40000
421970,43566
421971,68759
421972,40000
421973,66188
421974,47984
421975,83330
421976,64288
421977,40000
421978,44731
421979,76123
421980,51584
421981,68370
421982,40000
421983,40000
421984,40000
421985,68869
421986,63207
421987,61537
421988,40000
421989,40000
421990,65662
421991,40800
421992,57547
421993,60256
421994,52464
421995,89960
421996,67300
421997,40000
421998,75876
421999,60360
422000,40000
422001,45351
422002,40000
422003,41036
422004,49123
422005,40000
422006,58376
422007,53715
422008,40000
422009,40000
422010,53578
422011,40000
422012,45739
422013,99211
422014,40000
422015,62266
422016,40000
422017,61492
422018,40000
422019,40000
422020,54649
422021,67114
422022,49888
422023,71799
422024,40000
422025,66159
422026,81006
422027,40000
422028,53009
422029,58490
422030,40000
422031,54534
422032,40000
422033,40000
422034,55806
422035,70631
422036,40000
422037,69692
422038,42175
422039,40000
422040,40000
422041,69597
422042,67383
422043,40000
422044,74876
422045,89784
422046,68434
422047,43645
422048,40000
422049,67008
422050,40000
422051,53766
422052,40000
422053,40000
422054,42776
422055,65519
422056,44895
422057,53457
422058,59386
422059,67268
422060,74979
422061,62585
422062,40489
422063,49414
422064,50438
422065,47788
422066,40000
422067,40000
422068,40000
422069,52466
422070,40000
422071,45074
422072,46409
422073,84513
422074,71078
422075,62273
422076,40000
422077,73719
422078,40000
422079,49361
422080,40000
422081,55177
422082,40000
422083,53120
422084,116528
422085,40000
422086,85050
422087,62000
422088,40000
422089,45721
422090,45874
422091,43652
422092,66844
422093,65639
422094,40000
422095,66838
422096,52907
422097,54048
422098,53754
422099,52982
422100,42601
422101,40000
422102,63747
422103,40000
422104,40000
422105,78767
422106,40000
422107,40000
422108,40000
422109,58576
422110,40000
422111,40000
422112,62885
422113,40000
422114,87107
422115,40000
422116,40000
422117,54132
422118,40000
422119,49384
422120,40000
422121,67794
422122,40000
422123,40000
422124,40000
422125,40000
422126,65192
422127,40000
422128,68176
422129,41948
422130,40000
422131,44304
422132,47355
422133,62845
422134,44495
422135,77706
422136,40000
422137,40000
422138,57686
422139,49570
422140,53418
422141,50525
422142,40000
422143,67679
422144,40000
422145,40000
422146,40000
422147,56056
422148,45615
422149,40000
422150,40000
422151,94407
422152,49780
422153,47493
422154,69236
422155,64027
422156,67204
422157,40000
422158,42916
422159,40000
422160,57042
422161,57937
422162,70898
422163,40000
422164,56830
422165,60163
422166,40000
422167,40000
422168,68014
422169,58068
422170,64050
422171,40000
422172,61054
422173,40000
422174,40000
422175,64250
422176,59028
422177,52255
422178,49561
422179,55367
422180,61716
422181,51264
422182,59146
422183,84657
422184,40000
422185,45739
422186,40389
422187,74400
422188,75154
422189,40000
422190,66100
422191,40000
422192,54215
422193,68794
422194,53822
422195,69196
422196,71603
422197,50355
422198,40000
422199,62239
422200,44823
422201,67059
422202,69324
422203,40000
422204,62410
422205,55289
422206,50759
422207,40000
422208,40000
422209,40000
422210,40000
422211,40000
422212,70675
422213,65059
422214,40000
422215,58617
422216,52334
422217,44658
422218,40000
422219,40000
422220,64735
422221,40000
422222,40000
422223,40000
422224,40000
422225,52432
422226,41402
422227,40000
422228,40277
422229,40000
422230,40000
422231,40000
422232,50702
422233,43699
422234,49738
422235,70376
422236,40000
422237,59927
422238,79635
422239,41512
422240,59247
422241,40000
422242,46761
422243,65894
422244,53347
422245,51953
422246,57119
422247,40000
422248,69150
422249,40000
422250,40000
422251,43026
422252,40000
422253,70859
422254,40000
422255,50718
422256,56915
422257,92604
422258,64238
422259,45881
422260,58494
422261,81144
422262,60040
422263,40000
422264,40000
422265,54492
422266,40000
422267,60279
422268,47991
422269,51109
422270,83100
422271,62477
422272,51130
422273,58182
422274,45353
422275,72589
422276,40000
422277,50239
422278,51409
422279,46881
422280,40000
422281,44733
422282,59202
422283,40000
422284,60337
422285,40000
422286,59125
422287,53573
422288,65024
422289,45766
422290,40000
422291,40000
422292,82031
422293,68092
422294,48096
422295,40000
422296,58913
422297,52602
422298,40000
422299,41768
422300,45309
422301,81276
422302,43789
422303,58631
422304,50344
422305,42164
422306,40575
422307,40000
422308,42976
422309,40000
422310,113655
422311,44981
422312,58067
422313,40000
422314,44059
422315,75376
422316,40000
422317,85636
422318,40000
422319,40000
422320,59543
422321,55344
422322,53302
422323,40000
422324,40000
422325,46445
422326,40000
422327,40000
422328,54580
422329,40000
422330,56068
422331,40000
422332,40000
422333,52200
422334,55370
422335,47434
422336,40000
422337,51036
422338,94929
422339,40000
422340,58027
422341,41008
422342,77832
422343,77055
422344,57290
422345,55953
422346,40000
422347,40000
422348,67777
422349,64536
422350,113803
422351,40000
422352,43635
422353,101061
422354,50932
422355,64568
422356,65737
422357,63001
422358,65780
422359,41108
422360,40000
422361,54532
422362,67536
422363,90373
422364,54785
422365,60456
422366,109888
422367,40000
422368,61829
422369,40000
422370,49456
422371,84990
422372,46233
422373,40000
422374,40000
422375,40000
422376,66071
422377,51858
422378,40000
422379,43675
422380,40000
422381,60204
422382,49627
422383,40000
422384,40000
422385,44074
422386,56255
422387,65671
422388,61101
422389,67186
422390,40000
422391,40000
422392,51693
422393,56442
422394,70959
422395,95471
422396,53251
422397,68560
422398,40915
422399,40000
422400,40000
422401,67361
422402,40000
422403,40000
422404,53571
422405,41271
422406,55863
422407,40000
422408,75750
422409,55542
422410,45727
422411,57823
422412,50690
422413,58228
422414,65767
422415,40000
422416,53195
422417,40000
422418,83396
422419,42264
422420,40000
422421,58133
422422,40000
422423,44934
422424,55265
422425,74930
422426,40000
422427,44162
422428,55631
422429,56682
422430,66881
422431,40000
422432,40000
422433,71540
422434,49205
422435,40000
422436,40049
422437,58744
422438,55478
422439,59662
422440,40000
422441,50612
422442,54583
422443,40000
422444,87538
422445,40000
422446,66752
422447,46295
422448,74097
422449,52929
422450,40000
422451,46911
422452,95666
422453,55055
422454,80226
422455,60809
422456,49049
422457,40000
422458,70910
422459,74188
422460,40000
422461,40000
422462,67635
422463,42331
422464,64951
422465,40000
422466,50239
422467,62112
422468,51919
422469,46473
422470,76640
422471,109568
422472,40000
422473,41156
422474,53737
422475,40000
422476,40000
422477,93297
422478,50548
422479,60923
422480,40000
422481,40000
422482,84238
422483,40518
422484,46581
422485,40000
422486,40000
422487,40000
422488,48190
422489,67855
422490,50774
422491,57410
422492,40000
422493,40000
422494,61682
422495,62061
422496,53231
422497,48272
422498,40000
422499,40000
422500,64432
422501,70060
422502,52758
422503,45558
422504,40000
422505,41267
422506,46464
422507,40000
422508,41086
422509,40000
422510,74600
422511,80982
422512,40000
422513,48172
422514,40000
422515,47456
422516,40000
422517,40000
422518,40000
422519,59860
422520,40000
422521,68450
422522,51808
422523,81581
422524,59132
422525,59713
422526,58832
422527,40000
422528,75503
422529,59441
422530,65783
422531,40000
422532,49466
422533,58247
422534,40000
422535,81429
422536,40000
422537,44677
422538,93473
422539,40000
422540,60409
422541,65729
422542,76644
422543,40000
422544,40000
422545,40000
422546,67870
422547,40000
422548,91425
422549,58896
422550,47319
422551,58427
422552,64135
422553,46081
422554,66365
422555,68677
422556,40000
422557,40000
422558,111076
422559,54922
422560,63218
422561,40000
422562,40000
422563,40000
422564,40000
422565,45868
422566,40299
422567,42970
422568,42065
422569,56969
422570,40000
422571,52095
422572,40000
422573,55683
422574,46727
422575,81084
422576,49426
422577,40000
422578,50663
422579,75197
422580,72150
422581,70827
422582,47364
422583,40000
422584,40000
422585,74886
422586,43376
422587,40000
422588,40000
422589,40000
422590,59305
422591,40000
422592,82468
422593,48609
422594,44739
422595,47306
422596,40000
422597,55927
422598,40000
422599,43995
422600,52807
422601,53961
422602,40000
422603,49296
422604,45402
422605,40000
422606,40000
422607,43438
422608,75301
422609,52820
422610,40000
422611,55738
422612,61815
422613,40000
422614,40000
422615,74420
422616,46993
422617,95328
422618,64322
422619,75785
422620,40000
422621,53210
422622,40000
422623,62193
422624,65451
422625,40000
422626,40000
422627,67608
422628,54014
422629,57698
422630,65047
422631,54616
422632,49118
422633,67824
422634,71881
422635,40000
422636,69678
422637,62227
422638,57733
422639,40820
422640,40000
422641,68857
422642,50659
422643,89631
422644,40000
422645,52376
422646,42939
422647,60314
422648,84806
422649,55289
422650,73379
422651,70217
422652,54415
422653,40000
422654,40000
422655,51073
422656,73247
422657,41157
422658,45200
422659,89525
422660,49622
422661,40000
422662,76864
422663,50023
422664,70389
422665,87550
422666,58394
422667,52461
422668,52468
422669,40000
422670,64296
422671,56085
422672,40000
422673,58194
422674,40570
422675,78398
422676,40000
422677,40000
422678,40000
422679,40000
422680,68879
422681,55886
422682,54906
422683,65115
422684,54879
422685,71169
422686,51388
422687,56297
422688,41890
422689,40000
422690,40000
422691,40000
422692,51994
422693,107739
422694,40000
422695,80411
422696,85003
422697,74393
422698,97610
422699,70521
422700,40000
422701,40000
422702,61324
422703,40975
422704,40000
422705,40000
422706,66675
422707,63184
422708,40000
422709,76305
422710,40000
422711,47242
422712,45594
422713,69769
422714,76553
422715,87635
422716,83380
422717,50504
422718,40000
422719,40888
422720,69787
422721,48546
422722,67132
422723,53109
422724,55392
422725,40000
422726,55299
422727,40000
422728,40000
422729,40956
422730,40000
422731,81816
422732,47380
422733,40000
422734,72252
422735,40000
422736,40000
422737,40000
422738,50381
422739,58736
422740,96342
422741,60733
422742,43648
422743,40000
422744,42396
422745,68990
422746,67892
422747,51534
422748,40000
422749,40000
422750,40000
422751,57006
422752,40000
422753,49012
422754,40000
422755,97329
422756,40000
422757,40891
422758,40000
422759,51591
422760,75800
422761,50546
422762,76218
422763,44796
422764,40000
422765,51843
422766,74083
422767,67925
422768,40000
422769,40000
422770,49458
422771,41767
422772,59771
422773,40000
422774,56846
422775,40000
422776,49799
422777,40000
422778,76011
422779,50729
422780,40000
422781,40000
422782,76359
422783,40000
422784,73674
422785,77267
422786,48426
422787,40000
422788,71372
422789,41079
422790,55719
422791,40000
422792,48027
422793,40000
422794,53627
422795,40000
422796,45186
422797,40000
422798,47170
422799,40132
422800,40000
422801,46918
422802,78996
422803,56033
422804,86942
422805,40000
422806,40000
422807,51663
422808,40000
422809,58365
422810,60401
422811,40000
422812,53423
422813,66665
422814,40000
422815,40000
422816,59758
422817,51873
422818,78849
422819,71914
422820,77792
422821,40000
422822,40000
422823,59137
422824,40000
422825,71961
422826,58393
422827,55108
422828,69963
422829,40000
422830,40000
422831,54603
422832,50266
422833,53512
422834,44231
422835,47536
422836,46977
422837,65750
422838,40000
422839,40000
422840,40000
422841,47871
422842,49883
422843,40000
422844,55010
422845,43540
422846,40000
422847,42281
422848,40000
422849,42031
422850,84355
422851,72311
422852,73939
422853,40000
422854,53923
422855,61554
422856,48412
422857,65376
422858,48194
422859,73570
422860,81645
422861,40000
422862,52244
422863,40770
422864,56690
422865,40000
422866,40000
422867,85761
422868,71230
422869,40000
422870,80980
422871,40000
422872,41153
422873,97451
422874,53344
422875,50331
422876,51575
422877,40000
422878,46300
422879,61815
422880,40000
422881,90732
422882,70521
422883,57894
422884,80404
422885,56204
422886,40000
422887,104640
422888,40000
422889,85432
422890,79599
422891,49019
422892,40000
422893,79406
422894,49226
422895,52738
422896,52786
422897,49543
422898,40000
422899,40000
422900,73602
422901,56516
422902,45951
422903,40700
422904,100704
422905,62079
422906,71514
422907,40371
422908,42687
422909,40000
422910,75231
422911,56920
422912,54923
422913,44227
422914,76590
422915,68302
422916,50822
422917,58570
422918,40000
422919,56521
422920,40000
422921,51300
422922,43097
422923,59782
422924,40000
422925,40000
422926,53843
422927,68913
422928,80334
422929,40000
422930,61896
422931,40000
422932,62757
422933,45578
422934,59996
422935,61990
422936,56923
422937,56733
422938,64405
422939,40000
422940,40146
422941,40000
422942,81407
422943,72437
422944,69200
422945,47516
422946,75115
422947,40000
422948,54148
422949,40000
422950,52871
422951,42162
422952,71380
422953,81616
422954,40000
422955,40000
422956,40000
422957,55760
422958,40000
422959,40000
422960,40000
422961,47881
422962,52891
422963,71373
422964,40000
422965,69770
422966,61436
422967,44142
422968,43278
422969,55823
422970,71534
422971,92685
422972,66950
422973,40000
422974,69613
422975,69389
422976,40821
422977,41409
422978,40000
422979,60520
422980,44004
422981,58071
422982,53122
422983,45641
422984,40000
422985,60248
422986,40000
422987,45476
422988,40000
422989,48215
422990,40000
422991,65152
422992,65977
422993,62235
422994,40000
422995,43407
422996,76019
422997,40000
422998,63786
422999,44803
423000,40000
423001,42208
423002,40000
423003,40388
423004,50551
423005,68331
423006,50973
423007,40000
423008,40000
423009,56475
423010,66167
423011,40000
423012,40000
423013,55408
423014,78561
423015,46410
423016,62417
423017,40000
423018,70027
423019,40000
423020,62884
423021,52867
423022,40000
423023,47936
423024,40000
423025,43653
423026,53542
423027,70489
423028,54431
423029,40000
423030,40544
423031,40000
423032,71261
423033,62972
423034,75521
423035,57840
423036,40000
423037,40000
423038,60743
423039,68083
423040,48018
423041,47298
423042,69692
423043,48786
423044,71609
423045,40000
423046,40000
423047,63894
423048,40000
423049,62561
423050,63954
423051,42580
423052,83471
423053,74616
423054,40000
423055,75361
423056,56687
423057,40000
423058,40000
423059,64326
423060,40000
423061,40000
423062,65844
423063,40000
423064,40000
423065,40000
423066,85156
423067,40000
423068,46650
423069,40000
423070,81629
423071,40000
423072,79355
423073,66187
423074,66920
423075,48545
423076,63512
423077,40000
423078,40000
423079,60858
423080,48791
423081,40000
423082,40000
423083,40000
423084,44414
423085,57695
423086,40000
423087,64166
423088,54605
423089,40000
423090,40000
423091,58943
423092,40000
423093,88702
423094,55944
423095,48064
423096,40000
423097,62324
423098,40000
423099,40000
423100,40000
423101,65790
423102,40000
423103,62518
423104,40000
423105,40000
423106,40000
423107,49233
423108,42286
423109,40209
423110,71821
423111,58510
423112,78320
423113,42984
423114,50452
423115,40000
423116,40000
423117,50863
423118,59024
423119,61049
423120,61375
423121,88508
423122,96890
423123,46696
423124,40000
423125,78140
423126,41751
423127,40000
423128,46539
423129,58187
423130,50239
423131,46239
423132,66143
423133,73632
423134,80725
423135,42650
423136,40000
423137,55552
423138,40000
423139,40000
423140,40000
423141,49125
423142,86908
423143,71948
423144,40000
423145,93498
423146,40675
423147,46967
423148,46877
423149,40000
423150,40000
423151,49455
423152,79577
423153,59948
423154,40000
423155,44479
423156,40000
423157,43380
423158,48236
423159,54303
423160,71038
423161,69456
423162,62990
423163,101493
423164,74803
423165,47669
423166,40000
423167,72574
423168,41265
423169,41174
423170,46024
423171,60469
423172,40000
423173,68766
423174,40000
423175,40307
423176,56402
423177,52015
423178,71120
423179,46487
423180,87638
423181,40000
423182,45451
423183,45246
423184,40000
423185,40000
423186,41824
423187,40000
423188,69575
423189,67975
423190,52234
423191,40000
423192,40309
423193,81850
423194,95703
423195,71737
423196,40000
423197,49687
423198,63237
423199,45893
423200,40000
423201,47713
423202,53437
423203,64064
423204,64505
423205,40000
423206,59237
423207,66683
423208,58830
423209,62616
423210,51142
423211,58738
423212,40000
423213,49719
423214,67902
423215,40000
423216,40000
423217,77300
423218,40000
423219,53612
423220,60165
423221,90279
423222,42425
423223,49810
423224,54893
423225,40000
423226,42768
423227,57489
423228,81000
423229,40021
423230,40000
423231,63765
423232,65760
423233,42894
423234,66055
423235,40000
423236,102663
423237,40000
423238,60146
423239,54761
423240,50920
423241,40000
423242,64126
423243,51345
423244,61795
423245,40000
423246,41268
423247,41240
423248,74350
423249,40000
423250,40000
423251,79892
423252,43482
423253,64124
423254,40000
423255,64191
423256,40000
423257,40000
423258,98602
423259,40000
423260,47090
423261,58345
423262,40000
423263,57501
423264,40000
423265,70149
423266,64155
423267,40000
423268,40000
423269,40000
423270,40000
423271,51525
423272,64489
423273,98428
423274,75557
423275,41956
423276,54692
423277,47345
423278,56382
423279,55911
423280,40513
423281,40000
423282,40000
423283,40000
423284,40000
423285,40000
423286,81037
423287,52640
423288,43747
423289,40000
423290,41614
423291,40000
423292,74681
423293,66169
423294,54186
423295,82334
423296,53565
423297,47308
423298,67157
423299,40000
423300,46642
423301,40000
423302,40000
423303,56860
423304,43710
423305,46163
423306,60923
423307,40000
423308,40000
423309,49161
423310,59780
423311,45956
423312,40000
423313,40000
423314,79403
423315,46347
423316,54343
423317,70548
423318,73044
423319,55281
423320,48844
423321,40000
423322,65236
423323,40000
423324,40000
423325,51994
423326,40000
423327,79684
423328,54442
423329,52254
423330,66788
423331,40000
423332,40000
423333,56644
423334,40000
423335,40000
423336,41314
423337,62227
423338,70948
423339,55488
423340,57591
423341,68945
423342,70454
423343,61872
423344,40999
423345,40000
423346,67163
423347,79810
423348,61624
423349,40000
423350,45927
423351,40000
423352,71433
423353,40000
423354,44190
423355,40000
423356,40000
423357,46962
423358,40000
423359,48051
423360,83383
423361,72603
423362,40000
423363,50431
423364,45789
423365,88979
423366,55283
423367,41600
423368,40000
423369,40000
423370,67186
423371,77278
423372,49773
423373,75594
423374,40000
423375,53443
423376,59261
423377,48000
423378,41106
423379,40000
423380,40000
423381,40000
423382,59037
423383,48404
423384,49462
423385,58423
423386,47637
423387,40000
423388,69186
423389,40000
423390,40000
423391,98758
423392,40000
423393,40000
423394,43768
423395,58666
423396,46026
423397,46190
423398,55638
423399,40000
423400,40000
423401,40000
423402,40000
423403,58752
423404,53494
423405,75219
423406,40000
423407,40000
423408,40000
423409,46002
423410,81154
423411,45236
423412,40000
423413,40000
423414,40000
423415,40000
423416,40000
423417,40000
423418,42093
423419,69709
423420,40000
423421,53186
423422,40000
423423,63193
423424,76801
423425,68763
423426,63753
423427,41682
423428,50215
423429,40000
423430,40000
423431,40000
423432,55435
423433,59454
423434,91354
423435,67220
423436,75548
423437,60499
423438,49996
423439,44047
423440,91512
423441,58570
423442,72891
423443,40000
423444,63793
423445,56397
423446,40000
423447,40000
423448,70333
423449,40000
423450,40000
423451,73012
423452,40000
423453,40000
423454,40000
423455,55734
423456,57567
423457,50989
423458,51969
423459,47683
423460,53935
423461,42509
423462,40000
423463,76930
423464,42039
423465,61038
423466,40000
423467,40000
423468,40000
423469,49777
423470,59945
423471,40000
423472,52660
423473,68407
423474,40445
423475,40000
423476,63542
423477,42453
423478,80311
423479,52403
423480,44750
423481,40000
423482,52092
423483,40000
423484,57537
423485,40726
423486,49147
423487,52823
423488,40000
423489,79105
423490,45389
423491,40000
423492,40000
423493,40000
423494,41720
423495,48863
423496,50329
423497,43397
423498,61852
423499,69398
423500,61957
423501,56449
423502,60383
423503,40000
423504,40519
423505,42812
423506,40000
423507,43252
423508,67667
423509,63552
423510,48318
423511,58049
423512,40000
423513,46469
423514,40000
423515,49230
423516,52784
423517,48857
423518,40000
423519,40000
423520,47444
423521,83041
423522,67342
423523,79484
423524,42301
423525,68571
423526,67392
423527,52328
423528,50810
423529,54486
423530,40000
423531,50023
423532,66880
423533,48579
423534,48832
423535,62295
423536,43428
423537,40000
423538,71692
423539,40000
423540,40000
423541,40000
423542,47284
423543,43954
423544,40000
423545,46915
423546,63772
423547,45471
423548,40000
423549,54053
423550,59450
423551,69579
423552,63924
423553,40000
423554,40000
423555,40491
423556,40000
423557,40000
423558,40000
423559,43541
423560,73130
423561,61333
423562,94615
423563,67977
423564,93772
423565,49137
423566,45218
423567,76608
423568,65169
423569,40000
423570,40000
423571,46661
423572,40000
423573,48424
423574,62212
423575,72052
423576,47910
423577,40000
423578,49815
423579,66609
423580,57740
423581,40000
423582,66846
423583,71588
423584,44670
423585,40000
423586,40000
423587,59686
423588,73079
423589,63352
423590,54935
423591,41398
423592,79571
423593,70083
423594,63277
423595,82817
423596,61704
423597,43171
423598,59784
423599,40000
423600,54263
423601,40000
423602,69561
423603,46824
423604,40000
423605,64881
423606,40000
423607,41922
423608,66965
423609,40000
423610,40000
423611,53767
423612,43315
423613,51211
423614,54699
423615,41439
423616,47549
423617,89991
423618,45721
423619,52184
423620,40000
423621,41062
423622,70796
423623,49610
423624,40000
423625,40000
423626,40000
423627,50588
423628,65785
423629,55469
423630,77507
423631,40000
423632,46103
423633,51147
423634,86103
423635,40000
423636,40000
423637,55162
423638,51594
423639,40000
423640,58553
423641,63341
423642,43457
423643,40000
423644,45114
423645,72246
423646,64086
423647,44586
423648,43299
423649,82991
423650,46343
423651,40000
423652,40000
423653,40000
423654,54195
423655,63400
423656,82780
423657,61691
423658,68154
423659,48411
423660,40000
423661,40000
423662,40000
423663,40000
423664,54164
423665,60577
423666,75714
423667,51570
423668,40000
423669,54553
423670,64019
423671,40000
423672,52184
423673,40000
423674,40000
423675,57787
423676,56372
423677,54252
423678,40000
423679,40000
423680,64063
423681,40000
423682,40828
423683,40000
423684,40000
423685,41604
423686,47693
423687,46895
423688,95153
423689,40000
423690,40000
423691,56718
423692,67992
423693,40380
423694,43125
423695,40000
423696,40000
423697,40000
423698,40000
423699,40000
423700,55563
423701,41162
423702,76910
423703,50924
423704,40000
423705,45707
423706,44259
423707,51700
423708,40000
423709,40000
423710,70950
423711,40000
423712,82279
423713,72874
423714,40001
423715,98299
423716,44150
423717,51279
423718,42983
423719,59146
423720,62024
423721,48699
423722,40000
423723,42700
423724,40000
423725,68056
423726,41610
423727,43706
423728,40000
423729,48234
423730,40681
423731,40000
423732,40262
423733,54721
423734,40000
423735,62639
423736,63759
423737,40000
423738,40000
423739,46744
423740,46599
423741,40000
423742,40000
423743,54028
423744,40000
423745,57790
423746,40000
423747,65751
423748,44587
423749,67938
423750,44511
423751,64510
423752,81994
423753,55466
423754,57945
423755,65625
423756,40000
423757,43017
423758,48518
423759,40000
423760,45168
423761,40000
423762,40000
423763,58391
423764,60492
423765,40000
423766,40000
423767,65346
423768,48459
423769,78937
423770,76292
423771,56456
423772,40000
423773,40000
423774,64139
423775,52677
423776,40000
423777,49378
423778,40000
423779,61265
423780,43496
423781,40000
423782,62886
423783,40000
423784,49337
423785,40000
423786,50814
423787,40000
423788,49374
423789,50605
423790,40000
423791,40000
423792,65540
423793,110153
423794,81595
423795,58458
423796,69190
423797,63707
423798,75443
423799,75124
423800,48228
423801,40000
423802,40000
423803,40000
423804,40000
423805,40000
423806,40000
423807,40000
423808,40272
423809,84812
423810,42969
423811,40000
423812,68825
423813,48908
423814,40000
423815,63175
423816,47609
423817,65224
423818,40000
423819,71751
423820,40000
423821,44284
423822,62942
423823,40000
423824,56503
423825,40000
423826,51244
423827,40000
423828,40000
423829,40805
423830,66576
423831,46821
423832,40000
423833,44790
423834,50109
423835,70979
423836,40000
423837,40000
423838,46685
423839,40000
423840,62022
423841,88105
423842,48650
423843,58956
423844,53842
423845,40000
423846,40000
423847,80186
423848,54650
423849,52134
423850,40000
423851,73606
423852,52164
423853,70063
423854,40000
423855,52362
423856,78789
423857,71094
423858,47107
423859,40000
423860,47440
423861,40000
423862,48045
423863,86252
423864,73611
423865,40000
423866,70539
423867,40000
423868,60257
423869,56641
423870,41200
423871,69367
423872,54399
423873,55422
423874,61697
423875,74022
423876,40000
423877,40000
423878,40000
423879,65471
423880,92046
423881,45490
423882,69398
423883,40000
423884,40000
423885,40000
423886,40000
423887,51502
423888,47047
423889,64847
423890,80863
423891,47333
423892,40000
423893,40000
423894,40000
423895,53846
423896,42460
423897,90298
423898,42338
423899,66084
423900,40000
423901,65626
423902,67097
423903,40000
423904,48013
423905,53142
423906,52696
423907,65233
423908,101796
423909,54972
423910,40000
423911,40000
423912,49566
423913,88119
423914,44931
423915,93659
423916,40000
423917,40000
423918,71200
423919,40000
423920,40000
423921,73710
423922,40000
423923,96001
423924,73858
423925,40000
423926,40000
423927,49015
423928,40000
423929,40000
423930,40000
423931,52057
423932,60555
423933,55418
423934,40000
423935,46664
423936,52631
423937,79887
423938,40000
423939,40000
423940,41797
423941,40000
423942,40000
423943,44845
423944,40000
423945,59777
423946,40000
423947,40000
423948,40000
423949,68794
423950,91669
423951,63745
423952,58427
423953,58472
423954,45051
423955,52789
423956,61904
423957,40808
423958,40000
423959,42940
423960,53244
423961,44059
423962,65114
423963,71515
423964,40000
423965,54668
423966,62812
423967,40000
423968,53640
423969,40000
423970,63503
423971,40000
423972,40000
423973,62859
423974,49781
423975,85258
423976,40000
423977,49071
423978,85863
423979,40000
423980,52083
423981,62366
423982,42626
423983,54342
423984,54615
423985,40000
423986,40000
423987,40000
423988,89609
423989,40000
423990,40000
423991,40000
423992,60921
423993,40000
423994,46960
423995,40000
423996,53278
423997,40000
423998,40000
423999,72777
424000,40000
424001,47905
424002,40000
424003,40000
424004,40000
424005,76261
424006,67050
424007,76996
424008,59978
424009,64753
424010,40000
424011,51247
424012,40000
424013,41574
424014,42304
424015,40000
424016,50650
424017,40000
424018,41285
424019,52923
424020,56801
424021,63853
424022,70104
424023,40000
424024,40920
424025,45731
424026,41689
424027,49909
424028,40000
424029,59937
424030,86524
424031,54290
424032,40000
424033,67167
424034,72943
424035,68727
424036,40481
424037,53101
424038,40000
424039,76357
424040,40000
424041,48182
424042,101397
424043,53568
424044,47104
424045,76074
424046,40000
424047,77440
424048,40000
424049,59105
424050,52447
424051,40000
424052,85444
424053,40000
424054,50804
424055,83241
424056,40000
424057,74759
424058,77858
424059,40000
424060,73686
424061,58694
424062,71224
424063,61097
424064,40000
424065,49428
424066,40058
424067,40000
424068,40000
424069,80167
424070,40000
424071,70186
424072,64099
424073,47537
424074,40000
424075,40000
424076,57910
424077,73874
424078,40000
424079,59487
424080,46394
424081,61369
424082,51592
424083,61829
424084,87141
424085,40000
424086,87224
424087,58050
424088,49357
424089,48938
424090,49218
424091,76366
424092,40000
424093,72813
424094,50243
424095,46258
424096,40000
424097,53073
424098,64969
424099,58275
424100,40000
424101,40096
424102,40000
424103,47426
424104,40000
424105,40000
424106,40652
424107,40000
424108,40000
424109,84796
424110,40000
424111,45539
424112,43687
424113,72246
424114,85929
424115,51720
424116,40000
424117,40000
424118,62633
424119,40000
424120,54551
424121,40000
424122,45021
424123,74869
424124,62726
424125,89989
424126,40000
424127,49463
424128,87597
424129,53489
424130,46724
424131,40000
424132,53955
424133,41621
424134,44117
424135,40000
424136,98205
424137,41247
424138,40000
424139,50453
424140,40000
424141,40000
424142,56332
424143,40000
424144,46805
424145,73383
424146,58999
424147,49185
424148,56620
424149,43446
424150,67017
424151,40000
424152,78923
424153,60127
424154,67086
424155,44783
424156,59323
424157,40000
424158,62408
424159,76319
424160,52439
424161,40000
424162,70298
424163,40000
424164,50752
424165,40000
424166,40000
424167,44506
424168,69013
424169,80236
424170,54986
424171,40150
424172,59389
424173,40000
424174,56204
424175,83756
424176,68274
424177,64857
424178,74189
424179,53829
424180,51335
424181,40000
424182,40000
424183,40000
424184,40000
424185,40000
424186,54207
424187,44064
424188,49445
424189,40637
424190,46661
424191,40000
424192,63972
424193,45591
424194,40000
424195,71403
424196,40000
424197,40000
424198,40000
424199,61456
424200,40000
424201,43303
424202,41250
424203,54862
424204,40000
424205,40000
424206,68467
424207,58824
424208,45924
424209,43766
424210,50282
424211,66442
424212,47799
424213,68693
424214,70572
424215,48689
424216,40000
424217,48474
424218,40000
424219,40000
424220,40740
424221,40000
424222,40000
424223,57161
424224,45446
424225,115739
424226,79566
424227,48421
424228,64203
424229,41524
424230,50865
424231,63696
424232,40000
424233,53433
424234,47800
424235,51491
424236,40000
424237,45824
424238,40000
424239,61790
424240,54848
424241,40000
424242,71455
424243,40000
424244,60079
424245,40000
424246,63946
424247,40325
424248,70894
424249,49486
424250,63665
424251,47171
424252,68295
424253,52168
424254,77177
424255,40000
424256,40000
424257,76387
424258,40000
424259,60122
424260,40000
424261,40000
424262,40000
424263,81041
424264,40000
424265,40000
424266,59318
424267,51215
424268,79820
424269,49650
424270,60678
424271,47740
424272,84579
424273,62763
424274,43970
424275,80318
424276,40000
424277,88528
424278,51249
424279,77257
424280,40000
424281,40000
424282,51551
424283,40000
424284,47092
424285,40000
424286,75656
424287,40956
424288,77175
424289,58608
424290,40252
424291,40000
424292,40000
424293,40000
424294,54347
424295,63554
424296,91640
424297,60522
424298,77990
424299,51165
424300,40000
424301,40000
424302,48674
424303,48296
424304,40000
424305,40000
424306,58678
424307,63628
424308,40000
424309,54689
424310,40000
424311,69361
424312,57007
424313,40000
424314,61364
424315,40000
424316,54288
424317,40000
424318,40000
424319,43258
424320,81092
424321,40000
424322,49197
424323,44412
424324,40000
424325,40000
424326,40000
424327,50952
424328,40000
424329,40000
424330,55097
424331,40000
424332,40000
424333,52087
424334,55988
424335,47827
424336,40000
424337,75109
424338,40000
424339,41586
424340,53047
424341,49550
424342,40000
424343,54714
424344,64174
424345,40000
424346,40000
424347,56694
424348,60471
424349,84483
424350,44336
424351,40000
424352,40000
424353,54144
424354,48093
424355,65532
424356,40000
424357,71715
424358,40000
424359,45050
424360,62058
424361,45136
424362,41966
424363,43842
424364,53035
424365,46930
424366,69823
424367,56043
424368,40000
424369,62101
424370,66929
424371,42121
424372,55845
424373,42091
424374,40000
424375,40000
424376,55417
424377,45388
424378,58976
424379,40000
424380,44696
424381,53872
424382,56089
424383,53893
424384,52259
424385,54269
424386,54380
424387,40000
424388,40000
424389,83216
424390,40000
424391,64219
424392,81056
424393,40000
424394,40000
424395,63076
424396,46089
424397,42384
424398,40000
424399,40000
424400,76983
424401,52770
424402,40000
424403,64066
424404,60718
424405,59444
424406,54050
424407,43726
424408,40000
424409,50951
424410,49110
424411,69376
424412,40000
424413,52870
424414,40000
424415,80818
424416,47664
424417,93078
424418,46737
424419,41440
424420,65847
424421,40000
424422,40000
424423,40000
424424,80915
424425,68543
424426,88994
424427,40555
424428,53998
424429,40000
424430,43184
424431,40000
424432,40000
424433,50593
424434,40000
424435,43968
424436,40000
424437,40000
424438,104215
424439,60154
424440,83981
424441,51248
424442,55194
424443,40000
424444,52432
424445,40000
424446,40000
424447,89547
424448,44111
424449,58921
424450,42622
424451,63277
424452,59125
424453,65609
424454,78291
424455,42186
424456,40000
424457,51173
424458,57290
424459,72720
424460,69830
424461,64241
424462,40000
424463,63114
424464,64967
424465,62781
424466,73773
424467,77643
424468,47326
424469,40000
424470,41979
424471,50759
424472,50965
424473,66051
424474,40464
424475,40000
424476,51599
424477,40000
424478,62854
424479,45043
424480,89239
424481,61410
424482,40000
424483,49552
424484,48999
424485,43574
424486,55306
424487,48257
424488,44523
424489,43905
424490,49892
424491,68978
424492,40000
424493,40000
424494,41149
424495,71189
424496,41752
424497,40000
424498,57868
424499,40000
424500,58558
424501,85000
424502,40526
424503,40520
424504,57249
424505,44102
424506,40000
424507,40000
424508,40000
424509,40000
424510,62076
424511,80155
424512,55908
424513,62633
424514,40000
424515,40000
424516,47477
424517,86310
424518,40755
424519,55918
424520,40000
424521,71565
424522,65799
424523,54738
424524,49608
424525,74528
424526,40797
424527,52404
424528,59828
424529,40000
424530,44306
424531,81351
424532,49269
424533,41921
424534,41586
424535,40000
424536,46836
424537,46481
424538,51318
424539,51117
424540,54243
424541,40000
424542,40000
424543,43486
424544,45192
424545,54985
424546,46275
424547,49515
424548,40000
424549,50593
424550,50672
424551,77654
424552,40000
424553,57128
424554,40000
424555,69501
424556,40000
424557,43943
424558,40000
424559,53287
424560,45275
424561,41316
424562,40000
424563,53767
424564,79229
424565,78517
424566,40773
424567,41414
424568,40000
424569,67193
424570,59705
424571,54906
424572,40000
424573,50783
424574,79822
424575,47734
424576,40000
424577,67569
424578,40000
424579,44672
424580,40000
424581,58774
424582,40000
424583,68395
424584,49152
424585,79373
424586,44993
424587,54324
424588,56464
424589,40000
424590,47428
424591,79558
424592,42521
424593,67221
424594,40000
424595,49528
424596,40000
424597,41744
424598,40000
424599,52760
424600,56291
424601,81443
424602,40000
424603,76363
424604,62131
424605,66557
424606,40000
424607,61756
424608,40000
424609,51993
424610,40000
424611,40000
424612,49073
424613,71034
424614,57714
424615,40000
424616,65231
424617,42622
424618,40000
424619,44692
424620,68534
424621,45342
424622,60077
424623,72891
424624,75224
424625,50453
424626,78496
424627,63618
424628,57897
424629,54639
424630,40000
424631,40000
424632,50636
424633,67346
424634,64999
424635,40000
424636,40000
424637,50303
424638,55824
424639,73615
424640,92675
424641,40000
424642,40000
424643,40000
424644,65002
424645,54931
424646,40000
424647,51682
424648,40347
424649,63260
424650,40000
424651,43935
424652,40000
424653,66018
424654,67018
424655,68750
424656,60030
424657,40000
424658,43528
424659,40000
424660,40000
424661,64550
424662,53426
424663,40000
424664,62219
424665,89865
424666,70852
424667,40000
424668,40000
424669,40000
424670,70289
424671,45339
424672,62052
424673,84224
424674,43472
424675,69301
424676,54333
424677,75929
424678,40000
424679,40000
424680,53522
424681,40000
424682,78562
424683,43742
424684,40108
424685,44053
424686,81503
424687,40000
424688,52535
424689,62937
424690,42419
424691,40000
424692,40000
424693,40000
424694,54078
424695,77882
424696,64571
424697,40000
424698,61938
424699,48979
424700,40000
424701,49743
424702,58350
424703,40265
424704,40000
424705,82508
424706,55271
424707,40000
424708,63925
424709,40000
424710,51349
424711,43711
424712,58956
424713,57127
424714,40000
424715,40565
424716,40000
424717,46232
424718,63199
424719,48809
424720,49041
424721,40244
424722,40000
424723,56586
424724,40000
424725,76090
424726,49231
424727,58075
424728,40000
424729,40000
424730,67750
424731,75810
424732,41982
424733,42224
424734,56812
424735,40172
424736,58986
424737,40000
424738,45882
424739,104877
424740,40000
424741,41655
424742,43262
424743,57910
424744,46473
424745,57413
424746,40000
424747,40000
424748,44465
424749,69505
424750,81178
424751,40000
424752,40000
424753,40000
424754,41270
424755,51002
424756,47043
424757,69604
424758,50367
424759,40000
424760,40000
424761,42043
424762,59427
424763,93267
424764,62481
424765,58195
424766,40000
424767,51850
424768,44800
424769,40000
424770,59961
424771,57788
424772,48747
424773,56338
424774,75969
424775,40000
424776,64192
424777,65474
424778,45168
424779,48936
424780,53454
424781,40000
424782,51860
424783,50748
424784,67872
424785,87591
424786,46212
424787,40000
424788,67258
424789,40000
424790,40000
424791,70864
424792,81433
424793,40000
424794,49372
424795,40000
424796,40162
424797,99526
424798,40000
424799,40000
424800,40000
424801,63202
424802,53994
424803,40000
424804,53506
424805,81079
424806,63357
424807,82786
424808,40000
424809,53974
424810,45529
424811,79307
424812,55666
424813,40000
424814,71414
424815,40000
424816,83035
424817,66579
424818,42441
424819,54270
424820,70500
424821,69633
424822,62901
424823,40000
424824,61580
424825,40000
424826,40000
424827,40000
424828,51838
424829,76584
424830,45215
424831,83695
424832,40000
424833,63071
424834,40000
424835,40000
424836,45443
424837,44696
424838,86488
424839,50568
424840,44721
424841,59636
424842,40000
424843,40000
424844,67680
424845,51843
424846,60094
424847,75946
424848,58831
424849,67235
424850,54471
424851,49791
424852,48358
424853,40000
424854,83051
424855,72871
424856,40880
424857,63107
424858,49778
424859,58426
424860,60115
424861,40000
424862,59977
424863,40000
424864,40000
424865,40000
424866,48958
424867,40000
424868,40000
424869,48949
424870,60755
424871,40000
424872,48044
424873,40000
424874,40000
424875,40000
424876,40000
424877,40000
424878,40000
424879,52731
424880,72278
424881,46601
424882,59939
424883,83013
424884,40000
424885,44431
424886,48488
424887,40000
424888,52533
424889,48291
424890,40000
424891,47898
424892,81046
424893,40000
424894,49188
424895,71815
424896,40000
424897,48216
424898,44287
424899,67334
424900,42396
424901,60904
424902,66361
424903,60648
424904,84287
424905,55686
424906,40000
424907,43066
424908,40000
424909,50014
424910,77119
424911,40000
424912,78465
424913,40000
424914,46162
424915,48954
424916,45454
424917,40000
424918,76261
424919,47736
424920,56436
424921,67756
424922,61022
424923,60786
424924,79756
424925,69584
424926,80391
424927,53588
424928,40000
424929,43455
424930,48452
424931,62548
424932,62013
424933,69690
424934,44886
424935,40571
424936,44699
424937,40392
424938,98278
424939,48839
424940,52870
424941,40000
424942,46227
424943,58112
424944,76675
424945,40000
424946,95204
424947,46981
424948,79087
424949,58932
424950,57235
424951,73348
424952,85779
424953,40000
424954,42594
424955,85376
424956,41782
424957,60083
424958,62247
424959,47774
424960,73422
424961,59136
424962,40000
424963,40000
424964,51270
424965,40000
424966,40000
424967,42650
424968,68260
424969,64685
424970,61348
424971,43054
424972,40000
424973,40000
424974,40525
424975,40000
424976,49712
424977,59060
424978,40000
424979,72382
424980,63137
424981,40000
424982,47742
424983,48663
424984,40000
424985,40000
424986,40000
424987,55682
424988,40000
424989,40000
424990,57764
424991,41847
424992,61226
424993,40000
424994,61636
424995,83217
424996,53163
424997,40000
424998,54416
424999,44437
425000,45580
425001,40000
425002,89152
425003,40000
425004,72116
425005,61286
425006,40000
425007,40000
425008,40000
425009,61614
425010,40000
425011,40000
425012,77656
425013,40000
425014,44652
425015,92311
425016,40000
425017,40000
425018,52981
425019,81180
425020,40000
425021,47490
425022,61801
425023,45682
425024,40000
425025,82433
425026,62046
425027,52518
425028,40000
425029,43819
425030,67389
425031,40000
425032,40000
425033,90036
425034,53948
425035,40000
425036,43775
425037,40580
425038,52249
425039,65528
425040,42371
425041,54935
425042,50629
425043,40000
425044,40000
425045,43977
425046,73751
425047,63459
425048,49506
425049,40000
425050,40000
425051,51654
425052,60522
425053,59187
425054,68679
425055,40000
425056,40000
425057,44496
425058,59300
425059,64809
425060,41043
425061,40000
425062,86397
425063,40000
425064,81298
425065,86914
425066,56622
425067,40000
425068,48599
425069,47664
425070,40000
425071,47612
425072,56287
425073,40000
425074,55096
425075,47434
425076,62833
425077,49768
425078,50928
425079,62225
425080,56865
425081,40000
425082,49421
425083,62544
425084,52159
425085,65295
425086,40067
425087,42460
425088,70578
425089,105985
425090,40000
425091,48880
425092,66525
425093,74787
425094,51766
425095,40000
425096,88616
425097,79662
425098,40436
425099,57867
425100,67136
425101,57073
425102,44651
425103,40000
425104,55161
425105,40000
425106,42207
425107,47073
425108,40000
425109,93352
425110,70865
425111,52250
425112,46012
425113,61104
425114,40000
425115,52260
425116,40000
425117,43535
425118,40000
425119,57171
425120,67767
425121,51088
425122,40000
425123,71029
425124,57157
425125,40000
425126,51857
425127,76385
425128,40000
425129,61536
425130,40000
425131,42001
425132,87922
425133,68646
425134,68680
425135,49973
425136,92569
425137,40996
425138,69951
425139,41655
425140,65581
425141,42364
425142,49088
425143,51439
425144,46573
425145,62432
425146,47611
425147,50571
425148,51939
425149,72293
425150,45465
425151,49434
425152,66956
425153,57203
425154,43017
425155,86207
425156,43117
425157,40000
425158,46762
425159,45188
425160,68786
425161,40000
425162,40000
425163,41805
425164,40000
425165,40000
425166,77665
425167,58740
425168,47954
425169,47384
425170,63052
425171,40000
425172,40000
425173,53989
425174,51348
425175,51066
425176,40000
425177,40000
425178,40000
425179,66771
425180,57096
425181,49703
425182,40000
425183,40000
425184,40000
425185,64544
425186,45163
425187,40000
425188,57069
425189,64167
425190,40000
425191,40000
425192,63979
425193,44584
425194,77119
425195,45020
425196,40000
425197,40000
425198,75112
425199,40000
425200,53301
425201,70467
425202,95582
425203,75170
425204,50446
425205,40000
425206,40000
425207,49028
425208,52134
425209,40000
425210,71033
425211,56845
425212,57835
425213,44382
425214,40000
425215,40000
425216,40000
425217,40000
425218,62310
425219,67149
425220,57334
425221,58272
425222,51962
425223,83177
425224,40000
425225,57916
425226,44131
425227,40000
425228,40000
425229,45822
425230,65549
425231,48461
425232,42816
425233,40000
425234,62470
425235,52334
425236,70023
425237,40000
425238,87702
425239,62703
425240,40000
425241,79293
425242,40000
425243,52550
425244,40000
425245,81921
425246,55607
425247,40000
425248,74522
425249,79841
425250,46500
425251,40000
425252,40000
425253,51935
425254,40000
425255,40000
425256,40000
425257,47545
425258,42201
425259,48252
425260,47471
425261,80795
425262,79475
425263,40000
425264,40000
425265,40000
425266,69935
425267,40000
425268,65042
425269,58529
425270,46460
425271,44268
425272,52569
425273,43762
425274,88922
425275,44777
425276,54713
425277,40000
425278,40000
425279,40000
425280,40000
425281,53441
425282,70274
425283,43544
425284,40000
425285,109007
425286,40000
425287,50902
425288,47586
425289,40000
425290,56554
425291,73601
425292,40000
425293,45184
425294,60486
425295,57223
425296,40355
425297,40000
425298,40000
425299,44468
425300,54110
425301,72496
425302,40290
425303,40000
425304,60596
425305,40000
425306,42801
425307,40000
425308,59056
425309,63029
425310,40000
425311,53625
425312,55964
425313,51187
425314,50135
425315,69014
425316,48806
425317,62509
425318,77686
425319,40000
425320,40000
425321,56603
425322,68350
425323,61310
425324,40000
425325,76725
425326,58777
425327,49223
425328,55072
425329,40000
425330,46783
425331,49302
425332,54986
425333,53638
425334,56858
425335,72709
425336,52437
425337,50240
425338,65530
425339,40000
425340,77263
425341,47304
425342,78147
425343,63488
425344,75688
425345,93533
425346,86819
425347,69188
425348,40000
425349,40000
425350,40000
425351,46934
425352,62922
425353,42401
425354,66090
425355,40000
425356,46649
425357,69277
425358,40000
425359,69009
425360,83046
425361,45697
425362,44650
425363,40000
425364,40000
425365,83719
425366,82408
425367,45477
425368,43476
425369,40000
425370,40000
425371,47249
425372,80079
425373,42747
425374,52295
425375,46394
425376,51427
425377,57108
425378,40000
425379,54367
425380,42359
425381,58427
425382,54879
425383,40000
425384,40000
425385,54086
425386,40000
425387,86162
425388,40000
425389,65254
425390,55248
425391,40000
425392,53837
425393,40000
425394,40788
425395,40000
425396,62644
425397,40000
425398,76357
425399,82774
425400,40000
425401,52657
425402,41637
425403,54357
425404,53535
425405,61153
425406,56975
425407,54776
425408,40000
425409,42074
425410,45335
425411,40000
425412,40000
425413,64831
425414,48375
425415,66448
425416,47903
425417,40000
425418,60382
425419,40000
425420,82252
425421,40000
425422,66887
425423,74270
425424,40000
425425,42498
425426,63796
425427,64670
425428,40000
425429,45223
425430,40945
425431,45551
425432,95364
425433,46041
425434,49412
425435,58266
425436,55483
425437,43287
425438,44960
425439,49300
425440,74134
425441,51472
425442,51147
425443,69100
425444,54442
425445,72254
425446,40000
425447,59185
425448,40000
425449,41482
425450,60440
425451,53618
425452,40000
425453,63859
425454,40000
425455,40000
425456,40000
425457,48562
425458,42882
425459,40000
425460,40100
425461,106419
425462,76984
425463,52073
425464,40000
425465,52076
425466,45316
425467,56002
425468,40000
425469,43891
425470,41927
425471,54189
425472,65208
425473,62656
425474,67520
425475,41200
425476,87882
425477,43547
425478,63551
425479,40000
425480,50730
425481,60508
425482,40000
425483,40000
425484,40783
425485,50296
425486,49714
425487,57618
425488,40000
425489,41329
425490,40000
425491,40000
425492,40000
425493,40000
425494,40000
425495,40000
425496,67076
425497,61635
425498,46124
425499,49276
425500,40000
425501,51617
425502,50944
425503,93870
425504,40000
425505,57537
425506,57684
425507,40000
425508,66556
425509,40000
425510,106048
425511,50384
425512,40000
425513,48168
425514,45686
425515,47276
425516,40000
425517,53649
425518,56888
425519,68448
425520,40000
425521,40000
425522,80950
425523,84459
425524,71400
425525,77134
425526,40605
425527,62704
425528,40000
425529,43986
425530,40000
425531,65222
425532,60068
425533,40000
425534,40000
425535,80858
425536,59463
425537,53366
425538,40000
425539,54945
425540,53256
425541,79586
425542,40000
425543,40000
425544,47316
425545,46823
425546,65104
425547,73359
425548,47353
425549,40000
425550,44691
425551,40000
425552,48877
425553,40000
425554,41626
425555,58500
425556,69301
425557,55202
425558,40000
425559,45977
425560,41179
425561,40000
425562,40000
425563,61806
425564,49881
425565,57909
425566,40000
425567,40000
425568,49323
425569,74063
425570,68382
425571,42596
425572,65898
425573,43521
425574,72555
425575,40000
425576,69640
425577,40000
425578,45584
425579,40000
425580,70969
425581,47675
425582,59551
425583,42059
425584,40000
425585,45860
425586,46299
425587,44902
425588,65343
425589,40000
425590,77141
425591,55942
425592,74880
425593,40000
425594,40000
425595,51369
425596,40000
425597,59207
425598,52512
425599,62880
425600,40000
425601,56736
425602,40000
425603,40000
425604,40000
425605,44533
425606,40000
425607,45808
425608,68765
425609,40000
425610,47243
425611,41681
425612,50196
425613,47451
425614,40000
425615,47532
425616,53541
425617,58655
425618,96008
425619,40000
425620,40000
425621,40000
425622,60609
425623,42608
425624,43938
425625,66138
425626,40000
425627,76843
425628,52983
425629,86143
425630,55763
425631,40000
425632,40000
425633,53836
425634,40000
425635,40000
425636,67532
425637,40000
425638,44012
425639,40000
425640,40000
425641,99990
425642,40000
425643,84490
425644,54660
425645,73398
425646,40000
425647,65589
425648,67289
425649,45751
425650,52855
425651,40000
425652,48318
425653,40000
425654,40000
425655,75638
425656,40000
425657,65339
425658,43821
425659,50318
425660,40614
425661,44336
425662,40000
425663,44562
425664,61625
425665,40000
425666,49571
425667,40000
425668,40000
425669,40000
425670,63938
425671,40000
425672,51110
425673,42759
425674,69183
425675,102766
425676,40000
425677,40000
425678,40000
425679,44829
425680,57635
425681,40000
425682,94192
425683,40790
425684,46109
425685,40000
425686,62168
425687,40000
425688,40000
425689,55867
425690,40000
425691,63868
425692,44635
425693,49885
425694,56485
425695,57099
425696,90156
425697,43625
425698,44075
425699,40000
425700,47335
425701,40000
425702,40000
425703,58471
425704,63180
425705,50603
425706,40000
425707,40000
425708,76042
425709,40000
425710,65432
425711,56828
425712,55985
425713,40592
425714,74942
425715,42829
425716,40714
425717,48305
425718,48460
425719,40503
425720,68089
425721,57713
425722,40108
425723,77981
425724,75230
425725,62690
425726,59295
425727,51139
425728,69034
425729,57697
425730,40000
425731,89769
425732,40000
425733,65873
425734,40509
425735,40000
425736,46324
425737,70086
425738,43695
425739,78652
425740,40000
425741,71999
425742,48392
425743,54889
425744,45426
425745,40000
425746,76339
425747,66560
425748,44811
425749,40000
425750,40000
425751,67820
425752,67757
425753,64159
425754,45964
425755,55250
425756,40000
425757,65128
425758,66533
425759,50539
425760,40000
425761,50479
425762,63613
425763,99851
425764,43877
425765,40000
425766,40000
425767,63409
425768,72078
425769,56627
425770,40000
425771,40000
425772,40000
425773,50330
425774,64489
425775,50109
425776,79687
425777,40000
425778,50661
425779,42917
425780,65037
425781,67890
425782,40000
425783,40000
425784,61936
425785,80813
425786,56498
425787,40000
425788,47779
425789,55327
425790,45633
425791,40000
425792,40000
425793,68235
425794,40000
425795,42072
425796,44461
425797,40000
425798,40000
425799,40000
425800,63840
425801,40000
425802,41677
425803,43105
425804,50765
425805,54087
425806,40000
425807,87234
425808,40000
425809,40000
425810,59865
425811,40000
425812,51619
425813,40000
425814,74674
425815,42414
425816,60651
425817,45071
425818,40000
425819,48175
425820,49759
425821,63391
425822,75620
425823,40000
425824,40647
425825,44518
425826,58482
425827,46846
425828,47819
425829,73948
425830,63504
425831,74954
425832,53071
425833,52627
425834,76207
425835,69620
425836,40000
425837,57415
425838,44847
425839,57248
425840,40000
425841,40000
425842,40000
425843,72033
425844,52350
425845,50731
425846,40000
425847,66508
425848,49961
425849,42953
425850,45484
425851,66845
425852,56235
425853,41445
425854,67346
425855,50645
425856,52175
425857,53359
425858,54878
425859,40000
425860,50035
425861,57465
425862,41706
425863,40961
425864,53385
425865,40000
425866,54427
425867,84780
425868,45343
425869,54716
425870,40000
425871,57307
425872,40000
425873,52065
425874,55759
425875,41046
425876,40000
425877,58961
425878,41835
425879,40000
425880,53561
425881,40000
425882,50268
425883,46892
425884,40000
425885,50014
425886,63761
425887,53437
425888,40000
425889,40000
425890,54876
425891,40000
425892,69990
425893,60695
425894,52826
425895,82781
425896,40000
425897,56553
425898,40019
425899,43675
425900,71838
425901,43385
425902,58396
425903,40000
425904,47192
425905,40000
425906,73712
425907,40000
425908,48668
425909,41854
425910,58518
425911,54030
425912,48773
425913,46645
425914,40000
425915,40000
425916,65042
425917,46564
425918,55087
425919,43935
425920,40000
425921,65149
425922,40000
425923,41189
425924,40000
425925,40000
425926,63870
425927,81134
425928,57122
425929,40000
425930,40000
425931,46545
425932,96942
425933,40000
425934,53896
425935,74617
425936,40000
425937,52726
425938,53412
425939,71967
425940,45218
425941,40000
425942,76453
425943,43162
425944,52340
425945,40000
425946,40000
425947,49130
425948,40000
425949,45625
425950,72544
425951,40000
425952,40000
425953,56826
425954,84492
425955,40000
425956,43656
425957,40000
425958,74182
425959,40000
425960,55518
425961,60359
425962,66514
425963,50784
425964,70035
425965,40191
425966,72690
425967,50537
425968,40000
425969,99091
425970,45137
425971,40000
425972,68032
425973,46150
425974,81395
425975,40693
425976,40000
425977,95156
425978,40000
425979,40000
425980,40000
425981,45117
425982,40000
425983,56310
425984,40000
425985,40000
425986,86627
425987,40000
425988,55134
425989,67416
425990,80602
425991,43295
425992,60063
425993,74556
425994,65030
425995,52784
425996,40000
425997,55824
425998,40000
425999,40000
426000,44413
426001,40000
426002,45394
426003,43509
426004,48052
426005,40218
426006,65655
426007,72774
426008,40924
426009,46785
426010,75107
426011,40000
426012,77659
426013,40000
426014,78510
426015,40000
426016,74638
426017,44137
426018,40000
426019,51777
426020,79814
426021,63862
426022,40000
426023,73860
426024,58324
426025,55101
426026,42049
426027,40000
426028,44720
426029,78217
426030,62077
426031,40000
426032,53322
426033,59260
426034,40000
426035,40000
426036,72861
426037,57766
426038,74699
426039,76500
426040,57109
426041,40000
426042,57701
426043,93802
426044,74264
426045,40000
426046,52975
426047,73433
426048,61602
426049,40000
426050,63684
426051,42671
426052,71406
426053,40000
426054,40000
426055,65653
426056,40000
426057,40000
426058,69947
426059,112355
426060,52188
426061,57681
426062,44529
426063,55603
426064,40000
426065,40000
426066,40000
426067,40000
426068,44589
426069,47694
426070,40497
426071,63488
426072,40000
426073,45513
426074,42476
426075,47685
426076,49888
426077,54940
426078,53295
426079,53010
426080,40000
426081,51097
426082,65140
426083,40000
426084,62774
426085,40000
426086,50919
426087,50385
426088,40000
426089,96969
426090,61540
426091,45455
426092,40000
426093,40000
426094,51045
426095,40000
426096,40708
426097,56562
426098,50545
426099,58855
426100,44578
426101,40000
426102,40000
426103,63761
426104,40000
426105,40000
426106,65239
426107,47619
426108,41171
426109,44709
426110,40000
426111,40000
426112,40000
426113,63513
426114,40000
426115,64639
426116,40000
426117,47478
426118,77401
426119,58963
426120,55794
426121,52106
426122,52380
426123,63165
426124,44778
426125,52581
426126,40000
426127,44212
426128,40000
426129,55578
426130,40757
426131,73273
426132,51998
426133,40000
426134,43568
426135,55031
426136,54987
426137,53150
426138,40287
426139,51732
426140,46644
426141,65216
426142,40000
426143,67016
426144,43621
426145,74052
426146,40000
426147,77083
426148,68866
426149,52441
426150,40000
426151,44639
426152,69214
426153,74658
426154,81965
426155,81205
426156,79171
426157,40000
426158,40000
426159,72743
426160,41547
426161,48317
426162,56331
426163,40000
426164,43780
426165,71060
426166,68770
426167,64212
426168,51634
426169,40000
426170,47078
426171,40000
426172,75978
426173,40000
426174,66935
426175,40000
426176,96925
426177,40000
426178,46102
426179,63411
426180,40000
426181,76234
426182,45480
426183,58032
426184,40000
426185,57643
426186,43267
426187,49221
426188,77929
426189,65088
426190,40000
426191,44975
426192,58639
426193,75063
426194,58723
426195,54797
426196,40000
426197,62828
426198,72133
426199,44106
426200,62943
426201,72979
426202,43050
426203,40000
426204,83962
426205,53999
426206,66971
426207,64960
426208,56080
426209,44444
426210,50969
426211,40000
426212,40000
426213,72468
426214,71540
426215,40000
426216,55505
426217,40000
426218,56732
426219,40000
426220,40819
426221,40000
426222,48484
426223,67622
426224,44961
426225,40000
426226,40000
426227,40000
426228,48175
426229,41292
426230,54812
426231,40000
426232,78535
426233,40000
426234,40000
426235,46445
426236,42557
426237,64902
426238,91141
426239,40000
426240,40000
426241,45392
426242,50204
426243,53515
426244,78443
426245,56871
426246,81582
426247,42082
426248,53109
426249,43255
426250,40000
426251,54938
426252,73809
426253,40000
426254,40000
426255,40000
426256,73001
426257,90350
426258,46607
426259,42771
426260,40000
426261,58942
426262,40000
426263,40000
426264,48818
426265,40000
426266,40000
426267,60741
426268,40000
426269,82139
426270,42028
426271,40000
426272,85255
426273,46566
426274,59911
426275,42446
426276,40000
426277,66564
426278,49121
426279,57153
426280,40000
426281,46501
426282,68905
426283,45803
426284,49859
426285,58833
426286,41492
426287,51861
426288,40000
426289,40000
426290,57296
426291,51537
426292,51046
426293,45263
426294,62697
426295,40000
426296,86232
426297,40000
426298,40000
426299,40000
426300,61677
426301,54596
426302,40480
426303,40000
426304,40000
426305,85311
426306,40000
426307,76576
426308,60195
426309,64500
426310,55904
426311,66397
426312,40000
426313,48905
426314,64779
426315,40000
426316,55212
426317,60189
426318,75947
426319,81229
426320,70633
426321,40000
426322,40000
426323,60301
426324,52916
426325,42927
426326,58406
426327,40000
426328,68848
426329,40000
426330,80736
426331,63088
426332,66759
426333,82474
426334,42456
426335,40000
426336,40000
426337,66057
426338,50242
426339,62610
426340,40000
426341,40664
426342,63344
426343,40000
426344,47225
426345,40000
426346,64572
426347,42585
426348,40000
426349,44855
426350,40000
426351,49851
426352,41314
426353,41347
426354,48306
426355,62433
426356,40000
426357,62722
426358,49132
426359,69648
426360,40000
426361,46272
426362,77674
426363,60385
426364,40000
426365,40000
426366,40000
426367,64745
426368,40000
426369,56503
426370,40000
426371,66601
426372,40000
426373,40000
426374,40000
426375,40000
426376,40000
426377,51348
426378,63928
426379,51990
426380,55940
426381,68697
426382,40000
426383,84076
426384,47591
426385,79395
426386,82975
426387,61126
426388,40000
426389,51402
426390,40000
426391,61234
426392,40000
426393,74758
426394,51662
426395,52586
426396,50208
426397,47791
426398,97513
426399,42656
426400,68011
426401,40000
426402,44394
426403,40000
426404,54775
426405,42781
426406,84311
426407,47328
426408,40000
426409,52630
426410,40000
426411,52580
426412,61692
426413,49383
426414,65387
426415,47899
426416,40335
426417,64420
426418,74933
426419,40000
426420,40000
426421,58238
426422,43690
426423,40000
426424,40000
426425,62946
426426,83671
426427,62403
426428,66468
426429,43640
426430,87220
426431,68336
426432,75002
426433,71306
426434,51906
426435,71609
426436,56159
426437,40000
426438,40000
426439,69400
426440,91436
426441,40000
426442,42383
426443,40000
426444,40000
426445,67097
426446,41731
426447,51307
426448,40000
426449,56908
426450,51208
426451,40000
426452,47151
426453,40000
426454,40000
426455,76895
426456,45648
426457,73771
426458,40000
426459,69660
426460,40000
426461,63397
426462,40000
426463,64380
426464,62420
426465,40000
426466,47163
426467,47406
426468,57058
426469,42635
426470,40000
426471,62578
426472,40000
426473,47677
426474,49396
426475,59893
426476,45272
426477,78486
426478,40000
426479,40205
426480,45275
426481,58582
426482,64954
426483,56973
426484,41343
426485,67618
426486,46464
426487,40000
426488,69624
426489,64400
426490,55744
426491,42930
426492,62354
426493,86504
426494,82146
426495,55222
426496,40000
426497,67074
426498,40000
426499,40000
426500,54966
426501,83378
426502,54045
426503,58625
426504,40000
426505,52853
426506,43693
426507,76418
426508,50777
426509,40000
426510,43916
426511,49354
426512,95361
426513,57470
426514,45944
426515,49892
426516,63160
426517,48758
426518,65845
426519,46865
426520,65338
426521,58056
426522,60782
426523,40000
426524,56344
426525,40000
426526,66793
426527,42403
426528,88037
426529,40000
426530,51472
426531,52839
426532,66709
426533,59630
426534,47585
426535,46233
426536,40000
426537,42149
426538,78011
426539,71808
426540,40000
426541,89533
426542,40000
426543,40000
426544,40000
426545,57167
426546,40000
426547,67327
426548,61574
426549,40000
426550,40000
426551,40000
426552,59413
426553,65457
426554,40000
426555,40000
426556,77570
426557,64476
426558,58989
426559,54591
426560,40000
426561,66395
426562,40000
426563,58213
426564,65080
426565,40000
426566,71673
426567,95056
426568,46191
426569,40000
426570,68317
426571,40138
426572,40000
426573,65174
426574,52069
426575,72304
426576,51571
426577,47471
426578,40000
426579,40000
426580,48801
426581,72039
426582,40000
426583,87577
426584,40000
426585,72872
426586,46613
426587,62724
426588,52035
426589,40000
426590,54403
426591,75757
426592,50897
426593,44565
426594,42777
426595,70345
426596,73379
426597,53415
426598,51431
426599,67696
426600,40000
426601,50911
426602,40000
426603,40000
426604,80001
426605,69901
426606,57683
426607,40000
426608,65378
426609,73038
426610,40000
426611,40000
426612,49966
426613,42826
426614,40297
426615,40000
426616,40000
426617,40000
426618,40000
426619,62411
426620,40000
426621,41180
426622,56471
426623,40000
426624,79250
426625,97561
426626,49387
426627,40000
426628,40000
426629,73701
426630,40000
426631,44579
426632,63922
426633,40000
426634,74331
426635,44356
426636,59873
426637,40000
426638,45380
426639,40000
426640,46405
426641,68831
426642,79808
426643,47419
426644,66298
426645,40000
426646,40000
426647,40000
426648,49700
426649,63026
426650,41238
426651,40000
426652,61595
426653,50336
426654,40000
426655,43608
426656,45869
426657,46836
426658,45871
426659,40000
426660,93740
426661,46148
426662,68296
426663,55245
426664,47878
426665,88339
426666,45453
426667,49550
426668,40000
426669,59389
426670,48293
426671,61068
426672,68017
426673,40000
426674,40000
426675,52041
426676,40000
426677,40000
426678,77309
426679,40000
426680,61850
426681,49051
426682,40000
426683,50855
426684,79470
426685,40000
426686,40000
426687,53378
426688,40000
426689,68916
426690,40000
426691,45824
426692,48646
426693,59890
426694,40000
426695,40000
426696,42034
426697,40109
426698,42415
426699,40000
426700,48032
426701,40000
426702,70940
426703,40000
426704,60785
426705,40000
426706,52496
426707,65319
426708,40000
426709,47100
426710,84957
426711,47234
426712,40000
426713,70308
426714,51425
426715,40000
426716,40000
426717,77033
426718,40000
426719,70685
426720,45857
426721,46423
426722,56356
426723,40000
426724,40000
426725,40000
426726,51229
426727,56721
426728,72035
426729,54071
426730,55755
426731,40000
426732,87593
426733,70650
426734,43738
426735,40000
426736,55435
426737,40000
426738,48401
426739,40362
426740,40000
426741,40000
426742,67295
426743,44460
426744,70940
426745,68396
426746,51862
426747,68833
426748,40000
426749,50420
426750,51880
426751,40000
426752,56401
426753,40000
426754,40000
426755,65188
426756,40000
426757,97635
426758,40000
426759,58940
426760,60375
426761,54713
426762,40000
426763,49116
426764,57045
426765,42669
426766,64588
426767,45458
426768,40000
426769,77204
426770,52046
426771,40000
426772,57028
426773,58385
426774,50426
426775,56819
426776,40000
426777,40000
426778,50485
426779,69062
426780,49341
426781,45220
426782,41098
426783,42697
426784,58302
426785,65173
426786,47513
426787,40000
426788,56834
426789,40359
426790,52434
426791,52876
426792,46517
426793,75589
426794,40000
426795,48445
426796,47045
426797,59990
426798,47626
426799,78585
426800,53284
426801,40000
426802,40000
426803,40000
426804,40000
426805,40000
426806,40000
426807,69230
426808,66376
426809,40000
426810,40000
426811,64011
426812,40000
426813,71275
426814,47167
426815,40000
426816,54067
426817,49380
426818,40000
426819,51809
426820,48844
426821,55196
426822,48454
426823,54138
426824,58680
426825,47855
426826,57952
426827,74438
426828,57560
426829,88696
426830,76617
426831,66341
426832,46578
426833,40000
426834,51684
426835,43851
426836,40000
426837,42659
426838,67089
426839,46832
426840,83314
426841,42843
426842,40000
426843,47944
426844,46034
426845,40000
426846,40000
426847,60233
426848,65662
426849,77851
426850,48661
426851,94329
426852,72230
426853,40000
426854,40000
426855,40000
426856,40000
426857,48413
426858,51863
426859,40000
426860,59264
426861,40000
426862,40000
426863,43704
426864,58175
426865,40000
426866,49621
426867,40000
426868,72432
426869,40000
426870,55073
426871,40000
426872,59794
426873,89743
426874,40000
426875,40000
426876,40000
426877,40000
426878,40000
426879,56665
426880,40000
426881,44326
426882,40000
426883,41197
426884,40000
426885,69127
426886,40119
426887,40000
426888,40000
426889,40000
426890,54989
426891,40000
426892,55648
426893,60699
426894,40000
426895,54827
426896,52341
426897,50611
426898,40000
426899,70006
426900,66942
426901,40000
426902,58266
426903,49760
426904,66626
426905,43741
426906,66849
426907,48303
426908,54245
426909,56902
426910,64717
426911,67027
426912,54312
426913,45965
426914,40000
426915,51620
426916,59995
426917,63961
426918,56132
426919,40000
426920,40000
426921,47969
426922,40000
426923,60284
426924,47418
426925,40000
426926,40000
426927,40000
426928,69560
426929,40000
426930,69928
426931,56942
426932,67895
426933,40000
426934,47708
426935,62468
426936,63428
426937,49116
426938,40000
426939,54600
426940,40000
426941,83643
426942,47223
426943,40000
426944,40000
426945,40000
426946,40000
426947,49178
426948,58523
426949,53414
426950,40000
426951,40000
426952,40000
426953,50675
426954,79737
426955,64832
426956,56913
426957,40000
426958,55729
426959,73165
426960,40000
426961,49687
426962,68235
426963,54365
426964,45964
426965,40000
426966,90532
426967,56059
426968,41534
426969,40000
426970,40000
426971,75120
426972,54978
426973,68706
426974,66239
426975,66291
426976,40738
426977,40000
426978,40000
426979,40000
426980,40000
426981,80298
426982,53287
426983,44134
426984,40198
426985,67533
426986,74154
426987,40000
426988,40000
426989,44182
426990,40000
426991,44367
426992,54310
426993,47299
426994,69898
426995,48872
426996,44264
426997,40000
426998,40000
426999,58044
427000,73229
427001,81494
427002,55924
427003,44089
427004,40000
427005,44207
427006,40000
427007,43806
427008,96982
427009,103421
427010,70660
427011,40000
427012,77937
427013,48931
427014,40000
427015,40000
427016,60531
427017,88551
427018,40000
427019,68535
427020,57298
427021,59943
427022,67964
427023,48358
427024,64528
427025,40000
427026,40000
427027,40000
427028,46731
427029,71340
427030,55144
427031,76277
427032,49331
427033,40000
427034,60831
427035,42382
427036,68580
427037,40000
427038,92677
427039,51328
427040,49416
427041,47209
427042,40000
427043,40000
427044,40000
427045,40000
427046,65826
427047,40000
427048,66682
427049,40000
427050,40000
427051,55857
427052,42041
427053,40000
427054,50775
427055,40000
427056,40000
427057,78764
427058,48566
427059,74495
427060,40000
427061,42746
427062,40000
427063,53788
427064,40000
427065,40000
427066,76661
427067,76771
427068,40000
427069,40000
427070,40000
427071,40000
427072,40894
427073,88467
427074,40000
427075,51224
427076,40000
427077,40000
427078,71310
427079,67921
427080,45373
427081,40000
427082,40000
427083,45357
427084,40000
427085,40000
427086,42634
427087,63247
427088,76544
427089,67566
427090,65850
427091,73411
427092,52967
427093,83638
427094,79597
427095,40000
427096,40000
427097,40000
427098,63163
427099,40000
427100,40715
427101,43124
427102,40000
427103,48592
427104,40000
427105,40000
427106,90271
427107,40000
427108,74190
427109,52409
427110,40000
427111,86155
427112,40481
427113,44558
427114,40000
427115,40000
427116,40000
427117,40000
427118,47900
427119,75735
427120,40000
427121,73514
427122,54178
427123,49825
427124,48956
427125,40000
427126,45963
427127,47042
427128,46845
427129,51557
427130,47189
427131,52937
427132,57145
427133,40000
427134,40000
427135,65502
427136,42206
427137,49828
427138,67909
427139,76274
427140,40000
427141,40000
427142,40000
427143,75178
427144,41099
427145,53325
427146,40000
427147,40000
427148,54214
427149,69892
427150,40000
427151,71082
427152,57841
427153,55782
427154,47131
427155,69087
427156,81361
427157,71553
427158,61741
427159,40000
427160,40000
427161,40000
427162,60038
427163,40000
427164,56831
427165,59619
427166,77250
427167,40000
427168,40000
427169,49825
427170,40000
427171,64992
427172,40000
427173,57124
427174,64452
427175,61296
427176,52040
427177,57340
427178,63205
427179,41184
427180,62750
427181,40000
427182,40000
427183,40000
427184,67181
427185,62625
427186,45414
427187,40000
427188,40000
427189,40000
427190,50946
427191,48703
427192,115874
427193,74038
427194,62397
427195,40000
427196,71006
427197,70578
427198,50918
427199,50661
427200,87356
427201,40000
427202,40000
427203,65491
427204,72802
427205,72299
427206,40000
427207,40000
427208,40000
427209,40000
427210,40000
427211,44772
427212,60328
427213,40000
427214,50262
427215,48451
427216,59584
427217,60654
427218,49523
427219,57240
427220,45030
427221,74323
427222,45831
427223,52368
427224,64900
427225,40000
427226,62425
427227,40000
427228,40000
427229,59706
427230,40000
427231,50130
427232,40000
427233,40000
427234,42661
427235,51187
427236,40000
427237,40000
427238,82015
427239,57341
427240,50295
427241,40000
427242,46658
427243,57295
427244,51742
427245,52351
427246,77629
427247,97728
427248,40000
427249,63320
427250,88513
427251,40199
427252,71719
427253,45184
427254,62878
427255,65180
427256,59743
427257,56454
427258,56661
427259,60554
427260,40145
427261,47037
427262,52415
427263,40598
427264,42222
427265,72167
427266,58401
427267,40000
427268,50598
427269,40000
427270,40000
427271,78641
427272,40000
427273,52650
427274,40000
427275,57532
427276,40000
427277,40000
427278,95874
427279,47385
427280,42224
427281,40039
427282,40000
427283,40000
427284,40000
427285,40000
427286,46895
427287,73387
427288,50756
427289,65393
427290,44007
427291,40000
427292,47171
427293,61592
427294,40000
427295,46815
427296,80154
427297,40000
427298,40000
427299,44284
427300,40000
427301,56472
427302,52257
427303,61575
427304,71761
427305,48909
427306,106024
427307,47223
427308,40000
427309,93765
427310,78666
427311,59065
427312,57422
427313,40000
427314,72284
427315,77884
427316,41660
427317,44111
427318,68914
427319,40000
427320,53985
427321,40000
427322,52675
427323,55981
427324,40000
427325,57281
427326,45667
427327,50351
427328,50787
427329,57268
427330,40000
427331,57702
427332,50549
427333,40000
427334,40000
427335,43009
427336,51220
427337,40000
427338,62047
427339,83069
427340,42444
427341,40000
427342,61485
427343,48792
427344,40000
427345,53984
427346,82010
427347,40000
427348,40000
427349,43855
427350,42109
427351,63621
427352,58566
427353,46339
427354,61717
427355,83181
427356,42710
427357,55501
427358,59645
427359,46329
427360,40000
427361,40000
427362,60271
427363,40000
427364,50177
427365,40975
427366,88377
427367,40000
427368,40000
427369,87647
427370,46644
427371,40000
427372,40000
427373,56950
427374,40000
427375,40000
427376,40006
427377,72558
427378,59510
427379,55187
427380,40000
427381,81557
427382,40000
427383,55986
427384,48844
427385,59457
427386,59339
427387,40000
427388,69765
427389,40000
427390,64578
427391,52096
427392,40000
427393,40000
427394,63090
427395,64965
427396,60853
427397,51395
427398,52812
427399,41195
427400,49079
427401,40000
427402,40000
427403,74630
427404,56590
427405,40000
427406,53328
427407,52035
427408,71542
427409,56107
427410,40000
427411,40000
427412,44419
427413,95399
427414,51225
427415,40000
427416,45321
427417,40000
427418,76497
427419,46631
427420,68896
427421,40000
427422,58209
427423,76633
427424,48186
427425,69856
427426,64667
427427,64836
427428,46644
427429,76523
427430,42004
427431,41952
427432,40000
427433,47394
427434,40005
427435,45943
427436,41276
427437,40000
427438,63521
427439,40000
427440,45958
427441,40000
427442,40000
427443,40000
427444,54980
427445,51236
427446,40000
427447,40000
427448,80861
427449,40000
427450,70428
427451,47132
427452,70973
427453,40000
427454,40000
427455,47680
427456,51537
427457,52371
427458,40000
427459,54901
427460,61613
427461,40000
427462,40583
427463,94872
427464,84384
427465,65928
427466,43024
427467,40000
427468,40000
427469,57489
427470,50525
427471,40000
427472,71100
427473,89804
427474,40000
427475,79757
427476,51557
427477,54418
427478,40000
427479,40000
427480,89992
427481,79565
427482,85767
427483,42598
427484,46035
427485,58212
427486,40000
427487,73151
427488,66775
427489,75326
427490,40520
427491,40000
427492,63306
427493,40000
427494,40000
427495,55863
427496,68064
427497,42572
427498,69600
427499,40000
427500,40000
427501,40000
427502,40000
427503,46060
427504,40000
427505,40000
427506,41358
427507,72735
427508,61972
427509,40000
427510,59671
427511,49872
427512,40000
427513,55583
427514,75879
427515,61975
427516,40000
427517,79036
427518,58856
427519,82396
427520,44569
427521,44695
427522,41336
427523,51816
427524,48908
427525,53250
427526,64075
427527,53358
427528,40000
427529,66700
427530,89210
427531,40000
427532,55379
427533,48124
427534,53827
427535,49643
427536,72794
427537,47582
427538,71431
427539,91905
427540,74157
427541,93298
427542,83180
427543,40000
427544,48250
427545,64423
427546,40000
427547,40000
427548,40000
427549,52228
427550,53587
427551,42833
427552,49924
427553,62149
427554,40000
427555,80285
427556,56534
427557,43198
427558,63984
427559,40000
427560,40000
427561,40000
427562,89348
427563,49904
427564,45440
427565,47238
427566,50828
427567,41732
427568,40000
427569,70209
427570,81438
427571,55037
427572,53854
427573,46310
427574,40000
427575,56173
427576,61530
427577,107849
427578,66053
427579,71380
427580,54398
427581,40000
427582,40000
427583,59954
427584,47444
427585,40000
427586,60518
427587,49871
427588,40000
427589,40000
427590,40000
427591,54245
427592,87079
427593,53173
427594,44027
427595,54669
427596,59901
427597,58191
427598,40000
427599,52116
427600,40000
427601,40000
427602,40000
427603,69644
427604,40000
427605,53454
427606,42082
427607,65076
427608,43807
427609,52602
427610,40000
427611,53525
427612,50041
427613,40000
427614,59017
427615,89533
427616,63331
427617,72614
427618,51645
427619,40000
427620,49381
427621,40000
427622,62918
427623,67866
427624,47346
427625,43120
427626,74507
427627,40000
427628,60851
427629,45362
427630,40000
427631,58445
427632,40221
427633,40000
427634,51777
427635,40000
427636,40581
427637,48078
427638,56830
427639,40000
427640,40000
427641,75847
427642,40636
427643,59960
427644,40000
427645,44541
427646,70066
427647,59178
427648,57102
427649,72239
427650,40000
427651,59180
427652,81138
427653,62901
427654,94809
427655,40000
427656,40000
427657,51337
427658,50147
427659,81017
427660,40000
427661,60559
427662,40000
427663,40000
427664,50290
427665,75340
427666,53230
427667,59782
427668,40000
427669,73668
427670,40000
427671,40000
427672,42077
427673,47300
427674,90677
427675,62594
427676,47168
427677,40000
427678,70385
427679,40000
427680,48215
427681,80394
427682,78669
427683,40000
427684,63140
427685,50055
427686,54411
427687,40000
427688,40000
427689,49966
427690,48824
427691,60640
427692,76574
427693,69609
427694,40000
427695,40000
427696,61297
427697,40000
427698,42939
427699,54096
427700,40000
427701,43873
427702,61705
427703,40000
427704,40000
427705,40000
427706,40000
427707,53671
427708,40000
427709,65476
427710,54281
427711,40000
427712,40000
427713,55021
427714,75106
427715,50380
427716,40000
427717,50374
427718,53702
427719,62647
427720,43509
427721,42310
427722,50941
427723,40000
427724,44987
427725,42403
427726,67990
427727,40000
427728,47599
427729,40000
427730,54576
427731,45392
427732,55138
427733,50025
427734,47280
427735,40000
427736,40000
427737,40000
427738,40489
427739,40000
427740,49007
427741,40000
427742,74753
427743,78092
427744,55946
427745,40000
427746,64431
427747,61567
427748,40000
427749,41473
427750,81266
427751,40000
427752,43112
427753,52541
427754,63946
427755,88029
427756,52753
427757,57947
427758,84636
427759,77634
427760,40000
427761,40000
427762,40000
427763,40000
427764,40000
427765,55347
427766,63113
427767,75342
427768,40000
427769,40000
427770,82525
427771,49857
427772,84970
427773,45813
427774,40000
427775,40000
427776,83358
427777,69397
427778,61277
427779,80964
427780,43252
427781,55731
427782,46417
427783,66443
427784,68231
427785,49615
427786,45339
427787,41915
427788,40000
427789,66382
427790,46262
427791,59434
427792,40000
427793,80922
427794,67876
427795,88564
427796,40000
427797,40000
427798,40000
427799,40000
427800,48566
427801,40000
427802,58318
427803,60104
427804,40000
427805,66766
427806,40000
427807,40000
427808,94182
427809,40000
427810,47323
427811,40000
427812,62131
427813,44847
427814,51095
427815,40000
427816,40000
427817,40000
427818,40000
427819,40484
427820,40000
427821,75388
427822,68142
427823,46107
427824,47235
427825,48900
427826,49233
427827,53107
427828,40000
427829,82476
427830,50042
427831,53707
427832,59518
427833,44078
427834,77448
427835,40000
427836,54069
427837,40000
427838,93634
427839,52936
427840,66376
427841,99462
427842,40000
427843,55022
427844,71403
427845,48972
427846,51346
427847,102096
427848,67015
427849,73856
427850,62587
427851,40000
427852,48349
427853,48000
427854,40000
427855,70530
427856,41675
427857,44971
427858,55885
427859,40000
427860,40000
427861,45877
427862,84197
427863,57056
427864,42094
427865,42214
427866,57548
427867,40000
427868,61757
427869,66840
427870,66656
427871,40000
427872,40000
427873,67767
427874,75911
427875,49416
427876,42652
427877,40679
427878,57919
427879,78542
427880,57133
427881,55034
427882,69277
427883,62369
427884,67039
427885,66675
427886,40000
427887,41879
427888,67075
427889,78612
427890,40000
427891,60269
427892,50017
427893,40000
427894,40000
427895,40000
427896,59460
427897,40000
427898,40000
427899,46335
427900,57738
427901,63731
427902,40000
427903,69516
427904,58470
427905,40000
427906,51499
427907,71771
427908,40000
427909,40416
427910,56201
427911,50668
427912,83490
427913,71575
427914,40000
427915,54720
427916,55392
427917,48606
427918,50244
427919,40000
427920,40000
427921,40000
427922,77054
427923,45000
427924,89262
427925,52876
427926,41340
427927,43486
427928,44403
427929,45003
427930,40000
427931,64569
427932,70984
427933,62359
427934,40000
427935,81751
427936,70220
427937,40000
427938,63003
427939,40822
427940,65365
427941,40000
427942,60012
427943,59924
427944,40000
427945,74667
427946,41919
427947,50845
427948,40000
427949,55037
427950,40000
427951,58502
427952,60763
427953,64486
427954,40000
427955,40000
427956,70945
427957,70221
427958,63377
427959,52660
427960,53723
427961,54145
427962,41014
427963,40000
427964,53619
427965,40000
427966,49517
427967,40387
427968,60720
427969,51558
427970,67204
427971,40000
427972,76333
427973,40000
427974,49296
427975,40000
427976,43042
427977,57468
427978,51211
427979,63232
427980,40000
427981,40000
427982,54444
427983,42976
427984,65145
427985,58480
427986,70247
427987,75600
427988,60053
427989,42116
427990,40000
427991,44153
427992,58940
427993,50415
427994,40000
427995,40000
427996,45546
427997,52524
427998,40000
427999,81803
428000,45052
428001,40000
428002,43935
428003,51510
428004,84462
428005,40000
428006,52946
428007,42535
428008,59259
428009,60493
428010,56793
428011,47702
428012,40000
428013,55667
428014,42810
428015,81300
428016,40000
428017,79177
428018,86337
428019,40000
428020,93362
428021,81896
428022,40000
428023,40000
428024,52507
428025,50942
428026,43003
428027,47452
428028,50442
428029,82536
428030,57678
428031,48399
428032,46370
428033,60274
428034,69321
428035,48801
428036,85867
428037,56359
428038,82278
428039,64782
428040,52703
428041,40000
428042,40000
428043,62819
428044,59348
428045,45708
428046,67142
428047,85612
428048,40000
428049,50186
428050,52816
428051,40000
428052,40000
428053,40000
428054,57029
428055,63508
428056,55467
428057,42219
428058,49589
428059,80501
428060,46372
428061,53801
428062,50454
428063,69579
428064,40000
428065,42848
428066,47696
428067,55254
428068,84002
428069,43082
428070,52254
428071,73476
428072,65940
428073,84722
428074,51794
428075,50531
428076,48091
428077,44185
428078,44598
428079,40000
428080,68194
428081,56546
428082,40000
428083,61316
428084,48315
428085,40000
428086,40000
428087,73461
428088,40000
428089,40000
428090,92150
428091,51297
428092,44703
428093,40000
428094,51318
428095,45236
428096,67527
428097,40000
428098,40000
428099,40000
428100,48656
428101,40000
428102,61032
428103,54784
428104,62118
428105,68661
428106,63143
428107,43087
428108,40000
428109,85905
428110,54619
428111,40000
428112,40000
428113,58625
428114,49909
428115,40000
428116,71371
428117,61473
428118,56825
428119,40000
428120,66452
428121,82695
428122,40000
428123,87622
428124,77744
428125,77841
428126,40000
428127,40000
428128,58459
428129,40000
428130,62074
428131,40000
428132,55948
428133,50802
428134,49394
428135,55354
428136,71016
428137,88468
428138,60285
428139,68682
428140,76195
428141,70291
428142,40000
428143,41204
428144,53023
428145,70212
428146,42094
428147,57844
428148,40000
428149,54144
428150,64971
428151,40000
428152,57309
428153,54771
428154,59370
428155,59816
428156,89605
428157,40000
428158,92344
428159,48870
428160,62732
428161,40000
428162,40000
428163,40000
428164,40000
428165,57326
428166,40000
428167,40000
428168,44090
428169,43662
428170,60898
428171,66090
428172,47648
428173,57162
428174,40000
428175,40000
428176,40000
428177,40917
428178,43032
428179,40000
428180,40000
428181,56161
428182,48535
428183,72261
428184,42395
428185,55292
428186,40000
428187,40000
428188,62812
428189,48681
428190,67090
428191,59500
428192,40762
428193,40000
428194,40000
428195,63119
428196,86184
428197,61569
428198,96792
428199,53547
428200,41168
428201,40343
428202,40000
428203,62574
428204,49894
428205,44568
428206,79376
428207,50533
428208,40158
428209,47661
428210,49856
428211,40000
428212,40000
428213,55656
428214,55759
428215,55332
428216,40000
428217,40000
428218,54133
428219,84926
428220,40000
428221,41085
428222,40000
428223,69264
428224,88754
428225,50382
428226,44476
428227,80556
428228,59438
428229,62047
428230,48319
428231,40000
428232,79879
428233,49199
428234,95800
428235,61797
428236,43321
428237,40000
428238,80006
428239,40000
428240,57877
428241,40000
428242,57903
428243,40000
428244,74391
428245,40000
428246,48827
428247,77432
428248,68105
428249,58653
428250,70412
428251,40000
428252,53786
428253,41711
428254,73749
428255,40000
428256,40000
428257,40000
428258,69714
428259,40000
428260,40000
428261,61960
428262,40000
428263,68720
428264,40000
428265,40000
428266,40000
428267,40000
428268,40000
428269,55726
428270,78346
428271,45009
428272,53025
428273,66864
428274,40000
428275,40000
428276,40000
428277,40000
428278,40000
428279,56326
428280,65220
428281,50012
428282,93753
428283,92513
428284,61285
428285,40000
428286,61602
428287,40000
428288,51212
428289,48622
428290,50044
428291,57940
428292,66160
428293,65301
428294,40000
428295,77464
428296,61574
428297,64911
428298,54760
428299,48412
428300,40000
428301,60146
428302,70235
428303,72482
428304,94394
428305,40000
428306,44121
428307,47985
428308,51903
428309,40000
428310,84971
428311,60265
428312,40000
428313,40000
428314,61016
428315,55121
428316,40000
428317,40000
428318,46178
428319,40000
428320,40716
428321,40000
428322,49498
428323,61169
428324,50462
428325,48460
428326,45829
428327,75382
428328,72274
428329,54239
428330,40000
428331,41651
428332,40000
428333,60389
428334,59165
428335,40000
428336,50506
428337,40000
428338,40000
428339,70986
428340,55848
428341,70127
428342,88908
428343,40000
428344,40289
428345,40726
428346,40000
428347,40000
428348,75660
428349,41451
428350,40005
428351,40000
428352,82934
428353,83247
428354,54054
428355,62303
428356,40000
428357,65236
428358,55327
428359,45173
428360,54972
428361,42624
428362,40000
428363,95294
428364,40000
428365,40000
428366,81911
428367,44512
428368,46898
428369,48623
428370,40000
428371,40000
428372,47974
428373,58883
428374,42525
428375,40000
428376,53915
428377,61367
428378,59833
428379,80562
428380,40000
428381,65448
428382,54049
428383,40000
428384,40074
428385,40000
428386,61694
428387,40000
428388,72211
428389,53840
428390,58676
428391,45129
428392,60037
428393,52555
428394,52368
428395,87653
428396,52469
428397,65990
428398,58327
428399,61772
428400,40000
428401,40000
428402,66883
428403,47790
428404,40000
428405,55920
428406,71199
428407,68653
428408,40000
428409,40000
428410,50471
428411,40000
428412,71133
428413,40000
428414,40000
428415,59671
428416,40000
428417,74102
428418,67401
428419,47829
428420,40000
428421,80597
428422,50582
428423,72451
428424,56516
428425,64694
428426,40000
428427,76885
428428,40000
428429,75179
428430,62058
428431,59646
428432,53607
428433,61278
428434,69596
428435,40000
428436,51674
428437,45692
428438,40000
428439,40000
428440,40000
428441,46330
428442,62795
428443,58047
428444,40000
428445,52673
428446,61559
428447,53691
428448,67293
428449,40000
428450,65295
428451,40000
428452,61573
428453,66794
428454,72751
428455,56636
428456,47015
428457,43587
428458,61163
428459,40000
428460,40000
428461,41578
428462,43332
428463,49904
428464,73952
428465,44838
428466,65524
428467,57300
428468,53299
428469,52306
428470,40000
428471,40852
428472,48852
428473,55876
428474,59458
428475,51696
428476,44849
428477,40000
428478,67245
428479,45266
428480,76807
428481,46234
428482,40000
428483,62578
428484,57464
428485,70648
428486,40000
428487,49714
428488,51992
428489,40000
428490,63342
428491,46854
428492,64983
428493,75052
428494,40000
428495,51888
428496,65092
428497,40000
428498,40000
428499,48308
428500,51173
428501,40000
428502,45100
428503,60504
428504,40000
428505,40000
428506,69086
428507,62083
428508,40000
428509,42265
428510,40000
428511,40000
428512,40000
428513,55348
428514,58925
428515,45883
428516,40000
428517,50734
428518,40000
428519,54976
428520,40000
428521,83620
428522,40000
428523,40000
428524,40000
428525,68853
428526,47650
428527,40000
428528,40000
428529,45047
428530,67275
428531,40000
428532,76342
428533,40000
428534,82038
428535,98634
428536,40000
428537,40000
428538,40000
428539,46474
428540,48106
428541,60498
428542,40000
428543,47513
428544,62115
428545,44021
428546,40000
428547,76168
428548,56947
428549,80239
428550,72876
428551,68114
428552,51698
428553,50342
428554,74146
428555,40000
428556,44167
428557,59384
428558,40000
428559,91973
428560,63326
428561,80625
428562,40000
428563,40000
428564,40000
428565,52525
428566,66417
428567,59859
428568,40000
428569,60847
428570,40000
428571,65942
428572,40000
428573,78479
428574,43497
428575,57900
428576,40516
428577,57411
428578,40000
428579,40746
428580,40000
428581,67575
428582,47178
428583,73811
428584,66785
428585,60996
428586,49070
428587,40000
428588,41936
428589,40000
428590,40000
428591,78401
428592,51359
428593,66795
428594,87334
428595,52423
428596,49396
428597,71058
428598,49255
428599,56102
428600,49138
428601,53992
428602,55471
428603,50757
428604,51942
428605,40000
428606,59083
428607,40000
428608,40000
428609,46052
428610,40000
428611,61741
428612,42460
428613,44362
428614,53248
428615,40000
428616,40000
428617,48558
428618,73812
428619,56436
428620,62926
428621,58312
428622,95498
428623,57426
428624,41481
428625,71531
428626,40000
428627,40000
428628,53199
428629,44713
428630,67106
428631,40000
428632,51954
428633,72086
428634,74666
428635,60669
428636,45387
428637,40000
428638,74889
428639,40000
428640,51983
428641,50191
428642,40000
428643,50589
428644,74728
428645,40000
428646,50200
428647,60252
428648,40000
428649,40895
428650,53356
428651,45658
428652,40000
428653,44074
428654,40061
428655,42474
428656,56661
428657,40000
428658,40000
428659,40000
428660,40000
428661,40000
428662,40000
428663,63626
428664,40000
428665,40000
428666,57099
428667,75950
428668,44016
428669,67338
428670,40000
428671,40000
428672,40000
428673,40000
428674,40000
428675,52836
428676,72740
428677,49994
428678,58882
428679,41410
428680,69934
428681,60203
428682,48798
428683,54060
428684,40000
428685,40000
428686,54084
428687,40597
428688,41746
428689,72927
428690,48478
428691,43679
428692,79512
428693,62053
428694,40000
428695,53499
428696,45449
428697,65415
428698,68553
428699,49172
428700,45847
428701,45296
428702,83069
428703,85904
428704,48903
428705,59399
428706,40000
428707,79493
428708,79624
428709,42819
428710,40000
428711,41996
428712,53435
428713,77675
428714,43456
428715,40000
428716,69765
428717,40000
428718,48503
428719,40000
428720,40000
428721,40000
428722,94288
428723,49968
428724,89416
428725,51795
428726,40000
428727,73861
428728,75556
428729,40000
428730,57474
428731,58078
428732,47588
428733,69924
428734,52393
428735,40000
428736,40000
428737,40000
428738,45845
428739,40000
428740,66748
428741,70632
428742,54846
428743,57765
428744,55513
428745,71826
428746,55902
428747,54940
428748,40000
428749,40000
428750,68811
428751,49577
428752,61258
428753,40000
428754,40045
428755,72907
428756,40000
428757,53260
428758,43218
428759,61156
428760,40000
428761,40000
428762,65215
428763,40000
428764,79565
428765,40000
428766,40000
428767,40000
428768,75447
428769,59272
428770,47549
428771,52347
428772,45194
428773,42200
428774,40000
428775,40000
428776,40000
428777,46541
428778,40849
428779,40000
428780,40000
428781,73616
428782,55716
428783,40000
428784,40000
428785,40000
428786,40000
428787,53697
428788,40000
428789,47488
428790,74147
428791,40000
428792,56723
428793,59074
428794,96915
428795,40000
428796,40000
428797,69566
428798,41336
428799,58516
428800,40000
428801,40000
428802,47585
428803,44012
428804,40000
428805,66477
428806,40000
428807,99453
428808,70864
428809,64195
428810,49087
428811,40000
428812,41670
428813,40000
428814,55032
428815,54324
428816,69843
428817,49765
428818,41349
428819,55399
428820,40000
428821,40000
428822,40241
428823,53759
428824,50224
428825,71909
428826,40000
428827,45459
428828,61652
428829,48029
428830,57520
428831,61196
428832,77113
428833,40050
428834,51317
428835,40000
428836,44995
428837,48228
428838,65874
428839,56999
428840,40000
428841,57635
428842,70287
428843,69271
428844,40000
428845,44722
428846,72884
428847,40000
428848,91945
428849,43028
428850,40000
428851,45101
428852,40000
428853,68668
428854,61226
428855,58342
428856,68034
428857,41817
428858,56597
428859,40000
428860,40000
428861,40000
428862,72497
428863,49828
428864,40000
428865,43396
428866,67836
428867,40000
428868,73884
428869,40000
428870,52798
428871,40000
428872,46101
428873,43912
428874,54216
428875,77422
428876,40000
428877,80881
428878,52438
428879,40000
428880,52354
428881,41490
428882,40000
428883,66205
428884,40000
428885,46290
428886,40000
428887,74840
428888,43069
428889,40000
428890,75986
428891,50493
428892,40000
428893,81756
428894,40000
428895,40732
428896,50049
428897,65247
428898,79302
428899,52499
428900,43848
428901,58072
428902,40000
428903,81436
428904,94993
428905,40000
428906,63662
428907,70837
428908,89569
428909,91691
428910,61179
428911,53663
428912,53826
428913,51958
428914,52694
428915,40000
428916,40000
428917,40000
428918,75138
428919,68699
428920,40000
428921,65982
428922,65603
428923,55769
428924,53567
428925,57873
428926,40000
428927,55632
428928,40000
428929,40000
428930,52210
428931,77290
428932,70242
428933,51829
428934,68076
428935,40000
428936,89843
428937,40000
428938,45288
428939,42785
428940,55674
428941,40000
428942,54100
428943,40000
428944,52028
428945,51000
428946,63474
428947,54011
428948,40000
428949,40000
428950,63241
428951,40000
428952,63932
428953,40000
428954,40000
428955,40000
428956,40352
428957,68737
428958,83250
428959,71364
428960,48770
428961,50522
428962,45656
428963,76142
428964,40000
428965,40000
428966,40000
428967,40000
428968,40000
428969,50154
428970,40000
428971,40000
428972,42353
428973,40000
428974,40000
428975,71436
428976,41108
428977,46622
428978,40000
428979,48052
428980,55247
428981,48264
428982,51888
428983,46922
428984,43620
428985,63433
428986,45822
428987,40856
428988,40000
428989,40000
428990,90781
428991,49512
428992,40000
428993,40000
428994,76671
428995,42005
428996,40000
428997,52601
428998,57332
428999,74785
429000,61672
429001,40000
429002,45169
429003,40000
429004,68559
429005,40000
429006,53629
429007,40000
429008,40000
429009,40000
429010,59703
429011,61844
429012,40000
429013,40000
429014,71751
429015,62221
429016,51820
429017,40000
429018,47008
429019,40000
429020,58611
429021,77876
429022,95786
429023,42901
429024,40000
429025,51870
429026,71268
429027,40000
429028,56013
429029,63178
429030,45378
429031,50404
429032,59748
429033,49423
429034,63363
429035,59726
429036,40000
429037,65934
429038,55035
429039,40000
429040,62602
429041,66652
429042,43072
429043,40000
429044,71433
429045,44249
429046,40000
429047,40000
429048,49664
429049,80391
429050,46387
429051,47671
429052,40000
429053,44355
429054,53439
429055,40000
429056,64042
429057,75571
429058,77233
429059,53109
429060,40000
429061,56088
429062,53132
429063,41725
429064,74881
429065,60699
429066,40000
429067,64853
429068,40000
429069,60139
429070,46258
429071,63367
429072,64340
429073,51717
429074,40000
429075,45887
429076,40000
429077,48761
429078,63419
429079,56214
429080,52891
429081,41058
429082,43734
429083,48576
429084,40000
429085,44993
429086,40000
429087,51383
429088,48750
429089,40000
429090,40000
429091,40000
429092,40000
429093,67144
429094,71529
429095,40000
429096,50681
429097,95241
429098,59776
429099,52740
429100,69513
429101,56005
429102,58322
429103,91585
429104,47668
429105,40000
429106,78773
429107,100601
429108,40000
429109,61006
429110,91329
429111,60780
429112,40000
429113,40000
429114,61917
429115,48820
429116,62208
429117,40000
429118,62906
429119,83804
429120,55565
429121,40995
429122,63051
429123,92573
429124,46263
429125,44483
429126,54254
429127,40000
429128,70236
429129,56249
429130,46609
429131,67621
429132,40000
429133,40000
429134,83443
429135,42914
429136,69740
429137,52152
429138,40000
429139,40000
429140,77770
429141,61387
429142,44369
429143,43734
429144,61984
429145,40000
429146,40000
429147,47798
429148,71937
429149,40000
429150,40000
429151,40000
429152,54837
429153,50497
429154,47449
429155,40000
429156,94512
429157,40000
429158,40000
429159,40000
429160,63987
429161,55100
429162,78873
429163,43352
429164,40895
429165,56079
429166,45132
429167,44694
429168,44162
429169,53448
429170,52936
429171,40000
429172,57115
429173,40000
429174,40000
429175,55524
429176,40000
429177,40000
429178,62901
429179,40000
429180,51826
429181,64647
429182,46795
429183,59216
429184,46287
429185,79523
429186,40000
429187,65202
429188,82913
429189,64389
429190,40000
429191,77314
429192,40000
429193,44431
429194,40000
429195,44417
429196,79165
429197,56410
429198,40000
429199,68889
429200,66080
429201,50215
429202,80817
429203,40000
429204,40000
429205,40000
429206,50602
429207,65974
429208,79530
429209,40842
429210,69505
429211,40000
429212,65324
429213,61371
429214,40000
429215,40000
429216,40000
429217,82277
429218,49486
429219,40000
429220,65291
429221,40000
429222,54512
429223,48163
429224,40000
429225,40000
429226,62996
429227,46561
429228,51522
429229,43779
429230,61841
429231,85371
429232,48932
429233,71466
429234,58258
429235,56464
429236,51437
429237,54145
429238,98463
429239,40000
429240,46005
429241,40000
429242,40000
429243,40000
429244,76274
429245,40000
429246,52140
429247,55569
429248,78715
429249,40000
429250,40000
429251,72101
429252,45362
429253,57662
429254,40000
429255,40000
429256,53669
429257,40835
429258,40000
429259,40000
429260,63955
429261,74599
429262,49215
429263,44836
429264,40000
429265,50976
429266,78345
429267,40000
429268,40000
429269,66441
429270,40000
429271,63917
429272,44602
429273,69375
429274,40000
429275,65295
429276,42576
429277,57719
429278,45063
429279,49592
429280,62870
429281,91666
429282,48768
429283,71184
429284,40000
429285,82029
429286,46845
429287,40000
429288,50484
429289,52184
429290,49078
429291,41811
429292,65587
429293,40000
429294,40000
429295,90552
429296,65038
429297,62115
429298,40000
429299,64079
429300,47436
429301,73127
429302,50999
429303,43294
429304,43343
429305,40000
429306,44230
429307,40000
429308,46072
429309,40000
429310,66997
429311,46579
429312,40571
429313,40000
429314,40000
429315,40000
429316,40000
429317,95736
429318,40000
429319,60267
429320,53453
429321,40000
429322,40000
429323,51752
429324,59174
429325,46190
429326,40000
429327,46007
429328,61497
429329,46593
429330,65507
429331,46722
429332,52834
429333,42590
429334,68486
429335,43360
429336,40000
429337,40000
429338,40000
429339,57520
429340,40000
429341,42189
429342,50521
429343,58724
429344,57314
429345,83118
429346,40000
429347,56362
429348,40000
429349,46121
429350,47783
429351,72461
429352,67259
429353,46676
429354,67720
429355,61931
429356,48311
429357,67301
429358,40000
429359,44500
429360,46686
429361,40000
429362,40000
429363,40000
429364,64832
429365,58487
429366,40000
429367,58474
429368,69917
429369,40327
429370,71797
429371,49006
429372,42968
429373,40000
429374,40000
429375,44551
429376,40000
429377,58254
429378,40000
429379,40000
429380,40000
429381,75021
429382,57463
429383,40781
429384,63187
429385,40000
429386,40000
429387,93357
429388,53709
429389,40000
429390,74356
429391,40000
429392,46104
429393,40000
429394,40000
429395,57416
429396,50042
429397,40000
429398,47010
429399,57717
429400,50916
429401,45211
429402,45822
429403,52884
429404,55831
429405,43938
429406,40450
429407,51215
429408,40000
429409,40000
429410,40000
429411,69292
429412,59199
429413,40439
429414,80697
429415,42229
429416,66494
429417,50278
429418,48560
429419,41687
429420,44847
429421,80720
429422,59147
429423,45153
429424,47819
429425,89124
429426,45670
429427,40000
429428,92707
429429,44848
429430,40000
429431,40000
429432,63891
429433,82459
429434,40000
429435,66718
429436,64771
429437,56613
429438,40000
429439,40000
429440,69279
429441,40000
429442,40000
429443,40000
429444,40000
429445,42993
429446,51361
429447,74939
429448,63354
429449,40000
429450,40000
429451,47555
429452,41327
429453,40000
429454,56300
429455,40000
429456,71313
429457,40000
429458,61653
429459,71704
429460,95155
429461,54108
429462,51775
429463,81494
429464,40000
429465,40000
429466,45183
429467,44341
429468,64437
429469,60622
429470,40000
429471,59351
429472,57417
429473,61182
429474,74331
429475,52454
429476,40000
429477,55754
429478,40000
429479,69093
429480,40000
429481,50310
429482,40000
429483,76076
429484,40000
429485,40000
429486,40000
429487,41052
429488,40000
429489,40000
429490,40000
429491,46967
429492,70176
429493,40000
429494,58301
429495,40000
429496,58461
429497,83353
429498,69638
429499,50567
429500,71907
429501,49444
429502,40000
429503,71164
429504,52573
429505,64904
429506,54990
429507,55107
429508,58371
429509,68103
429510,62130
429511,44417
429512,47594
429513,67777
429514,40000
429515,40301
429516,65421
429517,52681
429518,62701
429519,41560
429520,64463
429521,65456
429522,40983
429523,40000
429524,40000
429525,50449
429526,40000
429527,70848
429528,40000
429529,52532
429530,64904
429531,46040
429532,68137
429533,40000
429534,40000
429535,40000
429536,56520
429537,46966
429538,40000
429539,40000
429540,79411
429541,65153
429542,49141
429543,40000
429544,40000
429545,71074
429546,40000
429547,47109
429548,52651
429549,57943
429550,47878
429551,43280
429552,70797
429553,57263
429554,93306
429555,65021
429556,40000
429557,40000
429558,40000
429559,40000
429560,40000
429561,44737
429562,51067
429563,89163
429564,59368
429565,40584
429566,54025
429567,55119
429568,60773
429569,47441
429570,61949
429571,54555
429572,46995
429573,81577
429574,60764
429575,53789
429576,40000
429577,46024
429578,47466
429579,68650
429580,49557
429581,53385
429582,40000
429583,68679
429584,72938
429585,40000
429586,40000
429587,40000
429588,54174
429589,40573
429590,40000
429591,44425
429592,47275
429593,70796
429594,40000
429595,46417
429596,40000
429597,45147
429598,40000
429599,40000
429600,43447
429601,80753
429602,40000
429603,43108
429604,56486
429605,89151
429606,66620
429607,40000
429608,71197
429609,50085
429610,49635
429611,40000
429612,40000
429613,40000
429614,46752
429615,58010
429616,40000
429617,42822
429618,53485
429619,40325
429620,40000
429621,45565
429622,47827
429623,40000
429624,40000
429625,45851
429626,76285
429627,45274
429628,40777
429629,40000
429630,57561
429631,40000
429632,40000
429633,49742
429634,64413
429635,41878
429636,70128
429637,40000
429638,40000
429639,40000
429640,69189
429641,40000
429642,40000
429643,47168
429644,50966
429645,52703
429646,47024
429647,69381
429648,77032
429649,40000
429650,54715
429651,40000
429652,56459
429653,64014
429654,40000
429655,40392
429656,66150
429657,60750
429658,48777
429659,44515
429660,45413
429661,40000
429662,51927
429663,40000
429664,40000
429665,59982
429666,40000
429667,46673
429668,40000
429669,40000
429670,53829
429671,40000
429672,73201
429673,59613
429674,41529
429675,66024
429676,49772
429677,48746
429678,53226
429679,43453
429680,40000
429681,40000
429682,60519
429683,40000
429684,40000
429685,54766
429686,48434
429687,54024
429688,40000
429689,40000
429690,48364
429691,45305
429692,62999
429693,65238
429694,52350
429695,56850
429696,53573
429697,40000
429698,40000
429699,40000
429700,53626
429701,40000
429702,44120
429703,40000
429704,40000
429705,52951
429706,40000
429707,49984
429708,40000
429709,40000
429710,52465
429711,41086
429712,75048
429713,91133
429714,79954
429715,40000
429716,40000
429717,40000
429718,40000
429719,40000
429720,40000
429721,40000
429722,40283
429723,51055
429724,40000
429725,40000
429726,40000
429727,62981
429728,70319
429729,41501
429730,46865
429731,43766
429732,40000
429733,40000
429734,40000
429735,85314
429736,47005
429737,41943
429738,44873
429739,43389
429740,86590
429741,40103
429742,84964
429743,59615
429744,54232
429745,40000
429746,57710
429747,45099
429748,71052
429749,40000
429750,46570
429751,40000
429752,41310
429753,72888
429754,54745
429755,58500
429756,72633
429757,60184
429758,44180
429759,70138
429760,60138
429761,55014
429762,40000
429763,55963
429764,46342
429765,40000
429766,66825
429767,54236
429768,40000
429769,40000
429770,60201
429771,67780
429772,45034
429773,63623
429774,63680
429775,65587
429776,40000
429777,52761
429778,40626
429779,57872
429780,93718
429781,40000
429782,40000
429783,40000
429784,57373
429785,40000
429786,69861
429787,40000
429788,55784
429789,47099
429790,71182
429791,40335
429792,40000
429793,57037
429794,57735
429795,65445
429796,85363
429797,81681
429798,40000
429799,68287
429800,40000
429801,45392
429802,41547
429803,41005
429804,51778
429805,53259
429806,50416
429807,40000
429808,43215
429809,42363
429810,65251
429811,40182
429812,53578
429813,42542
429814,78324
429815,59050
429816,47609
429817,64008
429818,40000
429819,40000
429820,40000
429821,64188
429822,42481
429823,40000
429824,53800
429825,77252
429826,83706
429827,56721
429828,44401
429829,40000
429830,45773
429831,48903
429832,49919
429833,40000
429834,40000
429835,49294
429836,60811
429837,54735
429838,40538
429839,42871
429840,47498
429841,97436
429842,76806
429843,40000
429844,43174
429845,42354
429846,42108
429847,40000
429848,40000
429849,43541
429850,52685
429851,61393
429852,40000
429853,67976
429854,72083
429855,40000
429856,40000
429857,40000
429858,61631
429859,40000
429860,54703
429861,40000
429862,40646
429863,60161
429864,71402
429865,54525
429866,42514
429867,40000
429868,63091
429869,46110
429870,63215
429871,40000
429872,40000
429873,40000
429874,52517
429875,40498
429876,68210
429877,45818
429878,40000
429879,47757
429880,40000
429881,40000
429882,40000
429883,49758
429884,41550
429885,55522
429886,65397
429887,54227
429888,40000
429889,40000
429890,40015
429891,40000
429892,40000
429893,46289
429894,42068
429895,86127
429896,44985
429897,46287
429898,44549
429899,40554
429900,57913
429901,48062
429902,59914
429903,73516
429904,76246
429905,91645
429906,80554
429907,91991
429908,42777
429909,57396
429910,55009
429911,72561
429912,43458
429913,57876
429914,40000
429915,40000
429916,66645
429917,63042
429918,46285
429919,64533
429920,67494
429921,40000
429922,41721
429923,65700
429924,81242
429925,40000
429926,48493
429927,40000
429928,40000
429929,69852
429930,47208
429931,73543
429932,48819
429933,101733
429934,40000
429935,59515
429936,66781
429937,53521
429938,45618
429939,71032
429940,40000
429941,75129
429942,62548
429943,40047
429944,40000
429945,66874
429946,68599
429947,65210
429948,84757
429949,52544
429950,54913
429951,70652
429952,62272
429953,40000
429954,77431
429955,66226
429956,40000
429957,64014
429958,49137
429959,74965
429960,41779
429961,73843
429962,51095
429963,56247
429964,40000
429965,69296
429966,63290
429967,40000
429968,40000
429969,66517
429970,54072
429971,47133
429972,40000
429973,44500
429974,40000
429975,40000
429976,49540
429977,57238
429978,48755
429979,58799
429980,49660
429981,40000
429982,49169
429983,64256
429984,59123
429985,40000
429986,40000
429987,56202
429988,40000
429989,44691
429990,49218
429991,40000
429992,44703
429993,50583
429994,40000
429995,40000
429996,40000
429997,40000
429998,66893
429999,68290
430000,68444
430001,40000
430002,77119
430003,52730
430004,76277
430005,63661
430006,40000
430007,66073
430008,40000
430009,54801
430010,63310
430011,67910
430012,69281
430013,40489
430014,61115
430015,48427
430016,45009
430017,43404
430018,52695
430019,40000
430020,40000
430021,47391
430022,41081
430023,41984
430024,40000
430025,40000
430026,40000
430027,50811
430028,47908
430029,40000
430030,40000
430031,70438
430032,67591
430033,43416
430034,76237
430035,40000
430036,40000
430037,40000
430038,57215
430039,59377
430040,66464
430041,40000
430042,52668
430043,43394
430044,65203
430045,83681
430046,58333
430047,50673
430048,40000
430049,68739
430050,40000
430051,43771
430052,53070
430053,50696
430054,91507
430055,43533
430056,40000
430057,40000
430058,43276
430059,58850
430060,77085
430061,41264
430062,40000
430063,70922
430064,111598
430065,40000
430066,41485
430067,40000
430068,60068
430069,68634
430070,61213
430071,44862
430072,40000
430073,42030
430074,40000
430075,62670
430076,40000
430077,41054
430078,85297
430079,80798
430080,55117
430081,40682
430082,40000
430083,51959
430084,78299
430085,48655
430086,55021
430087,54716
430088,49338
430089,40000
430090,76874
430091,40000
430092,65999
430093,40000
430094,62355
430095,40000
430096,76162
430097,40000
430098,42525
430099,58010
430100,66399
430101,46824
430102,40000
430103,40000
430104,40000
430105,68371
430106,40000
430107,52670
430108,40000
430109,45330
430110,40000
430111,40000
430112,41138
430113,73807
430114,43913
430115,40000
430116,64661
430117,40000
430118,85701
430119,49491
430120,50416
430121,43066
430122,77467
430123,48125
430124,44989
430125,41013
430126,40000
430127,55194
430128,47479
430129,50446
430130,86408
430131,40000
430132,51303
430133,63039
430134,58220
430135,65556
430136,65607
430137,63814
430138,44878
430139,40000
430140,91227
430141,40000
430142,40000
430143,73828
430144,40000
430145,53743
430146,50582
430147,50040
430148,40000
430149,40947
430150,85334
430151,52886
430152,40000
430153,40000
430154,40000
430155,40000
430156,59570
430157,40000
430158,47695
430159,61667
430160,40000
430161,40000
430162,54136
430163,43694
430164,57797
430165,69505
430166,81260
430167,40000
430168,50708
430169,45732
430170,62264
430171,46435
430172,68209
430173,44653
430174,42688
430175,59608
430176,40000
430177,65017
430178,65455
430179,83401
430180,46920
430181,40000
430182,57808
430183,40708
430184,40000
430185,63389
430186,75035
430187,49109
430188,40000
430189,42670
430190,100180
430191,82508
430192,46995
430193,40000
430194,59282
430195,40000
430196,56683
430197,60031
430198,40000
430199,81996
430200,52311
430201,40000
430202,61519
430203,67438
430204,62537
430205,43564
430206,52125
430207,45372
430208,79995
430209,79002
430210,40000
430211,40000
430212,74118
430213,40000
430214,73353
430215,40000
430216,49651
430217,47895
430218,68600
430219,44741
430220,40000
430221,40000
430222,86264
430223,40000
430224,44450
430225,40000
430226,71455
430227,44118
430228,49618
430229,50074
430230,57096
430231,64951
430232,43530
430233,40000
430234,40000
430235,40000
430236,50149
430237,45877
430238,64479
430239,67163
430240,48851
430241,46277
430242,40000
430243,40000
430244,40000
430245,40000
430246,40000
430247,57692
430248,40000
430249,40000
430250,45970
430251,51615
430252,46910
430253,67136
430254,50620
430255,40000
430256,74840
430257,61717
430258,46247
430259,53078
430260,40000
430261,61161
430262,49508
430263,40000
430264,73129
430265,40000
430266,45669
430267,40000
430268,42176
430269,72187
430270,74046
430271,49938
430272,40000
430273,59291
430274,71485
430275,40000
430276,54204
430277,40000
430278,40000
430279,53712
430280,53961
430281,47370
430282,46580
430283,42932
430284,41848
430285,55650
430286,66531
430287,71185
430288,63882
430289,54715
430290,87275
430291,47800
430292,45703
430293,80855
430294,47221
430295,41243
430296,40000
430297,52237
430298,62301
430299,40000
430300,42148
430301,40000
430302,52412
430303,40000
430304,62542
430305,53541
430306,50085
430307,41065
430308,104312
430309,69032
430310,81376
430311,50505
430312,40000
430313,47530
430314,55305
430315,53277
430316,59352
430317,40000
430318,40000
430319,40000
430320,40000
430321,40000
430322,42061
430323,40000
430324,65929
430325,40000
430326,40000
430327,48417
430328,58837
430329,40431
430330,62209
430331,40000
430332,40000
430333,44012
430334,50300
430335,78620
430336,75297
430337,40000
430338,85184
430339,41957
430340,40000
430341,47771
430342,61533
430343,40095
430344,45928
430345,51727
430346,40000
430347,69671
430348,72291
430349,47845
430350,59976
430351,62382
430352,51530
430353,78425
430354,40000
430355,71992
430356,84901
430357,49383
430358,52907
430359,77707
430360,40000
430361,71437
430362,47142
430363,40000
430364,51359
430365,57587
430366,53635
430367,40000
430368,64769
430369,40000
430370,69933
430371,40000
430372,79164
430373,40000
430374,58360
430375,40000
430376,40000
430377,51424
430378,60041
430379,42777
430380,63444
430381,40000
430382,66364
430383,53501
430384,54987
430385,63762
430386,74275
430387,40000
430388,55756
430389,44710
430390,61892
430391,91845
430392,57779
430393,73370
430394,44162
430395,42636
430396,40000
430397,40000
430398,41567
430399,68170
430400,40000
430401,102394
430402,77173
430403,40000
430404,40000
430405,77290
430406,55033
430407,55478
430408,40000
430409,40000
430410,51731
430411,55873
430412,67895
430413,65581
430414,83701
430415,40000
430416,40000
430417,57769
430418,40000
430419,40000
430420,48145
430421,46585
430422,97579
430423,42553
430424,40000
430425,42397
430426,51528
430427,41549
430428,43238
430429,83186
430430,40000
430431,40000
430432,69948
430433,40359
430434,48446
430435,97790
430436,80891
430437,40000
430438,62524
430439,47022
430440,56817
430441,40000
430442,62783
430443,63567
430444,40000
430445,44763
430446,40000
430447,40000
430448,93718
430449,40000
430450,40000
430451,40000
430452,40000
430453,40000
430454,40000
430455,59736
430456,40000
430457,41349
430458,63062
430459,62345
430460,40000
430461,64209
430462,56613
430463,40000
430464,41954
430465,77254
430466,40000
430467,78057
430468,73726
430469,40000
430470,40000
430471,41717
430472,50460
430473,40000
430474,72138
430475,80980
430476,40000
430477,43817
430478,73566
430479,64204
430480,101744
430481,40000
430482,40000
430483,40000
430484,40000
430485,67227
430486,40000
430487,40000
430488,52332
430489,80028
430490,73549
430491,41096
430492,44104
430493,90711
430494,40000
430495,40721
430496,40000
430497,77222
430498,40000
430499,53687
430500,81886
430501,70113
430502,65922
430503,61667
430504,99376
430505,45624
430506,40000
430507,78238
430508,72691
430509,40000
430510,50065
430511,40000
430512,40000
430513,49824
430514,40000
430515,40000
430516,40000
430517,52155
430518,51999
430519,40000
430520,40000
430521,61037
430522,40000
430523,60537
430524,53266
430525,40000
430526,52767
430527,61573
430528,49382
430529,70957
430530,40000
430531,84031
430532,44112
430533,40000
430534,50866
430535,46447
430536,80564
430537,40691
430538,40000
430539,50789
430540,40000
430541,64537
430542,72273
430543,48217
430544,40000
430545,40000
430546,41819
430547,50605
430548,69568
430549,40000
430550,40000
430551,41261
430552,55339
430553,40000
430554,81958
430555,42789
430556,48811
430557,40000
430558,40000
430559,49426
430560,67992
430561,40494
430562,61023
430563,78148
430564,59596
430565,40000
430566,67112
430567,56004
430568,68597
430569,40000
430570,40000
430571,40000
430572,55743
430573,44923
430574,86026
430575,40000
430576,73803
430577,40000
430578,42039
430579,44965
430580,64490
430581,53828
430582,45279
430583,50988
430584,40000
430585,55291
430586,41562
430587,40000
430588,61950
430589,94819
430590,79150
430591,73742
430592,57252
430593,40000
430594,69060
430595,40000
430596,54994
430597,44328
430598,44617
430599,46266
430600,59084
430601,40000
430602,47041
430603,53078
430604,44095
430605,42124
430606,49035
430607,40000
430608,41292
430609,53425
430610,73865
430611,54610
430612,56703
430613,56733
430614,40000
430615,69601
430616,54272
430617,40000
430618,55362
430619,58348
430620,40000
430621,45127
430622,40000
430623,61635
430624,40000
430625,40000
430626,54163
430627,40000
430628,65708
430629,40000
430630,56625
430631,55205
430632,53090
430633,54373
430634,47035
430635,60254
430636,40000
430637,61476
430638,53525
430639,64923
430640,94681
430641,40000
430642,92925
430643,61671
430644,72493
430645,51133
430646,40000
430647,40000
430648,82599
430649,51968
430650,49199
430651,45618
430652,55491
430653,69077
430654,40000
430655,66937
430656,46031
430657,85423
430658,45050
430659,73715
430660,40000
430661,40000
430662,56065
430663,50150
430664,43258
430665,40000
430666,62313
430667,57808
430668,66087
430669,43153
430670,40000
430671,57145
430672,42336
430673,53759
430674,40000
430675,40000
430676,40000
430677,67898
430678,58610
430679,57118
430680,40000
430681,47033
430682,49099
430683,40000
430684,54209
430685,90101
430686,43836
430687,40000
430688,63647
430689,52292
430690,40000
430691,66677
430692,52510
430693,43482
430694,91751
430695,55131
430696,40000
430697,54814
430698,56942
430699,61117
430700,42746
430701,43992
430702,52992
430703,53066
430704,40000
430705,95337
430706,45189
430707,52595
430708,46548
430709,41052
430710,40000
430711,51266
430712,56470
430713,40000
430714,50207
430715,46428
430716,70638
430717,47770
430718,54621
430719,40000
430720,63846
430721,78418
430722,55127
430723,74194
430724,40750
430725,51430
430726,40000
430727,91421
430728,57554
430729,58807
430730,40000
430731,58692
430732,40000
430733,51971
430734,47932
430735,41188
430736,47243
430737,71332
430738,59061
430739,79401
430740,40681
430741,58636
430742,40000
430743,62383
430744,40000
430745,40000
430746,70164
430747,40000
430748,40000
430749,40000
430750,40000
430751,61729
430752,72375
430753,40000
430754,82629
430755,44621
430756,77545
430757,48796
430758,40229
430759,55232
430760,40000
430761,40000
430762,40000
430763,62943
430764,41089
430765,58614
430766,73105
430767,48796
430768,58012
430769,42935
430770,40000
430771,40000
430772,47906
430773,51389
430774,55435
430775,40000
430776,40000
430777,71760
430778,51999
430779,63489
430780,60706
430781,47198
430782,64511
430783,52644
430784,41122
430785,66540
430786,81129
430787,47306
430788,40000
430789,54248
430790,54836
430791,48022
430792,40000
430793,40000
430794,87828
430795,81813
430796,40000
430797,67837
430798,57428
430799,49101
430800,46938
430801,40000
430802,40000
430803,54264
430804,40000
430805,62701
430806,40000
430807,54812
430808,42040
430809,44037
430810,79670
430811,40000
430812,50508
430813,40000
430814,40000
430815,47209
430816,40000
430817,74758
430818,48975
430819,40000
430820,40000
430821,60671
430822,47539
430823,40000
430824,82511
430825,99581
430826,78388
430827,47231
430828,46959
430829,40000
430830,44305
430831,90366
430832,40000
430833,51835
430834,40000
430835,66565
430836,64735
430837,69635
430838,45500
430839,52534
430840,40000
430841,75899
430842,66510
430843,67211
430844,56920
430845,80225
430846,40000
430847,40000
430848,57916
430849,40000
430850,97126
430851,52010
430852,40000
430853,40000
430854,64451
430855,45906
430856,40000
430857,89997
430858,48555
430859,77853
430860,40000
430861,54819
430862,69643
430863,65465
430864,55496
430865,40000
430866,40000
430867,48372
430868,66271
430869,85942
430870,65805
430871,40000
430872,54376
430873,77876
430874,44296
430875,72149
430876,44927
430877,67644
430878,40000
430879,53923
430880,70554
430881,46099
430882,40000
430883,50951
430884,40000
430885,52059
430886,63583
430887,40000
430888,50477
430889,40000
430890,40000
430891,68320
430892,40000
430893,65713
430894,66125
430895,40000
430896,44581
430897,40000
430898,40000
430899,44769
430900,52109
430901,40352
430902,43686
430903,40000
430904,46380
430905,52285
430906,82501
430907,59109
430908,40000
430909,66787
430910,45988
430911,42940
430912,45125
430913,42653
430914,40000
430915,53688
430916,40000
430917,40000
430918,47382
430919,46479
430920,74295
430921,40000
430922,40000
430923,57814
430924,40100
430925,43925
430926,55311
430927,40000
430928,40000
430929,40279
430930,56756
430931,64877
430932,49621
430933,62020
430934,50991
430935,40000
430936,59043
430937,56072
430938,64843
430939,58795
430940,41618
430941,52000
430942,40000
430943,54507
430944,40000
430945,40000
430946,40000
430947,55408
430948,67994
430949,52701
430950,40000
430951,70686
430952,53411
430953,56006
430954,61801
430955,83045
430956,40000
430957,43861
430958,40000
430959,41585
430960,44601
430961,65811
430962,40000
430963,41324
430964,40000
430965,40000
430966,71940
430967,45801
430968,70979
430969,40000
430970,40000
430971,40000
430972,71200
430973,65234
430974,45004
430975,43897
430976,40000
430977,40000
430978,46556
430979,69789
430980,49516
430981,40000
430982,73050
430983,40000
430984,43202
430985,40000
430986,76444
430987,42473
430988,40909
430989,46740
430990,40664
430991,40787
430992,42799
430993,40000
430994,47754
430995,40000
430996,48620
430997,40208
430998,40000
430999,40000
431000,40000
431001,40000
431002,44780
431003,42691
431004,44158
431005,40000
431006,40000
431007,40000
431008,40000
431009,44962
431010,44286
431011,70144
431012,44823
431013,57350
431014,40000
431015,41946
431016,62004
431017,63575
431018,63963
431019,42109
431020,40000
431021,53297
431022,67602
431023,62621
431024,40000
431025,40000
431026,63737
431027,81147
431028,40000
431029,56345
431030,89870
431031,71298
431032,40347
431033,43979
431034,66894
431035,52462
431036,47900
431037,41599
431038,46957
431039,63813
431040,67336
431041,85794
431042,40000
431043,76441
431044,40000
431045,40000
431046,40000
431047,40000
431048,40000
431049,72222
431050,52586
431051,55219
431052,40000
431053,62579
431054,90660
431055,65855
431056,40000
431057,55282
431058,40000
431059,49319
431060,66689
431061,66904
431062,40000
431063,40000
431064,41081
431065,64578
431066,40173
431067,74166
431068,69203
431069,41375
431070,40000
431071,44644
431072,46141
431073,50387
431074,46624
431075,40000
431076,59953
431077,47427
431078,73990
431079,71652
431080,40000
431081,47390
431082,40000
431083,40000
431084,40000
431085,40000
431086,44046
431087,60354
431088,49234
431089,40000
431090,40000
431091,55358
431092,57549
431093,57069
431094,51324
431095,58290
431096,40000
431097,40000
431098,56700
431099,40000
431100,49405
431101,40000
431102,41562
431103,48756
431104,40000
431105,70446
431106,46691
431107,63134
431108,40000
431109,40000
431110,40000
431111,64352
431112,93466
431113,49789
431114,40000
431115,41165
431116,40000
431117,41552
431118,40000
431119,43298
431120,43385
431121,40000
431122,52896
431123,40000
431124,40000
431125,58779
431126,43809
431127,71888
431128,61976
431129,64268
431130,40000
431131,47210
431132,83759
431133,55746
431134,63667
431135,88801
431136,73783
431137,47931
431138,40000
431139,40000
431140,43206
431141,40000
431142,65853
431143,86028
431144,40000
431145,81973
431146,52561
431147,75206
431148,40000
431149,49740
431150,50826
431151,54252
431152,58514
431153,50369
431154,40000
431155,68747
431156,61956
431157,48874
431158,63583
431159,47794
431160,70287
431161,40023
431162,40000
431163,83583
431164,40519
431165,47720
431166,62888
431167,63647
431168,51163
431169,40000
431170,44965
431171,40000
431172,56138
431173,40000
431174,52764
431175,69891
431176,40000
431177,40000
431178,66449
431179,50907
431180,41410
431181,40000
431182,50543
431183,40000
431184,40000
431185,47497
431186,42757
431187,40000
431188,40000
431189,51450
431190,40000
431191,88005
431192,40000
431193,50980
431194,42791
431195,40000
431196,47820
431197,46138
431198,58316
431199,47542
431200,40000
431201,59453
431202,68527
431203,89769
431204,58721
431205,40000
431206,40000
431207,42551
431208,71086
431209,69936
431210,40000
431211,63249
431212,49127
431213,61843
431214,66677
431215,40000
431216,40808
431217,40000
431218,69026
431219,40000
431220,40000
431221,47323
431222,75510
431223,51823
431224,61775
431225,40000
431226,40000
431227,40000
431228,68052
431229,47502
431230,46184
431231,40000
431232,48402
431233,71915
431234,50603
431235,60625
431236,92495
431237,40000
431238,60444
431239,41904
431240,61751
431241,78658
431242,40000
431243,40000
431244,55907
431245,40000
431246,46674
431247,58698
431248,77150
431249,56719
431250,40000
431251,69657
431252,91206
431253,41854
431254,81841
431255,74715
431256,40000
431257,63899
431258,40000
431259,43250
431260,46687
431261,65169
431262,48634
431263,40852
431264,42758
431265,54601
431266,40000
431267,52616
431268,78629
431269,61502
431270,40000
431271,48671
431272,52619
431273,40000
431274,60586
431275,40000
431276,68516
431277,70302
431278,40000
431279,62276
431280,40000
431281,90734
431282,41088
431283,40591
431284,40000
431285,59841
431286,49548
431287,40000
431288,60849
431289,40000
431290,91006
431291,73795
431292,87451
431293,51349
431294,70836
431295,61165
431296,64554
431297,52260
431298,40000
431299,40000
431300,40000
431301,89997
431302,55042
431303,40000
431304,50331
431305,40000
431306,40000
431307,65821
431308,77128
431309,45073
431310,77215
431311,75970
431312,40000
431313,41211
431314,49956
431315,47810
431316,42501
431317,50321
431318,40000
431319,63649
431320,40000
431321,53576
431322,66231
431323,40000
431324,82529
431325,90232
431326,40000
431327,40000
431328,40000
431329,46217
431330,56352
431331,41362
431332,53505
431333,40000
431334,42775
431335,94229
431336,40000
431337,65587
431338,78748
431339,40000
431340,53695
431341,40000
431342,60861
431343,85784
431344,44091
431345,40000
431346,40000
431347,40000
431348,68484
431349,62170
431350,70216
431351,42374
431352,92913
431353,56951
431354,40000
431355,70023
431356,66946
431357,65252
431358,43670
431359,55816
431360,56503
431361,57532
431362,40000
431363,65596
431364,71785
431365,40000
431366,40000
431367,55457
431368,61927
431369,40000
431370,48814
431371,40000
431372,40000
431373,40000
431374,52204
431375,48734
431376,55158
431377,49151
431378,72664
431379,48945
431380,50221
431381,55433
431382,40857
431383,50359
431384,40000
431385,40000
431386,40287
431387,60291
431388,40000
431389,72401
431390,52286
431391,55155
431392,40000
431393,45550
431394,45911
431395,40000
431396,58680
431397,40000
431398,63727
431399,66091
431400,41206
431401,63008
431402,62389
431403,87854
431404,40000
431405,40000
431406,40000
431407,52220
431408,62923
431409,73199
431410,40000
431411,49284
431412,43232
431413,55288
431414,72729
431415,75524
431416,44087
431417,40000
431418,40000
431419,53556
431420,41099
431421,40000
431422,40000
431423,40000
431424,83929
431425,40000
431426,40000
431427,67904
431428,40000
431429,40000
431430,51229
431431,56741
431432,40000
431433,45799
431434,40000
431435,48021
431436,76370
431437,46557
431438,48300
431439,82656
431440,48611
431441,41989
431442,54533
431443,53773
431444,53618
431445,40000
431446,63683
431447,55794
431448,40226
431449,55391
431450,40000
431451,40000
431452,42819
431453,62309
431454,40000
431455,54785
431456,40000
431457,40000
431458,40000
431459,46367
431460,47767
431461,58988
431462,40000
431463,75381
431464,40000
431465,79537
431466,59144
431467,81298
431468,48035
431469,59851
431470,53530
431471,40000
431472,40000
431473,41761
431474,40000
431475,53675
431476,40000
431477,75007
431478,51362
431479,53785
431480,63778
431481,78826
431482,57053
431483,40000
431484,73580
431485,43406
431486,44968
431487,69902
431488,50962
431489,40000
431490,60654
431491,85053
431492,40000
431493,40259
431494,59450
431495,40000
431496,48113
431497,79451
431498,40000
431499,40000
431500,48056
431501,55668
431502,45899
431503,50901
431504,53672
431505,40000
431506,48319
431507,69921
431508,66287
431509,40000
431510,51016
431511,81646
431512,40000
431513,40000
431514,44755
431515,58193
431516,70104
431517,88149
431518,61921
431519,82115
431520,72953
431521,65467
431522,40076
431523,40000
431524,41851
431525,42060
431526,40000
431527,69686
431528,43138
431529,44913
431530,43579
431531,62134
431532,60681
431533,76740
431534,83018
431535,40000
431536,69051
431537,40000
431538,79517
431539,84323
431540,40000
431541,40000
431542,42939
431543,40000
431544,44680
431545,40000
431546,40000
431547,71851
431548,63652
431549,40000
431550,58966
431551,51049
431552,40000
431553,76873
431554,46330
431555,43511
431556,40000
431557,42874
431558,42806
431559,54064
431560,40000
431561,78939
431562,40000
431563,45351
431564,65293
431565,62233
431566,77879
431567,76012
431568,47421
431569,40000
431570,43359
431571,43139
431572,60256
431573,49926
431574,70831
431575,61080
431576,76741
431577,40000
431578,40000
431579,47066
431580,52317
431581,81593
431582,85672
431583,40000
431584,40000
431585,57703
431586,40000
431587,65650
431588,40000
431589,65128
431590,40000
431591,80546
431592,71203
431593,76386
431594,47717
431595,80879
431596,53054
431597,52492
431598,47889
431599,44756
431600,60816
431601,69849
431602,40000
431603,89662
431604,40000
431605,80459
431606,80030
431607,65544
431608,40000
431609,40000
431610,71929
431611,52473
431612,40977
431613,40000
431614,56124
431615,40000
431616,50072
431617,42985
431618,40000
431619,40000
431620,60859
431621,51942
431622,40000
431623,50928
431624,40000
431625,60297
431626,50369
431627,40000
431628,68826
431629,71496
431630,40000
431631,57111
431632,73551
431633,52210
431634,72307
431635,91723
431636,69949
431637,88985
431638,43535
431639,109814
431640,40000
431641,53881
431642,81744
431643,66915
431644,44686
431645,59614
431646,46717
431647,40000
431648,51838
431649,40000
431650,40000
431651,85989
431652,61951
431653,40000
431654,40000
431655,40795
431656,52848
431657,40000
431658,42496
431659,69733
431660,50753
431661,49342
431662,40000
431663,65733
431664,51267
431665,58098
431666,40000
431667,40000
431668,50631
431669,55610
431670,40000
431671,40866
431672,54436
431673,40000
431674,48394
431675,62798
431676,44489
431677,80769
431678,65622
431679,64470
431680,74827
431681,40000
431682,58695
431683,56655
431684,40000
431685,54883
431686,60370
431687,40000
431688,52207
431689,40000
431690,64453
431691,40000
431692,49368
431693,73237
431694,58864
431695,44927
431696,66797
431697,53051
431698,85461
431699,64566
431700,40000
431701,45392
431702,40000
431703,40000
431704,40000
431705,43767
431706,40000
431707,40000
431708,83285
431709,40000
431710,51679
431711,91142
431712,64147
431713,40000
431714,42556
431715,40000
431716,66823
431717,80061
431718,65486
431719,51470
431720,47334
431721,42314
431722,51511
431723,78362
431724,46042
431725,40000
431726,74434
431727,40000
431728,46087
431729,44730
431730,51158
431731,54343
431732,55029
431733,40000
431734,67024
431735,40000
431736,65643
431737,46391
431738,62442
431739,57675
431740,47771
431741,72127
431742,71473
431743,41682
431744,46395
431745,51883
431746,40000
431747,46105
431748,56741
431749,40000
431750,46823
431751,40000
431752,69224
431753,82519
431754,40000
431755,60585
431756,52472
431757,77980
431758,62271
431759,44859
431760,80524
431761,81278
431762,52081
431763,40000
431764,64053
431765,58622
431766,50550
431767,60797
431768,40000
431769,64519
431770,47274
431771,42821
431772,40000
431773,82305
431774,74412
431775,55916
431776,92464
431777,49827
431778,82291
431779,40000
431780,95198
431781,40000
431782,48636
431783,47983
431784,40000
431785,55397
431786,62406
431787,48529
431788,77043
431789,56898
431790,40000
431791,54171
431792,40000
431793,49265
431794,50412
431795,73096
431796,40000
431797,60562
431798,42011
431799,40000
431800,40000
431801,49406
431802,63956
431803,40000
431804,59027
431805,59492
431806,43726
431807,52404
431808,40000
431809,40000
431810,40000
431811,40000
431812,48192
431813,53521
431814,40000
431815,63385
431816,40000
431817,40939
431818,40000
431819,40000
431820,40000
431821,50632
431822,40000
431823,40000
431824,40000
431825,50027
431826,42864
431827,59527
431828,50346
431829,55552
431830,67338
431831,40000
431832,40000
431833,53277
431834,43438
431835,64279
431836,55481
431837,40000
431838,40000
431839,97538
431840,57657
431841,40000
431842,40000
431843,46367
431844,41971
431845,94499
431846,40000
431847,40000
431848,68812
431849,58464
431850,40000
431851,40891
431852,81337
431853,85144
431854,40000
431855,65202
431856,53612
431857,40032
431858,53159
431859,43967
431860,40000
431861,44299
431862,47389
431863,60127
431864,68158
431865,44017
431866,43699
431867,40000
431868,76515
431869,65762
431870,61247
431871,76742
431872,53642
431873,40000
431874,40000
431875,46501
431876,44821
431877,62836
431878,87895
431879,99343
431880,46438
431881,46167
431882,53101
431883,67660
431884,72705
431885,40000
431886,56824
431887,44157
431888,46769
431889,48076
431890,44927
431891,40000
431892,61388
431893,40000
431894,40000
431895,76744
431896,66973
431897,63561
431898,49322
431899,62139
431900,40000
431901,85808
431902,40000
431903,54739
431904,40000
431905,46243
431906,52593
431907,40000
431908,49102
431909,56636
431910,66099
431911,66004
431912,48275
431913,67807
431914,45828
431915,45821
431916,40000
431917,46831
431918,45048
431919,40000
431920,51819
431921,63213
431922,40000
431923,70062
431924,40000
431925,46208
431926,49830
431927,40000
431928,67920
431929,50684
431930,59104
431931,40000
431932,73538
431933,40000
431934,40000
431935,61854
431936,60510
431937,76479
431938,56793
431939,40167
431940,75007
431941,40000
431942,57181
431943,67239
431944,40000
431945,40000
431946,86243
431947,40000
431948,81905
431949,49674
431950,76847
431951,40648
431952,46533
431953,47447
431954,53645
431955,57244
431956,40000
431957,71186
431958,57158
431959,40000
431960,42547
431961,40000
431962,52295
431963,40000
431964,40000
431965,88347
431966,43818
431967,81007
431968,69414
431969,53485
431970,40000
431971,40000
431972,68082
431973,44166
431974,65363
431975,49074
431976,53454
431977,52800
431978,42820
431979,54812
431980,42069
431981,45941
431982,54422
431983,92752
431984,59969
431985,57771
431986,78556
431987,53106
431988,44225
431989,84359
431990,47209
431991,64520
431992,40000
431993,40000
431994,58758
431995,49815
431996,73495
431997,40000
431998,65479
431999,41010
432000,75136
432001,44221
432002,62953
432003,63015
432004,40000
432005,50321
432006,40000
432007,40000
432008,71108
432009,84863
432010,40000
432011,62239
432012,40000
432013,40000
432014,58637
432015,58941
432016,44098
432017,40000
432018,72166
432019,65832
432020,43498
432021,44498
432022,40000
432023,50862
432024,40000
432025,46353
432026,77839
432027,50023
432028,45328
432029,40000
432030,40000
432031,60534
432032,75490
432033,40000
432034,50138
432035,64035
432036,51072
432037,48587
432038,54000
432039,50908
432040,40000
432041,66481
432042,47578
432043,62988
432044,40149
432045,52124
432046,40000
432047,50216
432048,48922
432049,41106
432050,77954
432051,46902
432052,40000
432053,60375
432054,45540
432055,40000
432056,65783
432057,61741
432058,40000
432059,48214
432060,40000
432061,40564
432062,40000
432063,40000
432064,40000
432065,43110
432066,40000
432067,60119
432068,55760
432069,41350
432070,47785
432071,40000
432072,50636
432073,64783
432074,50361
432075,40000
432076,77060
432077,40000
432078,40000
432079,54318
432080,40000
432081,55415
432082,40000
432083,40000
432084,85661
432085,53909
432086,85704
432087,40000
432088,50461
432089,56890
432090,82528
432091,71578
432092,41081
432093,43326
432094,42924
432095,59753
432096,58657
432097,41116
432098,40000
432099,40000
432100,56944
432101,61111
432102,51246
432103,45154
432104,70847
432105,48270
432106,57655
432107,40000
432108,40000
432109,40000
432110,50658
432111,55854
432112,40000
432113,58935
432114,85572
432115,40000
432116,50125
432117,40000
432118,40000
432119,64373
432120,61050
432121,40000
432122,46008
432123,40000
432124,42450
432125,40000
432126,40000
432127,40944
432128,40000
432129,51356
432130,58849
432131,57089
432132,40000
432133,40000
432134,40000
432135,48688
432136,41658
432137,67249
432138,40000
432139,91766
432140,74130
432141,40000
432142,40000
432143,40065
432144,40000
432145,49232
432146,40000
432147,46207
432148,50791
432149,40000
432150,47725
432151,97112
432152,46766
432153,60340
432154,40000
432155,40921
432156,79540
432157,81419
432158,40000
432159,53365
432160,54737
432161,87733
432162,47036
432163,42462
432164,55973
432165,52255
432166,52239
432167,40000
432168,57542
432169,40000
432170,58662
432171,48376
432172,40000
432173,63808
432174,82344
432175,46062
432176,50798
432177,44192
432178,40000
432179,73331
432180,40000
432181,66780
432182,40000
432183,54234
432184,46656
432185,72871
432186,53832
432187,67196
432188,61813
432189,62964
432190,61331
432191,40000
432192,72712
432193,55751
432194,59439
432195,81964
432196,69522
432197,41664
432198,40000
432199,40000
432200,45122
432201,40600
432202,53439
432203,53675
432204,51130
432205,45012
432206,40146
432207,40000
432208,40000
432209,60940
432210,55567
432211,61342
432212,43475
432213,57951
432214,40000
432215,40000
432216,69439
432217,62238
432218,67566
432219,45471
432220,78863
432221,40000
432222,90423
432223,52796
432224,76367
432225,40000
432226,40710
432227,70694
432228,52747
432229,46717
432230,56183
432231,40000
432232,62922
432233,92737
432234,44030
432235,40000
432236,45429
432237,40000
432238,40000
432239,40074
432240,53071
432241,40000
432242,63101
432243,48697
432244,40000
432245,47133
432246,40000
432247,40000
432248,84140
432249,74464
432250,68245
432251,46281
432252,45554
432253,45293
432254,40000
432255,40000
432256,45890
432257,84748
432258,51121
432259,70799
432260,40000
432261,73145
432262,44057
432263,40000
432264,55247
432265,46030
432266,40000
432267,109998
432268,49900
432269,58784
432270,51505
432271,40000
432272,47393
432273,47207
432274,111527
432275,57826
432276,40000
432277,49784
432278,55178
432279,40000
432280,50843
432281,53005
432282,40000
432283,50660
432284,78005
432285,40000
432286,47837
432287,40000
432288,41867
432289,47561
432290,47644
432291,48650
432292,69502
432293,40000
432294,57509
432295,52926
432296,77022
432297,44625
432298,59177
432299,52759
432300,77769
432301,41060
432302,45147
432303,66937
432304,40000
432305,63726
432306,55352
432307,54457
432308,42835
432309,40000
432310,46864
432311,54035
432312,45878
432313,56393
432314,57095
432315,40000
432316,40000
432317,46113
432318,50133
432319,40182
432320,49403
432321,40000
432322,40000
432323,54968
432324,40000
432325,44060
432326,40000
432327,67209
432328,40000
432329,66782
432330,63735
432331,40000
432332,40000
432333,40000
432334,40000
432335,72257
432336,50535
432337,58008
432338,85174
432339,57844
432340,65940
432341,40000
432342,52960
432343,40000
432344,40000
432345,50386
432346,63598
432347,51164
432348,40000
432349,82785
432350,47246
432351,59725
432352,40000
432353,44024
432354,55292
432355,40000
432356,62681
432357,48604
432358,40000
432359,40000
432360,40000
432361,40000
432362,62612
432363,75966
432364,70605
432365,64423
432366,49313
432367,40000
432368,53581
432369,40543
432370,50502
432371,40000
432372,61035
432373,68180
432374,41274
432375,40000
432376,62713
432377,40000
432378,58511
432379,42400
432380,46736
432381,47460
432382,61059
432383,65782
432384,40000
432385,60380
432386,46654
432387,52084
432388,40000
432389,56548
432390,64070
432391,79324
432392,61507
432393,56482
432394,40000
432395,40000
432396,58182
432397,91219
432398,40000
432399,40000
432400,40000
432401,74631
432402,43555
432403,51394
432404,52356
432405,45136
432406,62864
432407,67486
432408,40000
432409,58173
432410,40000
432411,108760
432412,43088
432413,40000
432414,81579
432415,46139
432416,50878
432417,56343
432418,40000
432419,61476
432420,61563
432421,54495
432422,45333
432423,40000
432424,62538
432425,44284
432426,62465
432427,40000
432428,80898
432429,41024
432430,40000
432431,40296
432432,61022
432433,71758
432434,41827
432435,40000
432436,49987
432437,42626
432438,40000
432439,42957
432440,47916
432441,46547
432442,40000
432443,40000
432444,40000
432445,46966
432446,57495
432447,56003
432448,96189
432449,60339
432450,105461
432451,53305
432452,40000
432453,60110
432454,58346
432455,55367
432456,44836
432457,61156
432458,48217
432459,40000
432460,60354
432461,40000
432462,60384
432463,50852
432464,40882
432465,40000
432466,58984
432467,40000
432468,40000
432469,40000
432470,44100
432471,76441
432472,40000
432473,45136
432474,40000
432475,53364
432476,40000
432477,40000
432478,40000
432479,40000
432480,50189
432481,40000
432482,40000
432483,76880
432484,41262
432485,45641
432486,40000
432487,76350
432488,40000
432489,53664
432490,53847
432491,50192
432492,76113
432493,40000
432494,48362
432495,40000
432496,51426
432497,67221
432498,40455
432499,81906
432500,40000
432501,40000
432502,42595
432503,40000
432504,48243
432505,40000
432506,55738
432507,43122
432508,40000
432509,45675
432510,69051
432511,43495
432512,76142
432513,40000
432514,40000
432515,40000
432516,40000
432517,50311
432518,70001
432519,47892
432520,51392
432521,65378
432522,46063
432523,77172
432524,47243
432525,89304
432526,40000
432527,44872
432528,40000
432529,61848
432530,43912
432531,53822
432532,40000
432533,42643
432534,49722
432535,71537
432536,44413
432537,40000
432538,62840
432539,40000
432540,45891
432541,59338
432542,42539
432543,58045
432544,65656
432545,43040
432546,50578
432547,81540
432548,46276
432549,60764
432550,40000
432551,73386
432552,40000
432553,58508
432554,75363
432555,40000
432556,40000
432557,63336
432558,80092
432559,40000
432560,40000
432561,49768
432562,43898
432563,40082
432564,40000
432565,43403
432566,56397
432567,56378
432568,52868
432569,40000
432570,42836
432571,40000
432572,58121
432573,44413
432574,66574
432575,49209
432576,56176
432577,40000
432578,73361
432579,40000
432580,43044
432581,46362
432582,74387
432583,114927
432584,76070
432585,40000
432586,40000
432587,64913
432588,40000
432589,46216
432590,40000
432591,53202
432592,74246
432593,40000
432594,60497
432595,40000
432596,51388
432597,40000
432598,40000
432599,44041
432600,71187
432601,40000
432602,40000
432603,55505
432604,80156
432605,40000
432606,80304
432607,40000
432608,40000
432609,40158
432610,68821
432611,85862
432612,46355
432613,98783
432614,66015
432615,40000
432616,60774
432617,96223
432618,94449
432619,44620
432620,69618
432621,75276
432622,40000
432623,73708
432624,67813
432625,40000
432626,61526
432627,64883
432628,40000
432629,51512
432630,40000
432631,50221
432632,57824
432633,40000
432634,47005
432635,74210
432636,40000
432637,40769
432638,40000
432639,40000
432640,66940
432641,52389
432642,41632
432643,40000
432644,40000
432645,49416
432646,40000
432647,40000
432648,57358
432649,69712
432650,44810
432651,40000
432652,40000
432653,51254
432654,40000
432655,42969
432656,60706
432657,60132
432658,40000
432659,40000
432660,51584
432661,40000
432662,61114
432663,40000
432664,49522
432665,42199
432666,40000
432667,49330
432668,64176
432669,42907
432670,61418
432671,40087
432672,53161
432673,40000
432674,50738
432675,60283
432676,65760
432677,88357
432678,40000
432679,73869
432680,43860
432681,45287
432682,40777
432683,40000
432684,77161
432685,45080
432686,73050
432687,40000
432688,45616
432689,40000
432690,52058
432691,71533
432692,40000
432693,52272
432694,40000
432695,40000
432696,40000
432697,65150
432698,45203
432699,43387
432700,60885
432701,40000
432702,43729
432703,93015
432704,40000
432705,40000
432706,42800
432707,45486
432708,40000
432709,40000
432710,52879
432711,58280
432712,52999
432713,51798
432714,44191
432715,44870
432716,40000
432717,56498
432718,47211
432719,45838
432720,73090
432721,70933
432722,57139
432723,57020
432724,40000
432725,40000
432726,55929
432727,43224
432728,45489
432729,43638
432730,48673
432731,40000
432732,47818
432733,40000
432734,74294
432735,57465
432736,56995
432737,40140
432738,40000
432739,40000
432740,40000
432741,77077
432742,40658
432743,65886
432744,84858
432745,55171
432746,40178
432747,60679
432748,40000
432749,67856
432750,40000
432751,40000
432752,57371
432753,40000
432754,44902
432755,70030
432756,41294
432757,41315
432758,40000
432759,40000
432760,40000
432761,40000
432762,43591
432763,69334
432764,57356
432765,66335
432766,45235
432767,40000
432768,51492
432769,57579
432770,44155
432771,40000
432772,40000
432773,40000
432774,40000
432775,65361
432776,73307
432777,43028
432778,40000
432779,73027
432780,40000
432781,40000
432782,40000
432783,40000
432784,40000
432785,88673
432786,48932
432787,41515
432788,40000
432789,44771
432790,73634
432791,40000
432792,80297
432793,46627
432794,42194
432795,80955
432796,57325
432797,40000
432798,40000
432799,67678
432800,40685
432801,40000
432802,40000
432803,50126
432804,65010
432805,58677
432806,52908
432807,63667
432808,40000
432809,56017
432810,49996
432811,57744
432812,40000
432813,52426
432814,66283
432815,48467
432816,44814
432817,86268
432818,62095
432819,40000
432820,56305
432821,58030
432822,51904
432823,49121
432824,40000
432825,51964
432826,52230
432827,66380
432828,59472
432829,40000
432830,82768
432831,40000
432832,48396
432833,63403
432834,56339
432835,60522
432836,60894
432837,77505
432838,50275
432839,40000
432840,42399
432841,40000
432842,40000
432843,40000
432844,96034
432845,49510
432846,40000
432847,47806
432848,55459
432849,47786
432850,41703
432851,40000
432852,54245
432853,40000
432854,51950
432855,61108
432856,40000
432857,59135
432858,53039
432859,40000
432860,71839
432861,40172
432862,40000
432863,56845
432864,40000
432865,73728
432866,42314
432867,49212
432868,40000
432869,40000
432870,89406
432871,42270
432872,40000
432873,40000
432874,49662
432875,40000
432876,77427
432877,79575
432878,63291
432879,53967
432880,66891
432881,40000
432882,40000
432883,49984
432884,87823
432885,58705
432886,40000
432887,49197
432888,40000
432889,40000
432890,56269
432891,86079
432892,41902
432893,47132
432894,55380
432895,40000
432896,49371
432897,56561
432898,75537
432899,62368
432900,40000
432901,87175
432902,64584
432903,51483
432904,54229
432905,40000
432906,61849
432907,77737
432908,74000
432909,43045
432910,40000
432911,40000
432912,96383
432913,67686
432914,53880
432915,77488
432916,68035
432917,40000
432918,40000
432919,55031
432920,58213
432921,40000
432922,58311
432923,46287
432924,40000
432925,72481
432926,40000
432927,43233
432928,59550
432929,76243
432930,65098
432931,50898
432932,67205
432933,80706
432934,58176
432935,58543
432936,50407
432937,40000
432938,69108
432939,48826
432940,76265
432941,40000
432942,88898
432943,40000
432944,76515
432945,41006
432946,40000
432947,56100
432948,52438
432949,41257
432950,51975
432951,43754
432952,40000
432953,40000
432954,51385
432955,40000
432956,59603
432957,60174
432958,40000
432959,40000
432960,40529
432961,69579
432962,41242
432963,45871
432964,40000
432965,40000
432966,44813
432967,68647
432968,58242
432969,40000
432970,74862
432971,51196
432972,61691
432973,58229
432974,60045
432975,46759
432976,40000
432977,48981
432978,72631
432979,69173
432980,52184
432981,41302
432982,47065
432983,43143
432984,46937
432985,55779
432986,52015
432987,40000
432988,40000
432989,65579
432990,40000
432991,67708
432992,76805
432993,60121
432994,54574
432995,40000
432996,44880
432997,40000
432998,92404
432999,40000
433000,44837
433001,59031
433002,71651
433003,71479
433004,90488
433005,64804
433006,40000
433007,71550
433008,65670
433009,80408
433010,41215
433011,40000
433012,40000
433013,92308
433014,54017
433015,54709
433016,40000
433017,40000
433018,41286
433019,81158
433020,40000
433021,49016
433022,62371
433023,40000
433024,40000
433025,44506
433026,61357
433027,61846
433028,61844
433029,40000
433030,40000
433031,57650
433032,48584
433033,40000
433034,66413
433035,65054
433036,41290
433037,53333
433038,81105
433039,40000
433040,40000
433041,45786
433042,40000
433043,77978
433044,40000
433045,40000
433046,44510
433047,61093
433048,44738
433049,67790
433050,40000
433051,40000
433052,57801
433053,77580
433054,41159
433055,43367
433056,40000
433057,73134
433058,91110
433059,83650
433060,73269
433061,63483
433062,45760
433063,40000
433064,40000
433065,40000
433066,40000
433067,40000
433068,62435
433069,40000
433070,40000
433071,59038
433072,85493
433073,40000
433074,53769
433075,40000
433076,40000
433077,73803
433078,40000
433079,79505
433080,57822
433081,48188
433082,49553
433083,40000
433084,53949
433085,69102
433086,47337
433087,43757
433088,40577
433089,58686
433090,78069
433091,48274
433092,53600
433093,41161
433094,49912
433095,48754
433096,40000
433097,71222
433098,40000
433099,53795
433100,48368
433101,40000
433102,40000
433103,40000
433104,40000
433105,79436
433106,74644
433107,63098
433108,40000
433109,72016
433110,96633
433111,66091
433112,57744
433113,54289
433114,51537
433115,40000
433116,62175
433117,40000
433118,40000
433119,52756
433120,40000
433121,40000
433122,53014
433123,73186
433124,40000
433125,40000
433126,40000
433127,54486
433128,40000
433129,52606
433130,40000
433131,40613
433132,92514
433133,59727
433134,40000
433135,54592
433136,40000
433137,45429
433138,56712
433139,50718
433140,69510
433141,40000
433142,40000
433143,51564
433144,78219
433145,40000
433146,40000
433147,40000
433148,52836
433149,64565
433150,40000
433151,73395
433152,67814
433153,76524
433154,40000
433155,59548
433156,93761
433157,84693
433158,45134
433159,99261
433160,40000
433161,63057
433162,56922
433163,71043
433164,70193
433165,40000
433166,40000
433167,67255
433168,43148
433169,52880
433170,40000
433171,76009
433172,40000
433173,47554
433174,40000
433175,40000
433176,55878
433177,42593
433178,40000
433179,46942
433180,55355
433181,49559
433182,71282
433183,67338
433184,40000
433185,45205
433186,74115
433187,40000
433188,40000
433189,45697
433190,40000
433191,41070
433192,40000
433193,50084
433194,66185
433195,40000
433196,64234
433197,47779
433198,69338
433199,72384
433200,53023
433201,45698
433202,58963
433203,71506
433204,47509
433205,40000
433206,74201
433207,40000
433208,40000
433209,57351
433210,58499
433211,58635
433212,88746
433213,42931
433214,78884
433215,40000
433216,72625
433217,40000
433218,40000
433219,40000
433220,40000
433221,46569
433222,40000
433223,66491
433224,73639
433225,81688
433226,47988
433227,40000
433228,49026
433229,55158
433230,56788
433231,48487
433232,44428
433233,59067
433234,40000
433235,40000
433236,84408
433237,40000
433238,51026
433239,53462
433240,40000
433241,61042
433242,50453
433243,40000
433244,40000
433245,40000
433246,49053
433247,40000
433248,74624
433249,40000
433250,40000
433251,50291
433252,40000
433253,49317
433254,68248
433255,70233
433256,65047
433257,45225
433258,69416
433259,40000
433260,40000
433261,77480
433262,46114
433263,67007
433264,77076
433265,40000
433266,50460
433267,70525
433268,70281
433269,67751
433270,83135
433271,49484
433272,40000
433273,66607
433274,48614
433275,57748
433276,40000
433277,73604
433278,52676
433279,43791
433280,82073
433281,68259
433282,40000
433283,58275
433284,41897
433285,40455
433286,44657
433287,70108
433288,41273
433289,57060
433290,97683
433291,61283
433292,54102
433293,64774
433294,49436
433295,40000
433296,46977
433297,40000
433298,46990
433299,40000
433300,40488
433301,78655
433302,42513
433303,43533
433304,41246
433305,48344
433306,40000
433307,79896
433308,40000
433309,40000
433310,40000
433311,42554
433312,42013
433313,73293
433314,59952
433315,40000
433316,70300
433317,41004
433318,40000
433319,40000
433320,88931
433321,64727
433322,49496
433323,42182
433324,56746
433325,52145
433326,40000
433327,73235
433328,57206
433329,52551
433330,40000
433331,47318
433332,70465
433333,40000
433334,40000
433335,42708
433336,59590
433337,50542
433338,81659
433339,44551
433340,45682
433341,47338
433342,40000
433343,51291
433344,64224
433345,51786
433346,78490
433347,62251
433348,40000
433349,44183
433350,41407
433351,65702
433352,50595
433353,69099
433354,40000
433355,59838
433356,40000
433357,55200
433358,55662
433359,62402
433360,40000
433361,66657
433362,46168
433363,46746
433364,40000
433365,53329
433366,40000
433367,40203
433368,49182
433369,40000
433370,40000
433371,40000
433372,73635
433373,40000
433374,40000
433375,52876
433376,59221
433377,55210
433378,43795
433379,79257
433380,71193
433381,61110
433382,40000
433383,84606
433384,54148
433385,40000
433386,44535
433387,40000
433388,43974
433389,40000
433390,40000
433391,51747
433392,40000
433393,53027
433394,41843
433395,44601
433396,57787
433397,40000
433398,50388
433399,40000
433400,63784
433401,58230
433402,76326
433403,49725
433404,47541
433405,61051
433406,40000
433407,46557
433408,40797
433409,40000
433410,45361
433411,45700
433412,40020
433413,59275
433414,60815
433415,40000
433416,40000
433417,93287
433418,67596
433419,71293
433420,69741
433421,40000
433422,50185
433423,40000
433424,46559
433425,57918
433426,102365
433427,50850
433428,42398
433429,46552
433430,41718
433431,54323
433432,40000
433433,43761
433434,40000
433435,59515
433436,40000
433437,49396
433438,86599
433439,93869
433440,78350
433441,40000
433442,52198
433443,40000
433444,49086
433445,40000
433446,72216
433447,43912
433448,53618
433449,44053
433450,57461
433451,62897
433452,61150
433453,43128
433454,40000
433455,40000
433456,45560
433457,45039
433458,40000
433459,58270
433460,59982
433461,40000
433462,41395
433463,40000
433464,40000
433465,40000
433466,40000
433467,72394
433468,56419
433469,65774
433470,57699
433471,69555
433472,40000
433473,42559
433474,40000
433475,47605
433476,49619
433477,60177
433478,45757
433479,65388
433480,57857
433481,40000
433482,41336
433483,62094
433484,40000
433485,61727
433486,40000
433487,45468
433488,67143
433489,68424
433490,66879
433491,45129
433492,48475
433493,41977
433494,54495
433495,43932
433496,51145
433497,40000
433498,64336
433499,62155
433500,40000
433501,40000
433502,54358
433503,53001
433504,40000
433505,40000
433506,53385
433507,41375
433508,44038
433509,71106
433510,61920
433511,51907
433512,45294
433513,44937
433514,40000
433515,68941
433516,40000
433517,40000
433518,47600
433519,63044
433520,54811
433521,68066
433522,41002
433523,40000
433524,70091
433525,59815
433526,40000
433527,40000
433528,48402
433529,40000
433530,65998
433531,40000
433532,48409
433533,60911
433534,41088
433535,44488
433536,54403
433537,40000
433538,40000
433539,65332
433540,40000
433541,44004
433542,40000
433543,40365
433544,49359
433545,52427
433546,55844
433547,40473
433548,55257
433549,57990
433550,81163
433551,40000
433552,55181
433553,74680
433554,40000
433555,40000
433556,46695
433557,40000
433558,40000
433559,68161
433560,65363
433561,44775
433562,67081
433563,40000
433564,40000
433565,40000
433566,56618
433567,40000
433568,40000
433569,53589
433570,40000
433571,40000
433572,77353
433573,49360
433574,51545
433575,40000
433576,40000
433577,40000
433578,40000
433579,40000
433580,51541
433581,40000
433582,50063
433583,40000
433584,40000
433585,47724
433586,46111
433587,67739
433588,40000
433589,58018
433590,50908
433591,45584
433592,40000
433593,53475
433594,47922
433595,75095
433596,40845
433597,59561
433598,65107
433599,57573
433600,54883
433601,62347
433602,80160
433603,40000
433604,40000
433605,40000
433606,40000
433607,44747
433608,83847
433609,56286
433610,74561
433611,40000
433612,40000
433613,44087
433614,40000
433615,40000
433616,64559
433617,74094
433618,56914
433619,40000
433620,40000
433621,46675
433622,40000
433623,59493
433624,40000
433625,51033
433626,40576
433627,80266
433628,44618
433629,59428
433630,85624
433631,89623
433632,60918
433633,40000
433634,63443
433635,58188
433636,40000
433637,84038
433638,68900
433639,43311
433640,60932
433641,58059
433642,79841
433643,40000
433644,40000
433645,40000
433646,40000
433647,45177
433648,40000
433649,62516
433650,40000
433651,40000
433652,71347
433653,40000
433654,40000
433655,40000
433656,40000
433657,60763
433658,60744
433659,55691
433660,51424
433661,40000
433662,68467
433663,56560
433664,40000
433665,87168
433666,93563
433667,66269
433668,40000
433669,50827
433670,83846
433671,48811
433672,82769
433673,52742
433674,47200
433675,40000
433676,48094
433677,68373
433678,55461
433679,40000
433680,63940
433681,78632
433682,40000
433683,49173
433684,87455
433685,81969
433686,89099
433687,50112
433688,48388
433689,40000
433690,63784
433691,70828
433692,48712
433693,43384
433694,51277
433695,42480
433696,48710
433697,47303
433698,40000
433699,41956
433700,52559
433701,43827
433702,76143
433703,40000
433704,84718
433705,40000
433706,91705
433707,40000
433708,60312
433709,40000
433710,40000
433711,40000
433712,40000
433713,40000
433714,40000
433715,69214
433716,47211
433717,64573
433718,42740
433719,45428
433720,40000
433721,72561
433722,55161
433723,40548
433724,52732
433725,40711
433726,49056
433727,60237
433728,57262
433729,40000
433730,61119
433731,49854
433732,100686
433733,40000
433734,40000
433735,72101
433736,69414
433737,83023
433738,50419
433739,59465
433740,40000
433741,40000
433742,45277
433743,65677
433744,40321
433745,40000
433746,62954
433747,40000
433748,46070
433749,40000
433750,40000
433751,40000
433752,48370
433753,54954
433754,41907
433755,48294
433756,90738
433757,40374
433758,56300
433759,91298
433760,40000
433761,51075
433762,41900
433763,56404
433764,43414
433765,50647
433766,40000
433767,53984
433768,67293
433769,55615
433770,43613
433771,66881
433772,68097
433773,55072
433774,40000
433775,40000
433776,54621
433777,40000
433778,47730
433779,40000
433780,71191
433781,80027
433782,51717
433783,78534
433784,74274
433785,40000
433786,62977
433787,64625
433788,40000
433789,45457
433790,55395
433791,73095
433792,53830
433793,40000
433794,53772
433795,40000
433796,58861
433797,55360
433798,40000
433799,40000
433800,57032
433801,50069
433802,45126
433803,55279
433804,53205
433805,40000
433806,84988
433807,47665
433808,40000
433809,42045
433810,65813
433811,40000
433812,59578
433813,44417
433814,83219
433815,68451
433816,51320
433817,70031
433818,82026
433819,62092
433820,50935
433821,65032
433822,64772
433823,77050
433824,51833
433825,51114
433826,43300
433827,54766
433828,66671
433829,52307
433830,40000
433831,86492
433832,40000
433833,56344
433834,61109
433835,61569
433836,53135
433837,62283
433838,40000
433839,43534
433840,64618
433841,40000
433842,64782
433843,40000
433844,40000
433845,40925
433846,68837
433847,41980
433848,42940
433849,60981
433850,74132
433851,64980
433852,50952
433853,42652
433854,78134
433855,40000
433856,40189
433857,62017
433858,85680
433859,40000
433860,40000
433861,49653
433862,51304
433863,67971
433864,41902
433865,40000
433866,40000
433867,50186
433868,62301
433869,60312
433870,51015
433871,52236
433872,63108
433873,40689
433874,69569
433875,40000
433876,40000
433877,43914
433878,40000
433879,57661
433880,40000
433881,41070
433882,69266
433883,59776
433884,52953
433885,55659
433886,40000
433887,40000
433888,40000
433889,40000
433890,45917
433891,53071
433892,40000
433893,40000
433894,67133
433895,56493
433896,49196
433897,66281
433898,99283
433899,44024
433900,91770
433901,40000
433902,40000
433903,40000
433904,56533
433905,82501
433906,41052
433907,40000
433908,46583
433909,40000
433910,40000
433911,40000
433912,40000
433913,46056
433914,70568
433915,66330
433916,62546
433917,42645
433918,54743
433919,40000
433920,65892
433921,40000
433922,40000
433923,67610
433924,51935
433925,56115
433926,41355
433927,72292
433928,58080
433929,40000
433930,56243
433931,60879
433932,60725
433933,41704
433934,47207
433935,60549
433936,40000
433937,57976
433938,63989
433939,40000
433940,40822
433941,67780
433942,48037
433943,40000
433944,46823
433945,40000
433946,40000
433947,40000
433948,67638
433949,53977
433950,67137
433951,40000
433952,70045
433953,58900
433954,80498
433955,70623
433956,61960
433957,40000
433958,46585
433959,44683
433960,59113
433961,57425
433962,40000
433963,40128
433964,40000
433965,40000
433966,40000
433967,68407
433968,103372
433969,40000
433970,47899
433971,46746
433972,40000
433973,54308
433974,50153
433975,66447
433976,45933
433977,58534
433978,64768
433979,40000
433980,43022
433981,40000
433982,49498
433983,42959
433984,55130
433985,40000
433986,42203
433987,40000
433988,59774
433989,40000
433990,40000
433991,40000
433992,40000
433993,40000
433994,50974
433995,40000
433996,51722
433997,43305
433998,86921
433999,40000
434000,40000
434001,40000
434002,40000
434003,40000
434004,55050
434005,40000
434006,63208
434007,40000
434008,62790
434009,50060
434010,55819
434011,69669
434012,50867
434013,64675
434014,43378
434015,47363
434016,70904
434017,40000
434018,40000
434019,40000
434020,71290
434021,40000
434022,44833
434023,64796
434024,66388
434025,40000
434026,56239
434027,70072
434028,40000
434029,40000
434030,51914
434031,49242
434032,64854
434033,40000
434034,87804
434035,56186
434036,40000
434037,40000
434038,72458
434039,40000
434040,40000
434041,40000
434042,40000
434043,51030
434044,83302
434045,74615
434046,40000
434047,47418
434048,76925
434049,65480
434050,49886
434051,50218
434052,40000
434053,71236
434054,44449
434055,79280
434056,75251
434057,87211
434058,64566
434059,54108
434060,44827
434061,94537
434062,40000
434063,46643
434064,40000
434065,72743
434066,60842
434067,52927
434068,70912
434069,40000
434070,40000
434071,90691
434072,40000
434073,40000
434074,62375
434075,40000
434076,68374
434077,53936
434078,58394
434079,49976
434080,45095
434081,40000
434082,40000
434083,45083
434084,90879
434085,40000
434086,40000
434087,40000
434088,40391
434089,44226
434090,59740
434091,40000
434092,49415
434093,40000
434094,46890
434095,72104
434096,65810
434097,40000
434098,71395
434099,65306
434100,40000
434101,48741
434102,50445
434103,43826
434104,40000
434105,40000
434106,40000
434107,57379
434108,60711
434109,40000
434110,64605
434111,40000
434112,40000
434113,44909
434114,79837
434115,70394
434116,47526
434117,58688
434118,48636
434119,86761
434120,78682
434121,40000
434122,40000
434123,63398
434124,84329
434125,62326
434126,73152
434127,76606
434128,82168
434129,55461
434130,40000
434131,71510
434132,52138
434133,78611
434134,66293
434135,42990
434136,40000
434137,40000
434138,40000
434139,40000
434140,51757
434141,43641
434142,79685
434143,61316
434144,40000
434145,40000
434146,40000
434147,40416
434148,48543
434149,62787
434150,68407
434151,40000
434152,40000
434153,46202
434154,40000
434155,40000
434156,40000
434157,76968
434158,41439
434159,40000
434160,42766
434161,47494
434162,81299
434163,41496
434164,59084
434165,62173
434166,83485
434167,40515
434168,65552
434169,43494
434170,64581
434171,47980
434172,49870
434173,40000
434174,40000
434175,40000
434176,40000
434177,76559
434178,44443
434179,85669
434180,50739
434181,62511
434182,48197
434183,77815
434184,57574
434185,41084
434186,56677
434187,69218
434188,59541
434189,87460
434190,60867
434191,68889
434192,46068
434193,71113
434194,40000
434195,77773
434196,62138
434197,68655
434198,40000
434199,43410
434200,49570
434201,64340
434202,42716
434203,74585
434204,47621
434205,45351
434206,61124
434207,52160
434208,40000
434209,40000
434210,67290
434211,49633
434212,40000
434213,46615
434214,40000
434215,57648
434216,40000
434217,56762
434218,75137
434219,56909
434220,48642
434221,58384
434222,54222
434223,40000
434224,40000
434225,40000
434226,82185
434227,40000
434228,42306
434229,67350
434230,55236
434231,40000
434232,51991
434233,64273
434234,86267
434235,49348
434236,40000
434237,44699
434238,57085
434239,68408
434240,51794
434241,71353
434242,69197
434243,57715
434244,64829
434245,55808
434246,40000
434247,42863
434248,57175
434249,65294
434250,61249
434251,57998
434252,66788
434253,40000
434254,47177
434255,40000
434256,58657
434257,40000
434258,42031
434259,59258
434260,40000
434261,70574
434262,55038
434263,40000
434264,107410
434265,40000
434266,59703
434267,80344
434268,40000
434269,40000
434270,52741
434271,67291
434272,49289
434273,40000
434274,40000
434275,54630
434276,40000
434277,67033
434278,40000
434279,40000
434280,40000
434281,71728
434282,40000
434283,46823
434284,89220
434285,63140
434286,40000
434287,40000
434288,51575
434289,74570
434290,63391
434291,40000
434292,40000
434293,66266
434294,40000
434295,63859
434296,47076
434297,61677
434298,91859
434299,40000
434300,73344
434301,62840
434302,53858
434303,40000
434304,61281
434305,51822
434306,52639
434307,40000
434308,61055
434309,40000
434310,40000
434311,40000
434312,92531
434313,66820
434314,56575
434315,66629
434316,41458
434317,46002
434318,52867
434319,59296
434320,47685
434321,53803
434322,40501
434323,56506
434324,48983
434325,40000
434326,73007
434327,51612
434328,61943
434329,61241
434330,47355
434331,40000
434332,61776
434333,66100
434334,66334
434335,40000
434336,96314
434337,54570
434338,48786
434339,85416
434340,56744
434341,59996
434342,49533
434343,40000
434344,53154
434345,62737
434346,40000
434347,40000
434348,40000
434349,46658
434350,40000
434351,63627
434352,59276
434353,40000
434354,89540
434355,41143
434356,95087
434357,56970
434358,40000
434359,47899
434360,64406
434361,65879
434362,49044
434363,69461
434364,51661
434365,40000
434366,44138
434367,40000
434368,40000
434369,47133
434370,51211
434371,68493
434372,55687
434373,51006
434374,55438
434375,51930
434376,61898
434377,40000
434378,40000
434379,40000
434380,58921
434381,40000
434382,52825
434383,40000
434384,46939
434385,43096
434386,40000
434387,83378
434388,40000
434389,54134
434390,40000
434391,52690
434392,40000
434393,50687
434394,40000
434395,40000
434396,40000
434397,45800
434398,40000
434399,42163
434400,43498
434401,40000
434402,49841
434403,63259
434404,40000
434405,96426
434406,40000
434407,40000
434408,72838
434409,87967
434410,40000
434411,40000
434412,51430
434413,67283
434414,47454
434415,68178
434416,40000
434417,42852
434418,40000
434419,48144
434420,95594
434421,40000
434422,40000
434423,40000
434424,40000
434425,55660
434426,59246
434427,40000
434428,58680
434429,68503
434430,58049
434431,77293
434432,40000
434433,53738
434434,40000
434435,40000
434436,50216
434437,78756
434438,92948
434439,40772
434440,40000
434441,59270
434442,51501
434443,57612
434444,61078
434445,53824
434446,40000
434447,59697
434448,41521
434449,46744
434450,45692
434451,40000
434452,40000
434453,63539
434454,71385
434455,40000
434456,46178
434457,40000
434458,60952
434459,55817
434460,71656
434461,64720
434462,40000
434463,40000
434464,49155
434465,40000
434466,40000
434467,55769
434468,100058
434469,40000
434470,40000
434471,40000
434472,98986
434473,49111
434474,40000
434475,60288
434476,77823
434477,54517
434478,73166
434479,40000
434480,40000
434481,40000
434482,40000
434483,40000
434484,40000
434485,40000
434486,65287
434487,48210
434488,40000
434489,41994
434490,49082
434491,63278
434492,76589
434493,40000
434494,40000
434495,42205
434496,58287
434497,40000
434498,40000
434499,40000
434500,66150
434501,40000
434502,79728
434503,40000
434504,40000
434505,40000
434506,40000
434507,67852
434508,62851
434509,45201
434510,67358
434511,50466
434512,46228
434513,45329
434514,55037
434515,40000
434516,46757
434517,40000
434518,99246
434519,40853
434520,40000
434521,40000
434522,58695
434523,43743
434524,53921
434525,40000
434526,45851
434527,54014
434528,58132
434529,40000
434530,53034
434531,76613
434532,84328
434533,64607
434534,40000
434535,41494
434536,65122
434537,40000
434538,53896
434539,51461
434540,56012
434541,58676
434542,80318
434543,70748
434544,51873
434545,68190
434546,59912
434547,40000
434548,67379
434549,40000
434550,40000
434551,40000
434552,40000
434553,40000
434554,42940
434555,60379
434556,65110
434557,64357
434558,69161
434559,40000
434560,49514
434561,60716
434562,43636
434563,40000
434564,40609
434565,52120
434566,73036
434567,71519
434568,66271
434569,40000
434570,74830
434571,48383
434572,40000
434573,40000
434574,48619
434575,69604
434576,40000
434577,49076
434578,54173
434579,68609
434580,65544
434581,64304
434582,53786
434583,40000
434584,45572
434585,50380
434586,53128
434587,67516
434588,51448
434589,44109
434590,54590
434591,40000
434592,45513
434593,40000
434594,47358
434595,65194
434596,48751
434597,47733
434598,40000
434599,40000
434600,40000
434601,40000
434602,49350
434603,40000
434604,55627
434605,65437
434606,44212
434607,56013
434608,40000
434609,53461
434610,40000
434611,96936
434612,47429
434613,57045
434614,40000
434615,51350
434616,40000
434617,57464
434618,46143
434619,83862
434620,49064
434621,51642
434622,57276
434623,82734
434624,40000
434625,52613
434626,49856
434627,73312
434628,40000
434629,40000
434630,40000
434631,41989
434632,51060
434633,41303
434634,57272
434635,40863
434636,67395
434637,51966
434638,55950
434639,51752
434640,40000
434641,77186
434642,40000
434643,62818
434644,63604
434645,73023
434646,49176
434647,40000
434648,40000
434649,66295
434650,40000
434651,40000
434652,40000
434653,51894
434654,79386
434655,40000
434656,55907
434657,79193
434658,68989
434659,40000
434660,40000
434661,40000
434662,40000
434663,62731
434664,40000
434665,59853
434666,40000
434667,40000
434668,58255
434669,40000
434670,76156
434671,40874
434672,73941
434673,75145
434674,63376
434675,40000
434676,52660
434677,56819
434678,45890
434679,40000
434680,40000
434681,57840
434682,75404
434683,59717
434684,45812
434685,40000
434686,53029
434687,41109
434688,40000
434689,46474
434690,73536
434691,40000
434692,61929
434693,70758
434694,44729
434695,50855
434696,54604
434697,72324
434698,40000
434699,55573
434700,40000
434701,81414
434702,57234
434703,86969
434704,40000
434705,46795
434706,79100
434707,40131
434708,60739
434709,40000
434710,78494
434711,42465
434712,41822
434713,40000
434714,40000
434715,77803
434716,53191
434717,55614
434718,63149
434719,78538
434720,65286
434721,53394
434722,40000
434723,44326
434724,40000
434725,43156
434726,62169
434727,50234
434728,50610
434729,40000
434730,41966
434731,83228
434732,54881
434733,86368
434734,78158
434735,40000
434736,58214
434737,58801
434738,40000
434739,40000
434740,84787
434741,40000
434742,40000
434743,63172
434744,58125
434745,55625
434746,40000
434747,58567
434748,74732
434749,40000
434750,40000
434751,40000
434752,53625
434753,54399
434754,77990
434755,40000
434756,60820
434757,59180
434758,48812
434759,40000
434760,40000
434761,46082
434762,42295
434763,43116
434764,50923
434765,55898
434766,63078
434767,51215
434768,88801
434769,40000
434770,40000
434771,40000
434772,71200
434773,50069
434774,67417
434775,60727
434776,47564
434777,51976
434778,40000
434779,81775
434780,92473
434781,48261
434782,54194
434783,40000
434784,68532
434785,45379
434786,48665
434787,49463
434788,40000
434789,44146
434790,45666
434791,44602
434792,45687
434793,56322
434794,42864
434795,49995
434796,44575
434797,40000
434798,40000
434799,57133
434800,45794
434801,57460
434802,55986
434803,51022
434804,71710
434805,40000
434806,40000
434807,49799
434808,45001
434809,40000
434810,97578
434811,40000
434812,59237
434813,62134
434814,44556
434815,88352
434816,75373
434817,86959
434818,40000
434819,70495
434820,70557
434821,55939
434822,63145
434823,44778
434824,58694
434825,40000
434826,74024
434827,40000
434828,40000
434829,40000
434830,40000
434831,45863
434832,50128
434833,44303
434834,54547
434835,40000
434836,50415
434837,40000
434838,57804
434839,42980
434840,51669
434841,40000
434842,40000
434843,42232
434844,67962
434845,56010
434846,81408
434847,68877
434848,61668
434849,97094
434850,51851
434851,41384
434852,47937
434853,72234
434854,41142
434855,60415
434856,46767
434857,58933
434858,83757
434859,40000
434860,52047
434861,47195
434862,40689
434863,45694
434864,41218
434865,68872
434866,57703
434867,53882
434868,89258
434869,56363
434870,61127
434871,74476
434872,63466
434873,75444
434874,57108
434875,40000
434876,53325
434877,40000
434878,47502
434879,66360
434880,43306
434881,40000
434882,44907
434883,40000
434884,49485
434885,40000
434886,61824
434887,40544
434888,44818
434889,40000
434890,43667
434891,40000
434892,66664
434893,40000
434894,49660
434895,77142
434896,40000
434897,40000
434898,40000
434899,60718
434900,70227
434901,40000
434902,40000
434903,49805
434904,45079
434905,91043
434906,40653
434907,42157
434908,40000
434909,40000
434910,63339
434911,40000
434912,60754
434913,45729
434914,85138
434915,78823
434916,87276
434917,40000
434918,62866
434919,57852
434920,40000
434921,53527
434922,44574
434923,73472
434924,40000
434925,50814
434926,75450
434927,50769
434928,72235
434929,65706
434930,55193
434931,55767
434932,46711
434933,49420
434934,93320
434935,40000
434936,54397
434937,67547
434938,48909
434939,79092
434940,49432
434941,40000
434942,74949
434943,87773
434944,56919
434945,55198
434946,54516
434947,84128
434948,40000
434949,42020
434950,40000
434951,43851
434952,77166
434953,60572
434954,40000
434955,60622
434956,53002
434957,54925
434958,93087
434959,51598
434960,91435
434961,61699
434962,96289
434963,73248
434964,40000
434965,40000
434966,56912
434967,40000
434968,48628
434969,53870
434970,46273
434971,79867
434972,65975
434973,53866
434974,60106
434975,40000
434976,55512
434977,40000
434978,63491
434979,40000
434980,53932
434981,42886
434982,50979
434983,54432
434984,40000
434985,60178
434986,40000
434987,69803
434988,40000
434989,40000
434990,48125
434991,40000
434992,77829
434993,75744
434994,62392
434995,74471
434996,40000
434997,51308
434998,63213
434999,40000
435000,66085
435001,81858
435002,40000
435003,51999
435004,69686
435005,66164
435006,59292
435007,48120
435008,59530
435009,43749
435010,66310
435011,79029
435012,40000
435013,50583
435014,40000
435015,40994
435016,57509
435017,85942
435018,58886
435019,50448
435020,55724
435021,40000
435022,55471
435023,43758
435024,40000
435025,57319
435026,46644
435027,49268
435028,40000
435029,40937
435030,40000
435031,40000
435032,42954
435033,69412
435034,52123
435035,51377
435036,47785
435037,71312
435038,46776
435039,40000
435040,40000
435041,40000
435042,55687
435043,40000
435044,40000
435045,57675
435046,40000
435047,63744
435048,40000
435049,53354
435050,40000
435051,40000
435052,40000
435053,40000
435054,40000
435055,76452
435056,54602
435057,75746
435058,40164
435059,68006
435060,48951
435061,55869
435062,40000
435063,47483
435064,53675
435065,52684
435066,61849
435067,40000
435068,40000
435069,45399
435070,48276
435071,40000
435072,40000
435073,47965
435074,40000
435075,46366
435076,40000
435077,41833
435078,49866
435079,71249
435080,40000
435081,40000
435082,40000
435083,74065
435084,40000
435085,54490
435086,54723
435087,65648
435088,66219
435089,60150
435090,40000
435091,43821
435092,40000
435093,64980
435094,40000
435095,40000
435096,40000
435097,89233
435098,51557
435099,40000
435100,43528
435101,40000
435102,40000
435103,48752
435104,83351
435105,40000
435106,59028
435107,40000
435108,46810
435109,40000
435110,73442
435111,40000
435112,40000
435113,57887
435114,55377
435115,40000
435116,40000
435117,40000
435118,52361
435119,40000
435120,40000
435121,97027
435122,40000
435123,65528
435124,53782
435125,40000
435126,41687
435127,83044
435128,40000
435129,79078
435130,48995
435131,101721
435132,64412
435133,54757
435134,48154
435135,56825
435136,47760
435137,69873
435138,40000
435139,48626
435140,40000
435141,48668
435142,78570
435143,53231
435144,52452
435145,40000
435146,54227
435147,40000
435148,72090
435149,89442
435150,40000
435151,40000
435152,40000
435153,40000
435154,54341
435155,48897
435156,47797
435157,44549
435158,40000
435159,57351
435160,40000
435161,41358
435162,40000
435163,52483
435164,40000
435165,53087
435166,61016
435167,40000
435168,40000
435169,65940
435170,48365
435171,45628
435172,85218
435173,45533
435174,40000
435175,63270
435176,45137
435177,40000
435178,56432
435179,40000
435180,82762
435181,40000
435182,40000
435183,58657
435184,72919
435185,73282
435186,40000
435187,58416
435188,67118
435189,53359
435190,59438
435191,68286
435192,70355
435193,50417
435194,75538
435195,69776
435196,55415
435197,66934
435198,40000
435199,51720
435200,63845
435201,63710
435202,40000
435203,76669
435204,40000
435205,47455
435206,40000
435207,40000
435208,48092
435209,59537
435210,69416
435211,40000
435212,84098
435213,72389
435214,55359
435215,40000
435216,42310
435217,40000
435218,97810
435219,40000
435220,40000
435221,46705
435222,40000
435223,41238
435224,73062
435225,46223
435226,40178
435227,43129
435228,70018
435229,50712
435230,60111
435231,40000
435232,78097
435233,42145
435234,40545
435235,40000
435236,49706
435237,41608
435238,40000
435239,75371
435240,41157
435241,52129
435242,40000
435243,52556
435244,40017
435245,40000
435246,63338
435247,40000
435248,64964
435249,48948
435250,64149
435251,40000
435252,45060
435253,49904
435254,48715
435255,40000
435256,40000
435257,57939
435258,79105
435259,71765
435260,40000
435261,42708
435262,64327
435263,76217
435264,40000
435265,50522
435266,40600
435267,40000
435268,40000
435269,85543
435270,65848
435271,60099
435272,70687
435273,64542
435274,40000
435275,40000
435276,40000
435277,66652
435278,51675
435279,66053
435280,40000
435281,88641
435282,40545
435283,41915
435284,40000
435285,85309
435286,40699
435287,40000
435288,62848
435289,78074
435290,60437
435291,56515
435292,58428
435293,40000
435294,48543
435295,44477
435296,63471
435297,83473
435298,91769
435299,40000
435300,59956
435301,54949
435302,46667
435303,49888
435304,70124
435305,61083
435306,59038
435307,49256
435308,47114
435309,61531
435310,40000
435311,40000
435312,47659
435313,48857
435314,87980
435315,50612
435316,48596
435317,65996
435318,40000
435319,47040
435320,40000
435321,51507
435322,40000
435323,69977
435324,44294
435325,55484
435326,40000
435327,73948
435328,69216
435329,51995
435330,40000
435331,45301
435332,60162
435333,47079
435334,40000
435335,40000
435336,40000
435337,70978
435338,47010
435339,56389
435340,40000
435341,67724
435342,48175
435343,99918
435344,49356
435345,57973
435346,40000
435347,40000
435348,40000
435349,40000
435350,65081
435351,40004
435352,40000
435353,51615
435354,92868
435355,71334
435356,40000
435357,54147
435358,40000
435359,40000
435360,42115
435361,41044
435362,66871
435363,40000
435364,40000
435365,66445
435366,72803
435367,42559
435368,81630
435369,100436
435370,56330
435371,66849
435372,75916
435373,40000
435374,40000
435375,40000
435376,71517
435377,46936
435378,45690
435379,65641
435380,51083
435381,49890
435382,66399
435383,40000
435384,40000
435385,50379
435386,52743
435387,44764
435388,40000
435389,56670
435390,47120
435391,60678
435392,54678
435393,40000
435394,59452
435395,69180
435396,65905
435397,55556
435398,40000
435399,50114
435400,40972
435401,40000
435402,44457
435403,40000
435404,40000
435405,40000
435406,80040
435407,65308
435408,42655
435409,50892
435410,44092
435411,40000
435412,45891
435413,41107
435414,50502
435415,63655
435416,40000
435417,40000
435418,45145
435419,70348
435420,61811
435421,57926
435422,56598
435423,43912
435424,60454
435425,50184
435426,40000
435427,45774
435428,40000
435429,40000
435430,80940
435431,84833
435432,40000
435433,41564
435434,45697
435435,99141
435436,55903
435437,58664
435438,40000
435439,64272
435440,49679
435441,40000
435442,40000
435443,40923
435444,40000
435445,40000
435446,40000
435447,55474
435448,44780
435449,67862
435450,65888
435451,40000
435452,72509
435453,61343
435454,40000
435455,47726
435456,45009
435457,40000
435458,40000
435459,46509
435460,40000
435461,81650
435462,90923
435463,64305
435464,68316
435465,40000
435466,49093
435467,67051
435468,40000
435469,40000
435470,54216
435471,40000
435472,40000
435473,57778
435474,46453
435475,40000
435476,54321
435477,82845
435478,43728
435479,40000
435480,47902
435481,54112
435482,40000
435483,40000
435484,49582
435485,54202
435486,41342
435487,63226
435488,40000
435489,40000
435490,57242
435491,58317
435492,52457
435493,76278
435494,40000
435495,48364
435496,40000
435497,40000
435498,44083
435499,40000
435500,51421
435501,47933
435502,71232
435503,51364
435504,53233
435505,40000
435506,47216
435507,65379
435508,40000
435509,40000
435510,66710
435511,40000
435512,67391
435513,40000
435514,65776
435515,43777
435516,52321
435517,50433
435518,40000
435519,40000
435520,76561
435521,71319
435522,59622
435523,74956
435524,55512
435525,55845
435526,40000
435527,44051
435528,49731
435529,54702
435530,45659
435531,40000
435532,59935
435533,86844
435534,66492
435535,40000
435536,51550
435537,40000
435538,93468
435539,65126
435540,44224
435541,41919
435542,40000
435543,42818
435544,64710
435545,51497
435546,42474
435547,53915
435548,53266
435549,73173
435550,40000
435551,69847
435552,72923
435553,74641
435554,72817
435555,82602
435556,54461
435557,57657
435558,41093
435559,40000
435560,40000
435561,40000
435562,78266
435563,40000
435564,40000
435565,65787
435566,42107
435567,40000
435568,65674
435569,49138
435570,40000
435571,73364
435572,40000
435573,40000
435574,40438
435575,40000
435576,59169
435577,67523
435578,55791
435579,40000
435580,40000
435581,63395
435582,58403
435583,40000
435584,40000
435585,58560
435586,57136
435587,43835
435588,40000
435589,40000
435590,40302
435591,50147
435592,40000
435593,58143
435594,85009
435595,81476
435596,78111
435597,62729
435598,66423
435599,44296
435600,72621
435601,60457
435602,70591
435603,88913
435604,71599
435605,63364
435606,56684
435607,49531
435608,48868
435609,49637
435610,40000
435611,41598
435612,86948
435613,70189
435614,48367
435615,40000
435616,111737
435617,40000
435618,40000
435619,58974
435620,40000
435621,71182
435622,80421
435623,49493
435624,53143
435625,40000
435626,40038
435627,40000
435628,40000
435629,79548
435630,71684
435631,40000
435632,40000
435633,45798
435634,67279
435635,40000
435636,59497
435637,62527
435638,40826
435639,66817
435640,56271
435641,51769
435642,65748
435643,55737
435644,40000
435645,40000
435646,93058
435647,51502
435648,54042
435649,62631
435650,43239
435651,45498
435652,84090
435653,48083
435654,64645
435655,82987
435656,53874
435657,57770
435658,50874
435659,40000
435660,75187
435661,51934
435662,40000
435663,47876
435664,40000
435665,40000
435666,59062
435667,40000
435668,40000
435669,41328
435670,41086
435671,40000
435672,40000
435673,69720
435674,53570
435675,40000
435676,40000
435677,110236
435678,40000
435679,40000
435680,56579
435681,87820
435682,55647
435683,40000
435684,40000
435685,40000
435686,72644
435687,40000
435688,64009
435689,42647
435690,68350
435691,40000
435692,40000
435693,59834
435694,44045
435695,68515
435696,40000
435697,44165
435698,40000
435699,72724
435700,40000
435701,45140
435702,74081
435703,41933
435704,40000
435705,44964
435706,52836
435707,72959
435708,52718
435709,40000
435710,40000
435711,78312
435712,40000
435713,56325
435714,45826
435715,40000
435716,44470
435717,60211
435718,40000
435719,68322
435720,40000
435721,40000
435722,78063
435723,67837
435724,40000
435725,40000
435726,69749
435727,61167
435728,45477
435729,41183
435730,53092
435731,43591
435732,40000
435733,55856
435734,40000
435735,40000
435736,68628
435737,69169
435738,49891
435739,40000
435740,86327
435741,83573
435742,40176
435743,44930
435744,40000
435745,40000
435746,40000
435747,61361
435748,40000
435749,40000
435750,40000
435751,70110
435752,71575
435753,54531
435754,71919
435755,40508
435756,59628
435757,40000
435758,41487
435759,40000
435760,48405
435761,58605
435762,78290
435763,79784
435764,40000
435765,83773
435766,51178
435767,62462
435768,67495
435769,70543
435770,40000
435771,40000
435772,40000
435773,53341
435774,62182
435775,50787
435776,54375
435777,40000
435778,61801
435779,40000
435780,40000
435781,58945
435782,46912
435783,45898
435784,40000
435785,58263
435786,46503
435787,50416
435788,42176
435789,40000
435790,52461
435791,41333
435792,55378
435793,42189
435794,40000
435795,72171
435796,58165
435797,71471
435798,40000
435799,87210
435800,71196
435801,57988
435802,53237
435803,43710
435804,46198
435805,40560
435806,40000
435807,40000
435808,49936
435809,40000
435810,53293
435811,54170
435812,58864
435813,46747
435814,73695
435815,40000
435816,55392
435817,50487
435818,40000
435819,40000
435820,63737
435821,57122
435822,49333
435823,54022
435824,45959
435825,46998
435826,40000
435827,40777
435828,58632
435829,60117
435830,40000
435831,49034
435832,40000
435833,60598
435834,40000
435835,40000
435836,40000
435837,78135
435838,47188
435839,40000
435840,40000
435841,70510
435842,40000
435843,40000
435844,53871
435845,69431
435846,89077
435847,53399
435848,49880
435849,40000
435850,40000
435851,67996
435852,40000
435853,62628
435854,40000
435855,40000
435856,40000
435857,48513
435858,40000
435859,40000
435860,40000
435861,70955
435862,55980
435863,40000
435864,55824
435865,42210
435866,54348
435867,50551
435868,50947
435869,40000
435870,55547
435871,50157
435872,40000
435873,56997
435874,58060
435875,40000
435876,69325
435877,55412
435878,69012
435879,45289
435880,40000
435881,41137
435882,40000
435883,40000
435884,40000
435885,47344
435886,40000
435887,40000
435888,48437
435889,91456
435890,40000
435891,48426
435892,56137
435893,40000
435894,51744
435895,44760
435896,40000
435897,58034
435898,40000
435899,40755
435900,51508
435901,40000
435902,57053
435903,40000
435904,40000
435905,46010
435906,49770
435907,57284
435908,43384
435909,40000
435910,40000
435911,43821
435912,41898
435913,67408
435914,40000
435915,40000
435916,47875
435917,40000
435918,40000
435919,74293
435920,78681
435921,44026
435922,40000
435923,40000
435924,43852
435925,47212
435926,59460
435927,42319
435928,50238
435929,40000
435930,49954
435931,40000
435932,50493
435933,40000
435934,78780
435935,40000
435936,77946
435937,49609
435938,72254
435939,75061
435940,62739
435941,40000
435942,61319
435943,40000
435944,40000
435945,40000
435946,40000
435947,60122
435948,48543
435949,40000
435950,63217
435951,40000
435952,58901
435953,57360
435954,40386
435955,44088
435956,40000
435957,44243
435958,71198
435959,53291
435960,40653
435961,58992
435962,43806
435963,40000
435964,40000
435965,51166
435966,44454
435967,52660
435968,40000
435969,68515
435970,40000
435971,75923
435972,40000
435973,67453
435974,45623
435975,40000
435976,40000
435977,69395
435978,49660
435979,40000
435980,76720
435981,60612
435982,42337
435983,40000
435984,48962
435985,56553
435986,40000
435987,50793
435988,64180
435989,40000
435990,40000
435991,86746
435992,40000
435993,41331
435994,46129
435995,40000
435996,51073
435997,67586
435998,44243
435999,70175
436000,50501
436001,48629
436002,40000
436003,69516
436004,40000
436005,57348
436006,40000
436007,40000
436008,40000
436009,70609
436010,40000
436011,44108
436012,67934
436013,56345
436014,40000
436015,40000
436016,40000
436017,58910
436018,68338
436019,77671
436020,40000
436021,40000
436022,53014
436023,40000
436024,53280
436025,40000
436026,45288
436027,58353
436028,64969
436029,40000
436030,40000
436031,40000
436032,84983
436033,49535
436034,52485
436035,62476
436036,67653
436037,40000
436038,44422
436039,51584
436040,40000
436041,51804
436042,77072
436043,40000
436044,40154
436045,41235
436046,40000
436047,76923
436048,60467
436049,40000
436050,41179
436051,40000
436052,40000
436053,40000
436054,72876
436055,40000
436056,83832
436057,48920
436058,48087
436059,40000
436060,59458
436061,64383
436062,68800
436063,46136
436064,74051
436065,70403
436066,55559
436067,48747
436068,51458
436069,40000
436070,40000
436071,41869
436072,49462
436073,40000
436074,65240
436075,61697
436076,53329
436077,63384
436078,76930
436079,45424
436080,83440
436081,68780
436082,40000
436083,110093
436084,40000
436085,58247
436086,40000
436087,68374
436088,59483
436089,40000
436090,69414
436091,40000
436092,52964
436093,58240
436094,67686
436095,59864
436096,40144
436097,49290
436098,40000
436099,67276
436100,80282
436101,40000
436102,41326
436103,88064
436104,76936
436105,40000
436106,46674
436107,56185
436108,46501
436109,73052
436110,40000
436111,66343
436112,44684
436113,58919
436114,40000
436115,51037
436116,42693
436117,40000
436118,66869
436119,40000
436120,40000
436121,40000
436122,40000
436123,40000
436124,48245
436125,40000
436126,66896
436127,87545
436128,72859
436129,40000
436130,40000
436131,57620
436132,40562
436133,51109
436134,40000
436135,40000
436136,65124
436137,95675
436138,47330
436139,53754
436140,50939
436141,50599
436142,41937
436143,62899
436144,45592
436145,93971
436146,40000
436147,82394
436148,68773
436149,40654
436150,73756
436151,70988
436152,63411
436153,40000
436154,40000
436155,42088
436156,60657
436157,40000
436158,40000
436159,55469
436160,63583
436161,49120
436162,43605
436163,52974
436164,40000
436165,40000
436166,63593
436167,40000
436168,40000
436169,40000
436170,56329
436171,72873
436172,40000
436173,62915
436174,40000
436175,45994
436176,40000
436177,40000
436178,40000
436179,70642
436180,40000
436181,55403
436182,87182
436183,42789
436184,40000
436185,44679
436186,41955
436187,44052
436188,76464
436189,44267
436190,40000
436191,40000
436192,44669
436193,74325
436194,40000
436195,40000
436196,42441
436197,49535
436198,40000
436199,61857
436200,43540
436201,40000
436202,86670
436203,66344
436204,50946
436205,50259
436206,54191
436207,40000
436208,101234
436209,40000
436210,73997
436211,40000
436212,53670
436213,67578
436214,40000
436215,40394
436216,63858
436217,55650
436218,40000
436219,40000
436220,40000
436221,40000
436222,55430
436223,40000
436224,40000
436225,41222
436226,58833
436227,40000
436228,74664
436229,51736
436230,77416
436231,48179
436232,69475
436233,40000
436234,40000
436235,51692
436236,45090
436237,57547
436238,40000
436239,40000
436240,76097
436241,40000
436242,40000
436243,48717
436244,40000
436245,40000
436246,61176
436247,60691
436248,45884
436249,74524
436250,55464
436251,67887
436252,40000
436253,58483
436254,81325
436255,40000
436256,40000
436257,48317
436258,82088
436259,66781
436260,40000
436261,46467
436262,67195
436263,49445
436264,40952
436265,41903
436266,68853
436267,40000
436268,40204
436269,61110
436270,70113
436271,64964
436272,41327
436273,40000
436274,53014
436275,53175
436276,47460
436277,57930
436278,44817
436279,40000
436280,92235
436281,40000
436282,40000
436283,45326
436284,48360
436285,44191
436286,55803
436287,40000
436288,90707
436289,55599
436290,56883
436291,40000
436292,47065
436293,70921
436294,40000
436295,65879
436296,40000
436297,61858
436298,40000
436299,78118
436300,40000
436301,43377
436302,70658
436303,44042
436304,40000
436305,40000
436306,40000
436307,40000
436308,40000
436309,51193
436310,54657
436311,45333
436312,44406
436313,56780
436314,57852
436315,40000
436316,40000
436317,40000
436318,42807
436319,40959
436320,52776
436321,40000
436322,46961
436323,40000
436324,45324
436325,63617
436326,40000
436327,46595
436328,40000
436329,80466
436330,40000
436331,52808
436332,40000
436333,83718
436334,40000
436335,47622
436336,40000
436337,40000
436338,40949
436339,40000
436340,41295
436341,40000
436342,40000
436343,40000
436344,54917
436345,70505
436346,75767
436347,83771
436348,51519
436349,40000
436350,46232
436351,62791
436352,72498
436353,66809
436354,69585
436355,54846
436356,52890
436357,40000
436358,61309
436359,56896
436360,40000
436361,68414
436362,40000
436363,40000
436364,40000
436365,64023
436366,40000
436367,48589
436368,40000
436369,78653
436370,58645
436371,50509
436372,45073
436373,40000
436374,86058
436375,48353
436376,62324
436377,45270
436378,75601
436379,42797
436380,49253
436381,74450
436382,54080
436383,40000
436384,40000
436385,49998
436386,54621
436387,67281
436388,56578
436389,40000
436390,48590
436391,54797
436392,40000
436393,40000
436394,40177
436395,59676
436396,47819
436397,42693
436398,71946
436399,68114
436400,66445
436401,40000
436402,69649
436403,45336
436404,49489
436405,77478
436406,56248
436407,83014
436408,49257
436409,46602
436410,45090
436411,40000
436412,56285
436413,48215
436414,65495
436415,52172
436416,40000
436417,55300
436418,45612
436419,49248
436420,62459
436421,73064
436422,68409
436423,71317
436424,72042
436425,62159
436426,65204
436427,47683
436428,82083
436429,75008
436430,48061
436431,86848
436432,60248
436433,40000
436434,40000
436435,44176
436436,40000
436437,51709
436438,57067
436439,52338
436440,40000
436441,41880
436442,62859
436443,40000
436444,40000
436445,40000
436446,62716
436447,72631
436448,40812
436449,43763
436450,40965
436451,48145
436452,40000
436453,40000
436454,40000
436455,51839
436456,54483
436457,75240
436458,43647
436459,56324
436460,55763
436461,55568
436462,43478
436463,52812
436464,84433
436465,63178
436466,64878
436467,40000
436468,53828
436469,40000
436470,40000
436471,56662
436472,40000
436473,68869
436474,69204
436475,40000
436476,40000
436477,73838
436478,40112
436479,52180
436480,44962
436481,55839
436482,40000
436483,48060
436484,43765
436485,67095
436486,40000
436487,63976
436488,40000
436489,66502
436490,64848
436491,48999
436492,40000
436493,44480
436494,40000
436495,40000
436496,69803
436497,62984
436498,40000
436499,40000
436500,43118
436501,82413
436502,64205
436503,59783
436504,41938
436505,40000
436506,47186
436507,40000
436508,59174
436509,50144
436510,40000
436511,63634
436512,67245
436513,56158
436514,52379
436515,40000
436516,62391
436517,40228
436518,40000
436519,40000
436520,82094
436521,40000
436522,47582
436523,58492
436524,86620
436525,56029
436526,56422
436527,68312
436528,56009
436529,52710
436530,46731
436531,65654
436532,40000
436533,40000
436534,67494
436535,40000
436536,40000
436537,65062
436538,40000
436539,40000
436540,55532
436541,65128
436542,47321
436543,73677
436544,40187
436545,72663
436546,40000
436547,40000
436548,40000
436549,54157
436550,40000
436551,74345
436552,40000
436553,40000
436554,40000
436555,43848
436556,85268
436557,40000
436558,59648
436559,71158
436560,55415
436561,40000
436562,40000
436563,58430
436564,40000
436565,40000
436566,46592
436567,46468
436568,53606
436569,52502
436570,40000
436571,60174
436572,59877
436573,44297
436574,43336
436575,40000
436576,59482
436577,40000
436578,40000
436579,49900
436580,40000
436581,40000
436582,55187
436583,51690
436584,64495
436585,62647
436586,40000
436587,40000
436588,45590
436589,43114
436590,45491
436591,52302
436592,42685
436593,77011
436594,78622
436595,49038
436596,40000
436597,40000
436598,62166
436599,40000
436600,49355
436601,56441
436602,40000
436603,44118
436604,68501
436605,60658
436606,54902
436607,62920
436608,40000
436609,40000
436610,59171
436611,40000
436612,42719
436613,56498
436614,57150
436615,54629
436616,59235
436617,62532
436618,47079
436619,40000
436620,40000
436621,40000
436622,79672
436623,40000
436624,66379
436625,67434
436626,40000
436627,59878
436628,61347
436629,52205
436630,40000
436631,40000
436632,58653
436633,40000
436634,40000
436635,40000
436636,40000
436637,40000
436638,40000
436639,67887
436640,40000
436641,40000
436642,48321
436643,44254
436644,40000
436645,40000
436646,40000
436647,75351
436648,65407
436649,40000
436650,44378
436651,80851
436652,40000
436653,60661
436654,40000
436655,61481
436656,40000
436657,66757
436658,48942
436659,74440
436660,40000
436661,56372
436662,51517
436663,57293
436664,48324
436665,45353
436666,53358
436667,45111
436668,62039
436669,77965
436670,82518
436671,47133
436672,48924
436673,53693
436674,40000
436675,66466
436676,77174
436677,40000
436678,40655
436679,40000
436680,45625
436681,58925
436682,54049
436683,40000
436684,42992
436685,48408
436686,42347
436687,91072
436688,46679
436689,41182
436690,55880
436691,67722
436692,47365
436693,62904
436694,40000
436695,97306
436696,40000
436697,40000
436698,85810
436699,59512
436700,53164
436701,40000
436702,60170
436703,97578
436704,40000
436705,73901
436706,40000
436707,40000
436708,61232
436709,40000
436710,71674
436711,46646
436712,45805
436713,64288
436714,49390
436715,62950
436716,44637
436717,45805
436718,40000
436719,55953
436720,55462
436721,47539
436722,40000
436723,40000
436724,40000
436725,59408
436726,40000
436727,40000
436728,40000
436729,40000
436730,64947
436731,40000
436732,46412
436733,66589
436734,64506
436735,44086
436736,40000
436737,106837
436738,40000
436739,40000
436740,40000
436741,50892
436742,40000
436743,86482
436744,83358
436745,75998
436746,40000
436747,57025
436748,40000
436749,51447
436750,40000
436751,51093
436752,41484
436753,67324
436754,73978
436755,50298
436756,40000
436757,50394
436758,40000
436759,40000
436760,40000
436761,40000
436762,40705
436763,43534
436764,62558
436765,40384
436766,59520
436767,40000
436768,40000
436769,87925
436770,97283
436771,44970
436772,40000
436773,62967
436774,46139
436775,40000
436776,46250
436777,52188
436778,56061
436779,40000
436780,63586
436781,40000
436782,48312
436783,59185
436784,40000
436785,75849
436786,40251
436787,93926
436788,77919
436789,40000
436790,56587
436791,50794
436792,62808
436793,80386
436794,40000
436795,40000
436796,42596
436797,47748
436798,45726
436799,60429
436800,69515
436801,74425
436802,55875
436803,42027
436804,40000
436805,40000
436806,40000
436807,51050
436808,54387
436809,40000
436810,40000
436811,83929
436812,82560
436813,40000
436814,57002
436815,40000
436816,43092
436817,76455
436818,69623
436819,40000
436820,77303
436821,40000
436822,40000
436823,46171
436824,40000
436825,56446
436826,40000
436827,42069
436828,63536
436829,40633
436830,75242
436831,53669
436832,53390
436833,60997
436834,58376
436835,58270
436836,66249
436837,57864
436838,54556
436839,52285
436840,76212
436841,56212
436842,64016
436843,89424
436844,40000
436845,40000
436846,56558
436847,60848
436848,46301
436849,59745
436850,66903
436851,58694
436852,44821
436853,46845
436854,90242
436855,50340
436856,40000
436857,40000
436858,40000
436859,40000
436860,40000
436861,67578
436862,49961
436863,40000
436864,40000
436865,40000
436866,40000
436867,40352
436868,66436
436869,67335
436870,43042
436871,40395
436872,40238
436873,75450
436874,40000
436875,53059
436876,54327
436877,58050
436878,49622
436879,65481
436880,52268
436881,40000
436882,40000
436883,40000
436884,65243
436885,53159
436886,40000
436887,54097
436888,55276
436889,40000
436890,68648
436891,40000
436892,88758
436893,48706
436894,76854
436895,74119
436896,88696
436897,58813
436898,40000
436899,53648
436900,54820
436901,40000
436902,51660
436903,44670
436904,86974
436905,48524
436906,45820
436907,45566
436908,82217
436909,40000
436910,44967
436911,51627
436912,44949
436913,40000
436914,53876
436915,40000
436916,49300
436917,58061
436918,49131
436919,40000
436920,40887
436921,74430
436922,44506
436923,74443
436924,63528
436925,82676
436926,83526
436927,40000
436928,46562
436929,90526
436930,58985
436931,70459
436932,49120
436933,59523
436934,47786
436935,65971
436936,84231
436937,54781
436938,40000
436939,40000
436940,69687
436941,42352
436942,54967
436943,52124
436944,69294
436945,40000
436946,40000
436947,40181
436948,52222
436949,55941
436950,71384
436951,81500
436952,40000
436953,42133
436954,42259
436955,40000
436956,42232
436957,69296
436958,69103
436959,40000
436960,72094
436961,40000
436962,40000
436963,42691
436964,47777
436965,64942
436966,59025
436967,56407
436968,66834
436969,46772
436970,87519
436971,40000
436972,86172
436973,57563
436974,69418
436975,95884
436976,50361
436977,79674
436978,40000
436979,54740
436980,50046
436981,45127
436982,75911
436983,40000
436984,40000
436985,40000
436986,40000
436987,40000
436988,69939
436989,40000
436990,52208
436991,62150
436992,45500
436993,60728
436994,62951
436995,60496
436996,41220
436997,40000
436998,40000
436999,67344
437000,50121
437001,51707
437002,68472
437003,40000
437004,45856
437005,40000
437006,53101
437007,62467
437008,40000
437009,47045
437010,56333
437011,59664
437012,40000
437013,40000
437014,77611
437015,40000
437016,62860
437017,70912
437018,45125
437019,73532
437020,40000
437021,64137
437022,40000
437023,95472
437024,93688
437025,40000
437026,41876
437027,40000
437028,59803
437029,52780
437030,40000
437031,41404
437032,40000
437033,52688
437034,48591
437035,59705
437036,67164
437037,40000
437038,45019
437039,75177
437040,49387
437041,43529
437042,53771
437043,54159
437044,40000
437045,40000
437046,48506
437047,65789
437048,74579
437049,57304
437050,40000
437051,75835
437052,54172
437053,40000
437054,55045
437055,48137
437056,48646
437057,47451
437058,48353
437059,92292
437060,57264
437061,40000
437062,68942
437063,73419
437064,70218
437065,76272
437066,40000
437067,68250
437068,40000
437069,46023
437070,41191
437071,79693
437072,40000
437073,56027
437074,40000
437075,55361
437076,68939
437077,58195
437078,56454
437079,53014
437080,81140
437081,40000
437082,40000
437083,75183
437084,40000
437085,81138
437086,40000
437087,41666
437088,50782
437089,40000
437090,42067
437091,40000
437092,60515
437093,46063
437094,56577
437095,96103
437096,40000
437097,86782
437098,54031
437099,77863
437100,40000
437101,41639
437102,43862
437103,47768
437104,47761
437105,41202
437106,40000
437107,71773
437108,40000
437109,45672
437110,62396
437111,84085
437112,40000
437113,40000
437114,66515
437115,66400
437116,40000
437117,40000
437118,40000
437119,64386
437120,55121
437121,57153
437122,82664
437123,55971
437124,64757
437125,73741
437126,40000
437127,76408
437128,78474
437129,40000
437130,53817
437131,50469
437132,59835
437133,70136
437134,40000
437135,40000
437136,40000
437137,73991
437138,40000
437139,40000
437140,79545
437141,40000
437142,59711
437143,55681
437144,59725
437145,73979
437146,47283
437147,40000
437148,50630
437149,40000
437150,40000
437151,42492
437152,52248
437153,40000
437154,40000
437155,43394
437156,42151
437157,46316
437158,46969
437159,42772
437160,40000
437161,40000
437162,67398
437163,44977
437164,47262
437165,57298
437166,66763
437167,49423
437168,54354
437169,40000
437170,42509
437171,40000
437172,77219
437173,82924
437174,43265
437175,40000
437176,48269
437177,53020
437178,50281
437179,46166
437180,40000
437181,54357
437182,66651
437183,55809
437184,70105
437185,53095
437186,55580
437187,40000
437188,44439
437189,68114
437190,62217
437191,40155
437192,49447
437193,51219
437194,46211
437195,40000
437196,49107
437197,71784
437198,42061
437199,40000
437200,69129
437201,42854
437202,83577
437203,79147
437204,51015
437205,43783
437206,40000
437207,49967
437208,40000
437209,47983
437210,40903
437211,64654
437212,57389
437213,40000
437214,44576
437215,47345
437216,40000
437217,40000
437218,56537
437219,40000
437220,59209
437221,53124
437222,40000
437223,43332
437224,51814
437225,40000
437226,72278
437227,40000
437228,40000
437229,43009
437230,40000
437231,62774
437232,48513
437233,76122
437234,74403
437235,47994
437236,76854
437237,40000
437238,42952
437239,40000
437240,68896
437241,76833
437242,40000
437243,47902
437244,40000
437245,67154
437246,61500
437247,55057
437248,50365
437249,40000
437250,63733
437251,41606
437252,49542
437253,73866
437254,40000
437255,60682
437256,71396
437257,40000
437258,58332
437259,40000
437260,40000
437261,40000
437262,40000
437263,56899
437264,68401
437265,40000
437266,43824
437267,59763
437268,40000
437269,40000
437270,62103
437271,40000
437272,40000
437273,46571
437274,41329
437275,40000
437276,52997
437277,41419
437278,58930
437279,56612
437280,46005
437281,40000
437282,40000
437283,40000
437284,69804
437285,47975
437286,40066
437287,60144
437288,40000
437289,40000
437290,85322
437291,61418
437292,40000
437293,41223
437294,46160
437295,40000
437296,45568
437297,64100
437298,45719
437299,40000
437300,61746
437301,50342
437302,40000
437303,40000
437304,40000
437305,45298
437306,40000
437307,65182
437308,73077
437309,47183
437310,40000
437311,40000
437312,40000
437313,40000
437314,40000
437315,46686
437316,40000
437317,87338
437318,50650
437319,70136
437320,54047
437321,40000
437322,40000
437323,60446
437324,76635
437325,60461
437326,60521
437327,60875
437328,62418
437329,43982
437330,58500
437331,64692
437332,40000
437333,43861
437334,90467
437335,66324
437336,60157
437337,47513
437338,40000
437339,40000
437340,40000
437341,70132
437342,40000
437343,62761
437344,40000
437345,53812
437346,50253
437347,45932
437348,40000
437349,45942
437350,73618
437351,40000
437352,71221
437353,40000
437354,65352
437355,71450
437356,40000
437357,55017
437358,51117
437359,59282
437360,40000
437361,44859
437362,40000
437363,52326
437364,57848
437365,75300
437366,40000
437367,40000
437368,40000
437369,44053
437370,71064
437371,86531
437372,46270
437373,65032
437374,40000
437375,40000
437376,40000
437377,53618
437378,47580
437379,40000
437380,40000
437381,71694
437382,48624
437383,78070
437384,44848
437385,40000
437386,40000
437387,40000
437388,40000
437389,52803
437390,40000
437391,40000
437392,45764
437393,66635
437394,51549
437395,75620
437396,43618
437397,50381
437398,67638
437399,40000
437400,60610
437401,55452
437402,40000
437403,40000
437404,42933
437405,88339
437406,74442
437407,62947
437408,40000
437409,40000
437410,52332
437411,45296
437412,67124
437413,52895
437414,68256
437415,40000
437416,40000
437417,57620
437418,58066
437419,50019
437420,40000
437421,40000
437422,41012
437423,64872
437424,53466
437425,73771
437426,40000
437427,57151
437428,58063
437429,92506
437430,51037
437431,58628
437432,78419
437433,43800
437434,76799
437435,44850
437436,40000
437437,50440
437438,40000
437439,40000
437440,40000
437441,40000
437442,71689
437443,40000
437444,40394
437445,41429
437446,72235
437447,59459
437448,44425
437449,67319
437450,41168
437451,53915
437452,50601
437453,70066
437454,40000
437455,40000
437456,60007
437457,40000
437458,68378
437459,83190
437460,66245
437461,55100
437462,40000
437463,69298
437464,41493
437465,79568
437466,67115
437467,46839
437468,66894
437469,103691
437470,40277
437471,44174
437472,40000
437473,40000
437474,40000
437475,49117
437476,43692
437477,40000
437478,62762
437479,40000
437480,40000
437481,44415
437482,40000
437483,40000
437484,45904
437485,40000
437486,40000
437487,46722
437488,40000
437489,51385
437490,54187
437491,77537
437492,73507
437493,58102
437494,63070
437495,40000
437496,55006
437497,46196
437498,59565
437499,64531
437500,49096
437501,47860
437502,40000
437503,40000
437504,44558
437505,40000
437506,69778
437507,46018
437508,42241
437509,59844
437510,62329
437511,65790
437512,42680
437513,40000
437514,40000
437515,41328
437516,71412
437517,67789
437518,63982
437519,40000
437520,40000
437521,56734
437522,40000
437523,42622
437524,49490
437525,40000
437526,85270
437527,78023
437528,40000
437529,76863
437530,40000
437531,40000
437532,48779
437533,40000
437534,44956
437535,40000
437536,40000
437537,40000
437538,57734
437539,55422
437540,40000
437541,44763
437542,80217
437543,40000
437544,40054
437545,54880
437546,40000
437547,52436
437548,40000
437549,68455
437550,40000
437551,47598
437552,73467
437553,48955
437554,53842
437555,64010
437556,49868
437557,40000
437558,64324
437559,40000
437560,45260
437561,71786
437562,40000
437563,41684
437564,70368
437565,85845
437566,43325
437567,81314
437568,40000
437569,69051
437570,40000
437571,40000
437572,64162
437573,61867
437574,50316
437575,44468
437576,77903
437577,61730
437578,47521
437579,43726
437580,62142
437581,41959
437582,57513
437583,49492
437584,71935
437585,81159
437586,46631
437587,43324
437588,55157
437589,40000
437590,40000
437591,51144
437592,40000
437593,40036
437594,49674
437595,58140
437596,50194
437597,55113
437598,71781
437599,40000
437600,55440
437601,51670
437602,55724
437603,40000
437604,53624
437605,68903
437606,85657
437607,92923
437608,63762
437609,40000
437610,78199
437611,67264
437612,68491
437613,40000
437614,46805
437615,40000
437616,40000
437617,40951
437618,40000
437619,80440
437620,59450
437621,55779
437622,44039
437623,53510
437624,75832
437625,40000
437626,40000
437627,76791
437628,53786
437629,44857
437630,67340
437631,47656
437632,40000
437633,94945
437634,50896
437635,72691
437636,65880
437637,50765
437638,46125
437639,67163
437640,40000
437641,81711
437642,46533
437643,54814
437644,55862
437645,44808
437646,49710
437647,40000
437648,40000
437649,40000
437650,72394
437651,72132
437652,78715
437653,52270
437654,40000
437655,57146
437656,54132
437657,46505
437658,40000
437659,56197
437660,54360
437661,69947
437662,40000
437663,40000
437664,40000
437665,49537
437666,56424
437667,69376
437668,40000
437669,40000
437670,46360
437671,40000
437672,75916
437673,40000
437674,64317
437675,42307
437676,51539
437677,45576
437678,44462
437679,40000
437680,60468
437681,69141
437682,40000
437683,51150
437684,61044
437685,57505
437686,40000
437687,41452
437688,58092
437689,60558
437690,76703
437691,46938
437692,41964
437693,40000
437694,40000
437695,40000
437696,66044
437697,65638
437698,64319
437699,40000
437700,44558
437701,61559
437702,40000
437703,70577
437704,40000
437705,54136
437706,78536
437707,40000
437708,40000
437709,64364
437710,42525
437711,41592
437712,72131
437713,75610
437714,40000
437715,49064
437716,40000
437717,40000
437718,70173
437719,48802
437720,55225
437721,40000
437722,40000
437723,40000
437724,53468
437725,42857
437726,40000
437727,78161
437728,40000
437729,40000
437730,69370
437731,86298
437732,40000
437733,40000
437734,46739
437735,40000
437736,86757
437737,50369
437738,67945
437739,50695
437740,45315
437741,57319
437742,43793
437743,47895
437744,59426
437745,46124
437746,40000
437747,67100
437748,51500
437749,58407
437750,54477
437751,58776
437752,40000
437753,47079
437754,40000
437755,70856
437756,40000
437757,48485
437758,87269
437759,82517
437760,40000
437761,70074
437762,78251
437763,51415
437764,40000
437765,55784
437766,57494
437767,41552
437768,40000
437769,57461
437770,64540
437771,40000
437772,40000
437773,40000
437774,40000
437775,74233
437776,40000
437777,40000
437778,47916
437779,49335
437780,40000
437781,40000
437782,86413
437783,44227
437784,92266
437785,47942
437786,40000
437787,48314
437788,59961
437789,45526
437790,71031
437791,40000
437792,49044
437793,40000
437794,42313
437795,82556
437796,88385
437797,65466
437798,50621
437799,62016
437800,53902
437801,40000
437802,47007
437803,63620
437804,45675
437805,40000
437806,92463
437807,40000
437808,66628
437809,40000
437810,40000
437811,77187
437812,60080
437813,40000
437814,52764
437815,75258
437816,40000
437817,40000
437818,40000
437819,40000
437820,46180
437821,54297
437822,44842
437823,67766
437824,40000
437825,79205
437826,53704
437827,40000
437828,40000
437829,43363
437830,74145
437831,63885
437832,55458
437833,66630
437834,46731
437835,40000
437836,40000
437837,41789
437838,40000
437839,40000
437840,86870
437841,84309
437842,40000
437843,70058
437844,52125
437845,46762
437846,62956
437847,78662
437848,71135
437849,64948
437850,45677
437851,44359
437852,42170
437853,40000
437854,70765
437855,56114
437856,50036
437857,83364
437858,81167
437859,68977
437860,77178
437861,74936
437862,40000
437863,60429
437864,55680
437865,47231
437866,79114
437867,46253
437868,40000
437869,61967
437870,65132
437871,40000
437872,59779
437873,40457
437874,40000
437875,47091
437876,47357
437877,77865
437878,62032
437879,40000
437880,46732
437881,40000
437882,40000
437883,48730
437884,40000
437885,46202
437886,54424
437887,64889
437888,57573
437889,65085
437890,42361
437891,40730
437892,70452
437893,49927
437894,40000
437895,44463
437896,68924
437897,65701
437898,42316
437899,63030
437900,40000
437901,48972
437902,61273
437903,63203
437904,59730
437905,48258
437906,78438
437907,40000
437908,61164
437909,53619
437910,70988
437911,48954
437912,40000
437913,40407
437914,46739
437915,48223
437916,48880
437917,40000
437918,40000
437919,61398
437920,40000
437921,40000
437922,59443
437923,40000
437924,63993
437925,40000
437926,49435
437927,45833
437928,71822
437929,55062
437930,66336
437931,57667
437932,67779
437933,55637
437934,40000
437935,63833
437936,40812
437937,65822
437938,40000
437939,55854
437940,40000
437941,60685
437942,40000
437943,61911
437944,60327
437945,46053
437946,66715
437947,68648
437948,75529
437949,41807
437950,41789
437951,59432
437952,40000
437953,40000
437954,72574
437955,58381
437956,57425
437957,80642
437958,62400
437959,40000
437960,78637
437961,88682
437962,79248
437963,40000
437964,40000
437965,40000
437966,62174
437967,40000
437968,40000
437969,50360
437970,50513
437971,45250
437972,70000
437973,40000
437974,42331
437975,50216
437976,40000
437977,47286
437978,56207
437979,50900
437980,76364
437981,40000
437982,71049
437983,44158
437984,66000
437985,53517
437986,54883
437987,40000
437988,52611
437989,57791
437990,55263
437991,69699
437992,66563
437993,63950
437994,40000
437995,95690
437996,42378
437997,40000
437998,43376
437999,55683
438000,75979
438001,40000
438002,55749
438003,40000
438004,62865
438005,40000
438006,76655
438007,64290
438008,40000
438009,40000
438010,40000
438011,40000
438012,55319
438013,40000
438014,74656
438015,40000
438016,40406
438017,63303
438018,53550
438019,40000
438020,51839
438021,71799
438022,77986
438023,51886
438024,40000
438025,44997
438026,61585
438027,53981
438028,58828
438029,67295
438030,44984
438031,40000
438032,49286
438033,48773
438034,77756
438035,65809
438036,75947
438037,57492
438038,77091
438039,51974
438040,65713
438041,40000
438042,62608
438043,51565
438044,55769
438045,53713
438046,40000
438047,76654
438048,69544
438049,40000
438050,40000
438051,40000
438052,42797
438053,43348
438054,57658
438055,52661
438056,73135
438057,45128
438058,46218
438059,40264
438060,71248
438061,40000
438062,52262
438063,40000
438064,46873
438065,83292
438066,40000
438067,69827
438068,78487
438069,59047
438070,40000
438071,66271
438072,80637
438073,44317
438074,40712
438075,49761
438076,46471
438077,63440
438078,40000
438079,40000
438080,40000
438081,40000
438082,68024
438083,40000
438084,40000
438085,55664
438086,58029
438087,66180
438088,43845
438089,40000
438090,48129
438091,67470
438092,58360
438093,40043
438094,40000
438095,54552
438096,40000
438097,71547
438098,40000
438099,40000
438100,51351
438101,45407
438102,57084
438103,40122
438104,61990
438105,58106
438106,40000
438107,53447
438108,45393
438109,61667
438110,40000
438111,54821
438112,44734
438113,40000
438114,64629
438115,60788
438116,40000
438117,40000
438118,44790
438119,48880
438120,51728
438121,50729
438122,46124
438123,85510
438124,40000
438125,40000
438126,78066
438127,42940
438128,40000
438129,40000
438130,50888
438131,54553
438132,40000
438133,68444
438134,48271
438135,40000
438136,93107
438137,52537
438138,40000
438139,48395
438140,51963
438141,47108
438142,49296
438143,40000
438144,56806
438145,40000
438146,71953
438147,52788
438148,81030
438149,54302
438150,40000
438151,73513
438152,60008
438153,40000
438154,78142
438155,40000
438156,45583
438157,90285
438158,63411
438159,42712
438160,67944
438161,55231
438162,50412
438163,59076
438164,72078
438165,40000
438166,40000
438167,40000
438168,40422
438169,46467
438170,46842
438171,40000
438172,67574
438173,48241
438174,40000
438175,59784
438176,40000
438177,40000
438178,40000
438179,44851
438180,40000
438181,69081
438182,40000
438183,69874
438184,47837
438185,43125
438186,73365
438187,90794
438188,49306
438189,40000
438190,41107
438191,45757
438192,40000
438193,70650
438194,73451
438195,70182
438196,40000
438197,40000
438198,58245
438199,87309
438200,62606
438201,53621
438202,40000
438203,51706
438204,40000
438205,76422
438206,70251
438207,42133
438208,68035
438209,65336
438210,40000
438211,77981
438212,62011
438213,76598
438214,42651
438215,46605
438216,98171
438217,40000
438218,44021
438219,42120
438220,40000
438221,47350
438222,40000
438223,40000
438224,53291
438225,52373
438226,40000
438227,58497
438228,53765
438229,60502
438230,58071
438231,55884
438232,43049
438233,52876
438234,40000
438235,69847
438236,47795
438237,40000
438238,40000
438239,61946
438240,74397
438241,76717
438242,40000
438243,74232
438244,65606
438245,62244
438246,40000
438247,40000
438248,40000
438249,50493
438250,51314
438251,40000
438252,51996
438253,53726
438254,47722
438255,56370
438256,62836
438257,40000
438258,45138
438259,56571
438260,57279
438261,40000
438262,40000
438263,56758
438264,42706
438265,40000
438266,47670
438267,44058
438268,51295
438269,40000
438270,50286
438271,41881
438272,40000
438273,62663
438274,40000
438275,79193
438276,51126
438277,50763
438278,40000
438279,40000
438280,40000
438281,48584
438282,62022
438283,40000
438284,66324
438285,40000
438286,50192
438287,44717
438288,40000
438289,42124
438290,40000
438291,69177
438292,40000
438293,45281
438294,73559
438295,40000
438296,75075
438297,62163
438298,40000
438299,66199
438300,40000
438301,40000
438302,65914
438303,40000
438304,40000
438305,48988
438306,40000
438307,45364
438308,61444
438309,84077
438310,56567
438311,47220
438312,45333
438313,73569
438314,40001
438315,70392
438316,52094
438317,46479
438318,40000
438319,40389
438320,40000
438321,76021
438322,44397
438323,56785
438324,83940
438325,40000
438326,63900
438327,50651
438328,40000
438329,40000
438330,40000
438331,53572
438332,40000
438333,40000
438334,70242
438335,40000
438336,43528
438337,49002
438338,40000
438339,55526
438340,40000
438341,40000
438342,40000
438343,40000
438344,63584
438345,50467
438346,40608
438347,67898
438348,46953
438349,69617
438350,58372
438351,60705
438352,95653
438353,40000
438354,68776
438355,40000
438356,56595
438357,68502
438358,40000
438359,40000
438360,63302
438361,40000
438362,48675
438363,60461
438364,40000
438365,57714
438366,40000
438367,47954
438368,40000
438369,44689
438370,92063
438371,58232
438372,40000
438373,73988
438374,74993
438375,52021
438376,40000
438377,40000
438378,40000
438379,59395
438380,40000
438381,76591
438382,40000
438383,45399
438384,40000
438385,40000
438386,72531
438387,40000
438388,52961
438389,67598
438390,40000
438391,62217
438392,68986
438393,45426
438394,45048
438395,56184
438396,40000
438397,40000
438398,51321
438399,71535
438400,57218
438401,40000
438402,40000
438403,46852
438404,40843
438405,40000
438406,40000
438407,73252
438408,53586
438409,40000
438410,52493
438411,77999
438412,85391
438413,44277
438414,41531
438415,74519
438416,40000
438417,53586
438418,68592
438419,40000
438420,40000
438421,82787
438422,40000
438423,54285
438424,40000
438425,60971
438426,62944
438427,41069
438428,40000
438429,55957
438430,40000
438431,52471
438432,74444
438433,43662
438434,40000
438435,40000
438436,40000
438437,40000
438438,40000
438439,74334
438440,61104
438441,52069
438442,51951
438443,40000
438444,61141
438445,94188
438446,50179
438447,53333
438448,40000
438449,42287
438450,40000
438451,54409
438452,52857
438453,40000
438454,42193
438455,49322
438456,43583
438457,40000
438458,40000
438459,40000
438460,82555
438461,44451
438462,63526
438463,66639
438464,53369
438465,51263
438466,40000
438467,40991
438468,72550
438469,66288
438470,40000
438471,40000
438472,40000
438473,47735
438474,63085
438475,46120
438476,40000
438477,50925
438478,61196
438479,60201
438480,55484
438481,62575
438482,40000
438483,40000
438484,42253
438485,40000
438486,73859
438487,58794
438488,67739
438489,40000
438490,40000
438491,55738
438492,40000
438493,60425
438494,53431
438495,62143
438496,40000
438497,40000
438498,59631
438499,40000
438500,64246
438501,40000
438502,65373
438503,92850
438504,78124
438505,50561
438506,40000
438507,100133
438508,40893
438509,59026
438510,55280
438511,55983
438512,63829
438513,40000
438514,40000
438515,40000
438516,72077
438517,52278
438518,69212
438519,72418
438520,40000
438521,48497
438522,74370
438523,51664
438524,40000
438525,40000
438526,46161
438527,92920
438528,62157
438529,49177
438530,84500
438531,46998
438532,65778
438533,40000
438534,79162
438535,55459
438536,61978
438537,68048
438538,51274
438539,42711
438540,40000
438541,43426
438542,41779
438543,68261
438544,40000
438545,52990
438546,52179
438547,67623
438548,46559
438549,73303
438550,40000
438551,47429
438552,46144
438553,40000
438554,72536
438555,54200
438556,57650
438557,40000
438558,56485
438559,40000
438560,59561
438561,41335
438562,59172
438563,40000
438564,60023
438565,78918
438566,40000
438567,40000
438568,67826
438569,40000
438570,41842
438571,65880
438572,41878
438573,48520
438574,57259
438575,40000
438576,80273
438577,40000
438578,60866
438579,49045
438580,90220
438581,65760
438582,40000
438583,50746
438584,41302
438585,71489
438586,42289
438587,42459
438588,40000
438589,61317
438590,40000
438591,68255
438592,52473
438593,89630
438594,40000
438595,40000
438596,51074
438597,44576
438598,87480
438599,40000
438600,72839
438601,40000
438602,40000
438603,40000
438604,40000
438605,40000
438606,40000
438607,69435
438608,55259
438609,40000
438610,58923
438611,72468
438612,94496
438613,76789
438614,71745
438615,46931
438616,57631
438617,40000
438618,40000
438619,73422
438620,52663
438621,66066
438622,68652
438623,50482
438624,43423
438625,55483
438626,72353
438627,46730
438628,46359
438629,40000
438630,94021
438631,48532
438632,40000
438633,66760
438634,40000
438635,40318
438636,69540
438637,47792
438638,64358
438639,59351
438640,61748
438641,59082
438642,75712
438643,83385
438644,79779
438645,53040
438646,50066
438647,53734
438648,40000
438649,53711
438650,74314
438651,48400
438652,57414
438653,63396
438654,42686
438655,42463
438656,53546
438657,45724
438658,56355
438659,80681
438660,65348
438661,54174
438662,40000
438663,49703
438664,62427
438665,40000
438666,61228
438667,40000
438668,74711
438669,43012
438670,74065
438671,65908
438672,40000
438673,40000
438674,59188
438675,72537
438676,67214
438677,40000
438678,40000
438679,40000
438680,70466
438681,74220
438682,72304
438683,49167
438684,85168
438685,40000
438686,72942
438687,43128
438688,58326
438689,40000
438690,40000
438691,74247
438692,53294
438693,51639
438694,79652
438695,69779
438696,57644
438697,59816
438698,40000
438699,50065
438700,76584
438701,66550
438702,40000
438703,40000
438704,58219
438705,48071
438706,40345
438707,86806
438708,61940
438709,63827
438710,44285
438711,40000
438712,70615
438713,40000
438714,71652
438715,70376
438716,59536
438717,54484
438718,52469
438719,40000
438720,55084
438721,40000
438722,92817
438723,90322
438724,40000
438725,42271
438726,41469
438727,40000
438728,70398
438729,61110
438730,46460
438731,48294
438732,64576
438733,40000
438734,51641
438735,59881
438736,40000
438737,40000
438738,40000
438739,52936
438740,40000
438741,40000
438742,40000
438743,41613
438744,40000
438745,42040
438746,85491
438747,40000
438748,58473
438749,40000
438750,74799
438751,47931
438752,53825
438753,56100
438754,67209
438755,40000
438756,40000
438757,55671
438758,40000
438759,48092
438760,66023
438761,40000
438762,92306
438763,52376
438764,40000
438765,40000
438766,40000
438767,55397
438768,40000
438769,77840
438770,40000
438771,67337
438772,42124
438773,53896
438774,72018
438775,48075
438776,63069
438777,40000
438778,40000
438779,40000
438780,40000
438781,54423
438782,58110
438783,63838
438784,40000
438785,61165
438786,54144
438787,42087
438788,53950
438789,48482
438790,40000
438791,46943
438792,49042
438793,75459
438794,66098
438795,56958
438796,40000
438797,62406
438798,64709
438799,56246
438800,63777
438801,57072
438802,43830
438803,40000
438804,58972
438805,43710
438806,70408
438807,50301
438808,53461
438809,50222
438810,64780
438811,68159
438812,55714
438813,54116
438814,40000
438815,61276
438816,40000
438817,54785
438818,44923
438819,51732
438820,40000
438821,77191
438822,85102
438823,40000
438824,40000
438825,40000
438826,54811
438827,64343
438828,42296
438829,61055
438830,40000
438831,40000
438832,40000
438833,47760
438834,40000
438835,50016
438836,40000
438837,40000
438838,72447
438839,42187
438840,40000
438841,83080
438842,50914
438843,43132
438844,69774
438845,40000
438846,40000
438847,48437
438848,40000
438849,40000
438850,40000
438851,49185
438852,54041
438853,40000
438854,58289
438855,68848
438856,43266
438857,49081
438858,56145
438859,40000
438860,40000
438861,55885
438862,40000
438863,40000
438864,60365
438865,82713
438866,44370
438867,55406
438868,80116
438869,80585
438870,51244
438871,40000
438872,49715
438873,53531
438874,40000
438875,53923
438876,50661
438877,47685
438878,40000
438879,40000
438880,40000
438881,74754
438882,51532
438883,45611
438884,71851
438885,53608
438886,42470
438887,43841
438888,78490
438889,86110
438890,51605
438891,44233
438892,50240
438893,66658
438894,53304
438895,50975
438896,40000
438897,40000
438898,104833
438899,60414
438900,52762
438901,50397
438902,40000
438903,40000
438904,53565
438905,74300
438906,40000
438907,54727
438908,40000
438909,54319
438910,40000
438911,68517
438912,48655
438913,40000
438914,63957
438915,40000
438916,64004
438917,40000
438918,60036
438919,43561
438920,40000
438921,40000
438922,49956
438923,47331
438924,83384
438925,51407
438926,57395
438927,40000
438928,40386
438929,64444
438930,53082
438931,50782
438932,54823
438933,47145
438934,41744
438935,56030
438936,55449
438937,55362
438938,43544
438939,40000
438940,71507
438941,44411
438942,57884
438943,40000
438944,73694
438945,40000
438946,47736
438947,56310
438948,50576
438949,41973
438950,66053
438951,43423
438952,40000
438953,50459
438954,68335
438955,67126
438956,56918
438957,74137
438958,43168
438959,75195
438960,40000
438961,78958
438962,63794
438963,70052
438964,40000
438965,40000
438966,55543
438967,44250
438968,40000
438969,70719
438970,60859
438971,56749
438972,77923
438973,40647
438974,40000
438975,40734
438976,51802
438977,49140
438978,46163
438979,59704
438980,81620
438981,67727
438982,53157
438983,71608
438984,50872
438985,40000
438986,40000
438987,57080
438988,78094
438989,44931
438990,57662
438991,40000
438992,56340
438993,40000
438994,71324
438995,40000
438996,41954
438997,40000
438998,42305
438999,45702
439000,40000
439001,40000
439002,41179
439003,40000
439004,67592
439005,53162
439006,40000
439007,40000
439008,62070
439009,50684
439010,55542
439011,40000
439012,68101
439013,40000
439014,71541
439015,61689
439016,40000
439017,86060
439018,62394
439019,58387
439020,41762
439021,77083
439022,40000
439023,51306
439024,40000
439025,40000
439026,75131
439027,60754
439028,40000
439029,40000
439030,46214
439031,62425
439032,57902
439033,40000
439034,57057
439035,40000
439036,61017
439037,45263
439038,54999
439039,40000
439040,80631
439041,40000
439042,40000
439043,40000
439044,40000
439045,40000
439046,49880
439047,40000
439048,40000
439049,40000
439050,44036
439051,77807
439052,61580
439053,40000
439054,40000
439055,69756
439056,50607
439057,63886
439058,44634
439059,64335
439060,40000
439061,69046
439062,47240
439063,40552
439064,40000
439065,59519
439066,52537
439067,65983
439068,40000
439069,62394
439070,40000
439071,46070
439072,73853
439073,40000
439074,110719
439075,40000
439076,61941
439077,59184
439078,40000
439079,71280
439080,84946
439081,58474
439082,40000
439083,50029
439084,61340
439085,92893
439086,62778
439087,48272
439088,62727
439089,73159
439090,66744
439091,40000
439092,59207
439093,74373
439094,40000
439095,72075
439096,40000
439097,48303
439098,47561
439099,40000
439100,40000
439101,40000
439102,40000
439103,40000
439104,40000
439105,50161
439106,89576
439107,40000
439108,49906
439109,59661
439110,40000
439111,40000
439112,80066
439113,41681
439114,40000
439115,60976
439116,66329
439117,40000
439118,80242
439119,40897
439120,73426
439121,42326
439122,66860
439123,46355
439124,50145
439125,60638
439126,44724
439127,79259
439128,64791
439129,40000
439130,65104
439131,65190
439132,52165
439133,71705
439134,41185
439135,40000
439136,65413
439137,40000
439138,78842
439139,60537
439140,42882
439141,57160
439142,77271
439143,80593
439144,44055
439145,42937
439146,72429
439147,46663
439148,40000
439149,57301
439150,40000
439151,40000
439152,40000
439153,40000
439154,44579
439155,40000
439156,54922
439157,64802
439158,40000
439159,45850
439160,40000
439161,79816
439162,65279
439163,44674
439164,41952
439165,43842
439166,40000
439167,40000
439168,69822
439169,69795
439170,45165
439171,53778
439172,40000
439173,40000
439174,75030
439175,86854
439176,91362
439177,45434
439178,40000
439179,57388
439180,56160
439181,40000
439182,53616
439183,56665
439184,81660
439185,98679
439186,74712
439187,70033
439188,59900
439189,68015
439190,40000
439191,67553
439192,47202
439193,70971
439194,79006
439195,61746
439196,65298
439197,62728
439198,77908
439199,48137
439200,55442
439201,48625
439202,40000
439203,75107
439204,55158
439205,40129
439206,70372
439207,45878
439208,57198
439209,40000
439210,40000
439211,40000
439212,58321
439213,72559
439214,61237
439215,40356
439216,40000
439217,40000
439218,55550
439219,40000
439220,73249
439221,40000
439222,48589
439223,56733
439224,78292
439225,50220
439226,49731
439227,63060
439228,40000
439229,42038
439230,50282
439231,40773
439232,40000
439233,59342
439234,44708
439235,40000
439236,78051
439237,59892
439238,41396
439239,60048
439240,40000
439241,53144
439242,40000
439243,69634
439244,40000
439245,40000
439246,40000
439247,44102
439248,50595
439249,45579
439250,52507
439251,40000
439252,40000
439253,40000
439254,40000
439255,63015
439256,40000
439257,81095
439258,55539
439259,62530
439260,46243
439261,46018
439262,40000
439263,40000
439264,40000
439265,69445
439266,40000
439267,59659
439268,65637
439269,47025
439270,40000
439271,80007
439272,62687
439273,40000
439274,40000
439275,40000
439276,40000
439277,45852
439278,40000
439279,54049
439280,40000
439281,64636
439282,40050
439283,40000
439284,60213
439285,77389
439286,84445
439287,54431
439288,58038
439289,40000
439290,53203
439291,40000
439292,51592
439293,54031
439294,79804
439295,56282
439296,47226
439297,55630
439298,51846
439299,40000
439300,55413
439301,40000
439302,60096
439303,40000
439304,47808
439305,63797
439306,40000
439307,85543
439308,84978
439309,40000
439310,47508
439311,67313
439312,40000
439313,77299
439314,63889
439315,40000
439316,42286
439317,68495
439318,44403
439319,46434
439320,40000
439321,64064
439322,83964
439323,55485
439324,40000
439325,50498
439326,58299
439327,63626
439328,48153
439329,58107
439330,47100
439331,66773
439332,75253
439333,46697
439334,64026
439335,54067
439336,65129
439337,79338
439338,51012
439339,61035
439340,40000
439341,40000
439342,40000
439343,55767
439344,61848
439345,85630
439346,67780
439347,80499
439348,40000
439349,40000
439350,53047
439351,69034
439352,54418
439353,86822
439354,88608
439355,40000
439356,56444
439357,41297
439358,40000
439359,40000
439360,80530
439361,44188
439362,47198
439363,40000
439364,40000
439365,71995
439366,79556
439367,60323
439368,48925
439369,81310
439370,40000
439371,84501
439372,69823
439373,58346
439374,40000
439375,79162
439376,66434
439377,40000
439378,40572
439379,40000
439380,76415
439381,40000
439382,40000
439383,40000
439384,44082
439385,58849
439386,48096
439387,55808
439388,73454
439389,89698
439390,40301
439391,56454
439392,48722
439393,49263
439394,44766
439395,40000
439396,63703
439397,66161
439398,55061
439399,62984
439400,69424
439401,40000
439402,40000
439403,41786
439404,50883
439405,53947
439406,40000
439407,82654
439408,40000
439409,55164
439410,40000
439411,55887
439412,56805
439413,45366
439414,42395
439415,44792
439416,44846
439417,76954
439418,40000
439419,47269
439420,76672
439421,40000
439422,65528
439423,40000
439424,40000
439425,41006
439426,40000
439427,60520
439428,40000
439429,73532
439430,72733
439431,40000
439432,40000
439433,46880
439434,40000
439435,40000
439436,41615
439437,40000
439438,54453
439439,95937
439440,42544
439441,73385
439442,67439
439443,40000
439444,40000
439445,40000
439446,40000
439447,40000
439448,76876
439449,40000
439450,40000
439451,95919
439452,86175
439453,40000
439454,40000
439455,40000
439456,55180
439457,70741
439458,40000
439459,62174
439460,45464
439461,40316
439462,63464
439463,40000
439464,53302
439465,40000
439466,50203
439467,40000
439468,40000
439469,66570
439470,40000
439471,57114
439472,40000
439473,40000
439474,40000
439475,40000
439476,48942
439477,41511
439478,53813
439479,67521
439480,40000
439481,51862
439482,81724
439483,105904
439484,48217
439485,40000
439486,40000
439487,40000
439488,42050
439489,53115
439490,48651
439491,49397
439492,53614
439493,44448
439494,52395
439495,51252
439496,79761
439497,40000
439498,40538
439499,48292
439500,41638
439501,55896
439502,46631
439503,60082
439504,67001
439505,58315
439506,44512
439507,40000
439508,91603
439509,40000
439510,40000
439511,48717
439512,44734
439513,74240
439514,56955
439515,58144
439516,84075
439517,40000
439518,40000
439519,54708
439520,55826
439521,46328
439522,49393
439523,44939
439524,46941
439525,52592
439526,40000
439527,43357
439528,48333
439529,57393
439530,40000
439531,56465
439532,77457
439533,79037
439534,68576
439535,40000
439536,40000
439537,58093
439538,95791
439539,54118
439540,59552
439541,81591
439542,54715
439543,64215
439544,52427
439545,43478
439546,70816
439547,40000
439548,81247
439549,63348
439550,57236
439551,40000
439552,57480
439553,59385
439554,45804
439555,54714
439556,46895
439557,40000
439558,57329
439559,40000
439560,40000
439561,46172
439562,90155
439563,74917
439564,49397
439565,74298
439566,41395
439567,57729
439568,85399
439569,51907
439570,40000
439571,52539
439572,45093
439573,40000
439574,71338
439575,44896
439576,66057
439577,59737
439578,40000
439579,40000
439580,40000
439581,58043
439582,51610
439583,62967
439584,40000
439585,59139
439586,61019
439587,63748
439588,40000
439589,54738
439590,63024
439591,40000
439592,69411
439593,40000
439594,42310
439595,72605
439596,44957
439597,57230
439598,61858
439599,40000
439600,40000
439601,45847
439602,40000
439603,40000
439604,48144
439605,53379
439606,59402
439607,40000
439608,51621
439609,42506
439610,40000
439611,61365
439612,52323
439613,54381
439614,40000
439615,53746
439616,40000
439617,40000
439618,42388
439619,43822
439620,63228
439621,46636
439622,40000
439623,47481
439624,40000
439625,73986
439626,55175
439627,69330
439628,51681
439629,91968
439630,79638
439631,53624
439632,69464
439633,40000
439634,78084
439635,40000
439636,67007
439637,47668
439638,53976
439639,40000
439640,40000
439641,41498
439642,40000
439643,61052
439644,62080
439645,60411
439646,42115
439647,54340
439648,40000
439649,40000
439650,40000
439651,54523
439652,70322
439653,40824
439654,79300
439655,40000
439656,60537
439657,40000
439658,64119
439659,40000
439660,56257
439661,61761
439662,40000
439663,40000
439664,40000
439665,40000
439666,56683
439667,82730
439668,57283
439669,72344
439670,40000
439671,59216
439672,40000
439673,40000
439674,54173
439675,79767
439676,40011
439677,40000
439678,58283
439679,58069
439680,50633
439681,44978
439682,51190
439683,47074
439684,58771
439685,49535
439686,55291
439687,40000
439688,56486
439689,43005
439690,82525
439691,54381
439692,40000
439693,41201
439694,40000
439695,75836
439696,40000
439697,59516
439698,52133
439699,40000
439700,45435
439701,56844
439702,60945
439703,49155
439704,50330
439705,40000
439706,40000
439707,40000
439708,64744
439709,80243
439710,58415
439711,46177
439712,44429
439713,76502
439714,83883
439715,57097
439716,40000
439717,53552
439718,55633
439719,52225
439720,54046
439721,40578
439722,86750
439723,67996
439724,63725
439725,118250
439726,40000
439727,49029
439728,49266
439729,40000
439730,57208
439731,40000
439732,59491
439733,40000
439734,78265
439735,40000
439736,44373
439737,46292
439738,48230
439739,40000
439740,40000
439741,61239
439742,40000
439743,40000
439744,84221
439745,44707
439746,79507
439747,40000
439748,40000
439749,72482
439750,67546
439751,52162
439752,48089
439753,66284
439754,42791
439755,68000
439756,40119
439757,48746
439758,43602
439759,85771
439760,68751
439761,40000
439762,41877
439763,40000
439764,41277
439765,40000
439766,83129
439767,42297
439768,40000
439769,89384
439770,57002
439771,40000
439772,67469
439773,52508
439774,40000
439775,88362
439776,42679
439777,40000
439778,59887
439779,65373
439780,40000
439781,58925
439782,40002
439783,40000
439784,40000
439785,69607
439786,68996
439787,54923
439788,40000
439789,40000
439790,40000
439791,52506
439792,40000
439793,64615
439794,40000
439795,46800
439796,45176
439797,69556
439798,71152
439799,43916
439800,41175
439801,50177
439802,62126
439803,47099
439804,45126
439805,57554
439806,40000
439807,70941
439808,54007
439809,60468
439810,69958
439811,81396
439812,44619
439813,62999
439814,75548
439815,40000
439816,82400
439817,45117
439818,52175
439819,58681
439820,40000
439821,47562
439822,51580
439823,45338
439824,58897
439825,78583
439826,40000
439827,40000
439828,65308
439829,70739
439830,41377
439831,91840
439832,73459
439833,40000
439834,49479
439835,70186
439836,73539
439837,40000
439838,45579
439839,45300
439840,48675
439841,40000
439842,59994
439843,76706
439844,40000
439845,40000
439846,47046
439847,56815
439848,67632
439849,40000
439850,56129
439851,40000
439852,48589
439853,40000
439854,40000
439855,40000
439856,51306
439857,40000
439858,40000
439859,40000
439860,77277
439861,68870
439862,40000
439863,61228
439864,40000
439865,42437
439866,41101
439867,40000
439868,77919
439869,72439
439870,40000
439871,40000
439872,61480
439873,40000
439874,75700
439875,40000
439876,61134
439877,40000
439878,40000
439879,40761
439880,49051
439881,91549
439882,63089
439883,67453
439884,57774
439885,45445
439886,42550
439887,71929
439888,77915
439889,53291
439890,74438
439891,40000
439892,40000
439893,40000
439894,64767
439895,40000
439896,69368
439897,63532
439898,40034
439899,40000
439900,40000
439901,62093
439902,59544
439903,82585
439904,75993
439905,56753
439906,57304
439907,53251
439908,40000
439909,40000
439910,64160
439911,71438
439912,67530
439913,47471
439914,72202
439915,40000
439916,40000
439917,40000
439918,43044
439919,72349
439920,71603
439921,44408
439922,76590
439923,51994
439924,81991
439925,112348
439926,55227
439927,63757
439928,74090
439929,53390
439930,62585
439931,40000
439932,44903
439933,46750
439934,46710
439935,40000
439936,61396
439937,49187
439938,71060
439939,52489
439940,40000
439941,71640
439942,40000
439943,40000
439944,45641
439945,40000
439946,74009
439947,41816
439948,68876
439949,52050
439950,56924
439951,40000
439952,66062
439953,40000
439954,64140
439955,49521
439956,63157
439957,40000
439958,47218
439959,68936
439960,65999
439961,40000
439962,40000
439963,58088
439964,40021
439965,69626
439966,50434
439967,73770
439968,46852
439969,49147
439970,40000
439971,40000
439972,40000
439973,62632
439974,55374
439975,78354
439976,52718
439977,62680
439978,62005
439979,70775
439980,64196
439981,92156
439982,40000
439983,69489
439984,67388
439985,40000
439986,49201
439987,41424
439988,50866
439989,93560
439990,61896
439991,73945
439992,53205
439993,40000
439994,47285
439995,40000
439996,40000
439997,81136
439998,40000
439999,40000
440000,40000
440001,45776
440002,66080
440003,40000
440004,67306
440005,40000
440006,52641
440007,65208
440008,40000
440009,40000
440010,40000
440011,76308
440012,58800
440013,40000
440014,70673
440015,40000
440016,50425
440017,51958
440018,40000
440019,66098
440020,43784
440021,40000
440022,41870
440023,56343
440024,45801
440025,43955
440026,40000
440027,51489
440028,40000
440029,52617
440030,57084
440031,48705
440032,74410
440033,56680
440034,44397
440035,40000
440036,41714
440037,48197
440038,40000
440039,59346
440040,68606
440041,51551
440042,61314
440043,57199
440044,61943
440045,45343
440046,40000
440047,40000
440048,48200
440049,40000
440050,71284
440051,58269
440052,48142
440053,48662
440054,41708
440055,41399
440056,61128
440057,73190
440058,60152
440059,69022
440060,40000
440061,51975
440062,42030
440063,40000
440064,54168
440065,60512
440066,48300
440067,85189
440068,54741
440069,53385
440070,40000
440071,55027
440072,40000
440073,81058
440074,55552
440075,45284
440076,40000
440077,40000
440078,56700
440079,40000
440080,61711
440081,47402
440082,53057
440083,50940
440084,40000
440085,66905
440086,76434
440087,40000
440088,97760
440089,40000
440090,40000
440091,49173
440092,54418
440093,40000
440094,40000
440095,48858
440096,40047
440097,71586
440098,40000
440099,40000
440100,64940
440101,40000
440102,46844
440103,55091
440104,95276
440105,40756
440106,40000
440107,40000
440108,45930
440109,61407
440110,40000
440111,40000
440112,69088
440113,40000
440114,81468
440115,40000
440116,45628
440117,40000
440118,40000
440119,41588
440120,82831
440121,61728
440122,40000
440123,67444
440124,59676
440125,41307
440126,43383
440127,40000
440128,40000
440129,40000
440130,56133
440131,40000
440132,40000
440133,51707
440134,40000
440135,40000
440136,60795
440137,51157
440138,40000
440139,40000
440140,47320
440141,57155
440142,53298
440143,62811
440144,80718
440145,40000
440146,40000
440147,90445
440148,65533
440149,40000
440150,40000
440151,57152
440152,62545
440153,49903
440154,40000
440155,73663
440156,49333
440157,50477
440158,40000
440159,42275
440160,40000
440161,46316
440162,55151
440163,62033
440164,58616
440165,64766
440166,85597
440167,84476
440168,57218
440169,62222
440170,61136
440171,48715
440172,40000
440173,43682
440174,44938
440175,45919
440176,40000
440177,40699
440178,40000
440179,40000
440180,72567
440181,58259
440182,45801
440183,54729
440184,40000
440185,99794
440186,48651
440187,59158
440188,40000
440189,47178
440190,62336
440191,51306
440192,40000
440193,50217
440194,40000
440195,40000
440196,40000
440197,40116
440198,54001
440199,40000
440200,44272
440201,40000
440202,60103
440203,77381
440204,40000
440205,40000
440206,49254
440207,44870
440208,66830
440209,49524
440210,46412
440211,40000
440212,65672
440213,40000
440214,40000
440215,59288
440216,60743
440217,40000
440218,66145
440219,53371
440220,40000
440221,72295
440222,80883
440223,49348
440224,40000
440225,48747
440226,51129
440227,40000
440228,53295
440229,51847
440230,40000
440231,53761
440232,49676
440233,43406
440234,42434
440235,44145
440236,41035
440237,40000
440238,63488
440239,67083
440240,40000
440241,57833
440242,51798
440243,40000
440244,54689
440245,43713
440246,74062
440247,40000
440248,44868
440249,44111
440250,52156
440251,40583
440252,53360
440253,80224
440254,40000
440255,68981
440256,40000
440257,77506
440258,50724
440259,87914
440260,43716
440261,40000
440262,53999
440263,40000
440264,47441
440265,40000
440266,40000
440267,40000
440268,44192
440269,40000
440270,40000
440271,59241
440272,63331
440273,46096
440274,43259
440275,56739
440276,42910
440277,40000
440278,40000
440279,50103
440280,40000
440281,40000
440282,59752
440283,40000
440284,40000
440285,52462
440286,78859
440287,63612
440288,40000
440289,62372
440290,53936
440291,42703
440292,65033
440293,40000
440294,54218
440295,49393
440296,40000
440297,60957
440298,40000
440299,57055
440300,91555
440301,44818
440302,57380
440303,40000
440304,88636
440305,63799
440306,63699
440307,40000
440308,50545
440309,53035
440310,44643
440311,40000
440312,40000
440313,40000
440314,40000
440315,86598
440316,52054
440317,61490
440318,66722
440319,47654
440320,51859
440321,40000
440322,40000
440323,75919
440324,71843
440325,70248
440326,42489
440327,56585
440328,40000
440329,40000
440330,67920
440331,52224
440332,40000
440333,40000
440334,40000
440335,42517
440336,43716
440337,69846
440338,40000
440339,57599
440340,64117
440341,48229
440342,40000
440343,40000
440344,44084
440345,40000
440346,76788
440347,50505
440348,53061
440349,40000
440350,72564
440351,66485
440352,63892
440353,40000
440354,48920
440355,49959
440356,66925
440357,95227
440358,40000
440359,46619
440360,40000
440361,40000
440362,48726
440363,68360
440364,41725
440365,53135
440366,72316
440367,40000
440368,40000
440369,40000
440370,66239
440371,40000
440372,51022
440373,40000
440374,40000
440375,77187
440376,40000
440377,55437
440378,57789
440379,52682
440380,52490
440381,78007
440382,63305
440383,40000
440384,40660
440385,40000
440386,40000
440387,40000
440388,49030
440389,40000
440390,59450
440391,40000
440392,48557
440393,45975
440394,40000
440395,43031
440396,40000
440397,52751
440398,61679
440399,59414
440400,73947
440401,42835
440402,40000
440403,63906
440404,48113
440405,48098
440406,68895
440407,40475
440408,61846
440409,103646
440410,58073
440411,40000
440412,88980
440413,55337
440414,40000
440415,58826
440416,40000
440417,63082
440418,40000
440419,40000
440420,41801
440421,69495
440422,40000
440423,40000
440424,44551
440425,40967
440426,78314
440427,75118
440428,49006
440429,72060
440430,58145
440431,48442
440432,62224
440433,40000
440434,57203
440435,40000
440436,40000
440437,40679
440438,66829
440439,42370
440440,48250
440441,58485
440442,40000
440443,56946
440444,40000
440445,66611
440446,40613
440447,60558
440448,60222
440449,40000
440450,42474
440451,69880
440452,40000
440453,67162
440454,40000
440455,46306
440456,48996
440457,66042
440458,62473
440459,55534
440460,67300
440461,40000
440462,80756
440463,40000
440464,61626
440465,40000
440466,57628
440467,40000
440468,40000
440469,40000
440470,48148
440471,78455
440472,49452
440473,40000
440474,45578
440475,56049
440476,57134
440477,78839
440478,82235
440479,60099
440480,69710
440481,89556
440482,82661
440483,87636
440484,58436
440485,52865
440486,40000
440487,40000
440488,47073
440489,64485
440490,40000
440491,40000
440492,40000
440493,56180
440494,65783
440495,40000
440496,40000
440497,61810
440498,51102
440499,40000
440500,60729
440501,60752
440502,64312
440503,45400
440504,40000
440505,73839
440506,40000
440507,44050
440508,72660
440509,61206
440510,50940
440511,79136
440512,72740
440513,40000
440514,53318
440515,40000
440516,47626
440517,71600
440518,40000
440519,46245
440520,57470
440521,49300
440522,60387
440523,56786
440524,50096
440525,40000
440526,40000
440527,73112
440528,40000
440529,52420
440530,57579
440531,40000
440532,49465
440533,40000
440534,61749
440535,42249
440536,40000
440537,76500
440538,71038
440539,58168
440540,45555
440541,40000
440542,40000
440543,61245
440544,69875
440545,40000
440546,40634
440547,40000
440548,42890
440549,40000
440550,52263
440551,40000
440552,40000
440553,40000
440554,46069
440555,81463
440556,60478
440557,75960
440558,70713
440559,46169
440560,91201
440561,63347
440562,78489
440563,48901
440564,40000
440565,42768
440566,56530
440567,50826
440568,46484
440569,40000
440570,75961
440571,40000
440572,81345
440573,40000
440574,52572
440575,55709
440576,40000
440577,59228
440578,50350
440579,40000
440580,66497
440581,48551
440582,41937
440583,70533
440584,40000
440585,47882
440586,40000
440587,54060
440588,40000
440589,42478
440590,40000
440591,40000
440592,40675
440593,62150
440594,40000
440595,40000
440596,41465
440597,40000
440598,40000
440599,49322
440600,52755
440601,55359
440602,49101
440603,49724
440604,63940
440605,47255
440606,58095
440607,40000
440608,77665
440609,40000
440610,40000
440611,66746
440612,40000
440613,50304
440614,51828
440615,45016
440616,76011
440617,40000
440618,59748
440619,41101
440620,50401
440621,43267
440622,63627
440623,40000
440624,64106
440625,71786
440626,68500
440627,40000
440628,71981
440629,86351
440630,62411
440631,58062
440632,40000
440633,40000
440634,51892
440635,40000
440636,44435
440637,40000
440638,40000
440639,46900
440640,54764
440641,46116
440642,96916
440643,57687
440644,40000
440645,40000
440646,55614
440647,75795
440648,72519
440649,41385
440650,40000
440651,40000
440652,67855
440653,43918
440654,46816
440655,66033
440656,58553
440657,40000
440658,72558
440659,64826
440660,68716
440661,43652
440662,53082
440663,66282
440664,40000
440665,74999
440666,40000
440667,50302
440668,43507
440669,40000
440670,64040
440671,40000
440672,64819
440673,62164
440674,40000
440675,40000
440676,60359
440677,57688
440678,77549
440679,89843
440680,68632
440681,40000
440682,70475
440683,40000
440684,40084
440685,73034
440686,40000
440687,44530
440688,40000
440689,44107
440690,40000
440691,46619
440692,40000
440693,40000
440694,59412
440695,97861
440696,48883
440697,40000
440698,51612
440699,40000
440700,69155
440701,70571
440702,45968
440703,40000
440704,40000
440705,40000
440706,40000
440707,40710
440708,44259
440709,40000
440710,51409
440711,42715
440712,42839
440713,40000
440714,40000
440715,40000
440716,40000
440717,40874
440718,53150
440719,50501
440720,40000
440721,40000
440722,40000
440723,40828
440724,69953
440725,73665
440726,55506
440727,40000
440728,80518
440729,41781
440730,43552
440731,42255
440732,40921
440733,57208
440734,57762
440735,80185
440736,40000
440737,40000
440738,47157
440739,40000
440740,42855
440741,71253
440742,49628
440743,44566
440744,52737
440745,40000
440746,40987
440747,59965
440748,40000
440749,48520
440750,43046
440751,40000
440752,40000
440753,40000
440754,40000
440755,40000
440756,49326
440757,66225
440758,40000
440759,57031
440760,40000
440761,40000
440762,55313
440763,79380
440764,82907
440765,62590
440766,40000
440767,79342
440768,40000
440769,54074
440770,40000
440771,40000
440772,40000
440773,58851
440774,55526
440775,77411
440776,40000
440777,84693
440778,40000
440779,93481
440780,41028
440781,53059
440782,67991
440783,40000
440784,40000
440785,48710
440786,70615
440787,70243
440788,41491
440789,49755
440790,83744
440791,40000
440792,80008
440793,47987
440794,45833
440795,46272
440796,40000
440797,57392
440798,40000
440799,40000
440800,40681
440801,40000
440802,55074
440803,40827
440804,69132
440805,65009
440806,40000
440807,42178
440808,40000
440809,40000
440810,69798
440811,40000
440812,40000
440813,99682
440814,74722
440815,42634
440816,40000
440817,62476
440818,71315
440819,59038
440820,49019
440821,40000
440822,40000
440823,62401
440824,40000
440825,71202
440826,85458
440827,42927
440828,40000
440829,40000
440830,44355
440831,48673
440832,69496
440833,40000
440834,40000
440835,59887
440836,44815
440837,67959
440838,81290
440839,59570
440840,40000
440841,40000
440842,40044
440843,63513
440844,66336
440845,62623
440846,45530
440847,44048
440848,57157
440849,74612
440850,49807
440851,40000
440852,58397
440853,60241
440854,40000
440855,69580
440856,75740
440857,55509
440858,40000
440859,40000
440860,45659
440861,66454
440862,43831
440863,40000
440864,58828
440865,49703
440866,46637
440867,46743
440868,77910
440869,40000
440870,40000
440871,57186
440872,40000
440873,54266
440874,49510
440875,40000
440876,40000
440877,68548
440878,40000
440879,52831
440880,40000
440881,54466
440882,48698
440883,40000
440884,62155
440885,47756
440886,40000
440887,40000
440888,69607
440889,103923
440890,40000
440891,40000
440892,43660
440893,64605
440894,44089
440895,79726
440896,40000
440897,42248
440898,72154
440899,40000
440900,46612
440901,77698
440902,64074
440903,43221
440904,60659
440905,72835
440906,40000
440907,104390
440908,40000
440909,71415
440910,71485
440911,58541
440912,42816
440913,47769
440914,51117
440915,79986
440916,58693
440917,42166
440918,43842
440919,45837
440920,40000
440921,50440
440922,44174
440923,40000
440924,66419
440925,40000
440926,47726
440927,40000
440928,64124
440929,84816
440930,44111
440931,78992
440932,73792
440933,52785
440934,40805
440935,84359
440936,50986
440937,55815
440938,78031
440939,77262
440940,58908
440941,41248
440942,52051
440943,40000
440944,41449
440945,40000
440946,40000
440947,45811
440948,81586
440949,75628
440950,74867
440951,71588
440952,78683
440953,98545
440954,40694
440955,47794
440956,41359
440957,40000
440958,43768
440959,48601
440960,63161
440961,64946
440962,53983
440963,83080
440964,50162
440965,48903
440966,46988
440967,48086
440968,43414
440969,79789
440970,40000
440971,54117
440972,52980
440973,77993
440974,40000
440975,81506
440976,47769
440977,67332
440978,46612
440979,40970
440980,61574
440981,55627
440982,53222
440983,72612
440984,40000
440985,58443
440986,46986
440987,62892
440988,40000
440989,40000
440990,40000
440991,55066
440992,48153
440993,48652
440994,40000
440995,49616
440996,40000
440997,58036
440998,77523
440999,52943
441000,40000
441001,55535
441002,50457
441003,71553
441004,40397
441005,49736
441006,89953
441007,40000
441008,51133
441009,90165
441010,40000
441011,68622
441012,40000
441013,40362
441014,40000
441015,66477
441016,67472
441017,58126
441018,43472
441019,79044
441020,58276
441021,40000
441022,40000
441023,57366
441024,40000
441025,55418
441026,40000
441027,40000
441028,40000
441029,61941
441030,54337
441031,50109
441032,45482
441033,60145
441034,89863
441035,65321
441036,65790
441037,50363
441038,95957
441039,55062
441040,40000
441041,40000
441042,42382
441043,40000
441044,40000
441045,40000
441046,62488
441047,61538
441048,47799
441049,58711
441050,40000
441051,41429
441052,40000
441053,40727
441054,56748
441055,60359
441056,55765
441057,53872
441058,40000
441059,65573
441060,40000
441061,66140
441062,53674
441063,62012
441064,40000
441065,43762
441066,54024
441067,66044
441068,42801
441069,40000
441070,40000
441071,45752
441072,40000
441073,40000
441074,45414
441075,40000
441076,56328
441077,40000
441078,40000
441079,40000
441080,68119
441081,63213
441082,40000
441083,40693
441084,40000
441085,61281
441086,63562
441087,40281
441088,52577
441089,40000
441090,40000
441091,40000
441092,68866
441093,67843
441094,75878
441095,40000
441096,78952
441097,42749
441098,40000
441099,40000
441100,57570
441101,40000
441102,40000
441103,48571
441104,84982
441105,77129
441106,40000
441107,51247
441108,45148
441109,40000
441110,40000
441111,52569
441112,40000
441113,41756
441114,40000
441115,58971
441116,57437
441117,49245
441118,40000
441119,56438
441120,65828
441121,40000
441122,65216
441123,40000
441124,40000
441125,65944
441126,55895
441127,59367
441128,57729
441129,40000
441130,40000
441131,44374
441132,40000
441133,41541
441134,76928
441135,40000
441136,64916
441137,61902
441138,45974
441139,40000
441140,43825
441141,49108
441142,44257
441143,52251
441144,44121
441145,61276
441146,52655
441147,40000
441148,71053
441149,50733
441150,58396
441151,40000
441152,56460
441153,83524
441154,63254
441155,61390
441156,40000
441157,46467
441158,40000
441159,73527
441160,68402
441161,44912
441162,80953
441163,42741
441164,46890
441165,65166
441166,40000
441167,40000
441168,49512
441169,52307
441170,60380
441171,44973
441172,46304
441173,40000
441174,40000
441175,43850
441176,40000
441177,40000
441178,61600
441179,84048
441180,40000
441181,60559
441182,40000
441183,40000
441184,43061
441185,40320
441186,84250
441187,59431
441188,47525
441189,67862
441190,56284
441191,40000
441192,43017
441193,40000
441194,57319
441195,40000
441196,60510
441197,56738
441198,40000
441199,42076
441200,57414
441201,45050
441202,81500
441203,40000
441204,55399
441205,67699
441206,78434
441207,45115
441208,47063
441209,48648
441210,53043
441211,91319
441212,44766
441213,61551
441214,40000
441215,61790
441216,55301
441217,47484
441218,56123
441219,40000
441220,42291
441221,40000
441222,45809
441223,73352
441224,41366
441225,56739
441226,64029
441227,49704
441228,65442
441229,72419
441230,40000
441231,40000
441232,40050
441233,76911
441234,40000
441235,77386
441236,40000
441237,57120
441238,45541
441239,62347
441240,40000
441241,52797
441242,65710
441243,50688
441244,88708
441245,40000
441246,60093
441247,40000
441248,40000
441249,71217
441250,48516
441251,40000
441252,77661
441253,40000
441254,48163
441255,103279
441256,82920
441257,40000
441258,40000
441259,47185
441260,70754
441261,40000
441262,74446
441263,41270
441264,40000
441265,56816
441266,54354
441267,40000
441268,52350
441269,40000
441270,62078
441271,52458
441272,40000
441273,79390
441274,60219
441275,77373
441276,40000
441277,54434
441278,55725
441279,40000
441280,74228
441281,47092
441282,40000
441283,40000
441284,86246
441285,76063
441286,57923
441287,61354
441288,40000
441289,40000
441290,40000
441291,61984
441292,43133
441293,61251
441294,40000
441295,72508
441296,40000
441297,48255
441298,74905
441299,56761
441300,40000
441301,65326
441302,46905
441303,77760
441304,43276
441305,42436
441306,74971
441307,73785
441308,40000
441309,80172
441310,51865
441311,55080
441312,40000
441313,55341
441314,44523
441315,86396
441316,46443
441317,40000
441318,62370
441319,44274
441320,70553
441321,66098
441322,40000
441323,40000
441324,64328
441325,41465
441326,55766
441327,40000
441328,55091
441329,40000
441330,54270
441331,40000
441332,40000
441333,40000
441334,40000
441335,61244
441336,40000
441337,40000
441338,75704
441339,52308
441340,84446
441341,40000
441342,62477
441343,40000
441344,74820
441345,92284
441346,75729
441347,70315
441348,40000
441349,61614
441350,86456
441351,58585
441352,89903
441353,43467
441354,44279
441355,67509
441356,52468
441357,75184
441358,78626
441359,40000
441360,45926
441361,40962
441362,68294
441363,57410
441364,71607
441365,55102
441366,82052
441367,61574
441368,40000
441369,40000
441370,52804
441371,88673
441372,72356
441373,40000
441374,64781
441375,60381
441376,49762
441377,41586
441378,63227
441379,40000
441380,67126
441381,40000
441382,87444
441383,71797
441384,40000
441385,61389
441386,82224
441387,57228
441388,65883
441389,40000
441390,89126
441391,49381
441392,46906
441393,47437
441394,75700
441395,63907
441396,52134
441397,62050
441398,47380
441399,41943
441400,53785
441401,76989
441402,40000
441403,40000
441404,52928
441405,96443
441406,40000
441407,57918
441408,40000
441409,40000
441410,52505
441411,75643
441412,43660
441413,79758
441414,62679
441415,42144
441416,76005
441417,55616
441418,40000
441419,53136
441420,85207
441421,40391
441422,40000
441423,59931
441424,41112
441425,45770
441426,62932
441427,43005
441428,40000
441429,54969
441430,40433
441431,53640
441432,40000
441433,40000
441434,61075
441435,57704
441436,40000
441437,62560
441438,59049
441439,40000
441440,58696
441441,55541
441442,54642
441443,81063
441444,40000
441445,70632
441446,54178
441447,47640
441448,40000
441449,40000
441450,47789
441451,55226
441452,40475
441453,40000
441454,82707
441455,71677
441456,56016
441457,53868
441458,78004
441459,40000
441460,66198
441461,41759
441462,40053
441463,40000
441464,76945
441465,41543
441466,66653
441467,40000
441468,40000
441469,43175
441470,42761
441471,51565
441472,73878
441473,40000
441474,60794
441475,40000
441476,52806
441477,92717
441478,77290
441479,89504
441480,82465
441481,41562
441482,48650
441483,40000
441484,73721
441485,41370
441486,40000
441487,40000
441488,48542
441489,40000
441490,52148
441491,40000
441492,40000
441493,40000
441494,40000
441495,52472
441496,40000
441497,67084
441498,76532
441499,40000
441500,89872
441501,42772
441502,59143
441503,42116
441504,77620
441505,57446
441506,40000
441507,40000
441508,40000
441509,50168
441510,40000
441511,40000
441512,48498
441513,53768
441514,58920
441515,40000
441516,57624
441517,40000
441518,40000
441519,40000
441520,53588
441521,51031
441522,40000
441523,40000
441524,46018
441525,40000
441526,104066
441527,57099
441528,64067
441529,66588
441530,46895
441531,40000
441532,40000
441533,53089
441534,53973
441535,60496
441536,40000
441537,55510
441538,40000
441539,49936
441540,46218
441541,40000
441542,68356
441543,99731
441544,59095
441545,40000
441546,40000
441547,43475
441548,45752
441549,44893
441550,59111
441551,40000
441552,60576
441553,83845
441554,40000
441555,40000
441556,40000
441557,65377
441558,42035
441559,40000
441560,56719
441561,58713
441562,57227
441563,40000
441564,63841
441565,70363
441566,40000
441567,69278
441568,45562
441569,41204
441570,44197
441571,40000
441572,73772
441573,50791
441574,40000
441575,48594
441576,80551
441577,40000
441578,91460
441579,40000
441580,51673
441581,40000
441582,55552
441583,40000
441584,40000
441585,64398
441586,45968
441587,40000
441588,40000
441589,65658
441590,67408
441591,40000
441592,80096
441593,40000
441594,56417
441595,40000
441596,40000
441597,65925
441598,74249
441599,72580
441600,45735
441601,48065
441602,40855
441603,55440
441604,40000
441605,40000
441606,53546
441607,52891
441608,62498
441609,50224
441610,41484
441611,51796
441612,65332
441613,58937
441614,61432
441615,75952
441616,40000
441617,40000
441618,70633
441619,61754
441620,48945
441621,40000
441622,59203
441623,40000
441624,57891
441625,41758
441626,61496
441627,63103
441628,61456
441629,50334
441630,40000
441631,40000
441632,48292
441633,40000
441634,47090
441635,40000
441636,40000
441637,63280
441638,40000
441639,66679
441640,40000
441641,82368
441642,49656
441643,43902
441644,54542
441645,63440
441646,40000
441647,54870
441648,65251
441649,40000
441650,44172
441651,43508
441652,40000
441653,63125
441654,48220
441655,40000
441656,58560
441657,40000
441658,57549
441659,40000
441660,54549
441661,44709
441662,56350
441663,40000
441664,68930
441665,54301
441666,55206
441667,48585
441668,49571
441669,84281
441670,51668
441671,40000
441672,61215
441673,91860
441674,40000
441675,50382
441676,40000
441677,59261
441678,47732
441679,62300
441680,41992
441681,40000
441682,68950
441683,72774
441684,40000
441685,43022
441686,46934
441687,44572
441688,40648
441689,79556
441690,69502
441691,41738
441692,83329
441693,40000
441694,48223
441695,59493
441696,57455
441697,40000
441698,40000
441699,70148
441700,67054
441701,40000
441702,52018
441703,40000
441704,40000
441705,40000
441706,43613
441707,63527
441708,49874
441709,54627
441710,42030
441711,40000
441712,49670
441713,40000
441714,53860
441715,40000
441716,40000
441717,75897
441718,63949
441719,40820
441720,42680
441721,53130
441722,58292
441723,70065
441724,75974
441725,50482
441726,45442
441727,67960
441728,50771
441729,59494
441730,83863
441731,70750
441732,40000
441733,45915
441734,40000
441735,40000
441736,48011
441737,72262
441738,41376
441739,48885
441740,88226
441741,40000
441742,55022
441743,58006
441744,40000
441745,40000
441746,50237
441747,40000
441748,80985
441749,40000
441750,57963
441751,55387
441752,40000
441753,53276
441754,52712
441755,40000
441756,99292
441757,55200
441758,40000
441759,57239
441760,63734
441761,60292
441762,46811
441763,52539
441764,70035
441765,42070
441766,40000
441767,40000
441768,75479
441769,93625
441770,51074
441771,40000
441772,40000
441773,70754
441774,53500
441775,40000
441776,59664
441777,40000
441778,61314
441779,40000
441780,40000
441781,40000
441782,45065
441783,43524
441784,53272
441785,56620
441786,40000
441787,64340
441788,44211
441789,57560
441790,53287
441791,84075
441792,45468
441793,73229
441794,40000
441795,68385
441796,52989
441797,83018
441798,40000
441799,64121
441800,40000
441801,40000
441802,40000
441803,86376
441804,40000
441805,80226
441806,40000
441807,41717
441808,40000
441809,40000
441810,50999
441811,62051
441812,59471
441813,72859
441814,44846
441815,42139
441816,40363
441817,40000
441818,66342
441819,54619
441820,40056
441821,56060
441822,68086
441823,67943
441824,74394
441825,40000
441826,60060
441827,46536
441828,40000
441829,55498
441830,45026
441831,40000
441832,62650
441833,58998
441834,79429
441835,48655
441836,95185
441837,61278
441838,40000
441839,87738
441840,42771
441841,40000
441842,40000
441843,61441
441844,77217
441845,46943
441846,66261
441847,66745
441848,40000
441849,40000
441850,86948
441851,40000
441852,47575
441853,40000
441854,50368
441855,40000
441856,40000
441857,72563
441858,71601
441859,70286
441860,58003
441861,86342
441862,40000
441863,49324
441864,56864
441865,46283
441866,40000
441867,40000
441868,63750
441869,40000
441870,42004
441871,58436
441872,58416
441873,62108
441874,59961
441875,40000
441876,40000
441877,59412
441878,82464
441879,40000
441880,40000
441881,40000
441882,40000
441883,40000
441884,40000
441885,42910
441886,52527
441887,40000
441888,71486
441889,40000
441890,40000
441891,40000
441892,51030
441893,55780
441894,42969
441895,54649
441896,64044
441897,46678
441898,57152
441899,51112
441900,45285
441901,40915
441902,40000
441903,40000
441904,84520
441905,40000
441906,49868
441907,78162
441908,40000
441909,54647
441910,40000
441911,54211
441912,40000
441913,42109
441914,51987
441915,50356
441916,50433
441917,43586
441918,53325
441919,40012
441920,44019
441921,40000
441922,40000
441923,42979
441924,65972
441925,48015
441926,40000
441927,40000
441928,94943
441929,42209
441930,40000
441931,54774
441932,42450
441933,66921
441934,73122
441935,46845
441936,55467
441937,40000
441938,72414
441939,40000
441940,40000
441941,40000
441942,43428
441943,40000
441944,40000
441945,71667
441946,64355
441947,75020
441948,54362
441949,70316
441950,55785
441951,40000
441952,77095
441953,57243
441954,42564
441955,91667
441956,40000
441957,51981
441958,55983
441959,47558
441960,52821
441961,49794
441962,59755
441963,40000
441964,73620
441965,40000
441966,60602
441967,68148
441968,63898
441969,46201
441970,48992
441971,82713
441972,40000
441973,40000
441974,40000
441975,53536
441976,90246
441977,56437
441978,41540
441979,54841
441980,48254
441981,40000
441982,69601
441983,47439
441984,40000
441985,57268
441986,51026
441987,51121
441988,58484
441989,44653
441990,66282
441991,61796
441992,41450
441993,48433
441994,40000
441995,40000
441996,81336
441997,54581
441998,54847
441999,65622
442000,43885
442001,54591
442002,72966
442003,43395
442004,54436
442005,66741
442006,40000
442007,43679
442008,76290
442009,69412
442010,40000
442011,40000
442012,44018
442013,40000
442014,40000
442015,47826
442016,62938
442017,62347
442018,40000
442019,48818
442020,40000
442021,40000
442022,42117
442023,65903
442024,89207
442025,40000
442026,49683
442027,40000
442028,63252
442029,50247
442030,40000
442031,40000
442032,40000
442033,40000
442034,52127
442035,40000
442036,50601
442037,58142
442038,52499
442039,40000
442040,71844
442041,40000
442042,49451
442043,51502
442044,58929
442045,45296
442046,73862
442047,40000
442048,41249
442049,79325
442050,40000
442051,72410
442052,42573
442053,40685
442054,41470
442055,53443
442056,52767
442057,40000
442058,53412
442059,49797
442060,73257
442061,42781
442062,40000
442063,40000
442064,40000
442065,40000
442066,51493
442067,42636
442068,40000
442069,62466
442070,86936
442071,70727
442072,43534
442073,68029
442074,55223
442075,40000
442076,45528
442077,53988
442078,53391
442079,73634
442080,57436
442081,49462
442082,43520
442083,52195
442084,53785
442085,82044
442086,45707
442087,40000
442088,69662
442089,40000
442090,80057
442091,40000
442092,45022
442093,49240
442094,59191
442095,54755
442096,52432
442097,40000
442098,40000
442099,46770
442100,40000
442101,60612
442102,40000
442103,65932
442104,88295
442105,62581
442106,50434
442107,73213
442108,40000
442109,40818
442110,40494
442111,48847
442112,40000
442113,52640
442114,60625
442115,40000
442116,67539
442117,49229
442118,40000
442119,89940
442120,44617
442121,63175
442122,46725
442123,59081
442124,40000
442125,50514
442126,73243
442127,54086
442128,64524
442129,70747
442130,46485
442131,40000
442132,40000
442133,85908
442134,60176
442135,40000
442136,62455
442137,72366
442138,64749
442139,67480
442140,40000
442141,53411
442142,46406
442143,55300
442144,62429
442145,87677
442146,81325
442147,41977
442148,40000
442149,73619
442150,45720
442151,62626
442152,70542
442153,60088
442154,40000
442155,104340
442156,40000
442157,40000
442158,43506
442159,40000
442160,47597
442161,40805
442162,52591
442163,40000
442164,77840
442165,40000
442166,62050
442167,48357
442168,47431
442169,40000
442170,52469
442171,56310
442172,40000
442173,66436
442174,63853
442175,40000
442176,40000
442177,50186
442178,57907
442179,40000
442180,62764
442181,42899
442182,40000
442183,47700
442184,45890
442185,59295
442186,56814
442187,41470
442188,69955
442189,49023
442190,55993
442191,54811
442192,60102
442193,40000
442194,68620
442195,81940
442196,40000
442197,55741
442198,71675
442199,40000
442200,61598
442201,40000
442202,40000
442203,40000
442204,59678
442205,40000
442206,41659
442207,81260
442208,48658
442209,67346
442210,40038
442211,40000
442212,49222
442213,47327
442214,40000
442215,85337
442216,41436
442217,66469
442218,40000
442219,72738
442220,40000
442221,48538
442222,45385
442223,41521
442224,45186
442225,67001
442226,105807
442227,40000
442228,40000
442229,40000
442230,66004
442231,44341
442232,72642
442233,40000
442234,69827
442235,63044
442236,40000
442237,45662
442238,48643
442239,63135
442240,53591
442241,58243
442242,72741
442243,52110
442244,40000
442245,78065
442246,52113
442247,64733
442248,62385
442249,40000
442250,50267
442251,69963
442252,61637
442253,65101
442254,40000
442255,69381
442256,42716
442257,40000
442258,67964
442259,72492
442260,56184
442261,67364
442262,40000
442263,67852
442264,40000
442265,47116
442266,40865
442267,64259
442268,66852
442269,76615
442270,62592
442271,73119
442272,83819
442273,40000
442274,101705
442275,40000
442276,57515
442277,51289
442278,73808
442279,59044
442280,48114
442281,40000
442282,66402
442283,40000
442284,45041
442285,70313
442286,48371
442287,42431
442288,43152
442289,40000
442290,40000
442291,52164
442292,45974
442293,51449
442294,60225
442295,40000
442296,40000
442297,40000
442298,97163
442299,40000
442300,51518
442301,60002
442302,64685
442303,40000
442304,40000
442305,40000
442306,42778
442307,40000
442308,59850
442309,81132
442310,52412
442311,61853
442312,50796
442313,40000
442314,40000
442315,79095
442316,40000
442317,40000
442318,40000
442319,40000
442320,40000
442321,50459
442322,65744
442323,47501
442324,46184
442325,58263
442326,40000
442327,40000
442328,40000
442329,57483
442330,62173
442331,40000
442332,40000
442333,40000
442334,40000
442335,40000
442336,67585
442337,40000
442338,40000
442339,56858
442340,40000
442341,51169
442342,40000
442343,40000
442344,40000
442345,81670
442346,40000
442347,53479
442348,78118
442349,42165
442350,40000
442351,42310
442352,69715
442353,40000
442354,40000
442355,40000
442356,62129
442357,70758
442358,40000
442359,62924
442360,67906
442361,47548
442362,93306
442363,76829
442364,40000
442365,74415
442366,49952
442367,59246
442368,75788
442369,86453
442370,40000
442371,40000
442372,40000
442373,68456
442374,63579
442375,70760
442376,46397
442377,40881
442378,43064
442379,56007
442380,40000
442381,55276
442382,40000
442383,57149
442384,40000
442385,76499
442386,40000
442387,42572
442388,40000
442389,45183
442390,42789
442391,40000
442392,40000
442393,48794
442394,56960
442395,40000
442396,60879
442397,95565
442398,53217
442399,57921
442400,51204
442401,40000
442402,40000
442403,56331
442404,48601
442405,50594
442406,43495
442407,56952
442408,47925
442409,40000
442410,40000
442411,46697
442412,52985
442413,65983
442414,67453
442415,45633
442416,40000
442417,40000
442418,40000
442419,49685
442420,50060
442421,65399
442422,86758
442423,40000
442424,40000
442425,54729
442426,82011
442427,49879
442428,59655
442429,50817
442430,45183
442431,40000
442432,55176
442433,46130
442434,40000
442435,40000
442436,44963
442437,66375
442438,80850
442439,40000
442440,71207
442441,40000
442442,47144
442443,40000
442444,50469
442445,40000
442446,40000
442447,40000
442448,58474
442449,40000
442450,45732
442451,40000
442452,59302
442453,40000
442454,106236
442455,62540
442456,40000
442457,46988
442458,40000
442459,76037
442460,54601
442461,68499
442462,72193
442463,69643
442464,43839
442465,40000
442466,59782
442467,97726
442468,40000
442469,40000
442470,40000
442471,75650
442472,81602
442473,40000
442474,40000
442475,40000
442476,62889
442477,40000
442478,53026
442479,43264
442480,61036
442481,40000
442482,43920
442483,40000
442484,40015
442485,40541
442486,67910
442487,55512
442488,103862
442489,86905
442490,90851
442491,71586
442492,62751
442493,40000
442494,68304
442495,75740
442496,40000
442497,75005
442498,50661
442499,55515
442500,51708
442501,66674
442502,40000
442503,41844
442504,40000
442505,50805
442506,50690
442507,54709
442508,47299
442509,42677
442510,51560
442511,95123
442512,58401
442513,59948
442514,55538
442515,40000
442516,40000
442517,45176
442518,82410
442519,43005
442520,57632
442521,67580
442522,40000
442523,50958
442524,40000
442525,55406
442526,40000
442527,40616
442528,55097
442529,40000
442530,57716
442531,43205
442532,88517
442533,65680
442534,57779
442535,44529
442536,60829
442537,40000
442538,54625
442539,45744
442540,69948
442541,41124
442542,70224
442543,40000
442544,59299
442545,86936
442546,67156
442547,40000
442548,55142
442549,68269
442550,40000
442551,65975
442552,40000
442553,46130
442554,63688
442555,69494
442556,70029
442557,40000
442558,40000
442559,100822
442560,42454
442561,65782
442562,40000
442563,54318
442564,72975
442565,62201
442566,87461
442567,48599
442568,42830
442569,53937
442570,55695
442571,40000
442572,59835
442573,40000
442574,44655
442575,42098
442576,40000
442577,67232
442578,40000
442579,68044
442580,61986
442581,70699
442582,69696
442583,55066
442584,69242
442585,45555
442586,43161
442587,40000
442588,41403
442589,40000
442590,40000
442591,40000
442592,60609
442593,59569
442594,56499
442595,40000
442596,50165
442597,40000
442598,40000
442599,40000
442600,54849
442601,40000
442602,45211
442603,58465
442604,47568
442605,40000
442606,89066
442607,59348
442608,41443
442609,45597
442610,70261
442611,40000
442612,86798
442613,40000
442614,50348
442615,40000
442616,69568
442617,70240
442618,47994
442619,40000
442620,40000
442621,40778
442622,55816
442623,48049
442624,40000
442625,40000
442626,93348
442627,44749
442628,40000
442629,90507
442630,41813
442631,64392
442632,67167
442633,51893
442634,40000
442635,40000
442636,53521
442637,40000
442638,56581
442639,56138
442640,76329
442641,82074
442642,53196
442643,40000
442644,40000
442645,63000
442646,41818
442647,50272
442648,48187
442649,71007
442650,54003
442651,59275
442652,40000
442653,64003
442654,40000
442655,40000
442656,40000
442657,48386
442658,49280
442659,74581
442660,71347
442661,44817
442662,51574
442663,64203
442664,43867
442665,40000
442666,40000
442667,76874
442668,48195
442669,55147
442670,40000
442671,94084
442672,40000
442673,51343
442674,44405
442675,72728
442676,40000
442677,59784
442678,42506
442679,56969
442680,40000
442681,42171
442682,62967
442683,43701
442684,40000
442685,55935
442686,43548
442687,58398
442688,48168
442689,40000
442690,41712
442691,67148
442692,47949
442693,78227
442694,92346
442695,45601
442696,40000
442697,61503
442698,60072
442699,40000
442700,52753
442701,75694
442702,61232
442703,55869
442704,64130
442705,40598
442706,45181
442707,75169
442708,40000
442709,40000
442710,43643
442711,53726
442712,40000
442713,41422
442714,49446
442715,56503
442716,81655
442717,40000
442718,85291
442719,40000
442720,40000
442721,40000
442722,75150
442723,54741
442724,42651
442725,52075
442726,40000
442727,49516
442728,44281
442729,65917
442730,61681
442731,40000
442732,50976
442733,40000
442734,44026
442735,54081
442736,47215
442737,69834
442738,43727
442739,40000
442740,57756
442741,87846
442742,40000
442743,56180
442744,74321
442745,40000
442746,40000
442747,46468
442748,40000
442749,84037
442750,46133
442751,77461
442752,97935
442753,54921
442754,59808
442755,41613
442756,68499
442757,41468
442758,45119
442759,58111
442760,45830
442761,40000
442762,63868
442763,47687
442764,52576
442765,40000
442766,70293
442767,40000
442768,41937
442769,40000
442770,47311
442771,40000
442772,40000
442773,77303
442774,68617
442775,47783
442776,40000
442777,68675
442778,40000
442779,65243
442780,40000
442781,43107
442782,57210
442783,87585
442784,56414
442785,54061
442786,62631
442787,40000
442788,40000
442789,55675
442790,43704
442791,52198
442792,40000
442793,41505
442794,40000
442795,40000
442796,69444
442797,40000
442798,43835
442799,85751
442800,91673
442801,98140
442802,84208
442803,40000
442804,40000
442805,40000
442806,74327
442807,62524
442808,54296
442809,65037
442810,71173
442811,82658
442812,88409
442813,40000
442814,50557
442815,52055
442816,64050
442817,74388
442818,45837
442819,43878
442820,60269
442821,79248
442822,53536
442823,44985
442824,40512
442825,40000
442826,40000
442827,67872
442828,60833
442829,77854
442830,40000
442831,40000
442832,73625
442833,40000
442834,40000
442835,40000
442836,47079
442837,76384
442838,48024
442839,61990
442840,104739
442841,68294
442842,78786
442843,40000
442844,43261
442845,40000
442846,63090
442847,64004
442848,40000
442849,40000
442850,56093
442851,51149
442852,70879
442853,65951
442854,40000
442855,40000
442856,40000
442857,42403
442858,40000
442859,74979
442860,85400
442861,61515
442862,43013
442863,40000
442864,54143
442865,40000
442866,58283
442867,40000
442868,40000
442869,40000
442870,40000
442871,40000
442872,60927
442873,45952
442874,44772
442875,65127
442876,40000
442877,104139
442878,67318
442879,55877
442880,67741
442881,40000
442882,40000
442883,90068
442884,41441
442885,64057
442886,40000
442887,40000
442888,40000
442889,56483
442890,46467
442891,42999
442892,40000
442893,46522
442894,47767
442895,40000
442896,58014
442897,84024
442898,40000
442899,48881
442900,40000
442901,40000
442902,40000
442903,65747
442904,53335
442905,40000
442906,65815
442907,53273
442908,40000
442909,49845
442910,93753
442911,52872
442912,59855
442913,67322
442914,56946
442915,40000
442916,56109
442917,56347
442918,69530
442919,75436
442920,62605
442921,55398
442922,44104
442923,92510
442924,40000
442925,40489
442926,40000
442927,48612
442928,55596
442929,40000
442930,40000
442931,56883
442932,40000
442933,72491
442934,63505
442935,58649
442936,48367
442937,59841
442938,40000
442939,40000
442940,50096
442941,56827
442942,68011
442943,44928
442944,40000
442945,64092
442946,40000
442947,59321
442948,40000
442949,54536
442950,70168
442951,40000
442952,40000
442953,51173
442954,51183
442955,69270
442956,40000
442957,40000
442958,49014
442959,63832
442960,40000
442961,40000
442962,55504
442963,57921
442964,43840
442965,91861
442966,57924
442967,40000
442968,40000
442969,45677
442970,40000
442971,65551
442972,40000
442973,40000
442974,41153
442975,40000
442976,48489
442977,59751
442978,69517
442979,95086
442980,47001
442981,67569
442982,50770
442983,56160
442984,52056
442985,40861
442986,56094
442987,49216
442988,48638
442989,41449
442990,48357
442991,40000
442992,40000
442993,50854
442994,43203
442995,43021
442996,40000
442997,50642
442998,54529
442999,40000
443000,48566
443001,40000
443002,77524
443003,40000
443004,61191
443005,68988
443006,46179
443007,40000
443008,88953
443009,40000
443010,56656
443011,60013
443012,72086
443013,40000
443014,40000
443015,57386
443016,40000
443017,78397
443018,70262
443019,40000
443020,52726
443021,61300
443022,70938
443023,61340
443024,63328
443025,40000
443026,40000
443027,74249
443028,50128
443029,54996
443030,70443
443031,40000
443032,47467
443033,46771
443034,53888
443035,40000
443036,50821
443037,67104
443038,53802
443039,76457
443040,40000
443041,87417
443042,57787
443043,40000
443044,70854
443045,61688
443046,40000
443047,41178
443048,40000
443049,40000
443050,40000
443051,40000
443052,53422
443053,78537
443054,40000
443055,40769
443056,40000
443057,54103
443058,40000
443059,62969
443060,44385
443061,49152
443062,43196
443063,40000
443064,62846
443065,51822
443066,40000
443067,40619
443068,66074
443069,51346
443070,40000
443071,62746
443072,40000
443073,53399
443074,50512
443075,52924
443076,99115
443077,40000
443078,76597
443079,40000
443080,40764
443081,48188
443082,75417
443083,40000
443084,47479
443085,47194
443086,47027
443087,69005
443088,88274
443089,61815
443090,59461
443091,40000
443092,41143
443093,43334
443094,40000
443095,57101
443096,73664
443097,77921
443098,87110
443099,54908
443100,40000
443101,62618
443102,72176
443103,74899
443104,59068
443105,55393
443106,63988
443107,40000
443108,60079
443109,40000
443110,50968
443111,60594
443112,67830
443113,94402
443114,43761
443115,40000
443116,77172
443117,61570
443118,40000
443119,43746
443120,71060
443121,51214
443122,40000
443123,69785
443124,45398
443125,71859
443126,40000
443127,40000
443128,59248
443129,57779
443130,49694
443131,59423
443132,56625
443133,40000
443134,43222
443135,40000
443136,59046
443137,69390
443138,75756
443139,55650
443140,85958
443141,57694
443142,78828
443143,70216
443144,62615
443145,70061
443146,86052
443147,40000
443148,40000
443149,50617
443150,45872
443151,65102
443152,40000
443153,46541
443154,40000
443155,46975
443156,59673
443157,49991
443158,77737
443159,43325
443160,49888
443161,87527
443162,61237
443163,40000
443164,54103
443165,85309
443166,59900
443167,59044
443168,40000
443169,42411
443170,56190
443171,40000
443172,68015
443173,63878
443174,40000
443175,58704
443176,58207
443177,57024
443178,83234
443179,44754
443180,65137
443181,59814
443182,56528
443183,43083
443184,40000
443185,53721
443186,40000
443187,40000
443188,40000
443189,40000
443190,41364
443191,92398
443192,40000
443193,40000
443194,42729
443195,40000
443196,45742
443197,51566
443198,63456
443199,40000
443200,52380
443201,42088
443202,53289
443203,40000
443204,40000
443205,42445
443206,90903
443207,53220
443208,42630
443209,40000
443210,62110
443211,49805
443212,46408
443213,76512
443214,60716
443215,69012
443216,63844
443217,40000
443218,53449
443219,40000
443220,40000
443221,45203
443222,40000
443223,69470
443224,40000
443225,51497
443226,48232
443227,40000
443228,66153
443229,43061
443230,65804
443231,52382
443232,46999
443233,40000
443234,75341
443235,76123
443236,40000
443237,46044
443238,51340
443239,59865
443240,40000
443241,49629
443242,62320
443243,41921
443244,40000
443245,69586
443246,40000
443247,42239
443248,73873
443249,40000
443250,50562
443251,53732
443252,62631
443253,81814
443254,40000
443255,50827
443256,53321
443257,50208
443258,40000
443259,40000
443260,56491
443261,40000
443262,40000
443263,95612
443264,40000
443265,49285
443266,40000
443267,44410
443268,42619
443269,67018
443270,83534
443271,84355
443272,40710
443273,64890
443274,44003
443275,64679
443276,63486
443277,40000
443278,50942
443279,48624
443280,40000
443281,68644
443282,51353
443283,40000
443284,69387
443285,43651
443286,66125
443287,40000
443288,41392
443289,44922
443290,40000
443291,49940
443292,40000
443293,40000
443294,48594
443295,48924
443296,40000
443297,40000
443298,44455
443299,54371
443300,40000
443301,40000
443302,64523
443303,77716
443304,40000
443305,42899
443306,49559
443307,42534
443308,40000
443309,55550
443310,40000
443311,101018
443312,40479
443313,59458
443314,41835
443315,40000
443316,69865
443317,65818
443318,40913
443319,40000
443320,70562
443321,40000
443322,40000
443323,40000
443324,40000
443325,70192
443326,49177
443327,40000
443328,40000
443329,43323
443330,45573
443331,40000
443332,40184
443333,49217
443334,40722
443335,48898
443336,40000
443337,65530
443338,51193
443339,40000
443340,40000
443341,63769
443342,40000
443343,50316
443344,40000
443345,40000
443346,54941
443347,66811
443348,40000
443349,58918
443350,40579
443351,40000
443352,88643
443353,41220
443354,63227
443355,66883
443356,40000
443357,40000
443358,50632
443359,54916
443360,40000
443361,47460
443362,43179
443363,45139
443364,44266
443365,40000
443366,42933
443367,40000
443368,58239
443369,40000
443370,58472
443371,42221
443372,89018
443373,44089
443374,40000
443375,55155
443376,58131
443377,40000
443378,96357
443379,40000
443380,40000
443381,53703
443382,40000
443383,50237
443384,40000
443385,68481
443386,51360
443387,67873
443388,67996
443389,54465
443390,66307
443391,55355
443392,42615
443393,53960
443394,85012
443395,46049
443396,55634
443397,54802
443398,40000
443399,40000
443400,60616
443401,47635
443402,40000
443403,72910
443404,79072
443405,40000
443406,40000
443407,40000
443408,49265
443409,40000
443410,54201
443411,78304
443412,69092
443413,40000
443414,44388
443415,42502
443416,73354
443417,47022
443418,55717
443419,50616
443420,40000
443421,41384
443422,47126
443423,40000
443424,40000
443425,40000
443426,40000
443427,94970
443428,40000
443429,44622
443430,40000
443431,53114
443432,58676
443433,56421
443434,70830
443435,40000
443436,43908
443437,68115
443438,52608
443439,55595
443440,64050
443441,40000
443442,60275
443443,42291
443444,40000
443445,71381
443446,40000
443447,40000
443448,40895
443449,56608
443450,62619
443451,80255
443452,52051
443453,69299
443454,40000
443455,63203
443456,40716
443457,86981
443458,61146
443459,65522
443460,40000
443461,40000
443462,41722
443463,54199
443464,53975
443465,40000
443466,87017
443467,71536
443468,40000
443469,52311
443470,53840
443471,78751
443472,40122
443473,48354
443474,69771
443475,74251
443476,51720
443477,40000
443478,44478
443479,51587
443480,40000
443481,65327
443482,81575
443483,48725
443484,71666
443485,54884
443486,61243
443487,87317
443488,64181
443489,40000
443490,72385
443491,73357
443492,40000
443493,40000
443494,67075
443495,40000
443496,47572
443497,46621
443498,51620
443499,59912
443500,75016
443501,40000
443502,41998
443503,40000
443504,76578
443505,72116
443506,46447
443507,43718
443508,74953
443509,47487
443510,40000
443511,46079
443512,59292
443513,66529
443514,50730
443515,40000
443516,45136
443517,73555
443518,45476
443519,62426
443520,40000
443521,43347
443522,66205
443523,48343
443524,52173
443525,72866
443526,73626
443527,84573
443528,72176
443529,40000
443530,40000
443531,64099
443532,72758
443533,49339
443534,40000
443535,60299
443536,40000
443537,61545
443538,61366
443539,82669
443540,40000
443541,45869
443542,40000
443543,40000
443544,40000
443545,40000
443546,40000
443547,40000
443548,40000
443549,67849
443550,40000
443551,66109
443552,43200
443553,40000
443554,40000
443555,40000
443556,41789
443557,57872
443558,87781
443559,45607
443560,54908
443561,84784
443562,63515
443563,46928
443564,52062
443565,40000
443566,62546
443567,67550
443568,49184
443569,86735
443570,40000
443571,59916
443572,41402
443573,40000
443574,61258
443575,40000
443576,57009
443577,50788
443578,52872
443579,61523
443580,49102
443581,59823
443582,48733
443583,70658
443584,61758
443585,61553
443586,40000
443587,40334
443588,47091
443589,54135
443590,40000
443591,51668
443592,40000
443593,59310
443594,40000
443595,40000
443596,56756
443597,98027
443598,80729
443599,50732
443600,40000
443601,41155
443602,70424
443603,77822
443604,59653
443605,45029
443606,93380
443607,41426
443608,40000
443609,64813
443610,44196
443611,49519
443612,85174
443613,53132
443614,63848
443615,40000
443616,48786
443617,53259
443618,40000
443619,40000
443620,70127
443621,40000
443622,62771
443623,46147
443624,50010
443625,61299
443626,40000
443627,40000
443628,40000
443629,40000
443630,40000
443631,61070
443632,61057
443633,40000
443634,40000
443635,65794
443636,46201
443637,70563
443638,42129
443639,40000
443640,89199
443641,69874
443642,53089
443643,53628
443644,41414
443645,40000
443646,47545
443647,40000
443648,54104
443649,40000
443650,60083
443651,59674
443652,55387
443653,62225
443654,47475
443655,40000
443656,82792
443657,40000
443658,42262
443659,40000
443660,48799
443661,40000
443662,46107
443663,40000
443664,40000
443665,52999
443666,48698
443667,49711
443668,50905
443669,40000
443670,60871
443671,72157
443672,40000
443673,40000
443674,44346
443675,70075
443676,66175
443677,40867
443678,40000
443679,81971
443680,43405
443681,40000
443682,40000
443683,85758
443684,59821
443685,81843
443686,50650
443687,40000
443688,63809
443689,82111
443690,61267
443691,40000
443692,59078
443693,51599
443694,54316
443695,51766
443696,40000
443697,60774
443698,60515
443699,56802
443700,50062
443701,54950
443702,44097
443703,40000
443704,79431
443705,49447
443706,40958
443707,47953
443708,89275
443709,44110
443710,58129
443711,90431
443712,40000
443713,60912
443714,59264
443715,47543
443716,86717
443717,46102
443718,75395
443719,40000
443720,41425
443721,40000
443722,42459
443723,62043
443724,40000
443725,43960
443726,48046
443727,45976
443728,60539
443729,80872
443730,61700
443731,81871
443732,67711
443733,82169
443734,42066
443735,40000
443736,59032
443737,43119
443738,61634
443739,40000
443740,52945
443741,40000
443742,40000
443743,40000
443744,42219
443745,84818
443746,46346
443747,62440
443748,62772
443749,74135
443750,86636
443751,52825
443752,66846
443753,62422
443754,40000
443755,40000
443756,63705
443757,40000
443758,40000
443759,66063
443760,42844
443761,42833
443762,40000
443763,40000
443764,83668
443765,58027
443766,59690
443767,72908
443768,62283
443769,40000
443770,40000
443771,47547
443772,69838
443773,40000
443774,78591
443775,71091
443776,62495
443777,74889
443778,42726
443779,68506
443780,59471
443781,58644
443782,81398
443783,44733
443784,45140
443785,40000
443786,40000
443787,62519
443788,40000
443789,43041
443790,44776
443791,90339
443792,40000
443793,41347
443794,51411
443795,40000
443796,40000
443797,40000
443798,54863
443799,43553
443800,68021
443801,45440
443802,53185
443803,60739
443804,40000
443805,55447
443806,41308
443807,60089
443808,54367
443809,40000
443810,40000
443811,70104
443812,56808
443813,40000
443814,40000
443815,51269
443816,61228
443817,40000
443818,59538
443819,40000
443820,40000
443821,69833
443822,66829
443823,54033
443824,58737
443825,40000
443826,47227
443827,83874
443828,73092
443829,72262
443830,56276
443831,60887
443832,60583
443833,54546
443834,40000
443835,40000
443836,40000
443837,49572
443838,40000
443839,40000
443840,74433
443841,91933
443842,85254
443843,47722
443844,87820
443845,40000
443846,40000
443847,50107
443848,41476
443849,40000
443850,60507
443851,85742
443852,59693
443853,43697
443854,40000
443855,42009
443856,85290
443857,40000
443858,40000
443859,40000
443860,55079
443861,48658
443862,52613
443863,80023
443864,47137
443865,47831
443866,40142
443867,61731
443868,55993
443869,52534
443870,57579
443871,40000
443872,40000
443873,60024
443874,40000
443875,51470
443876,40000
443877,67241
443878,48147
443879,71847
443880,40000
443881,59796
443882,48204
443883,40000
443884,50423
443885,43096
443886,46026
443887,55203
443888,78133
443889,52790
443890,40000
443891,71469
443892,50729
443893,56799
443894,77663
443895,41537
443896,40000
443897,65978
443898,52097
443899,40000
443900,79789
443901,43650
443902,40000
443903,58727
443904,40000
443905,58370
443906,40000
443907,72394
443908,60433
443909,50330
443910,40000
443911,63105
443912,40000
443913,61846
443914,43431
443915,40000
443916,84822
443917,91273
443918,85337
443919,53756
443920,83935
443921,57421
443922,69831
443923,62153
443924,55593
443925,49635
443926,56741
443927,48966
443928,40000
443929,40000
443930,45283
443931,40000
443932,40000
443933,88106
443934,40000
443935,53369
443936,57141
443937,50115
443938,40000
443939,43540
443940,78632
443941,40000
443942,59026
443943,68487
443944,40753
443945,47693
443946,50641
443947,58080
443948,64165
443949,45503
443950,58093
443951,59639
443952,46284
443953,71094
443954,79930
443955,44451
443956,55542
443957,49443
443958,40636
443959,40000
443960,42521
443961,40000
443962,81770
443963,70106
443964,45218
443965,45535
443966,78208
443967,52359
443968,49481
443969,40000
443970,47249
443971,40000
443972,41308
443973,40000
443974,89956
443975,61434
443976,47626
443977,71722
443978,40000
443979,40000
443980,40000
443981,58513
443982,40000
443983,40000
443984,53943
443985,45046
443986,48609
443987,65778
443988,46041
443989,40000
443990,40000
443991,67635
443992,46188
443993,40000
443994,44188
443995,74082
443996,46939
443997,40000
443998,40000
443999,44842
444000,40000
444001,68047
444002,40639
444003,47387
444004,40083
444005,50974
444006,57111
444007,40000
444008,56013
444009,41602
444010,40000
444011,49851
444012,40000
444013,88959
444014,54792
444015,60567
444016,40000
444017,73064
444018,40000
444019,58961
444020,40000
444021,79652
444022,72992
444023,51058
444024,45516
444025,61603
444026,49099
444027,40000
444028,47319
444029,40000
444030,47911
444031,40000
444032,54427
444033,81041
444034,58575
444035,74512
444036,40000
444037,42158
444038,40000
444039,40000
444040,40000
444041,40000
444042,50103
444043,40000
444044,41888
444045,58332
444046,47359
444047,62706
444048,41250
444049,41196
444050,60979
444051,40000
444052,48013
444053,40000
444054,48905
444055,70560
444056,51617
444057,40000
444058,87970
444059,73239
444060,40000
444061,59478
444062,54095
444063,63868
444064,74243
444065,45951
444066,40000
444067,40000
444068,40000
444069,60376
444070,40000
444071,76638
444072,44535
444073,54656
444074,41475
444075,53641
444076,40000
444077,77804
444078,40000
444079,42790
444080,80993
444081,53253
444082,40000
444083,53561
444084,53848
444085,40000
444086,40000
444087,53665
444088,62557
444089,43180
444090,40000
444091,57709
444092,50965
444093,62676
444094,48898
444095,49777
444096,50644
444097,44836
444098,52822
444099,81037
444100,54319
444101,40000
444102,69747
444103,58637
444104,58860
444105,40000
444106,40000
444107,44518
444108,49901
444109,57569
444110,46884
444111,58020
444112,40000
444113,56786
444114,50287
444115,61071
444116,46408
444117,54453
444118,40000
444119,47582
444120,50421
444121,40000
444122,44967
444123,63403
444124,52383
444125,53466
444126,40000
444127,68241
444128,50656
444129,40420
444130,51026
444131,46319
444132,40000
444133,58678
444134,57908
444135,40000
444136,63338
444137,59608
444138,62741
444139,64562
444140,53681
444141,59771
444142,40000
444143,43443
444144,40000
444145,51654
444146,44439
444147,45185
444148,40000
444149,40000
444150,70410
444151,40000
444152,41490
444153,88769
444154,40000
444155,46093
444156,62835
444157,54180
444158,40000
444159,40000
444160,40000
444161,68091
444162,53995
444163,90466
444164,59007
444165,50410
444166,40000
444167,52222
444168,48398
444169,60254
444170,40000
444171,40000
444172,40000
444173,40000
444174,59806
444175,69747
444176,59486
444177,40179
444178,40000
444179,45632
444180,73138
444181,40000
444182,41252
444183,66191
444184,40000
444185,88133
444186,52118
444187,51199
444188,56624
444189,40000
444190,45433
444191,57790
444192,53427
444193,40000
444194,60702
444195,49331
444196,59668
444197,68218
444198,40000
444199,40000
444200,51932
444201,58203
444202,51424
444203,40000
444204,50784
444205,40000
444206,49656
444207,62495
444208,81161
444209,45665
444210,40000
444211,45255
444212,60017
444213,59704
444214,40000
444215,56642
444216,45039
444217,40000
444218,40000
444219,55970
444220,42765
444221,46277
444222,47930
444223,96459
444224,46309
444225,49473
444226,49083
444227,53562
444228,45512
444229,40000
444230,53893
444231,46916
444232,59435
444233,40000
444234,100479
444235,40000
444236,40000
444237,40000
444238,40000
444239,40000
444240,71188
444241,40000
444242,40000
444243,40000
444244,46349
444245,40000
444246,40000
444247,56741
444248,87519
444249,67318
444250,41501
444251,64010
444252,48789
444253,49674
444254,40000
444255,71642
444256,40000
444257,47565
444258,53410
444259,59802
444260,75645
444261,77003
444262,40000
444263,72163
444264,80601
444265,40000
444266,48341
444267,57507
444268,41657
444269,40000
444270,40000
444271,40000
444272,40000
444273,54990
444274,69819
444275,87415
444276,55891
444277,45084
444278,74246
444279,40000
444280,47754
444281,40000
444282,40000
444283,40000
444284,67427
444285,56820
444286,60100
444287,62322
444288,40000
444289,77401
444290,89559
444291,40000
444292,40000
444293,67002
444294,55549
444295,65612
444296,40000
444297,54020
444298,55837
444299,40000
444300,60461
444301,62019
444302,49664
444303,41489
444304,99007
444305,48612
444306,49237
444307,67310
444308,78409
444309,40000
444310,76319
444311,40000
444312,49322
444313,75834
444314,84884
444315,60235
444316,49913
444317,49941
444318,43734
444319,70270
444320,65661
444321,44590
444322,44516
444323,40000
444324,46520
444325,40000
444326,43742
444327,54815
444328,45487
444329,40000
444330,40000
444331,54055
444332,40000
444333,40000
444334,40437
444335,50938
444336,86967
444337,56577
444338,70152
444339,40000
444340,70869
444341,40000
444342,40000
444343,71466
444344,62128
444345,40000
444346,40000
444347,73449
444348,64457
444349,40000
444350,40000
444351,42894
444352,40000
444353,91505
444354,58553
444355,53768
444356,55126
444357,62000
444358,75827
444359,40841
444360,51765
444361,40000
444362,40000
444363,43996
444364,58472
444365,42018
444366,56316
444367,59054
444368,44080
444369,82461
444370,40000
444371,45531
444372,40000
444373,40000
444374,55103
444375,44752
444376,40423
444377,45730
444378,45958
444379,41769
444380,40000
444381,56278
444382,47783
444383,49139
444384,55108
444385,60461
444386,40000
444387,80952
444388,40000
444389,40034
444390,40000
444391,59617
444392,40000
444393,40000
444394,40000
444395,42822
444396,40000
444397,40000
444398,70126
444399,44340
444400,53167
444401,56460
444402,51351
444403,40000
444404,40000
444405,77481
444406,85112
444407,41737
444408,42530
444409,40000
444410,40000
444411,46350
444412,40958
444413,41997
444414,40000
444415,40000
444416,49288
444417,57806
444418,40000
444419,60577
444420,40000
444421,40000
444422,40000
444423,43002
444424,58943
444425,40000
444426,47062
444427,61073
444428,64931
444429,73172
444430,67366
444431,65281
444432,72967
444433,70980
444434,58302
444435,44554
444436,42183
444437,40000
444438,62466
444439,62221
444440,72213
444441,65566
444442,50927
444443,40000
444444,59185
444445,40000
444446,81726
444447,84725
444448,51810
444449,59286
444450,40000
444451,46408
444452,48667
444453,40000
444454,44600
444455,61836
444456,55702
444457,49674
444458,40000
444459,52806
444460,40000
444461,40000
444462,65187
444463,40000
444464,51225
444465,47281
444466,40000
444467,43936
444468,52809
444469,63838
444470,40283
444471,90117
444472,60432
444473,40000
444474,50906
444475,40132
444476,40000
444477,67539
444478,76144
444479,70924
444480,40852
444481,51263
444482,88832
444483,43130
444484,72902
444485,40000
444486,79821
444487,40000
444488,64567
444489,45783
444490,75841
444491,86476
444492,44553
444493,55576
444494,54160
444495,40000
444496,40000
444497,40000
444498,67552
444499,58507
444500,45562
444501,40000
444502,40000
444503,40000
444504,40000
444505,68413
444506,40000
444507,40000
444508,83300
444509,69369
444510,61287
444511,40000
444512,46938
444513,55185
444514,65993
444515,49121
444516,40000
444517,40000
444518,69208
444519,42054
444520,40000
444521,40000
444522,40000
444523,83284
444524,42112
444525,47154
444526,61767
444527,55435
444528,76185
444529,46711
444530,75895
444531,40000
444532,40000
444533,40000
444534,46546
444535,40000
444536,40000
444537,40000
444538,40000
444539,40000
444540,52041
444541,40000
444542,40000
444543,40000
444544,40000
444545,58484
444546,40000
444547,50675
444548,59435
444549,52204
444550,40000
444551,50220
444552,40000
444553,97585
444554,55686
444555,63523
444556,61367
444557,40000
444558,40000
444559,40000
444560,59747
444561,40000
444562,70067
444563,60425
444564,45852
444565,62148
444566,40000
444567,54626
444568,40000
444569,65744
444570,55525
444571,40000
444572,40000
444573,42512
444574,60343
444575,40000
444576,64885
444577,40000
444578,44015
444579,40503
444580,70782
444581,75917
444582,55172
444583,50654
444584,40000
444585,58153
444586,40000
444587,40000
444588,52151
444589,40000
444590,43155
444591,40000
444592,40000
444593,40000
444594,40000
444595,50261
444596,42654
444597,42639
444598,53440
444599,40000
444600,40000
444601,40000
444602,43938
444603,52543
444604,43207
444605,70448
444606,55117
444607,49957
444608,40726
444609,40000
444610,70899
444611,49364
444612,45828
444613,68776
444614,63570
444615,66095
444616,42352
444617,65406
444618,51222
444619,58738
444620,72321
444621,70490
444622,56345
444623,40000
444624,41463
444625,40000
444626,40000
444627,40000
444628,40000
444629,44096
444630,66212
444631,40323
444632,48481
444633,40000
444634,70982
444635,40000
444636,83461
444637,75424
444638,40000
444639,40543
444640,40000
444641,58458
444642,58480
444643,40000
444644,65470
444645,48332
444646,52351
444647,98596
444648,86960
444649,60062
444650,57019
444651,40000
444652,59710
444653,40000
444654,42383
444655,71860
444656,40000
444657,55590
444658,62229
444659,40000
444660,54684
444661,63992
444662,76851
444663,47545
444664,40000
444665,63419
444666,42542
444667,40000
444668,53762
444669,40000
444670,40000
444671,74797
444672,40000
444673,40000
444674,43232
444675,55414
444676,40000
444677,46468
444678,40000
444679,46051
444680,65366
444681,40000
444682,57489
444683,48724
444684,40000
444685,54175
444686,47118
444687,50444
444688,60727
444689,52288
444690,44987
444691,60389
444692,78397
444693,40000
444694,52659
444695,40000
444696,64157
444697,48896
444698,45238
444699,49517
444700,58037
444701,40000
444702,40000
444703,45004
444704,48122
444705,58671
444706,40000
444707,43974
444708,40000
444709,64299
444710,83630
444711,53323
444712,44177
444713,56725
444714,61101
444715,48090
444716,46543
444717,45870
444718,42285
444719,59862
444720,40000
444721,40000
444722,40000
444723,49439
444724,85818
444725,52756
444726,63870
444727,61888
444728,42287
444729,95401
444730,81512
444731,60528
444732,73500
444733,40000
444734,43726
444735,40000
444736,47690
444737,40000
444738,92947
444739,40000
444740,40000
444741,40000
444742,40000
444743,49423
444744,76088
444745,41965
444746,44255
444747,51156
444748,63724
444749,67886
444750,40000
444751,58678
444752,91179
444753,40000
444754,58489
444755,66803
444756,127041
444757,40000
444758,40000
444759,79017
444760,63247
444761,40000
444762,43199
444763,62353
444764,60278
444765,76220
444766,40000
444767,43646
444768,71916
444769,40000
444770,72866
444771,40102
444772,40000
444773,62091
444774,40000
444775,72725
444776,67836
444777,54216
444778,50666
444779,69273
444780,40000
444781,48086
444782,58038
444783,40000
444784,40000
444785,40000
444786,40000
444787,63035
444788,40000
444789,40000
444790,40000
444791,40882
444792,62675
444793,45701
444794,46188
444795,58672
444796,82618
444797,40000
444798,58164
444799,40000
444800,67916
444801,52360
444802,41977
444803,57142
444804,40000
444805,40000
444806,77518
444807,40000
444808,75816
444809,51815
444810,40000
444811,75472
444812,50209
444813,40000
444814,40000
444815,86564
444816,40000
444817,55087
444818,40000
444819,40000
444820,40000
444821,60154
444822,40000
444823,40000
444824,57883
444825,54595
444826,57092
444827,40000
444828,52641
444829,76088
444830,61837
444831,61763
444832,40000
444833,60992
444834,45220
444835,68964
444836,40000
444837,58568
444838,40000
444839,40000
444840,66082
444841,55905
444842,40000
444843,42227
444844,83995
444845,70141
444846,50127
444847,86528
444848,40000
444849,75881
444850,56496
444851,65888
444852,40000
444853,43309
444854,47914
444855,55200
444856,40000
444857,70182
444858,56473
444859,40000
444860,78041
444861,75134
444862,70193
444863,55801
444864,58824
444865,40000
444866,69240
444867,61925
444868,85239
444869,60555
444870,40000
444871,56621
444872,67711
444873,93794
444874,71463
444875,40000
444876,40000
444877,77096
444878,46026
444879,67321
444880,40000
444881,45900
444882,41230
444883,63468
444884,54885
444885,58303
444886,56688
444887,40000
444888,40000
444889,79353
444890,40000
444891,57714
444892,40000
444893,40000
444894,55167
444895,40000
444896,63216
444897,67445
444898,40000
444899,40000
444900,42798
444901,40000
444902,56115
444903,44969
444904,40000
444905,40000
444906,70705
444907,58842
444908,40000
444909,40000
444910,68211
444911,40000
444912,45698
444913,50766
444914,67413
444915,55877
444916,40000
444917,40000
444918,46049
444919,40000
444920,59144
444921,40000
444922,72782
444923,53009
444924,40000
444925,50241
444926,40000
444927,75563
444928,40948
444929,46775
444930,40000
444931,40000
444932,72817
444933,64977
444934,62744
444935,45105
444936,95121
444937,45764
444938,50749
444939,53008
444940,62182
444941,71016
444942,67831
444943,40000
444944,40000
444945,51325
444946,40000
444947,79261
444948,40000
444949,61809
444950,48551
444951,40550
444952,48499
444953,62093
444954,40000
444955,40000
444956,40000
444957,40000
444958,48024
444959,78684
444960,40000
444961,56363
444962,40000
444963,40000
444964,40000
444965,73648
444966,40000
444967,50397
444968,56831
444969,49776
444970,40000
444971,40000
444972,40000
444973,59271
444974,40000
444975,51292
444976,74794
444977,46510
444978,55545
444979,40000
444980,63346
444981,45375
444982,75736
444983,40000
444984,52003
444985,71042
444986,78968
444987,56866
444988,50675
444989,46214
444990,91941
444991,40000
444992,40000
444993,47843
444994,87991
444995,79842
444996,40000
444997,65978
444998,40000
444999,58915
445000,40000
445001,40000
445002,72219
445003,40000
445004,40000
445005,53657
445006,42903
445007,40000
445008,46885
445009,40000
445010,40000
445011,40000
445012,40581
445013,40000
445014,40000
445015,59443
445016,44560
445017,56625
445018,62077
445019,67685
445020,56671
445021,59602
445022,44611
445023,80716
445024,51275
445025,51640
445026,48687
445027,69317
445028,54626
445029,42008
445030,40000
445031,66410
445032,73816
445033,41201
445034,44923
445035,68414
445036,40000
445037,40000
445038,49457
445039,40000
445040,60350
445041,57202
445042,41542
445043,69020
445044,48794
445045,50130
445046,68480
445047,47695
445048,40000
445049,42768
445050,40000
445051,40000
445052,52336
445053,40000
445054,43155
445055,80808
445056,41860
445057,70752
445058,86379
445059,62483
445060,45604
445061,44444
445062,49675
445063,40000
445064,61111
445065,49232
445066,73173
445067,45253
445068,62428
445069,40000
445070,43647
445071,40000
445072,80257
445073,70831
445074,46773
445075,40000
445076,40000
445077,60780
445078,42703
445079,54923
445080,51662
445081,45079
445082,80474
445083,79197
445084,54998
445085,52117
445086,44985
445087,71183
445088,40579
445089,40000
445090,40000
445091,40000
445092,41481
445093,48252
445094,82685
445095,40000
445096,58613
445097,43719
445098,42576
445099,59620
445100,40000
445101,47958
445102,48396
445103,40000
445104,58141
445105,40000
445106,66257
445107,40000
445108,79459
445109,44625
445110,66936
445111,40081
445112,40000
445113,55691
445114,52570
445115,45080
445116,40000
445117,53118
445118,55661
445119,51386
445120,44564
445121,40000
445122,55242
445123,40000
445124,54999
445125,58418
445126,40000
445127,40000
445128,40000
445129,40000
445130,40000
445131,46621
445132,50635
445133,40000
445134,53133
445135,54914
445136,40000
445137,52958
445138,56256
445139,51566
445140,77260
445141,40000
445142,63665
445143,72248
445144,40000
445145,45943
445146,40079
445147,45816
445148,40000
445149,64975
445150,84723
445151,40000
445152,49949
445153,57518
445154,40000
445155,40000
445156,43835
445157,40000
445158,40000
445159,80394
445160,60548
445161,44014
445162,40000
445163,44659
445164,40000
445165,42597
445166,40000
445167,40000
445168,58051
445169,60298
445170,40000
445171,40000
445172,65226
445173,40000
445174,40000
445175,85337
445176,52865
445177,48507
445178,58483
445179,80804
445180,40000
445181,71896
445182,64293
445183,45282
445184,40000
445185,40000
445186,41808
445187,42729
445188,40000
445189,40000
445190,40000
445191,53182
445192,47379
445193,54046
445194,60546
445195,50397
445196,72378
445197,82111
445198,40000
445199,73322
445200,68671
445201,42975
445202,48617
445203,48339
445204,40000
445205,40000
445206,40000
445207,40000
445208,48378
445209,40256
445210,55393
445211,40812
445212,52461
445213,67016
445214,41456
445215,52772
445216,58639
445217,43784
445218,58753
445219,80092
445220,58098
445221,55977
445222,52538
445223,81659
445224,64007
445225,62923
445226,40000
445227,51489
445228,40000
445229,41816
445230,40000
445231,50382
445232,40000
445233,40000
445234,40000
445235,60112
445236,51382
445237,46166
445238,67195
445239,41871
445240,40000
445241,40000
445242,72805
445243,48927
445244,67473
445245,40047
445246,52439
445247,40000
445248,57053
445249,60046
445250,41725
445251,40000
445252,40000
445253,59881
445254,40000
445255,40000
445256,58164
445257,85740
445258,40000
445259,45626
445260,53909
445261,40000
445262,72725
445263,65256
445264,62752
445265,50317
445266,40000
445267,55689
445268,40000
445269,54738
445270,58612
445271,87298
445272,40000
445273,67260
445274,72143
445275,65055
445276,40000
445277,41003
445278,62898
445279,60858
445280,40000
445281,40000
445282,69816
445283,40000
445284,46272
445285,112053
445286,87899
445287,40000
445288,70201
445289,65729
445290,40000
445291,53030
445292,40000
445293,50655
445294,40749
445295,50695
445296,40000
445297,49210
445298,52327
445299,61926
445300,40000
445301,88603
445302,48004
445303,40000
445304,56548
445305,40000
445306,72915
445307,70022
445308,40000
445309,40000
445310,40000
445311,49691
445312,40000
445313,46735
445314,50639
445315,66916
445316,42350
445317,43698
445318,40000
445319,86731
445320,84730
445321,40728
445322,48531
445323,66275
445324,55210
445325,55910
445326,40000
445327,58764
445328,40000
445329,78447
445330,40000
445331,40000
445332,72389
445333,58134
445334,40000
445335,40000
445336,47681
445337,40000
445338,60676
445339,54249
445340,83914
445341,40000
445342,42149
445343,40000
445344,40000
445345,40000
445346,76049
445347,40000
445348,44137
445349,47122
445350,50496
445351,48321
445352,70859
445353,50974
445354,100107
445355,56424
445356,40000
445357,63339
445358,65254
445359,52373
445360,51340
445361,53792
445362,40000
445363,78256
445364,40000
445365,58153
445366,50121
445367,40000
445368,72475
445369,40000
445370,40000
445371,49099
445372,50537
445373,46962
445374,57836
445375,61023
445376,40000
445377,53868
445378,47984
445379,86281
445380,40000
445381,68352
445382,40000
445383,51732
445384,40000
445385,40000
445386,40539
445387,44995
445388,40000
445389,40000
445390,70544
445391,79556
445392,61422
445393,43550
445394,46933
445395,40000
445396,40000
445397,41935
445398,51348
445399,74594
445400,46723
445401,85449
445402,69663
445403,87002
445404,66091
445405,53717
445406,49181
445407,76122
445408,40000
445409,58496
445410,66788
445411,45177
445412,76602
445413,59417
445414,40000
445415,61160
445416,40000
445417,74200
445418,70850
445419,41523
445420,43552
445421,55767
445422,58622
445423,45977
445424,68691
445425,57427
445426,72807
445427,59258
445428,47750
445429,40000
445430,86905
445431,58067
445432,58666
445433,40000
445434,55815
445435,40000
445436,40000
445437,40000
445438,64784
445439,53302
445440,48243
445441,41755
445442,40000
445443,65658
445444,40000
445445,64295
445446,48142
445447,69173
445448,49133
445449,45606
445450,40000
445451,52969
445452,51123
445453,40000
445454,51107
445455,40000
445456,40000
445457,40000
445458,57316
445459,70514
445460,43104
445461,64401
445462,40000
445463,65158
445464,95136
445465,59886
445466,55561
445467,40000
445468,40748
445469,40000
445470,53192
445471,40000
445472,67988
445473,40000
445474,49973
445475,44227
445476,61912
445477,75285
445478,54170
445479,48708
445480,55975
445481,58929
445482,40000
445483,40000
445484,40000
445485,57121
445486,65311
445487,87644
445488,45989
445489,40000
445490,40000
445491,40000
445492,51173
445493,58391
445494,51832
445495,45587
445496,60535
445497,40000
445498,55002
445499,41044
445500,41187
445501,40000
445502,40000
445503,42749
445504,49691
445505,51916
445506,46536
445507,73642
445508,57543
445509,50847
445510,40000
445511,40000
445512,40000
445513,40000
445514,45560
445515,81086
445516,57309
445517,62469
445518,42450
445519,53211
445520,40000
445521,59335
445522,40274
445523,59686
445524,78367
445525,66678
445526,53776
445527,64978
445528,51495
445529,90606
445530,40000
445531,48834
445532,40000
445533,40000
445534,40000
445535,56430
445536,48750
445537,40000
445538,40000
445539,40000
445540,40000
445541,80145
445542,40000
445543,40000
445544,51327
445545,42000
445546,52035
445547,40000
445548,40000
445549,42593
445550,40000
445551,40000
445552,53464
445553,61630
445554,54619
445555,40000
445556,45486
445557,40000
445558,54728
445559,59953
445560,40562
445561,40000
445562,100570
445563,40000
445564,40000
445565,73906
445566,42398
445567,40000
445568,40000
445569,73686
445570,46882
445571,65321
445572,79063
445573,40000
445574,40000
445575,77147
445576,40000
445577,50575
445578,40000
445579,53707
445580,44512
445581,40000
445582,55377
445583,55924
445584,50269
445585,76344
445586,48134
445587,58769
445588,40000
445589,83461
445590,44978
445591,52950
445592,41454
445593,40000
445594,66406
445595,64036
445596,50901
445597,40000
445598,40000
445599,40000
445600,40000
445601,40000
445602,44613
445603,78030
445604,50035
445605,59075
445606,40000
445607,52531
445608,40000
445609,40000
445610,82853
445611,49583
445612,66719
445613,74398
445614,40000
445615,40000
445616,40000
445617,40000
445618,40000
445619,61594
445620,72049
445621,78328
445622,45739
445623,51084
445624,64691
445625,40000
445626,80686
445627,81470
445628,65121
445629,45680
445630,40000
445631,40000
445632,66657
445633,44115
445634,42230
445635,74195
445636,40000
445637,64538
445638,40000
445639,40000
445640,42359
445641,46842
445642,49912
445643,40000
445644,48468
445645,56112
445646,82386
445647,40000
445648,49159
445649,56452
445650,53687
445651,45336
445652,40000
445653,40000
445654,79616
445655,72669
445656,66398
445657,82835
445658,69665
445659,67839
445660,40000
445661,58718
445662,40000
445663,52263
445664,59781
445665,52575
445666,40000
445667,47596
445668,81129
445669,65322
445670,72850
445671,51829
445672,40000
445673,40000
445674,52375
445675,40000
445676,68230
445677,41398
445678,65858
445679,57771
445680,66108
445681,45292
445682,50858
445683,70347
445684,62168
445685,40000
445686,54449
445687,73096
445688,40000
445689,86884
445690,50279
445691,51838
445692,46947
445693,68496
445694,63581
445695,40000
445696,40000
445697,40000
445698,48082
445699,67049
445700,88389
445701,40000
445702,71996
445703,81186
445704,40000
445705,49118
445706,49717
445707,69530
445708,48725
445709,40000
445710,40000
445711,40000
445712,61076
445713,58322
445714,40000
445715,82010
445716,69231
445717,49985
445718,75385
445719,56034
445720,54433
445721,40000
445722,45635
445723,55964
445724,82797
445725,73862
445726,57856
445727,54650
445728,43208
445729,54991
445730,40000
445731,41485
445732,74369
445733,81648
445734,41359
445735,70073
445736,48113
445737,40000
445738,40000
445739,40000
445740,40000
445741,41715
445742,50041
445743,63799
445744,50466
445745,66043
445746,40000
445747,41756
445748,88252
445749,67248
445750,57580
445751,40000
445752,70760
445753,58306
445754,40000
445755,40000
445756,52397
445757,75752
445758,55878
445759,40000
445760,41841
445761,68925
445762,40000
445763,71627
445764,40000
445765,40000
445766,40000
445767,64415
445768,60746
445769,52607
445770,63490
445771,43137
445772,40000
445773,89518
445774,64979
445775,40000
445776,47625
445777,78327
445778,40000
445779,40000
445780,83291
445781,40000
445782,40000
445783,57357
445784,58638
445785,51176
445786,77756
445787,40000
445788,54847
445789,67805
445790,40000
445791,40000
445792,92050
445793,40000
445794,66515
445795,40000
445796,40000
445797,66311
445798,43283
445799,78987
445800,59852
445801,40000
445802,53874
445803,40000
445804,43466
445805,55024
445806,40000
445807,40000
445808,46509
445809,71427
445810,60492
445811,85456
445812,46738
445813,40000
445814,40000
445815,58930
445816,52297
445817,87288
445818,40000
445819,60168
445820,49744
445821,40000
445822,40000
445823,40000
445824,40000
445825,40000
445826,40000
445827,63655
445828,79330
445829,40000
445830,40000
445831,48782
445832,40000
445833,40000
445834,40000
445835,40000
445836,51816
445837,50713
445838,55826
445839,40000
445840,83635
445841,46210
445842,55701
445843,48052
445844,40000
445845,64941
445846,40000
445847,65614
445848,40000
445849,41640
445850,40000
445851,40000
445852,43568
445853,69462
445854,53452
445855,55595
445856,57528
445857,74799
445858,80464
445859,40000
445860,41968
445861,60621
445862,40648
445863,81373
445864,51491
445865,40000
445866,61289
445867,49639
445868,101271
445869,68725
445870,40000
445871,40000
445872,47442
445873,40000
445874,45018
445875,41787
445876,40000
445877,46442
445878,61989
445879,40000
445880,66495
445881,66895
445882,41765
445883,69769
445884,56236
445885,40000
445886,42426
445887,42578
445888,64080
445889,40000
445890,48151
445891,40000
445892,85069
445893,40000
445894,70049
445895,78229
445896,49215
445897,40000
445898,40000
445899,40000
445900,40000
445901,40000
445902,56565
445903,40000
445904,75497
445905,40000
445906,53661
445907,40844
445908,64411
445909,40000
445910,53423
445911,51066
445912,85382
445913,59323
445914,54786
445915,46767
445916,47913
445917,42379
445918,72385
445919,40000
445920,63421
445921,62024
445922,49291
445923,40000
445924,40000
445925,44476
445926,64580
445927,70488
445928,48690
445929,41130
445930,41360
445931,40000
445932,43648
445933,70595
445934,57681
445935,62601
445936,73213
445937,76194
445938,42539
445939,40000
445940,40000
445941,41871
445942,41088
445943,49260
445944,63306
445945,80037
445946,50741
445947,47560
445948,53938
445949,46498
445950,40000
445951,40000
445952,76689
445953,40344
445954,73576
445955,48861
445956,73283
445957,61405
445958,57849
445959,67479
445960,53555
445961,40000
445962,40000
445963,58910
445964,54349
445965,42783
445966,64199
445967,40000
445968,40000
445969,40000
445970,49864
445971,40000
445972,40000
445973,46269
445974,42665
445975,79022
445976,45454
445977,40000
445978,56219
445979,49819
445980,51293
445981,65345
445982,70495
445983,62444
445984,49858
445985,45689
445986,40000
445987,51781
445988,57786
445989,47043
445990,78221
445991,43995
445992,66683
445993,87238
445994,73951
445995,41072
445996,71513
445997,54160
445998,40000
445999,40521
446000,54361
446001,40000
446002,42066
446003,40000
446004,51440
446005,47820
446006,79683
446007,53680
446008,50415
446009,56290
446010,57677
446011,92085
446012,40000
446013,40000
446014,40000
446015,41003
446016,40000
446017,60607
446018,49386
446019,40000
446020,40000
446021,40000
446022,68838
446023,46493
446024,40000
446025,45821
446026,64516
446027,56362
446028,82784
446029,71675
446030,40000
446031,66693
446032,70892
446033,49378
446034,43116
446035,81581
446036,40000
446037,57617
446038,51614
446039,40000
446040,40000
446041,40000
446042,55780
446043,40000
446044,40000
446045,74202
446046,60714
446047,40000
446048,40000
446049,55188
446050,40000
446051,46579
446052,46527
446053,40000
446054,44313
446055,40000
446056,40000
446057,40000
446058,40461
446059,80925
446060,57978
446061,41734
446062,58406
446063,43253
446064,102142
446065,56462
446066,83928
446067,57625
446068,40146
446069,40000
446070,40000
446071,68423
446072,41970
446073,58186
446074,65071
446075,64504
446076,46516
446077,58747
446078,47408
446079,40000
446080,55347
446081,40000
446082,53079
446083,40000
446084,40000
446085,64599
446086,71254
446087,78493
446088,40000
446089,40000
446090,40000
446091,68503
446092,46943
446093,40924
446094,40000
446095,50933
446096,40700
446097,63178
446098,50249
446099,40000
446100,40000
446101,40000
446102,61617
446103,57850
446104,40000
446105,66091
446106,68891
446107,60361
446108,78617
446109,77098
446110,40000
446111,40000
446112,52014
446113,40000
446114,40000
446115,40000
446116,76853
446117,40000
446118,40000
446119,59052
446120,40000
446121,66901
446122,41753
446123,40000
446124,40000
446125,57535
446126,84248
446127,40000
446128,61615
446129,53098
446130,45641
446131,51383
446132,52626
446133,59838
446134,52119
446135,49572
446136,40420
446137,75875
446138,58119
446139,40000
446140,49007
446141,40000
446142,40000
446143,40000
446144,40000
446145,71817
446146,65110
446147,40000
446148,73064
446149,65943
446150,48696
446151,40816
446152,58729
446153,40000
446154,40000
446155,86882
446156,40000
446157,50857
446158,40000
446159,40000
446160,40000
446161,45448
446162,40000
446163,40000
446164,40000
446165,40000
446166,81025
446167,63071
446168,59500
446169,40000
446170,40000
446171,40000
446172,67772
446173,40000
446174,44527
446175,62838
446176,66467
446177,46235
446178,53243
446179,48286
446180,60268
446181,40000
446182,67742
446183,40099
446184,54125
446185,58793
446186,42890
446187,45098
446188,54716
446189,40000
446190,40000
446191,44098
446192,42235
446193,43280
446194,93290
446195,54052
446196,61403
446197,53214
446198,45062
446199,73296
446200,40495
446201,71313
446202,43532
446203,45941
446204,40000
446205,40000
446206,69677
446207,40000
446208,40000
446209,43370
446210,51200
446211,64637
446212,64287
446213,69318
446214,40000
446215,40000
446216,74223
446217,81312
446218,79975
446219,61525
446220,43872
446221,42108
446222,55937
446223,59808
446224,50964
446225,82703
446226,50774
446227,40000
446228,42733
446229,40000
446230,65651
446231,40000
446232,75703
446233,40000
446234,82572
446235,66037
446236,42630
446237,47334
446238,69850
446239,54448
446240,40000
446241,40000
446242,69489
446243,78091
446244,83877
446245,40000
446246,40000
446247,40000
446248,58772
446249,80018
446250,53800
446251,41091
446252,40000
446253,61709
446254,59100
446255,40000
446256,82230
446257,78409
446258,81499
446259,40000
446260,55932
446261,40000
446262,40000
446263,40024
446264,40000
446265,57864
446266,43146
446267,55374
446268,47053
446269,40000
446270,66517
446271,40000
446272,77661
446273,42069
446274,40000
446275,41635
446276,71545
446277,68582
446278,40000
446279,47550
446280,40000
446281,40000
446282,66078
446283,42636
446284,72543
446285,43840
446286,68301
446287,45884
446288,75423
446289,61095
446290,52196
446291,40000
446292,75367
446293,56386
446294,40000
446295,63130
446296,45420
446297,54982
446298,40000
446299,78027
446300,70546
446301,40000
446302,40436
446303,65318
446304,63459
446305,74113
446306,52162
446307,49417
446308,63274
446309,42063
446310,40000
446311,67243
446312,43946
446313,41757
446314,51271
446315,40000
446316,40000
446317,41887
446318,104876
446319,40000
446320,47420
446321,50453
446322,45333
446323,44905
446324,41837
446325,41335
446326,56954
446327,54829
446328,40000
446329,55277
446330,48091
446331,56135
446332,67476
446333,40000
446334,40380
446335,40000
446336,40525
446337,68645
446338,41402
446339,52493
446340,40000
446341,42444
446342,40573
446343,40000
446344,73429
446345,71524
446346,62876
446347,40000
446348,47118
446349,73467
446350,53082
446351,53747
446352,40000
446353,40000
446354,43523
446355,47685
446356,44735
446357,43890
446358,40000
446359,52002
446360,40000
446361,40000
446362,56420
446363,75054
446364,42316
446365,73419
446366,45360
446367,80248
446368,40000
446369,56173
446370,52375
446371,40000
446372,40000
446373,40000
446374,40000
446375,64244
446376,47218
446377,56853
446378,40000
446379,49267
446380,40000
446381,53513
446382,84946
446383,47003
446384,56203
446385,83059
446386,53054
446387,40000
446388,40000
446389,40000
446390,74653
446391,66772
446392,44488
446393,40000
446394,40000
446395,40000
446396,40000
446397,71867
446398,40000
446399,49712
446400,40000
446401,40000
446402,41954
446403,61890
446404,40000
446405,72570
446406,40000
446407,40000
446408,53666
446409,52623
446410,76711
446411,55023
446412,86057
446413,40000
446414,44784
446415,71713
446416,62863
446417,51055
446418,57899
446419,88503
446420,49974
446421,40000
446422,40000
446423,40973
446424,58549
446425,40000
446426,40000
446427,76428
446428,54360
446429,40000
446430,50246
446431,79786
446432,40000
446433,40000
446434,62137
446435,44564
446436,40183
446437,40000
446438,81235
446439,40000
446440,49642
446441,40000
446442,85050
446443,60637
446444,40000
446445,40000
446446,58051
446447,58050
446448,52957
446449,85764
446450,40000
446451,47788
446452,72734
446453,40000
446454,41564
446455,40000
446456,46138
446457,61558
446458,52636
446459,40000
446460,40000
446461,78769
446462,40000
446463,47869
446464,40000
446465,48009
446466,41897
446467,49672
446468,52014
446469,40000
446470,42660
446471,48080
446472,47832
446473,40000
446474,41282
446475,72594
446476,40000
446477,67376
446478,40000
446479,46288
446480,60991
446481,40000
446482,77520
446483,76211
446484,63695
446485,44696
446486,43506
446487,85607
446488,48795
446489,60043
446490,76258
446491,40000
446492,42185
446493,40000
446494,45012
446495,51031
446496,40000
446497,80557
446498,54216
446499,40000
446500,65303
446501,63605
446502,40000
446503,40000
446504,71596
446505,40000
446506,40000
446507,40000
446508,40000
446509,58034
446510,40000
446511,53825
446512,47776
446513,61387
446514,40000
446515,78719
446516,40000
446517,40484
446518,40000
446519,70444
446520,40000
446521,59685
446522,40000
446523,59853
446524,60786
446525,73990
446526,40000
446527,48469
446528,49387
446529,79471
446530,41097
446531,56896
446532,40000
446533,48512
446534,52701
446535,50656
446536,90920
446537,59303
446538,45308
446539,58826
446540,67063
446541,75195
446542,56076
446543,45855
446544,48031
446545,45978
446546,100443
446547,40000
446548,40000
446549,60391
446550,40000
446551,61489
446552,45053
446553,89419
446554,61586
446555,73294
446556,40000
446557,48839
446558,40000
446559,98285
446560,62363
446561,43892
446562,53551
446563,40000
446564,68263
446565,96249
446566,46310
446567,40000
446568,43980
446569,89032
446570,67020
446571,40000
446572,42762
446573,63589
446574,40000
446575,40000
446576,40000
446577,48561
446578,55476
446579,66867
446580,79642
446581,76552
446582,46214
446583,76100
446584,55482
446585,62753
446586,84396
446587,86161
446588,50262
446589,51008
446590,63296
446591,96914
446592,43814
446593,40000
446594,59020
446595,50987
446596,88915
446597,41826
446598,40000
446599,52648
446600,73318
446601,78089
446602,40000
446603,55482
446604,40000
446605,80778
446606,56428
446607,60284
446608,48957
446609,48594
446610,60650
446611,95595
446612,61532
446613,74461
446614,46992
446615,40000
446616,52805
446617,43118
446618,41658
446619,40000
446620,40000
446621,56704
446622,40000
446623,73626
446624,42860
446625,40000
446626,60612
446627,40000
446628,52066
446629,53681
446630,40000
446631,40000
446632,40000
446633,41449
446634,40000
446635,40666
446636,59223
446637,40000
446638,40000
446639,42534
446640,40000
446641,64652
446642,65533
446643,40000
446644,71046
446645,63813
446646,50283
446647,40000
446648,40000
446649,40000
446650,40000
446651,40000
446652,51397
446653,65615
446654,62866
446655,40000
446656,66721
446657,45603
446658,47795
446659,49486
446660,42556
446661,59703
446662,56939
446663,40000
446664,52608
446665,65250
446666,43069
446667,62500
446668,40000
446669,56628
446670,60665
446671,40000
446672,53429
446673,54796
446674,40000
446675,62947
446676,72572
446677,40000
446678,40000
446679,40000
446680,83101
446681,46401
446682,78719
446683,67880
446684,73523
446685,40000
446686,58744
446687,41185
446688,40000
446689,40310
446690,62412
446691,86223
446692,73975
446693,55770
446694,40000
446695,40000
446696,40000
446697,40000
446698,52898
446699,72537
446700,90667
446701,79367
446702,51962
446703,72777
446704,40000
446705,40000
446706,72034
446707,40000
446708,40000
446709,40000
446710,40000
446711,40000
446712,46429
446713,79870
446714,67720
446715,69510
446716,69236
446717,40000
446718,43587
446719,70091
446720,54534
446721,43865
446722,64950
446723,88750
446724,40000
446725,59588
446726,50995
446727,49760
446728,40000
446729,67669
446730,61437
446731,40000
446732,52962
446733,40000
446734,67104
446735,75004
446736,41990
446737,52320
446738,52481
446739,76440
446740,53829
446741,56226
446742,52568
446743,40000
446744,51249
446745,40000
446746,40000
446747,40000
446748,77797
446749,54285
446750,51269
446751,40000
446752,55308
446753,46876
446754,47672
446755,70928
446756,53174
446757,55326
446758,73807
446759,40000
446760,48209
446761,47004
446762,63317
446763,68780
446764,55392
446765,40000
446766,78124
446767,40000
446768,57896
446769,40000
446770,63101
446771,44435
446772,43819
446773,40000
446774,51536
446775,65639
446776,49489
446777,77007
446778,40000
446779,48832
446780,52032
446781,77589
446782,51255
446783,59533
446784,69702
446785,40000
446786,59245
446787,68433
446788,59900
446789,40000
446790,53008
446791,59579
446792,72034
446793,42944
446794,58618
446795,40000
446796,46337
446797,43744
446798,40000
446799,40000
446800,40000
446801,58092
446802,45449
446803,45504
446804,65115
446805,82799
446806,61453
446807,52307
446808,85206
446809,56864
446810,59235
446811,40000
446812,40000
446813,71299
446814,40000
446815,69064
446816,53773
446817,65196
446818,48646
446819,40000
446820,40000
446821,74907
446822,46923
446823,40000
446824,40000
446825,41248
446826,40000
446827,56969
446828,62201
446829,74875
446830,40000
446831,40000
446832,40000
446833,40000
446834,86348
446835,52156
446836,66365
446837,40000
446838,40000
446839,40000
446840,40000
446841,60271
446842,46526
446843,56507
446844,66541
446845,40000
446846,80158
446847,72231
446848,46819
446849,54328
446850,40215
446851,45610
446852,59211
446853,40268
446854,40000
446855,40000
446856,40525
446857,50887
446858,44297
446859,47289
446860,70376
446861,40000
446862,40000
446863,40000
446864,45211
446865,41843
446866,40000
446867,40000
446868,57315
446869,48121
446870,40000
446871,62905
446872,62158
446873,89556
446874,40000
446875,65957
446876,40000
446877,49191
446878,65754
446879,40000
446880,47420
446881,40000
446882,40000
446883,74289
446884,68417
446885,53315
446886,57086
446887,78892
446888,53533
446889,78046
446890,40000
446891,50353
446892,48423
446893,85224
446894,40000
446895,50916
446896,61545
446897,40000
446898,40000
446899,58159
446900,73669
446901,60272
446902,59802
446903,40000
446904,40000
446905,69826
446906,50170
446907,75360
446908,40000
446909,40000
446910,95920
446911,73008
446912,82451
446913,41956
446914,44333
446915,56576
446916,40000
446917,40000
446918,40000
446919,40000
446920,55967
446921,52515
446922,40000
446923,40000
446924,40000
446925,40000
446926,40000
446927,40000
446928,47516
446929,40000
446930,40000
446931,45383
446932,70227
446933,40000
446934,48393
446935,42751
446936,40000
446937,77159
446938,57153
446939,51454
446940,40000
446941,79719
446942,69306
446943,61063
446944,41283
446945,56210
446946,75641
446947,61869
446948,48233
446949,65573
446950,40000
446951,78267
446952,40000
446953,74272
446954,62125
446955,71193
446956,93142
446957,40449
446958,48137
446959,46058
446960,40000
446961,70322
446962,40000
446963,53547
446964,47549
446965,44144
446966,59956
446967,77675
446968,40000
446969,52475
446970,40000
446971,49875
446972,82052
446973,51898
446974,40000
446975,41839
446976,70276
446977,56034
446978,67091
446979,40000
446980,40000
446981,40000
446982,58655
446983,52707
446984,40000
446985,42852
446986,65899
446987,58011
446988,59928
446989,40000
446990,40000
446991,51329
446992,68709
446993,54300
446994,53366
446995,60604
446996,40000
446997,76184
446998,53290
446999,52142
447000,60130
447001,64968
447002,79685
447003,65851
447004,47260
447005,44934
447006,40000
447007,69509
447008,67211
447009,74955
447010,40000
447011,53554
447012,52233
447013,67573
447014,52497
447015,59004
447016,40000
447017,41845
447018,40000
447019,45734
447020,61233
447021,40000
447022,63985
447023,40000
447024,66633
447025,41421
447026,48324
447027,69902
447028,77281
447029,65355
447030,73419
447031,53151
447032,53792
447033,46405
447034,74737
447035,77281
447036,75722
447037,40000
447038,40000
447039,66237
447040,40000
447041,48811
447042,40000
447043,43948
447044,62168
447045,74872
447046,40000
447047,41496
447048,63055
447049,60608
447050,50968
447051,47336
447052,40000
447053,51509
447054,59876
447055,40000
447056,40000
447057,40000
447058,47954
447059,40000
447060,45321
447061,75072
447062,57056
447063,40000
447064,40000
447065,40000
447066,62758
447067,44918
447068,53323
447069,57272
447070,77828
447071,40000
447072,40000
447073,40000
447074,89945
447075,40000
447076,67905
447077,40000
447078,51243
447079,41589
447080,52184
447081,55484
447082,56278
447083,41178
447084,40000
447085,40000
447086,89451
447087,40000
447088,68164
447089,40000
447090,63412
447091,73334
447092,94407
447093,59645
447094,77423
447095,40000
447096,41481
447097,89401
447098,40000
447099,40000
447100,40000
447101,56589
447102,40000
447103,40000
447104,76057
447105,49120
447106,67002
447107,40000
447108,43978
447109,40000
447110,40000
447111,54021
447112,40000
447113,79432
447114,53718
447115,40000
447116,68286
447117,44912
447118,47781
447119,51997
447120,40000
447121,41728
447122,40000
447123,50186
447124,40000
447125,82884
447126,40000
447127,40000
447128,49131
447129,40000
447130,59632
447131,61288
447132,50938
447133,71363
447134,40000
447135,40000
447136,41333
447137,40380
447138,78707
447139,40000
447140,40000
447141,40000
447142,40000
447143,55334
447144,57174
447145,43868
447146,45484
447147,40000
447148,40000
447149,69243
447150,62595
447151,40000
447152,88540
447153,58186
447154,40000
447155,56546
447156,40000
447157,48173
447158,40000
447159,40000
447160,79302
447161,47008
447162,57925
447163,61125
447164,43424
447165,40000
447166,45590
447167,59454
447168,76237
447169,58857
447170,55809
447171,40000
447172,50481
447173,52636
447174,66821
447175,40000
447176,40000
447177,51530
447178,50675
447179,81418
447180,63936
447181,50301
447182,59947
447183,40000
447184,40000
447185,67912
447186,40000
447187,68809
447188,78004
447189,40000
447190,74232
447191,51948
447192,68815
447193,50794
447194,49014
447195,58300
447196,40000
447197,58188
447198,53940
447199,47255
447200,47091
447201,40000
447202,46999
447203,63028
447204,56457
447205,40000
447206,40000
447207,61877
447208,40000
447209,71952
447210,55640
447211,41533
447212,40000
447213,94124
447214,45129
447215,54613
447216,48499
447217,84712
447218,48008
447219,48146
447220,58336
447221,48962
447222,48622
447223,46075
447224,41941
447225,48494
447226,40000
447227,47522
447228,66778
447229,52536
447230,50325
447231,49988
447232,102759
447233,57435
447234,40000
447235,64067
447236,81214
447237,73024
447238,60494
447239,78887
447240,111448
447241,47079
447242,52764
447243,43574
447244,91022
447245,40000
447246,48083
447247,41524
447248,40000
447249,40000
447250,40000
447251,58361
447252,41911
447253,50530
447254,54026
447255,58332
447256,40000
447257,59441
447258,40000
447259,75863
447260,40000
447261,60555
447262,72648
447263,53105
447264,40000
447265,57696
447266,40000
447267,90174
447268,40000
447269,50623
447270,40000
447271,40000
447272,40000
447273,40000
447274,70414
447275,40000
447276,81871
447277,40000
447278,40000
447279,70058
447280,40000
447281,80645
447282,55752
447283,51766
447284,56621
447285,55667
447286,40000
447287,54835
447288,40000
447289,40000
447290,40175
447291,40000
447292,40000
447293,40000
447294,40394
447295,58992
447296,79800
447297,51356
447298,40000
447299,63966
447300,40000
447301,63517
447302,40000
447303,80630
447304,54546
447305,54945
447306,73190
447307,40000
447308,53793
447309,95550
447310,83589
447311,54450
447312,51328
447313,53594
447314,54175
447315,40000
447316,93928
447317,73770
447318,61009
447319,51988
447320,53326
447321,116265
447322,56489
447323,47756
447324,69555
447325,59882
447326,40000
447327,46651
447328,40000
447329,53452
447330,43509
447331,40000
447332,40000
447333,40000
447334,67618
447335,61035
447336,40000
447337,42573
447338,45088
447339,40000
447340,40000
447341,40000
447342,40000
447343,72715
447344,40000
447345,40000
447346,75158
447347,55155
447348,40000
447349,45468
447350,40000
447351,60351
447352,45961
447353,40255
447354,40216
447355,53377
447356,70222
447357,40000
447358,45271
447359,98322
447360,45821
447361,44550
447362,69190
447363,40000
447364,43905
447365,53608
447366,40000
447367,40000
447368,56688
447369,69575
447370,57626
447371,52651
447372,40000
447373,40000
447374,40000
447375,42949
447376,70592
447377,40000
447378,56446
447379,61644
447380,40000
447381,41210
447382,40000
447383,40000
447384,43420
447385,76277
447386,40000
447387,63425
447388,40000
447389,40000
447390,40000
447391,62381
447392,40000
447393,40000
447394,45545
447395,40000
447396,67905
447397,45231
447398,58803
447399,46768
447400,56554
447401,71350
447402,40000
447403,40000
447404,60509
447405,40000
447406,64748
447407,40000
447408,77693
447409,40000
447410,95850
447411,49995
447412,40000
447413,45081
447414,74212
447415,66947
447416,63184
447417,40000
447418,55231
447419,40000
447420,53183
447421,40000
447422,43730
447423,72778
447424,63461
447425,40000
447426,63289
447427,40000
447428,44206
447429,53899
447430,48110
447431,42679
447432,70739
447433,42243
447434,40796
447435,40000
447436,40000
447437,81511
447438,40000
447439,51818
447440,65637
447441,40000
447442,80647
447443,52458
447444,61486
447445,40000
447446,40000
447447,40000
447448,66508
447449,78851
447450,72904
447451,48845
447452,40000
447453,40000
447454,40000
447455,68260
447456,64312
447457,51817
447458,57407
447459,40000
447460,50735
447461,40000
447462,64431
447463,59035
447464,50255
447465,40000
447466,66264
447467,40000
447468,40000
447469,85568
447470,44117
447471,62137
447472,79586
447473,51638
447474,90291
447475,40000
447476,52659
447477,49443
447478,57563
447479,93920
447480,40000
447481,40000
447482,52779
447483,40000
447484,40000
447485,40000
447486,44963
447487,63727
447488,67553
447489,55844
447490,75320
447491,47342
447492,45753
447493,63937
447494,67153
447495,40000
447496,81616
447497,66367
447498,61239
447499,75831
447500,40000
447501,69995
447502,54113
447503,40000
447504,82435
447505,51827
447506,54723
447507,40854
447508,82976
447509,40391
447510,47382
447511,40000
447512,40000
447513,46483
447514,70059
447515,50087
447516,58625
447517,67768
447518,40000
447519,40000
447520,40000
447521,41280
447522,40000
447523,40000
447524,63089
447525,69149
447526,47649
447527,40000
447528,40000
447529,91960
447530,52912
447531,49084
447532,59525
447533,47920
447534,40000
447535,76197
447536,52529
447537,40000
447538,49127
447539,63496
447540,64223
447541,45001
447542,73860
447543,40000
447544,86434
447545,40000
447546,53790
447547,46771
447548,79959
447549,50819
447550,44494
447551,79382
447552,90751
447553,40000
447554,77319
447555,49708
447556,40000
447557,53755
447558,47125
447559,52407
447560,40000
447561,71063
447562,46006
447563,44349
447564,66661
447565,56824
447566,40000
447567,46601
447568,45176
447569,56019
447570,65204
447571,75845
447572,62121
447573,46938
447574,52060
447575,51038
447576,40000
447577,40000
447578,50503
447579,53703
447580,62282
447581,87411
447582,40000
447583,40000
447584,40000
447585,40000
447586,40000
447587,40000
447588,51743
447589,48241
447590,54020
447591,59195
447592,83251
447593,72182
447594,40000
447595,46950
447596,77914
447597,72314
447598,61153
447599,40000
447600,75496
447601,43815
447602,73911
447603,48844
447604,40000
447605,56593
447606,40000
447607,48940
447608,46904
447609,48973
447610,62609
447611,40000
447612,40000
447613,43894
447614,47295
447615,56784
447616,52091
447617,59255
447618,74348
447619,66495
447620,40000
447621,92789
447622,45713
447623,47735
447624,72279
447625,40000
447626,40000
447627,44753
447628,40000
447629,92775
447630,79325
447631,60873
447632,40000
447633,76803
447634,48270
447635,72730
447636,40000
447637,82218
447638,82991
447639,42832
447640,40000
447641,55156
447642,40000
447643,49913
447644,54337
447645,52481
447646,84027
447647,74112
447648,61035
447649,100655
447650,40000
447651,71154
447652,40000
447653,40000
447654,40000
447655,48600
447656,40000
447657,40000
447658,40000
447659,40000
447660,94837
447661,40000
447662,76473
447663,63870
447664,90989
447665,57005
447666,70658
447667,52568
447668,71992
447669,40000
447670,50779
447671,54490
447672,40000
447673,69941
447674,56400
447675,40000
447676,40000
447677,78442
447678,63547
447679,50252
447680,57012
447681,53418
447682,48338
447683,64289
447684,40843
447685,54319
447686,41569
447687,45991
447688,62272
447689,59283
447690,40000
447691,68473
447692,50235
447693,69203
447694,53508
447695,57508
447696,42489
447697,58745
447698,51608
447699,40000
447700,40000
447701,54388
447702,52474
447703,40073
447704,40000
447705,85817
447706,40000
447707,43395
447708,43709
447709,40000
447710,40000
447711,65555
447712,67992
447713,40000
447714,40000
447715,58341
447716,40000
447717,70338
447718,41468
447719,62163
447720,43450
447721,56367
447722,40000
447723,82427
447724,40000
447725,50280
447726,40000
447727,57220
447728,66945
447729,40000
447730,40000
447731,59582
447732,56153
447733,51376
447734,40000
447735,40000
447736,50171
447737,55963
447738,40000
447739,71872
447740,40000
447741,43300
447742,40000
447743,56703
447744,40000
447745,47705
447746,40000
447747,47830
447748,51471
447749,62235
447750,40000
447751,47187
447752,40000
447753,63065
447754,73129
447755,84023
447756,58210
447757,40000
447758,46795
447759,40000
447760,56277
447761,54693
447762,84014
447763,79625
447764,75377
447765,54472
447766,62774
447767,57944
447768,70874
447769,71224
447770,40000
447771,44490
447772,80539
447773,55542
447774,50032
447775,44092
447776,87111
447777,80288
447778,40000
447779,40000
447780,69316
447781,72649
447782,40000
447783,44174
447784,42812
447785,49450
447786,40000
447787,43326
447788,40000
447789,55545
447790,53988
447791,43953
447792,63135
447793,52047
447794,51254
447795,43381
447796,56617
447797,40000
447798,40000
447799,45003
447800,61578
447801,50999
447802,81029
447803,65400
447804,48663
447805,40000
447806,40000
447807,52749
447808,73167
447809,52282
447810,41013
447811,40000
447812,48648
447813,40000
447814,40000
447815,44081
447816,58957
447817,88649
447818,47331
447819,74266
447820,58373
447821,90044
447822,43946
447823,72084
447824,40000
447825,60568
447826,40000
447827,43305
447828,58196
447829,53509
447830,61342
447831,75800
447832,40192
447833,40439
447834,56420
447835,58276
447836,56339
447837,84961
447838,40114
447839,49339
447840,52692
447841,59940
447842,94248
447843,89646
447844,61221
447845,93398
447846,40000
447847,40000
447848,65609
447849,105937
447850,48142
447851,40000
447852,40000
447853,62715
447854,40000
447855,40000
447856,50692
447857,40000
447858,52091
447859,71265
447860,78956
447861,68655
447862,53197
447863,64586
447864,51982
447865,40000
447866,75969
447867,40000
447868,40000
447869,40000
447870,40000
447871,40000
447872,46749
447873,41560
447874,40460
447875,40000
447876,88789
447877,40000
447878,59987
447879,85876
447880,98078
447881,42307
447882,57829
447883,55765
447884,58143
447885,40000
447886,61936
447887,40000
447888,60664
447889,50324
447890,40000
447891,50223
447892,61695
447893,40000
447894,53979
447895,58789
447896,70197
447897,40000
447898,40000
447899,71988
447900,59033
447901,45829
447902,40000
447903,65675
447904,44211
447905,69720
447906,58194
447907,75558
447908,52949
447909,69021
447910,72473
447911,58583
447912,46474
447913,45339
447914,40632
447915,40000
447916,62841
447917,43047
447918,40000
447919,40000
447920,44933
447921,41960
447922,45831
447923,40000
447924,40000
447925,40000
447926,40000
447927,40746
447928,48523
447929,53868
447930,40604
447931,72595
447932,52265
447933,40000
447934,40000
447935,40000
447936,40000
447937,59006
447938,40311
447939,53105
447940,49530
447941,57776
447942,40000
447943,40000
447944,51765
447945,40000
447946,40000
447947,62539
447948,62714
447949,66344
447950,73904
447951,47268
447952,42407
447953,42518
447954,48960
447955,47390
447956,49223
447957,46770
447958,40000
447959,74410
447960,40000
447961,72869
447962,40000
447963,67431
447964,43931
447965,42340
447966,57165
447967,42948
447968,64194
447969,40000
447970,74656
447971,43955
447972,40000
447973,69064
447974,48117
447975,40000
447976,69602
447977,48750
447978,45125
447979,45577
447980,60329
447981,40000
447982,40000
447983,40000
447984,78244
447985,60459
447986,40000
447987,57609
447988,48436
447989,67692
447990,40000
447991,81453
447992,40000
447993,90829
447994,40000
447995,40000
447996,85303
447997,40000
447998,57916
447999,48626
448000,78579
448001,54944
448002,81017
448003,49413
448004,73247
448005,40000
448006,42088
448007,53740
448008,40000
448009,87475
448010,40000
448011,40000
448012,40000
448013,40000
448014,51255
448015,42721
448016,53197
448017,80338
448018,71834
448019,45338
448020,40000
448021,48179
448022,50869
448023,40000
448024,45012
448025,47601
448026,42306
448027,40000
448028,40000
448029,44044
448030,49280
448031,86379
448032,75489
448033,60547
448034,60284
448035,78363
448036,40000
448037,57671
448038,67539
448039,40000
448040,58257
448041,47188
448042,42349
448043,40000
448044,58249
448045,71750
448046,71940
448047,69118
448048,52709
448049,40000
448050,40000
448051,40000
448052,40000
448053,40000
448054,54591
448055,40000
448056,68468
448057,40000
448058,40000
448059,40000
448060,67958
448061,62788
448062,49934
448063,59460
448064,82450
448065,51335
448066,40288
448067,42495
448068,45235
448069,66178
448070,87854
448071,74776
448072,45543
448073,47740
448074,47258
448075,88914
448076,40000
448077,40000
448078,55417
448079,40000
448080,59587
448081,40000
448082,40000
448083,65734
448084,85646
448085,46272
448086,51332
448087,49606
448088,40000
448089,71205
448090,63371
448091,46293
448092,42301
448093,66947
448094,42894
448095,46664
448096,69572
448097,40000
448098,48357
448099,45339
448100,50196
448101,40766
448102,40000
448103,70479
448104,55645
448105,42080
448106,40000
448107,58846
448108,45615
448109,66080
448110,55968
448111,61704
448112,65585
448113,82676
448114,60833
448115,60455
448116,42303
448117,46035
448118,60644
448119,91960
448120,70548
448121,40000
448122,46683
448123,64086
448124,65434
448125,43783
448126,40000
448127,75411
448128,47825
448129,46450
448130,40000
448131,67857
448132,86711
448133,67748
448134,42429
448135,40000
448136,40000
448137,53124
448138,40000
448139,59513
448140,49372
448141,65393
448142,84842
448143,40000
448144,40000
448145,40000
448146,40000
448147,45645
448148,46234
448149,40000
448150,40000
448151,53654
448152,49099
448153,62295
448154,40000
448155,40000
448156,77310
448157,64157
448158,40000
448159,40000
448160,40000
448161,40000
448162,65018
448163,51817
448164,40000
448165,62317
448166,46689
448167,57493
448168,40000
448169,40000
448170,64183
448171,53435
448172,59778
448173,57503
448174,96192
448175,66074
448176,40000
448177,40000
448178,40000
448179,90954
448180,69033
448181,40000
448182,78944
448183,48609
448184,53390
448185,45337
448186,47551
448187,88197
448188,40000
448189,40000
448190,40000
448191,40000
448192,65281
448193,46753
448194,49527
448195,53235
448196,40000
448197,58341
448198,44672
448199,65002
448200,66479
448201,40000
448202,50463
448203,49271
448204,55660
448205,84129
448206,40000
448207,52063
448208,40000
448209,52770
448210,40000
448211,45136
448212,65198
448213,42822
448214,40000
448215,68589
448216,40000
448217,60554
448218,40000
448219,74401
448220,40000
448221,55446
448222,40000
448223,41982
448224,41801
448225,76146
448226,49092
448227,40000
448228,64422
448229,48536
448230,40000
448231,68530
448232,41225
448233,58114
448234,40000
448235,63639
448236,41145
448237,68711
448238,53426
448239,85711
448240,55146
448241,40000
448242,70267
448243,59099
448244,56639
448245,40000
448246,72016
448247,70501
448248,45307
448249,70629
448250,72138
448251,58533
448252,40000
448253,81345
448254,60178
448255,62684
448256,59387
448257,40000
448258,40000
448259,40000
448260,56208
448261,64931
448262,49335
448263,40000
448264,40000
448265,93110
448266,58765
448267,85993
448268,84813
448269,40000
448270,54613
448271,40000
448272,40000
448273,83988
448274,46440
448275,77595
448276,74915
448277,40000
448278,57964
448279,69880
448280,40000
448281,49568
448282,40000
448283,55663
448284,41847
448285,76311
448286,60773
448287,72582
448288,74145
448289,46502
448290,63268
448291,40000
448292,62778
448293,40000
448294,46076
448295,40000
448296,46371
448297,63726
448298,40000
448299,57041
448300,64185
448301,43311
448302,40770
448303,40000
448304,44473
448305,40000
448306,76719
448307,40000
448308,40709
448309,40000
448310,46690
448311,63125
448312,49922
448313,59174
448314,54462
448315,65159
448316,46771
448317,40000
448318,67493
448319,40000
448320,60166
448321,40000
448322,53395
448323,40000
448324,93941
448325,40000
448326,61162
448327,53079
448328,40000
448329,59978
448330,62321
448331,40000
448332,54948
448333,51869
448334,41901
448335,53971
448336,68704
448337,49335
448338,75868
448339,47841
448340,54281
448341,54126
448342,61179
448343,55173
448344,53680
448345,57986
448346,40000
448347,40000
448348,40000
448349,50286
448350,40000
448351,45182
448352,69206
448353,67934
448354,40000
448355,55098
448356,66450
448357,59640
448358,40000
448359,42393
448360,55935
448361,43961
448362,58693
448363,40000
448364,70649
448365,40000
448366,56734
448367,46192
448368,47762
448369,57850
448370,41266
448371,46796
448372,40000
448373,51482
448374,41209
448375,47206
448376,44370
448377,40000
448378,50196
448379,51561
448380,67646
448381,103173
448382,73027
448383,59193
448384,53306
448385,43766
448386,43427
448387,57114
448388,63257
448389,40000
448390,40000
448391,81804
448392,67079
448393,46500
448394,53463
448395,74692
448396,40000
448397,53718
448398,80412
448399,40000
448400,47945
448401,40000
448402,40000
448403,40000
448404,48719
448405,64242
448406,59871
448407,40000
448408,74321
448409,57031
448410,40000
448411,64968
448412,56705
448413,51021
448414,50012
448415,61490
448416,55673
448417,40000
448418,40000
448419,66416
448420,52746
448421,70591
448422,73324
448423,63710
448424,54056
448425,76986
448426,51590
448427,58378
448428,42473
448429,40000
448430,40000
448431,40000
448432,42753
448433,41840
448434,40000
448435,50869
448436,58868
448437,54486
448438,65169
448439,48103
448440,62806
448441,58841
448442,82594
448443,40000
448444,40000
448445,40000
448446,60315
448447,40000
448448,40000
448449,67608
448450,50021
448451,48023
448452,54838
448453,77613
448454,40000
448455,59320
448456,73790
448457,65331
448458,40000
448459,53342
448460,64437
448461,54523
448462,61055
448463,57065
448464,75074
448465,49618
448466,40000
448467,59324
448468,40000
448469,52585
448470,57150
448471,59780
448472,40000
448473,46349
448474,51513
448475,40000
448476,40000
448477,40000
448478,50368
448479,44899
448480,40000
448481,40082
448482,72842
448483,43701
448484,62319
448485,40000
448486,54796
448487,55022
448488,42087
448489,42966
448490,40000
448491,40000
448492,76766
448493,48807
448494,48578
448495,58279
448496,40000
448497,40000
448498,43097
448499,63291
448500,52636
448501,68234
448502,51116
448503,40000
448504,40000
448505,44853
448506,41917
448507,40000
448508,50778
448509,100311
448510,40000
448511,49590
448512,43540
448513,43681
448514,40000
448515,40358
448516,40000
448517,40000
448518,73541
448519,45873
448520,40131
448521,40000
448522,40000
448523,40000
448524,51608
448525,77500
448526,40000
448527,84869
448528,47960
448529,40000
448530,40000
448531,40000
448532,40000
448533,42552
448534,51124
448535,40000
448536,40000
448537,104520
448538,74691
448539,40000
448540,40000
448541,40000
448542,56453
448543,48141
448544,63347
448545,78011
448546,40000
448547,49866
448548,41813
448549,81711
448550,71559
448551,40000
448552,40000
448553,54248
448554,40000
448555,56194
448556,40000
448557,53118
448558,40000
448559,68091
448560,40000
448561,58064
448562,47154
448563,62694
448564,44974
448565,64130
448566,53508
448567,41153
448568,76988
448569,40000
448570,40000
448571,40000
448572,46357
448573,66936
448574,42634
448575,84673
448576,57680
448577,66836
448578,40000
448579,56194
448580,43118
448581,40000
448582,41917
448583,58569
448584,82366
448585,40000
448586,40000
448587,60122
448588,58410
448589,49539
448590,67627
448591,40000
448592,46504
448593,54496
448594,40000
448595,40000
448596,75926
448597,40000
448598,50113
448599,69223
448600,43639
448601,40000
448602,40000
448603,44416
448604,40000
448605,51820
448606,40000
448607,47110
448608,40000
448609,42613
448610,95131
448611,51427
448612,54738
448613,69685
448614,41584
448615,40054
448616,77350
448617,65767
448618,40000
448619,40000
448620,40000
448621,63172
448622,51821
448623,50470
448624,40845
448625,48210
448626,64426
448627,40000
448628,40857
448629,40000
448630,40000
448631,40000
448632,40000
448633,57763
448634,43510
448635,40000
448636,51309
448637,60653
448638,48752
448639,41323
448640,64367
448641,53648
448642,62429
448643,57531
448644,83268
448645,54100
448646,68579
448647,43575
448648,52289
448649,76976
448650,59145
448651,59099
448652,50442
448653,40000
448654,77983
448655,56340
448656,40000
448657,64738
448658,40000
448659,68054
448660,40000
448661,40000
448662,41960
448663,82398
448664,40000
448665,63615
448666,40000
448667,40000
448668,59137
448669,40000
448670,49030
448671,50812
448672,79241
448673,56419
448674,40000
448675,51086
448676,77647
448677,43818
448678,55738
448679,40000
448680,50580
448681,65801
448682,45643
448683,40000
448684,65650
448685,57144
448686,40000
448687,56296
448688,40000
448689,58956
448690,44695
448691,65852
448692,62171
448693,42925
448694,41045
448695,62295
448696,52989
448697,54187
448698,56967
448699,40000
448700,95812
448701,40000
448702,71545
448703,40000
448704,73169
448705,49799
448706,40000
448707,78364
448708,42326
448709,53860
448710,40000
448711,43010
448712,40000
448713,62152
448714,52111
448715,40000
448716,72735
448717,42919
448718,60656
448719,63561
448720,40000
448721,40000
448722,40000
448723,40000
448724,57436
448725,47815
448726,40000
448727,43762
448728,61307
448729,40000
448730,77935
448731,40000
448732,51040
448733,70905
448734,71259
448735,40000
448736,40000
448737,40000
448738,74704
448739,49027
448740,40000
448741,43980
448742,74149
448743,59042
448744,40000
448745,40000
448746,57255
448747,87618
448748,41343
448749,51192
448750,71329
448751,40000
448752,79513
448753,44843
448754,40000
448755,41395
448756,61403
448757,40000
448758,40000
448759,40000
448760,43021
448761,40000
448762,40000
448763,68155
448764,67569
448765,43881
448766,73719
448767,46120
448768,40000
448769,56886
448770,59409
448771,63539
448772,63476
448773,57870
448774,40000
448775,40000
448776,59192
448777,40000
448778,40000
448779,40000
448780,46254
448781,61831
448782,62613
448783,71724
448784,40000
448785,53832
448786,50861
448787,41269
448788,68583
448789,60134
448790,59183
448791,75758
448792,48127
448793,62094
448794,97784
448795,53927
448796,45390
448797,68424
448798,41751
448799,59687
448800,78609
448801,78279
448802,60560
448803,40000
448804,54973
448805,40000
448806,55577
448807,43182
448808,47125
448809,70669
448810,40000
448811,51102
448812,81105
448813,68064
448814,49005
448815,43272
448816,40000
448817,55330
448818,57514
448819,67959
448820,58524
448821,84390
448822,58920
448823,40000
448824,58218
448825,44174
448826,40000
448827,66173
448828,41538
448829,40000
448830,40000
448831,40000
448832,41935
448833,40000
448834,40000
448835,40891
448836,99852
448837,48476
448838,51272
448839,53489
448840,40000
448841,74290
448842,55085
448843,60638
448844,51371
448845,40000
448846,74508
448847,40000
448848,53879
448849,40000
448850,56239
448851,45284
448852,68778
448853,81667
448854,40000
448855,86458
448856,40000
448857,41155
448858,40000
448859,43394
448860,40000
448861,50005
448862,80606
448863,66380
448864,81226
448865,59904
448866,42540
448867,40000
448868,65410
448869,40000
448870,40000
448871,40000
448872,40000
448873,46611
448874,40000
448875,41656
448876,40000
448877,43772
448878,56033
448879,60457
448880,51036
448881,40000
448882,40000
448883,73067
448884,58248
448885,53171
448886,40000
448887,67459
448888,40000
448889,47462
448890,40000
448891,54366
448892,43735
448893,40000
448894,48323
448895,42136
448896,40000
448897,72191
448898,53170
448899,40445
448900,55122
448901,40199
448902,57253
448903,73421
448904,40000
448905,40000
448906,65490
448907,61726
448908,65208
448909,40000
448910,45087
448911,40000
448912,61738
448913,40000
448914,83775
448915,68300
448916,40000
448917,63062
448918,48275
448919,40757
448920,40000
448921,40000
448922,40000
448923,40000
448924,46512
448925,62046
448926,40000
448927,40000
448928,40000
448929,40000
448930,86479
448931,48594
448932,40000
448933,40000
448934,72053
448935,60247
448936,40000
448937,80150
448938,75819
448939,40000
448940,40000
448941,56475
448942,48666
448943,40000
448944,41876
448945,56082
448946,51453
448947,40000
448948,40000
448949,40000
448950,89903
448951,57397
448952,48344
448953,40000
448954,55265
448955,62411
448956,40000
448957,40000
448958,88650
448959,50257
448960,41393
448961,40000
448962,64362
448963,40000
448964,45480
448965,64232
448966,40000
448967,40000
448968,40000
448969,77499
448970,47211
448971,88919
448972,40000
448973,40000
448974,40000
448975,57386
448976,40000
448977,64166
448978,53399
448979,50964
448980,51798
448981,79108
448982,40000
448983,40000
448984,75057
448985,40000
448986,64018
448987,54132
448988,77684
448989,40000
448990,48497
448991,40000
448992,40000
448993,40000
448994,55952
448995,67794
448996,40000
448997,64617
448998,86277
448999,40000
449000,40000
449001,40000
449002,75430
449003,74636
449004,45394
449005,40000
449006,40000
449007,40000
449008,47229
449009,40000
449010,67759
449011,40000
449012,40000
449013,82660
449014,78418
449015,40000
449016,46351
449017,45005
449018,75730
449019,74486
449020,57495
449021,46095
449022,54357
449023,97470
449024,40000
449025,50012
449026,40000
449027,40000
449028,40000
449029,40000
449030,40000
449031,40000
449032,62140
449033,40000
449034,41403
449035,94349
449036,40000
449037,75211
449038,61423
449039,59066
449040,40000
449041,48201
449042,63541
449043,57093
449044,80157
449045,41416
449046,41042
449047,40000
449048,40000
449049,40000
449050,84172
449051,45779
449052,40000
449053,77553
449054,62077
449055,40000
449056,53617
449057,59501
449058,58137
449059,62874
449060,59086
449061,53286
449062,80364
449063,53387
449064,58096
449065,40000
449066,49443
449067,50422
449068,40000
449069,45465
449070,68155
449071,44913
449072,60080
449073,52475
449074,84871
449075,63411
449076,55858
449077,87337
449078,40000
449079,43813
449080,40000
449081,40000
449082,40000
449083,77218
449084,40000
449085,40000
449086,56594
449087,72975
449088,61973
449089,53312
449090,62072
449091,75194
449092,44659
449093,40000
449094,43456
449095,56540
449096,72896
449097,52982
449098,48551
449099,40000
449100,45240
449101,40000
449102,40000
449103,44792
449104,40220
449105,40000
449106,46232
449107,75972
449108,69724
449109,41275
449110,40000
449111,40000
449112,40000
449113,76952
449114,48547
449115,51412
449116,56109
449117,76181
449118,40000
449119,52370
449120,55348
449121,65138
449122,71950
449123,51288
449124,40000
449125,55634
449126,69251
449127,49062
449128,67877
449129,54044
449130,64805
449131,40000
449132,40000
449133,40000
449134,50191
449135,67675
449136,43098
449137,40000
449138,40000
449139,44127
449140,40000
449141,40000
449142,50574
449143,46660
449144,40000
449145,44353
449146,40000
449147,40000
449148,57001
449149,43505
449150,48785
449151,49985
449152,88788
449153,40000
449154,54367
449155,44019
449156,41858
449157,40000
449158,55907
449159,48886
449160,80105
449161,44675
449162,43780
449163,46817
449164,81625
449165,73309
449166,51783
449167,65279
449168,53063
449169,53393
449170,40000
449171,47975
449172,49725
449173,53826
449174,92956
449175,83444
449176,40000
449177,45986
449178,44272
449179,40000
449180,40000
449181,40000
449182,58531
449183,40000
449184,75871
449185,49538
449186,87268
449187,40000
449188,41396
449189,52150
449190,51231
449191,70373
449192,40000
449193,58649
449194,40000
449195,40000
449196,73112
449197,40000
449198,40000
449199,40000
449200,77631
449201,42969
449202,40000
449203,42798
449204,57204
449205,76408
449206,40000
449207,67466
449208,68817
449209,40000
449210,40000
449211,56361
449212,40000
449213,60364
449214,43335
449215,40000
449216,40000
449217,42947
449218,56337
449219,66475
449220,82314
449221,40000
449222,62037
449223,62960
449224,42055
449225,54309
449226,40000
449227,51071
449228,59966
449229,71371
449230,40000
449231,45494
449232,50481
449233,61461
449234,40000
449235,40000
449236,53265
449237,80414
449238,40000
449239,40000
449240,51065
449241,40000
449242,79358
449243,51046
449244,40000
449245,47877
449246,40000
449247,48680
449248,41416
449249,76633
449250,56604
449251,54913
449252,41148
449253,40000
449254,59038
449255,49811
449256,40000
449257,50319
449258,84486
449259,40000
449260,47568
449261,40000
449262,66489
449263,70490
449264,74251
449265,51872
449266,75267
449267,53440
449268,77130
449269,50185
449270,40000
449271,99683
449272,40000
449273,57362
449274,60494
449275,54259
449276,40000
449277,44395
449278,51898
449279,40000
449280,40000
449281,81937
449282,41213
449283,77190
449284,45892
449285,64353
449286,40000
449287,46427
449288,74382
449289,61208
449290,40000
449291,48204
449292,40000
449293,49507
449294,75937
449295,40000
449296,86530
449297,46935
449298,62825
449299,40000
449300,40000
449301,74806
449302,53767
449303,40000
449304,73428
449305,65781
449306,62882
449307,66596
449308,87535
449309,40000
449310,44627
449311,57178
449312,40000
449313,40000
449314,89926
449315,78372
449316,68056
449317,52588
449318,40000
449319,40000
449320,43312
449321,40000
449322,40000
449323,40000
449324,47138
449325,40000
449326,74386
449327,40000
449328,63467
449329,47528
449330,44469
449331,40000
449332,74786
449333,73412
449334,40470
449335,84499
449336,45105
449337,41105
449338,40000
449339,52080
449340,40000
449341,43728
449342,75721
449343,49424
449344,56184
449345,40000
449346,40000
449347,40000
449348,40000
449349,83348
449350,69059
449351,40000
449352,40000
449353,41282
449354,40000
449355,54114
449356,50656
449357,43479
449358,40000
449359,40000
449360,55969
449361,94285
449362,46057
449363,58516
449364,40000
449365,40000
449366,48892
449367,80143
449368,66874
449369,43277
449370,82266
449371,54159
449372,51805
449373,40000
449374,56124
449375,68442
449376,49113
449377,40000
449378,73118
449379,59431
449380,72739
449381,44265
449382,48905
449383,40000
449384,48545
449385,48476
449386,77775
449387,55087
449388,65215
449389,40000
449390,62785
449391,45261
449392,41470
449393,54108
449394,49747
449395,60957
449396,40000
449397,42516
449398,66370
449399,84058
449400,44593
449401,42322
449402,46156
449403,40000
449404,40000
449405,64789
449406,53609
449407,40957
449408,40000
449409,40000
449410,49924
449411,62011
449412,66527
449413,53197
449414,77548
449415,58742
449416,80653
449417,49195
449418,40354
449419,52926
449420,54930
449421,56306
449422,42281
449423,46905
449424,50304
449425,48080
449426,48248
449427,73011
449428,49406
449429,80611
449430,74207
449431,52054
449432,40000
449433,72067
449434,40000
449435,40000
449436,52078
449437,98047
449438,53504
449439,40000
449440,40000
449441,48747
449442,65649
449443,74746
449444,58293
449445,40000
449446,63508
449447,59970
449448,52035
449449,60049
449450,40000
449451,53296
449452,62075
449453,40000
449454,64229
449455,40348
449456,40000
449457,52970
449458,89061
449459,51461
449460,78559
449461,53373
449462,69883
449463,46459
449464,51276
449465,57477
449466,81714
449467,63322
449468,48818
449469,50373
449470,40973
449471,50183
449472,49940
449473,40000
449474,40000
449475,70792
449476,78572
449477,40000
449478,42524
449479,48128
449480,49538
449481,95319
449482,51498
449483,65439
449484,75504
449485,49000
449486,40000
449487,62755
449488,54790
449489,84890
449490,66627
449491,50985
449492,43224
449493,50314
449494,62978
449495,51170
449496,51602
449497,40000
449498,84217
449499,59761
449500,47100
449501,59142
449502,77643
449503,86264
449504,40000
449505,54491
449506,54609
449507,71498
449508,41255
449509,72071
449510,47519
449511,83947
449512,40000
449513,53680
449514,101223
449515,40000
449516,48190
449517,44892
449518,40000
449519,64542
449520,40000
449521,44971
449522,40000
449523,40854
449524,40000
449525,40000
449526,40000
449527,67717
449528,40000
449529,59297
449530,40000
449531,60620
449532,52311
449533,101571
449534,40000
449535,40000
449536,49631
449537,40000
449538,40000
449539,68202
449540,42190
449541,76792
449542,40000
449543,51293
449544,55105
449545,69133
449546,53310
449547,41546
449548,48378
449549,66450
449550,69028
449551,64686
449552,43772
449553,40000
449554,48056
449555,54568
449556,40000
449557,46748
449558,40000
449559,52270
449560,40000
449561,40000
449562,46100
449563,46159
449564,62301
449565,40000
449566,40000
449567,77071
449568,40000
449569,40000
449570,40000
449571,40000
449572,40000
449573,67959
449574,40000
449575,46494
449576,40000
449577,63405
449578,50571
449579,60921
449580,40000
449581,83456
449582,48712
449583,40000
449584,78049
449585,62217
449586,40000
449587,59931
449588,96195
449589,43508
449590,40000
449591,68538
449592,43805
449593,57989
449594,40000
449595,68332
449596,62252
449597,68672
449598,85845
449599,58355
449600,60289
449601,63131
449602,54492
449603,70528
449604,45571
449605,43851
449606,44835
449607,62912
449608,81528
449609,40000
449610,54974
449611,56233
449612,43076
449613,51661
449614,45708
449615,68984
449616,40000
449617,40000
449618,40000
449619,40000
449620,64102
449621,46300
449622,53831
449623,40000
449624,51666
449625,53919
449626,51519
449627,78292
449628,40000
449629,86515
449630,60713
449631,40000
449632,40000
449633,58965
449634,40000
449635,40000
449636,40000
449637,63701
449638,40000
449639,56004
449640,40000
449641,53593
449642,40214
449643,40000
449644,48003
449645,63217
449646,40000
449647,47982
449648,61868
449649,72378
449650,44711
449651,47236
449652,40000
449653,40000
449654,40000
449655,93485
449656,49169
449657,72150
449658,40000
449659,56281
449660,75849
449661,45837
449662,57550
449663,40000
449664,40000
449665,60961
449666,84283
449667,41729
449668,53390
449669,43008
449670,68334
449671,40000
449672,59512
449673,40000
449674,40000
449675,40000
449676,40000
449677,53055
449678,40000
449679,40000
449680,77752
449681,69821
449682,49968
449683,58867
449684,65221
449685,59207
449686,84762
449687,47245
449688,72978
449689,40000
449690,42901
449691,61008
449692,65819
449693,44136
449694,40000
449695,48674
449696,40000
449697,50842
449698,59762
449699,56610
449700,55722
449701,55364
449702,77428
449703,70020
449704,40000
449705,58984
449706,44210
449707,58140
449708,48095
449709,65094
449710,48930
449711,48949
449712,40000
449713,82491
449714,53321
449715,40000
449716,40000
449717,63060
449718,48731
449719,70695
449720,40000
449721,40000
449722,45750
449723,58133
449724,40000
449725,55465
449726,40000
449727,54991
449728,82788
449729,56287
449730,40000
449731,40000
449732,40000
449733,70602
449734,63315
449735,40000
449736,44687
449737,40000
449738,40000
449739,40000
449740,40000
449741,40079
449742,66137
449743,63329
449744,40000
449745,78817
449746,40033
449747,80630
449748,46157
449749,40000
449750,40000
449751,40000
449752,70388
449753,75045
449754,60802
449755,57813
449756,57325
449757,40000
449758,40000
449759,47351
449760,61581
449761,78957
449762,40000
449763,93085
449764,81041
449765,49836
449766,40000
449767,42241
449768,40000
449769,40000
449770,40000
449771,46807
449772,40000
449773,50759
449774,60982
449775,57039
449776,83250
449777,40000
449778,85397
449779,50858
449780,51961
449781,40000
449782,46538
449783,40000
449784,40000
449785,91498
449786,41199
449787,72042
449788,40000
449789,40000
449790,43309
449791,40000
449792,40000
449793,76677
449794,40000
449795,40000
449796,59902
449797,53155
449798,80823
449799,57188
449800,52034
449801,40000
449802,40000
449803,40000
449804,47089
449805,40000
449806,44741
449807,56524
449808,40000
449809,90372
449810,40000
449811,47008
449812,73635
449813,77889
449814,83443
449815,43762
449816,54067
449817,61860
449818,40000
449819,45936
449820,53157
449821,40000
449822,40000
449823,66250
449824,54388
449825,55015
449826,50490
449827,56129
449828,51045
449829,52014
449830,40000
449831,78470
449832,50546
449833,40000
449834,64542
449835,71377
449836,78345
449837,112216
449838,50795
449839,49077
449840,77883
449841,40000
449842,46811
449843,40000
449844,40000
449845,59350
449846,72373
449847,53728
449848,59200
449849,41918
449850,43718
449851,69663
449852,53895
449853,88534
449854,40000
449855,40000
449856,52487
449857,71202
449858,40000
449859,46161
449860,40000
449861,40000
449862,69475
449863,60048
449864,40000
449865,63443
449866,65123
449867,49401
449868,40000
449869,46473
449870,56713
449871,61924
449872,68360
449873,44824
449874,63213
449875,41574
449876,75443
449877,46612
449878,56067
449879,40000
449880,49294
449881,65671
449882,88735
449883,59007
449884,40000
449885,73097
449886,68644
449887,66846
449888,40000
449889,77028
449890,40000
449891,53821
449892,40000
449893,67960
449894,40000
449895,40000
449896,40000
449897,66617
449898,43481
449899,55693
449900,40000
449901,56459
449902,40000
449903,72720
449904,49582
449905,56671
449906,40000
449907,59927
449908,40000
449909,40705
449910,40000
449911,58164
449912,43681
449913,87393
449914,40000
449915,40000
449916,52474
449917,84188
449918,71386
449919,40000
449920,56813
449921,63432
449922,40000
449923,40000
449924,50953
449925,40000
449926,40000
449927,57377
449928,43273
449929,75093
449930,66450
449931,69213
449932,100549
449933,40000
449934,40000
449935,54540
449936,46762
449937,54873
449938,40000
449939,40000
449940,73362
449941,56740
449942,60318
449943,63217
449944,58585
449945,47504
449946,66665
449947,73575
449948,68349
449949,49560
449950,53795
449951,71612
449952,62011
449953,57064
449954,70338
449955,42689
449956,45469
449957,61058
449958,40000
449959,43061
449960,81385
449961,60867
449962,76262
449963,40000
449964,40000
449965,62933
449966,60157
449967,42965
449968,56336
449969,62780
449970,40000
449971,40000
449972,40000
449973,55184
449974,57086
449975,89501
449976,71717
449977,40000
449978,60135
449979,94221
449980,44692
449981,46245
449982,73227
449983,84694
449984,40000
449985,63549
449986,65360
449987,112689
449988,56184
449989,42605
449990,40000
449991,45720
449992,65776
449993,40000
449994,100601
449995,53862
449996,40000
449997,50803
449998,52819
449999,56166
450000,84524
450001,40688
450002,40000
450003,42000
450004,65182
450005,40000
450006,53486
450007,76572
450008,40000
450009,44526
450010,41680
450011,40000
450012,52024
450013,48385
450014,40000
450015,40000
450016,52818
450017,40000
450018,46283
450019,40000
450020,45163
450021,62848
450022,50874
450023,64422
450024,62817
450025,91630
450026,60647
450027,62304
450028,81706
450029,66664
450030,60381
450031,40000
450032,43245
450033,68171
450034,47792
450035,40000
450036,56807
450037,42785
450038,40000
450039,60546
450040,104998
450041,40473
450042,67940
450043,40000
450044,89343
450045,40000
450046,40000
450047,40000
450048,40000
450049,56607
450050,59539
450051,64472
450052,63494
450053,71776
450054,55501
450055,50348
450056,48074
450057,46993
450058,47828
450059,77448
450060,40000
450061,40000
450062,40000
450063,40000
450064,54471
450065,58028
450066,61336
450067,40000
450068,53353
450069,49062
450070,60935
450071,47557
450072,70980
450073,58587
450074,59077
450075,59226
450076,40000
450077,47855
450078,40973
450079,44780
450080,40783
450081,49577
450082,96731
450083,61388
450084,68266
450085,51660
450086,69542
450087,40429
450088,40000
450089,44406
450090,82513
450091,68424
450092,40000
450093,40000
450094,58215
450095,55083
450096,66716
450097,59314
450098,41562
450099,81101
450100,58093
450101,61226
450102,64645
450103,54542
450104,42736
450105,66756
450106,73210
450107,42698
450108,44481
450109,59407
450110,40000
450111,51788
450112,63937
450113,49128
450114,58418
450115,40000
450116,42322
450117,72738
450118,45455
450119,40000
450120,68524
450121,40000
450122,80322
450123,45141
450124,40000
450125,42134
450126,40000
450127,52460
450128,40000
450129,56476
450130,50161
450131,42578
450132,47271
450133,55074
450134,63507
450135,43343
450136,42049
450137,78722
450138,44407
450139,52665
450140,53671
450141,62412
450142,63236
450143,71316
450144,42379
450145,46486
450146,42647
450147,40000
450148,40000
450149,54923
450150,46812
450151,40059
450152,41102
450153,58064
450154,62378
450155,48559
450156,40000
450157,69628
450158,44441
450159,73334
450160,53425
450161,51786
450162,48463
450163,68076
450164,60341
450165,40000
450166,58534
450167,43921
450168,66887
450169,50353
450170,63439
450171,42601
450172,50484
450173,71409
450174,40000
450175,59743
450176,40000
450177,46646
450178,40000
450179,40000
450180,61646
450181,40000
450182,57283
450183,96565
450184,57687
450185,70682
450186,57233
450187,55780
450188,40000
450189,53846
450190,48138
450191,63279
450192,61104
450193,40000
450194,40000
450195,43484
450196,76386
450197,54850
450198,68517
450199,64244
450200,40000
450201,64570
450202,47364
450203,72788
450204,63431
450205,40000
450206,51184
450207,53045
450208,68773
450209,40000
450210,78905
450211,43572
450212,40000
450213,105555
450214,40000
450215,62838
450216,40000
450217,40000
450218,47908
450219,40000
450220,61339
450221,63513
450222,58988
450223,51469
450224,46569
450225,53995
450226,57907
450227,86094
450228,72137
450229,61776
450230,40000
450231,68874
450232,40000
450233,104256
450234,43882
450235,50404
450236,70854
450237,69680
450238,64649
450239,40000
450240,40000
450241,44778
450242,50595
450243,89121
450244,45530
450245,40000
450246,40000
450247,40000
450248,68410
450249,76641
450250,77324
450251,40000
450252,62141
450253,52460
450254,59788
450255,40000
450256,63605
450257,40000
450258,63010
450259,40000
450260,78480
450261,59727
450262,100551
450263,57301
450264,40000
450265,40000
450266,63183
450267,42104
450268,40000
450269,50602
450270,40000
450271,56386
450272,43026
450273,55257
450274,40000
450275,71241
450276,52276
450277,68354
450278,81555
450279,83925
450280,87464
450281,49299
450282,64492
450283,69687
450284,64142
450285,40000
450286,43668
450287,40000
450288,40000
450289,84540
450290,45914
450291,71659
450292,71787
450293,40000
450294,40000
450295,58385
450296,45672
450297,40000
450298,40000
450299,53862
450300,55188
450301,40000
450302,48599
450303,74874
450304,66959
450305,84133
450306,40000
450307,68471
450308,50373
450309,47695
450310,40914
450311,40000
450312,58916
450313,40000
450314,40000
450315,40000
450316,40000
450317,55054
450318,40000
450319,54555
450320,52822
450321,66450
450322,40000
450323,40000
450324,63345
450325,70858
450326,65518
450327,42997
450328,81369
450329,46331
450330,64693
450331,63622
450332,40000
450333,55461
450334,40803
450335,40000
450336,88509
450337,40000
450338,81446
450339,56956
450340,68249
450341,54421
450342,67327
450343,44428
450344,40000
450345,40000
450346,45560
450347,52956
450348,55269
450349,55597
450350,40826
450351,75111
450352,67272
450353,60106
450354,40000
450355,40000
450356,40000
450357,40000
450358,56746
450359,40039
450360,45147
450361,74574
450362,48972
450363,49609
450364,40000
450365,40000
450366,51598
450367,45205
450368,40000
450369,105918
450370,76762
450371,41751
450372,40000
450373,40000
450374,48345
450375,46259
450376,40000
450377,70962
450378,52964
450379,42923
450380,60849
450381,52640
450382,40000
450383,53358
450384,40000
450385,40000
450386,40000
450387,76601
450388,52454
450389,66844
450390,43426
450391,70148
450392,78411
450393,43179
450394,40000
450395,40000
450396,51475
450397,40000
450398,40000
450399,93968
450400,40000
450401,40000
450402,55563
450403,57224
450404,40000
450405,40000
450406,41555
450407,65762
450408,55789
450409,81308
450410,54265
450411,40095
450412,40000
450413,47849
450414,40000
450415,40000
450416,51104
450417,40000
450418,59399
450419,43396
450420,40000
450421,40000
450422,40000
450423,78808
450424,40000
450425,45949
450426,58876
450427,57254
450428,49966
450429,40000
450430,53690
450431,40000
450432,48193
450433,43262
450434,40000
450435,41315
450436,55860
450437,40000
450438,40000
450439,50184
450440,49727
450441,40553
450442,75015
450443,40000
450444,40000
450445,40000
450446,40000
450447,40000
450448,75893
450449,44564
450450,75954
450451,40000
450452,49074
450453,40000
450454,41518
450455,40000
450456,40000
450457,83172
450458,40000
450459,41285
450460,40000
450461,40000
450462,40000
450463,65530
450464,43713
450465,60133
450466,65932
450467,40000
450468,48849
450469,40000
450470,43508
450471,40000
450472,69424
450473,58499
450474,47892
450475,41804
450476,47783
450477,40000
450478,40000
450479,66998
450480,40000
450481,64992
450482,47928
450483,40000
450484,47360
450485,40000
450486,40000
450487,89537
450488,41329
450489,40000
450490,68266
450491,67046
450492,40000
450493,50017
450494,66710
450495,59354
450496,49324
450497,58077
450498,40000
450499,50161
450500,54427
450501,40000
450502,40000
450503,40000
450504,73414
450505,49188
450506,40000
450507,40000
450508,41750
450509,43340
450510,40000
450511,52824
450512,72519
450513,50180
450514,49464
450515,67914
450516,47525
450517,66094
450518,54971
450519,40000
450520,43297
450521,74730
450522,46758
450523,53637
450524,75454
450525,41378
450526,48708
450527,40000
450528,40000
450529,67121
450530,54925
450531,40000
450532,57321
450533,40000
450534,40000
450535,42928
450536,69115
450537,40000
450538,47775
450539,46198
450540,49617
450541,50600
450542,59797
450543,54167
450544,64357
450545,46921
450546,40000
450547,40000
450548,40000
450549,58302
450550,68160
450551,63887
450552,40000
450553,64782
450554,64009
450555,61530
450556,62561
450557,40000
450558,56146
450559,45678
450560,44964
450561,40000
450562,53609
450563,40000
450564,40000
450565,67930
450566,61550
450567,46571
450568,93835
450569,41074
450570,43151
450571,40000
450572,58646
450573,41573
450574,40000
450575,56490
450576,70341
450577,48798
450578,58644
450579,40000
450580,40000
450581,46183
450582,40000
450583,40000
450584,40000
450585,51960
450586,55608
450587,41705
450588,40000
450589,40000
450590,68130
450591,40000
450592,72010
450593,54158
450594,54631
450595,41793
450596,72972
450597,46265
450598,57682
450599,68715
450600,40000
450601,62610
450602,40000
450603,40000
450604,45175
450605,50305
450606,78898
450607,60256
450608,47417
450609,53092
450610,40000
450611,40000
450612,58528
450613,65423
450614,59132
450615,53424
450616,96216
450617,62799
450618,40000
450619,55791
450620,40000
450621,40000
450622,73491
450623,57319
450624,44205
450625,49334
450626,40000
450627,47935
450628,40000
450629,76450
450630,41823
450631,63800
450632,55358
450633,40000
450634,67754
450635,44176
450636,40000
450637,40000
450638,59973
450639,63318
450640,41350
450641,43438
450642,48009
450643,40000
450644,79533
450645,86064
450646,82591
450647,54410
450648,50838
450649,40000
450650,63996
450651,71499
450652,52052
450653,55622
450654,40000
450655,40000
450656,57143
450657,40000
450658,40000
450659,42977
450660,41871
450661,82137
450662,40000
450663,57998
450664,57308
450665,73282
450666,40000
450667,40000
450668,40000
450669,61347
450670,43280
450671,63020
450672,53456
450673,40000
450674,51564
450675,46446
450676,61936
450677,40000
450678,59231
450679,92605
450680,63471
450681,53990
450682,51521
450683,63293
450684,40000
450685,41886
450686,69514
450687,40000
450688,40512
450689,67892
450690,58943
450691,41964
450692,57354
450693,59453
450694,64013
450695,80150
450696,40000
450697,40000
450698,46389
450699,40115
450700,43695
450701,40000
450702,78879
450703,71832
450704,84358
450705,40000
450706,40000
450707,40000
450708,54873
450709,40000
450710,43685
450711,41373
450712,40000
450713,43464
450714,75394
450715,40000
450716,41709
450717,50248
450718,90028
450719,41747
450720,40938
450721,45694
450722,62614
450723,55508
450724,40000
450725,54338
450726,67332
450727,40000
450728,40000
450729,53039
450730,72284
450731,40637
450732,40000
450733,61015
450734,44771
450735,71020
450736,48292
450737,55717
450738,51291
450739,52410
450740,72624
450741,69171
450742,70681
450743,51302
450744,62076
450745,40000
450746,43639
450747,49948
450748,40000
450749,40000
450750,71937
450751,42327
450752,61039
450753,40000
450754,60445
450755,78515
450756,62398
450757,76624
450758,44528
450759,53272
450760,60381
450761,44421
450762,70125
450763,42101
450764,46208
450765,40000
450766,68014
450767,53054
450768,71256
450769,40000
450770,58896
450771,40000
450772,53075
450773,65724
450774,81498
450775,40000
450776,47314
450777,40000
450778,40000
450779,40000
450780,60983
450781,40000
450782,74674
450783,40000
450784,51855
450785,55321
450786,40000
450787,85234
450788,40000
450789,55726
450790,59405
450791,44885
450792,40000
450793,40000
450794,40000
450795,40000
450796,40000
450797,40000
450798,40000
450799,51512
450800,42334
450801,58026
450802,40000
450803,46251
450804,40767
450805,45199
450806,55067
450807,40000
450808,40000
450809,73026
450810,48129
450811,74131
450812,54219
450813,40000
450814,40000
450815,62933
450816,50674
450817,56583
450818,40000
450819,52778
450820,43051
450821,53242
450822,40000
450823,57502
450824,40000
450825,69345
450826,40000
450827,79610
450828,45382
450829,61914
450830,40000
450831,71440
450832,40000
450833,50970
450834,40000
450835,43273
450836,40000
450837,40000
450838,52647
450839,40000
450840,57927
450841,40000
450842,40000
450843,85822
450844,40000
450845,40000
450846,40000
450847,61724
450848,60543
450849,63482
450850,40000
450851,40000
450852,66919
450853,53065
450854,79464
450855,78783
450856,40000
450857,86171
450858,40000
450859,67720
450860,80228
450861,41736
450862,40000
450863,75549
450864,55760
450865,78992
450866,78785
450867,72036
450868,107077
450869,85632
450870,40420
450871,52271
450872,84741
450873,44019
450874,40000
450875,44625
450876,44889
450877,60288
450878,58025
450879,40000
450880,40000
450881,40000
450882,47112
450883,40000
450884,40000
450885,50604
450886,59263
450887,40000
450888,55308
450889,40000
450890,42967
450891,40000
450892,53601
450893,76691
450894,42588
450895,48341
450896,48243
450897,40000
450898,49237
450899,53293
450900,40000
450901,40000
450902,40000
450903,49635
450904,62431
450905,40000
450906,76270
450907,60615
450908,48004
450909,40000
450910,113566
450911,55769
450912,40000
450913,75591
450914,57122
450915,40000
450916,64245
450917,44841
450918,40000
450919,46269
450920,86797
450921,40000
450922,49392
450923,49317
450924,60212
450925,52070
450926,46764
450927,62267
450928,55919
450929,51582
450930,42896
450931,52056
450932,91294
450933,48588
450934,40000
450935,40000
450936,49451
450937,68521
450938,42789
450939,48195
450940,40000
450941,49837
450942,40000
450943,42625
450944,65806
450945,52528
450946,51422
450947,55406
450948,44516
450949,40000
450950,40000
450951,49709
450952,59828
450953,46781
450954,40000
450955,67265
450956,47705
450957,40451
450958,74576
450959,59372
450960,50400
450961,74784
450962,73463
450963,44136
450964,40000
450965,40000
450966,70091
450967,40000
450968,89215
450969,51583
450970,58536
450971,64687
450972,42117
450973,42491
450974,53491
450975,40000
450976,40000
450977,76898
450978,84906
450979,40204
450980,40000
450981,40000
450982,40000
450983,54440
450984,44569
450985,69989
450986,73399
450987,46558
450988,52152
450989,43704
450990,74856
450991,40000
450992,59383
450993,52787
450994,56780
450995,40166
450996,40000
450997,40000
450998,42758
450999,48350
451000,40000
451001,74387
451002,40442
451003,40000
451004,88775
451005,43184
451006,40000
451007,72783
451008,40000
451009,46008
451010,51933
451011,52982
451012,46757
451013,61495
451014,40000
451015,40000
451016,48250
451017,40000
451018,40000
451019,40000
451020,59794
451021,50009
451022,44627
451023,78181
451024,45906
451025,62525
451026,72127
451027,45454
451028,51324
451029,40000
451030,40000
451031,46807
451032,40000
451033,40000
451034,89986
451035,40000
451036,85027
451037,40000
451038,85349
451039,67654
451040,40000
451041,46617
451042,54792
451043,53261
451044,40000
451045,56465
451046,72079
451047,40000
451048,74351
451049,89408
451050,40000
451051,49063
451052,54684
451053,40000
451054,47104
451055,43634
451056,53902
451057,46283
451058,65420
451059,47262
451060,43222
451061,40000
451062,40000
451063,42229
451064,69795
451065,57594
451066,53262
451067,49160
451068,53941
451069,40000
451070,50068
451071,40000
451072,51825
451073,40000
451074,51089
451075,93176
451076,62452
451077,87624
451078,50737
451079,41830
451080,40000
451081,43282
451082,59418
451083,43011
451084,77135
451085,40000
451086,57242
451087,40442
451088,49591
451089,40000
451090,60835
451091,49650
451092,61038
451093,41131
451094,50640
451095,40000
451096,40000
451097,40000
451098,50853
451099,40000
451100,40000
451101,45910
451102,83620
451103,59333
451104,72525
451105,57427
451106,61535
451107,44168
451108,40000
451109,40000
451110,81383
451111,78284
451112,56567
451113,40000
451114,45461
451115,40000
451116,84095
451117,69961
451118,45862
451119,95048
451120,45953
451121,40000
451122,40000
451123,54542
451124,61668
451125,87413
451126,71200
451127,48198
451128,63285
451129,51426
451130,48954
451131,40000
451132,40000
451133,52233
451134,51887
451135,40000
451136,52727
451137,61195
451138,45309
451139,40000
451140,40000
451141,60496
451142,40000
451143,40000
451144,100250
451145,40000
451146,46276
451147,43529
451148,40308
451149,40000
451150,41328
451151,40000
451152,45031
451153,45818
451154,40000
451155,53482
451156,58422
451157,64018
451158,66877
451159,75549
451160,52916
451161,40000
451162,40000
451163,40000
451164,79014
451165,55168
451166,50623
451167,56057
451168,69778
451169,40000
451170,78036
451171,40000
451172,40000
451173,70926
451174,40000
451175,40000
451176,40000
451177,60558
451178,49177
451179,60754
451180,40000
451181,40000
451182,41002
451183,40000
451184,48604
451185,68008
451186,40000
451187,40000
451188,41940
451189,40000
451190,53299
451191,52267
451192,40000
451193,40000
451194,40400
451195,40000
451196,52520
451197,40000
451198,53382
451199,40000
451200,40000
451201,67078
451202,40000
451203,49810
451204,40000
451205,63329
451206,55151
451207,55015
451208,40000
451209,51471
451210,57008
451211,40000
451212,68294
451213,40000
451214,50830
451215,40000
451216,40000
451217,83060
451218,50397
451219,62549
451220,61314
451221,43778
451222,68299
451223,45366
451224,57193
451225,56446
451226,50315
451227,40000
451228,40000
451229,43810
451230,53224
451231,60383
451232,69085
451233,61566
451234,40000
451235,40000
451236,42750
451237,57985
451238,74010
451239,47651
451240,53674
451241,58623
451242,46019
451243,40000
451244,47324
451245,52203
451246,60535
451247,58598
451248,40000
451249,50653
451250,62706
451251,80158
451252,42194
451253,66577
451254,60004
451255,40000
451256,42437
451257,54215
451258,40000
451259,46138
451260,40000
451261,63609
451262,51559
451263,40000
451264,66560
451265,40000
451266,40211
451267,77358
451268,46934
451269,77262
451270,47970
451271,68304
451272,50905
451273,40000
451274,41989
451275,40000
451276,62303
451277,87231
451278,40000
451279,41073
451280,83151
451281,67389
451282,40000
451283,63135
451284,40000
451285,47171
451286,40000
451287,57228
451288,40000
451289,54127
451290,40000
451291,65945
451292,47670
451293,40000
451294,40000
451295,40000
451296,84402
451297,61121
451298,53945
451299,69257
451300,44001
451301,40000
451302,50070
451303,40000
451304,40000
451305,40000
451306,57330
451307,59746
451308,47043
451309,54355
451310,56377
451311,47733
451312,40000
451313,40000
451314,66188
451315,40000
451316,81110
451317,40000
451318,67695
451319,57512
451320,40000
451321,72940
451322,50678
451323,48045
451324,40000
451325,59963
451326,49012
451327,63421
451328,40000
451329,79365
451330,40000
451331,40000
451332,40000
451333,40000
451334,44654
451335,59192
451336,59943
451337,92865
451338,52395
451339,40000
451340,40000
451341,40000
451342,40000
451343,40000
451344,40000
451345,49025
451346,45422
451347,40116
451348,74502
451349,41699
451350,41003
451351,51627
451352,49350
451353,40000
451354,89746
451355,43042
451356,69912
451357,54742
451358,40000
451359,40000
451360,40000
451361,68765
451362,52998
451363,40000
451364,49167
451365,40000
451366,55780
451367,71894
451368,40000
451369,53650
451370,71796
451371,52507
451372,40000
451373,58182
451374,53591
451375,48434
451376,80144
451377,78333
451378,67836
451379,50911
451380,64076
451381,40000
451382,40000
451383,56659
451384,40000
451385,54416
451386,67248
451387,59960
451388,57777
451389,40000
451390,40000
451391,89197
451392,68435
451393,86525
451394,40000
451395,40000
451396,49699
451397,72007
451398,44311
451399,50188
451400,67075
451401,40000
451402,59533
451403,40460
451404,40000
451405,40000
451406,64996
451407,65535
451408,40000
451409,49195
451410,40000
451411,40000
451412,40000
451413,61192
451414,50986
451415,40000
451416,70724
451417,86178
451418,70882
451419,71642
451420,44631
451421,55049
451422,40000
451423,49582
451424,40000
451425,40000
451426,44353
451427,40000
451428,41450
451429,55537
451430,60984
451431,45493
451432,40000
451433,45852
451434,40000
451435,54489
451436,46428
451437,82725
451438,40000
451439,44173
451440,87878
451441,56396
451442,40000
451443,40000
451444,65265
451445,48713
451446,40000
451447,40000
451448,40000
451449,40000
451450,40000
451451,87069
451452,49988
451453,40000
451454,61743
451455,55515
451456,40000
451457,51457
451458,83364
451459,54553
451460,67743
451461,83482
451462,66549
451463,71044
451464,58492
451465,40000
451466,40000
451467,40000
451468,40000
451469,50441
451470,86629
451471,58187
451472,61744
451473,43564
451474,65359
451475,64226
451476,66956
451477,75726
451478,41321
451479,40000
451480,40000
451481,46545
451482,41411
451483,59354
451484,55355
451485,60458
451486,40000
451487,70089
451488,40000
451489,41510
451490,48259
451491,53575
451492,64811
451493,40002
451494,48805
451495,40000
451496,44483
451497,51236
451498,44051
451499,40000
451500,83133
451501,40000
451502,50660
451503,51585
451504,40528
451505,65064
451506,52910
451507,64023
451508,43612
451509,50909
451510,66915
451511,65992
451512,40000
451513,45982
451514,50797
451515,90951
451516,56668
451517,40000
451518,40000
451519,40408
451520,42209
451521,51949
451522,40000
451523,80876
451524,61552
451525,53833
451526,40000
451527,40000
451528,47678
451529,75265
451530,75539
451531,56246
451532,44488
451533,40000
451534,40000
451535,44671
451536,40000
451537,63814
451538,63882
451539,40000
451540,91242
451541,107849
451542,61345
451543,40000
451544,40000
451545,40000
451546,44126
451547,61224
451548,55465
451549,51770
451550,62505
451551,48645
451552,41805
451553,75472
451554,40000
451555,63682
451556,52229
451557,40000
451558,77933
451559,40000
451560,40000
451561,57154
451562,40000
451563,52890
451564,64757
451565,51814
451566,42098
451567,42049
451568,40000
451569,52816
451570,40000
451571,40000
451572,53388
451573,52157
451574,40000
451575,51691
451576,40000
451577,40000
451578,100450
451579,42468
451580,40000
451581,50529
451582,49112
451583,40000
451584,54515
451585,57249
451586,56513
451587,44201
451588,42891
451589,62445
451590,55451
451591,42954
451592,61187
451593,41658
451594,40000
451595,43097
451596,40000
451597,76105
451598,40000
451599,53473
451600,41508
451601,81200
451602,65589
451603,93377
451604,40000
451605,53844
451606,40000
451607,85057
451608,40000
451609,40000
451610,40000
451611,48119
451612,40000
451613,91576
451614,92270
451615,44504
451616,48313
451617,40000
451618,40000
451619,40000
451620,79034
451621,56423
451622,72725
451623,101858
451624,81206
451625,44728
451626,68101
451627,50593
451628,54612
451629,46058
451630,40954
451631,45472
451632,49736
451633,40000
451634,40000
451635,40000
451636,47559
451637,57495
451638,40000
451639,56668
451640,55798
451641,40000
451642,68355
451643,42869
451644,40000
451645,43327
451646,55107
451647,40000
451648,40000
451649,40000
451650,44661
451651,40000
451652,82383
451653,60371
451654,50809
451655,62731
451656,92427
451657,45643
451658,63154
451659,40000
451660,63061
451661,64128
451662,67704
451663,58089
451664,54108
451665,40000
451666,79107
451667,50254
451668,95276
451669,42487
451670,52503
451671,40000
451672,54052
451673,60180
451674,59105
451675,40000
451676,66368
451677,40000
451678,66148
451679,53973
451680,40000
451681,40000
451682,48500
451683,42880
451684,60987
451685,40000
451686,42433
451687,57930
451688,46954
451689,45209
451690,40000
451691,40000
451692,68642
451693,40896
451694,65314
451695,72131
451696,40000
451697,40000
451698,58768
451699,41342
451700,74684
451701,64263
451702,43737
451703,54040
451704,80037
451705,67893
451706,40000
451707,40000
451708,40000
451709,40000
451710,40000
451711,57401
451712,87769
451713,58232
451714,51020
451715,57531
451716,43641
451717,57986
451718,40000
451719,40000
451720,64844
451721,40000
451722,47615
451723,40000
451724,40000
451725,45596
451726,57376
451727,42690
451728,53948
451729,40000
451730,40000
451731,40000
451732,87787
451733,102675
451734,40375
451735,62162
451736,54402
451737,40000
451738,40000
451739,93803
451740,41945
451741,73132
451742,40000
451743,45712
451744,40000
451745,60234
451746,64322
451747,52317
451748,59169
451749,50805
451750,53227
451751,75400
451752,54997
451753,40000
451754,41119
451755,40000
451756,68741
451757,46931
451758,74707
451759,48062
451760,45187
451761,54912
451762,57331
451763,53270
451764,47825
451765,55420
451766,50654
451767,56936
451768,68396
451769,66527
451770,82879
451771,67997
451772,50269
451773,40000
451774,43749
451775,73338
451776,64763
451777,40000
451778,40000
451779,66298
451780,62495
451781,47080
451782,40000
451783,61435
451784,50973
451785,40000
451786,55898
451787,48269
451788,65597
451789,59190
451790,42368
451791,40000
451792,57826
451793,80273
451794,44077
451795,40000
451796,64435
451797,40000
451798,40000
451799,52888
451800,50393
451801,40000
451802,76736
451803,40000
451804,84715
451805,59149
451806,74176
451807,53506
451808,53013
451809,59824
451810,87531
451811,74381
451812,84620
451813,40000
451814,58730
451815,62119
451816,46376
451817,40000
451818,57086
451819,40000
451820,45085
451821,46530
451822,40000
451823,49188
451824,54294
451825,51210
451826,40000
451827,43075
451828,52252
451829,86952
451830,43437
451831,40000
451832,40234
451833,79451
451834,40000
451835,63327
451836,40000
451837,75733
451838,55768
451839,44483
451840,40000
451841,86731
451842,54033
451843,40723
451844,62143
451845,40000
451846,42701
451847,40000
451848,61916
451849,90912
451850,40000
451851,56107
451852,64674
451853,52347
451854,46838
451855,55691
451856,40000
451857,40000
451858,54365
451859,40000
451860,55279
451861,40000
451862,62313
451863,40000
451864,52235
451865,47230
451866,65175
451867,43471
451868,60876
451869,57325
451870,73887
451871,43920
451872,40000
451873,89958
451874,49998
451875,61455
451876,40000
451877,50133
451878,53059
451879,40000
451880,68084
451881,40000
451882,50965
451883,103274
451884,73120
451885,62197
451886,42791
451887,44069
451888,40000
451889,40000
451890,40000
451891,40000
451892,40000
451893,82709
451894,43372
451895,67650
451896,40000
451897,43683
451898,51490
451899,58507
451900,67432
451901,67739
451902,75266
451903,61769
451904,77689
451905,48302
451906,40000
451907,66255
451908,62002
451909,41633
451910,52928
451911,40000
451912,40000
451913,43857
451914,42913
451915,61037
451916,40000
451917,51990
451918,46477
451919,70998
451920,46645
451921,40000
451922,40000
451923,40000
451924,48957
451925,62628
451926,50425
451927,40000
451928,40000
451929,47034
451930,60759
451931,78291
451932,40000
451933,40000
451934,40000
451935,57794
451936,65378
451937,54846
451938,40000
451939,63186
451940,40000
451941,65203
451942,61400
451943,64041
451944,48577
451945,40000
451946,41494
451947,50138
451948,40000
451949,56794
451950,47162
451951,54465
451952,77822
451953,76589
451954,49153
451955,40000
451956,40000
451957,40000
451958,53465
451959,99292
451960,40000
451961,52778
451962,48569
451963,55866
451964,40000
451965,76502
451966,74290
451967,51165
451968,46888
451969,61485
451970,48118
451971,55910
451972,40000
451973,52640
451974,40000
451975,59456
451976,41120
451977,51976
451978,67530
451979,48049
451980,40000
451981,40000
451982,40197
451983,40000
451984,49782
451985,40000
451986,86561
451987,40389
451988,94121
451989,40000
451990,40000
451991,40000
451992,40000
451993,40000
451994,52390
451995,40000
451996,62208
451997,60969
451998,40000
451999,53223
452000,57886
452001,52558
452002,77592
452003,55129
452004,40000
452005,92191
452006,40000
452007,78242
452008,62909
452009,44368
452010,63800
452011,40000
452012,48849
452013,40000
452014,55830
452015,62556
452016,80141
452017,53408
452018,43307
452019,75359
452020,46457
452021,60436
452022,48127
452023,40000
452024,47713
452025,54167
452026,49285
452027,40000
452028,52708
452029,40000
452030,62786
452031,62624
452032,40000
452033,40000
452034,40000
452035,54223
452036,40642
452037,40000
452038,44915
452039,40000
452040,89095
452041,49572
452042,40000
452043,56521
452044,74305
452045,42464
452046,63098
452047,40000
452048,40000
452049,64531
452050,40000
452051,40000
452052,40000
452053,59432
452054,40000
452055,40000
452056,65636
452057,42350
452058,40000
452059,46510
452060,41396
452061,63936
452062,56019
452063,53310
452064,40000
452065,73418
452066,40000
452067,41913
452068,54184
452069,52266
452070,41371
452071,46353
452072,52378
452073,79455
452074,53082
452075,50929
452076,75105
452077,56010
452078,90667
452079,67040
452080,58853
452081,55817
452082,50317
452083,72744
452084,47120
452085,67397
452086,40000
452087,51719
452088,58928
452089,59702
452090,54079
452091,56445
452092,92590
452093,58624
452094,51621
452095,76789
452096,47296
452097,58430
452098,45166
452099,40000
452100,40000
452101,40000
452102,40000
452103,43134
452104,55816
452105,40000
452106,51821
452107,40000
452108,67061
452109,82109
452110,40000
452111,58652
452112,61904
452113,40000
452114,40000
452115,46455
452116,41540
452117,72442
452118,59085
452119,75521
452120,49108
452121,42645
452122,58539
452123,46368
452124,54080
452125,77891
452126,46007
452127,40000
452128,71554
452129,61931
452130,60045
452131,67476
452132,56994
452133,40000
452134,50341
452135,82082
452136,40000
452137,59812
452138,43662
452139,40000
452140,44388
452141,42114
452142,67555
452143,42893
452144,40000
452145,40000
452146,52660
452147,57513
452148,45689
452149,40000
452150,64059
452151,40000
452152,50488
452153,40000
452154,40000
452155,44390
452156,65852
452157,44790
452158,41450
452159,40000
452160,58089
452161,40188
452162,57708
452163,45775
452164,63650
452165,63704
452166,69614
452167,66534
452168,85208
452169,40000
452170,40000
452171,52044
452172,40000
452173,68060
452174,40000
452175,50749
452176,40000
452177,40000
452178,48423
452179,57030
452180,92259
452181,49124
452182,60394
452183,40000
452184,52406
452185,67737
452186,40000
452187,57102
452188,51706
452189,40000
452190,70724
452191,44549
452192,67057
452193,40000
452194,51894
452195,40000
452196,40000
452197,57692
452198,52403
452199,40000
452200,93441
452201,40000
452202,61493
452203,57555
452204,79492
452205,58654
452206,57175
452207,65515
452208,52950
452209,47969
452210,40000
452211,79259
452212,40000
452213,40000
452214,40325
452215,40000
452216,69983
452217,64788
452218,40000
452219,43964
452220,40000
452221,65502
452222,74115
452223,46135
452224,60174
452225,43947
452226,71769
452227,66122
452228,53864
452229,69668
452230,71524
452231,40000
452232,92874
452233,76078
452234,63217
452235,40000
452236,40000
452237,45098
452238,57473
452239,40283
452240,54124
452241,40000
452242,44181
452243,40000
452244,44259
452245,72115
452246,55134
452247,40000
452248,57505
452249,40000
452250,58225
452251,40000
452252,42243
452253,88294
452254,44743
452255,40000
452256,75348
452257,67081
452258,40000
452259,40000
452260,46818
452261,43127
452262,60753
452263,76113
452264,40000
452265,63494
452266,73662
452267,40000
452268,59329
452269,58826
452270,75510
452271,63768
452272,40000
452273,40000
452274,69499
452275,98917
452276,47009
452277,40000
452278,40000
452279,40000
452280,45600
452281,47273
452282,51820
452283,52439
452284,40000
452285,55734
452286,40000
452287,63940
452288,49201
452289,61793
452290,54028
452291,51296
452292,73225
452293,70612
452294,41810
452295,50786
452296,51439
452297,50650
452298,61226
452299,44464
452300,61925
452301,40000
452302,40000
452303,40000
452304,48682
452305,77081
452306,43424
452307,57228
452308,68339
452309,40000
452310,62111
452311,49067
452312,67081
452313,48188
452314,91198
452315,40000
452316,40000
452317,72977
452318,78357
452319,40000
452320,40000
452321,40000
452322,40000
452323,67697
452324,68648
452325,71879
452326,40000
452327,48771
452328,42160
452329,48169
452330,40000
452331,40000
452332,85485
452333,44629
452334,75955
452335,52441
452336,48141
452337,40000
452338,43725
452339,41476
452340,52091
452341,40000
452342,64501
452343,69990
452344,62576
452345,65697
452346,77822
452347,56042
452348,40000
452349,40000
452350,40000
452351,49604
452352,55817
452353,64856
452354,40000
452355,40000
452356,62387
452357,60664
452358,71612
452359,75713
452360,40000
452361,83279
452362,54904
452363,65882
452364,40000
452365,40000
452366,40000
452367,40000
452368,68516
452369,41958
452370,40000
452371,48941
452372,72285
452373,69929
452374,40000
452375,70034
452376,41633
452377,56902
452378,43216
452379,44714
452380,63545
452381,46487
452382,47733
452383,77884
452384,40378
452385,40000
452386,40000
452387,55327
452388,80561
452389,40000
452390,41770
452391,55497
452392,40000
452393,71072
452394,86405
452395,40000
452396,40000
452397,40000
452398,50870
452399,58736
452400,40000
452401,66562
452402,40000
452403,40000
452404,40000
452405,40000
452406,40000
452407,60780
452408,65358
452409,52924
452410,45652
452411,40000
452412,40000
452413,40000
452414,52983
452415,40000
452416,40000
452417,46156
452418,69402
452419,87455
452420,40000
452421,66917
452422,59823
452423,45152
452424,62677
452425,43878
452426,45177
452427,60874
452428,57414
452429,40403
452430,40000
452431,69218
452432,40000
452433,54479
452434,58408
452435,62529
452436,40000
452437,67738
452438,62931
452439,67545
452440,78251
452441,40000
452442,69413
452443,40000
452444,40000
452445,46305
452446,40000
452447,60814
452448,66315
452449,69785
452450,75432
452451,64113
452452,41461
452453,40000
452454,61406
452455,40000
452456,64503
452457,43491
452458,72091
452459,42924
452460,40000
452461,50572
452462,42265
452463,40000
452464,70874
452465,42781
452466,40000
452467,40000
452468,65270
452469,43315
452470,47287
452471,40000
452472,78503
452473,40000
452474,40000
452475,54737
452476,48724
452477,40000
452478,60140
452479,40000
452480,46878
452481,87093
452482,66406
452483,40000
452484,58404
452485,53642
452486,54300
452487,46274
452488,46240
452489,55400
452490,40000
452491,40000
452492,40000
452493,51569
452494,66764
452495,40000
452496,40000
452497,41878
452498,40000
452499,40000
452500,40000
452501,79311
452502,68528
452503,73035
452504,73157
452505,68277
452506,48359
452507,40000
452508,54993
452509,50931
452510,83971
452511,45130
452512,40000
452513,40000
452514,40000
452515,40000
452516,40000
452517,66953
452518,40000
452519,40000
452520,40000
452521,40000
452522,64668
452523,46949
452524,44918
452525,106261
452526,40287
452527,55929
452528,62012
452529,82817
452530,50603
452531,49586
452532,42011
452533,74106
452534,58377
452535,44343
452536,40000
452537,62810
452538,51925
452539,42746
452540,44622
452541,56016
452542,69477
452543,40000
452544,94538
452545,40000
452546,40000
452547,40000
452548,40000
452549,70079
452550,52702
452551,61317
452552,40000
452553,62766
452554,72971
452555,48041
452556,58648
452557,81985
452558,40000
452559,67492
452560,63900
452561,54991
452562,40000
452563,57128
452564,68691
452565,56958
452566,41517
452567,49404
452568,40000
452569,48584
452570,42007
452571,40000
452572,49664
452573,66731
452574,46011
452575,50971
452576,48631
452577,40000
452578,40000
452579,73992
452580,40000
452581,40000
452582,40000
452583,59483
452584,50445
452585,40000
452586,40000
452587,49485
452588,70503
452589,45216
452590,40000
452591,40000
452592,40000
452593,40000
452594,40000
452595,40580
452596,40557
452597,66600
452598,79584
452599,46566
452600,40000
452601,40146
452602,55108
452603,76812
452604,40000
452605,48073
452606,69540
452607,40000
452608,49434
452609,89661
452610,65210
452611,40000
452612,46622
452613,40000
452614,54011
452615,40000
452616,40000
452617,41862
452618,91212
452619,40000
452620,50585
452621,54062
452622,40000
452623,45598
452624,40000
452625,40000
452626,40000
452627,40000
452628,56307
452629,70033
452630,40903
452631,74509
452632,54022
452633,100118
452634,40000
452635,54955
452636,40000
452637,71248
452638,76248
452639,50087
452640,40000
452641,63586
452642,52507
452643,113707
452644,61599
452645,41442
452646,64568
452647,45406
452648,40000
452649,55785
452650,40000
452651,40000
452652,40000
452653,40000
452654,76625
452655,40000
452656,40000
452657,41578
452658,50333
452659,72268
452660,46507
452661,56861
452662,40000
452663,40000
452664,66871
452665,40000
452666,50070
452667,40000
452668,82497
452669,52544
452670,70533
452671,63434
452672,40000
452673,85183
452674,69212
452675,48685
452676,40000
452677,49361
452678,40000
452679,60733
452680,62985
452681,40000
452682,49153
452683,41474
452684,52603
452685,86185
452686,40000
452687,54584
452688,40000
452689,50201
452690,77037
452691,40000
452692,44252
452693,40000
452694,70199
452695,40000
452696,61021
452697,62895
452698,40000
452699,40000
452700,40000
452701,40000
452702,57574
452703,70568
452704,58780
452705,57709
452706,73686
452707,40000
452708,49821
452709,57573
452710,40000
452711,40000
452712,44674
452713,40000
452714,73970
452715,40000
452716,51402
452717,55781
452718,58127
452719,45765
452720,40000
452721,62237
452722,74339
452723,40000
452724,71890
452725,54658
452726,76649
452727,70518
452728,40000
452729,60721
452730,40000
452731,40000
452732,40000
452733,40000
452734,42517
452735,68672
452736,57118
452737,55744
452738,75969
452739,40000
452740,40000
452741,40114
452742,40000
452743,40000
452744,40000
452745,40000
452746,56807
452747,46807
452748,69176
452749,69938
452750,76160
452751,91916
452752,76783
452753,71361
452754,77475
452755,68247
452756,62928
452757,88221
452758,40000
452759,91091
452760,59575
452761,82738
452762,40000
452763,40000
452764,55027
452765,72117
452766,76720
452767,40000
452768,40000
452769,40000
452770,40000
452771,99805
452772,40000
452773,44018
452774,57471
452775,67133
452776,52365
452777,40000
452778,57447
452779,40000
452780,45644
452781,45221
452782,60334
452783,80096
452784,47993
452785,47821
452786,48632
452787,40000
452788,53307
452789,52407
452790,49217
452791,74391
452792,53893
452793,40000
452794,40000
452795,47342
452796,40000
452797,64932
452798,50486
452799,77984
452800,47697
452801,102844
452802,48480
452803,45120
452804,44213
452805,40000
452806,40000
452807,50833
452808,62660
452809,40000
452810,66482
452811,40000
452812,40000
452813,71907
452814,55437
452815,64913
452816,42741
452817,53205
452818,48080
452819,40000
452820,48154
452821,52844
452822,46929
452823,40000
452824,40000
452825,40000
452826,54529
452827,81773
452828,62625
452829,69921
452830,53642
452831,44954
452832,41039
452833,40000
452834,49847
452835,55499
452836,70241
452837,40360
452838,45022
452839,40000
452840,49260
452841,49228
452842,51864
452843,40000
452844,40000
452845,72194
452846,40000
452847,66638
452848,40000
452849,40000
452850,40000
452851,57613
452852,52221
452853,47580
452854,40000
452855,44512
452856,59276
452857,41533
452858,40000
452859,57777
452860,40000
452861,59951
452862,69109
452863,52039
452864,40000
452865,45471
452866,40003
452867,71526
452868,40000
452869,40000
452870,60240
452871,75844
452872,59911
452873,61334
452874,55242
452875,64684
452876,57809
452877,54833
452878,40000
452879,53303
452880,69347
452881,40705
452882,40000
452883,40000
452884,101951
452885,45598
452886,40000
452887,57990
452888,40000
452889,69410
452890,40000
452891,48035
452892,40746
452893,44420
452894,68504
452895,40000
452896,40000
452897,40000
452898,40000
452899,70851
452900,77494
452901,40811
452902,53988
452903,46616
452904,43755
452905,48799
452906,81677
452907,76523
452908,54986
452909,74421
452910,61143
452911,72593
452912,40000
452913,42465
452914,54594
452915,55703
452916,84531
452917,66196
452918,73879
452919,48204
452920,53120
452921,47612
452922,60636
452923,40000
452924,41270
452925,42532
452926,80944
452927,67817
452928,58284
452929,78107
452930,40000
452931,46472
452932,48283
452933,40000
452934,41373
452935,69749
452936,51518
452937,54121
452938,44291
452939,40000
452940,40000
452941,88930
452942,58809
452943,63846
452944,40000
452945,55581
452946,45811
452947,83419
452948,44446
452949,82471
452950,60234
452951,40000
452952,40000
452953,40000
452954,40000
452955,43622
452956,44716
452957,60350
452958,79833
452959,89907
452960,44236
452961,40000
452962,40291
452963,43570
452964,81530
452965,40000
452966,71628
452967,48338
452968,50268
452969,47956
452970,40000
452971,63977
452972,71413
452973,57774
452974,56879
452975,40000
452976,57052
452977,52061
452978,59010
452979,51102
452980,40000
452981,47094
452982,103154
452983,62235
452984,98019
452985,43191
452986,86211
452987,40635
452988,55965
452989,40000
452990,74364
452991,67245
452992,54900
452993,56537
452994,75789
452995,43488
452996,70311
452997,74550
452998,40000
452999,40000
453000,66393
453001,40000
453002,74772
453003,69444
453004,64392
453005,52950
453006,41173
453007,43778
453008,43913
453009,50038
453010,40000
453011,40000
453012,40000
453013,40000
453014,41545
453015,65477
453016,40000
453017,40000
453018,73830
453019,48520
453020,88736
453021,40000
453022,40000
453023,74649
453024,48313
453025,46899
453026,77078
453027,52242
453028,72322
453029,40000
453030,40000
453031,40000
453032,64888
453033,41657
453034,40000
453035,49608
453036,83138
453037,40000
453038,60061
453039,58868
453040,40000
453041,40000
453042,41642
453043,42390
453044,40000
453045,60921
453046,71743
453047,47250
453048,90286
453049,45780
453050,58841
453051,40000
453052,41725
453053,48468
453054,40000
453055,45361
453056,68089
453057,58470
453058,44719
453059,40000
453060,40000
453061,40000
453062,62855
453063,60317
453064,40000
453065,43148
453066,56183
453067,40000
453068,42845
453069,73725
453070,40000
453071,45446
453072,40000
453073,52251
453074,40000
453075,52384
453076,47754
453077,51462
453078,53878
453079,44376
453080,77451
453081,50916
453082,40000
453083,72001
453084,41679
453085,40000
453086,40000
453087,51908
453088,40000
453089,40000
453090,87639
453091,40000
453092,40000
453093,40000
453094,40000
453095,40000
453096,88122
453097,40000
453098,40000
453099,40000
453100,40000
453101,65019
453102,40000
453103,79598
453104,40000
453105,52665
453106,40000
453107,40000
453108,40000
453109,63597
453110,56035
453111,56793
453112,87529
453113,40800
453114,58935
453115,71002
453116,40000
453117,59331
453118,73555
453119,83079
453120,65217
453121,56404
453122,40000
453123,66026
453124,55113
453125,42212
453126,64293
453127,61071
453128,40000
453129,57473
453130,40000
453131,40000
453132,58944
453133,69160
453134,70550
453135,44751
453136,84565
453137,83802
453138,56312
453139,60751
453140,42061
453141,104785
453142,40000
453143,40000
453144,40660
453145,40000
453146,66039
453147,55791
453148,47978
453149,62694
453150,44590
453151,51672
453152,46108
453153,40000
453154,40000
453155,65695
453156,70175
453157,73514
453158,41936
453159,54244
453160,40000
453161,50025
453162,40000
453163,43343
453164,41262
453165,43826
453166,76130
453167,75257
453168,50217
453169,52764
453170,89555
453171,42035
453172,61952
453173,43066
453174,64472
453175,40000
453176,43263
453177,40000
453178,49240
453179,40000
453180,48444
453181,40000
453182,67674
453183,94005
453184,56511
453185,54225
453186,40000
453187,90217
453188,54412
453189,40000
453190,40000
453191,42624
453192,51456
453193,45620
453194,60833
453195,49892
453196,40091
453197,69900
453198,40000
453199,40000
453200,40000
453201,58279
453202,65258
453203,72343
453204,40000
453205,40000
453206,40000
453207,60336
453208,53180
453209,63641
453210,95505
453211,40592
453212,47380
453213,57676
453214,56784
453215,40917
453216,81468
453217,40000
453218,57235
453219,56827
453220,52672
453221,56389
453222,43781
453223,40000
453224,40469
453225,58393
453226,40000
453227,44834
453228,44481
453229,51712
453230,73368
453231,80317
453232,77405
453233,40000
453234,56394
453235,75813
453236,46683
453237,42849
453238,65674
453239,67334
453240,87309
453241,51175
453242,49457
453243,47581
453244,57662
453245,46555
453246,74037
453247,51934
453248,40000
453249,77492
453250,54290
453251,40493
453252,71948
453253,55903
453254,71397
453255,51401
453256,40000
453257,40000
453258,90050
453259,40000
453260,92437
453261,62264
453262,55581
453263,45487
453264,76158
453265,56667
453266,46202
453267,47319
453268,50158
453269,40000
453270,43566
453271,48388
453272,45704
453273,80256
453274,55111
453275,58466
453276,43861
453277,43917
453278,40000
453279,40000
453280,45712
453281,50576
453282,53240
453283,52901
453284,42007
453285,40000
453286,40000
453287,40000
453288,40000
453289,40227
453290,43782
453291,40000
453292,41017
453293,46186
453294,93807
453295,63546
453296,44839
453297,66638
453298,40000
453299,40000
453300,75249
453301,54064
453302,48467
453303,42183
453304,40000
453305,48677
453306,78501
453307,40000
453308,40000
453309,43904
453310,40000
453311,63760
453312,40000
453313,49186
453314,40000
453315,65700
453316,60098
453317,62290
453318,77553
453319,44591
453320,40101
453321,73281
453322,40000
453323,40000
453324,40503
453325,41206
453326,49065
453327,40000
453328,61554
453329,68175
453330,68389
453331,61047
453332,78159
453333,73661
453334,68614
453335,66851
453336,40012
453337,40000
453338,74714
453339,53368
453340,52043
453341,79361
453342,55155
453343,40000
453344,40000
453345,40285
453346,40000
453347,40000
453348,40000
453349,53012
453350,61444
453351,40000
453352,45996
453353,43454
453354,48240
453355,40000
453356,49547
453357,42906
453358,40356
453359,40000
453360,57306
453361,46254
453362,86947
453363,40000
453364,66846
453365,63570
453366,59501
453367,40000
453368,74052
453369,52111
453370,43925
453371,55346
453372,55821
453373,40000
453374,40000
453375,40000
453376,64808
453377,46537
453378,63758
453379,49736
453380,40000
453381,40000
453382,40000
453383,56635
453384,48216
453385,40859
453386,40000
453387,49617
453388,40000
453389,76450
453390,40000
453391,45127
453392,40000
453393,52093
453394,67418
453395,64218
453396,59771
453397,92531
453398,40000
453399,50719
453400,67063
453401,79870
453402,99343
453403,80966
453404,97080
453405,40000
453406,44392
453407,67100
453408,40000
453409,55966
453410,40000
453411,50910
453412,82520
453413,40000
453414,43395
453415,58924
453416,47705
453417,40000
453418,40000
453419,40462
453420,57040
453421,56280
453422,89345
453423,58076
453424,57304
453425,40000
453426,52709
453427,43411
453428,56588
453429,50262
453430,40000
453431,76477
453432,40000
453433,62298
453434,75833
453435,40000
453436,42154
453437,74241
453438,48960
453439,59882
453440,83457
453441,70889
453442,55352
453443,40000
453444,40000
453445,71821
453446,40000
453447,70690
453448,51914
453449,55784
453450,57744
453451,84339
453452,72804
453453,90828
453454,60764
453455,43409
453456,40000
453457,42053
453458,40000
453459,45856
453460,60521
453461,72718
453462,60057
453463,61779
453464,60032
453465,41062
453466,43926
453467,68946
453468,64831
453469,62688
453470,57186
453471,41111
453472,61128
453473,75830
453474,45250
453475,86221
453476,40000
453477,93715
453478,40000
453479,78924
453480,43564
453481,47601
453482,40000
453483,40000
453484,40000
453485,44516
453486,40000
453487,68254
453488,44112
453489,40000
453490,50107
453491,40000
453492,75308
453493,49243
453494,43928
453495,78885
453496,40266
453497,40000
453498,50110
453499,45957
453500,75079
453501,43830
453502,51550
453503,48481
453504,78301
453505,68864
453506,64969
453507,58460
453508,40000
453509,43136
453510,40000
453511,72239
453512,40000
453513,62890
453514,58438
453515,83204
453516,49701
453517,67234
453518,40000
453519,85183
453520,75958
453521,77961
453522,49881
453523,66251
453524,40000
453525,59521
453526,88589
453527,44731
453528,70205
453529,70167
453530,56157
453531,40000
453532,94213
453533,56544
453534,55724
453535,44634
453536,83280
453537,51992
453538,40000
453539,46059
453540,40000
453541,40000
453542,61873
453543,52988
453544,57889
453545,57252
453546,50641
453547,41700
453548,54544
453549,40000
453550,40000
453551,63154
453552,40000
453553,60100
453554,42299
453555,59932
453556,50778
453557,40000
453558,68781
453559,92625
453560,71824
453561,51711
453562,45950
453563,41846
453564,40000
453565,40000
453566,40000
453567,49252
453568,68478
453569,52118
453570,49273
453571,40000
453572,49476
453573,50330
453574,40000
453575,63440
453576,48238
453577,40000
453578,65830
453579,41512
453580,62283
453581,63384
453582,60448
453583,45747
453584,52942
453585,59907
453586,67276
453587,44522
453588,46163
453589,74005
453590,61615
453591,87472
453592,40000
453593,52063
453594,42412
453595,46616
453596,81651
453597,41103
453598,64747
453599,56839
453600,40000
453601,40000
453602,63391
453603,56839
453604,46425
453605,40000
453606,40000
453607,70571
453608,40000
453609,56528
453610,42258
453611,43758
453612,44966
453613,40000
453614,40000
453615,50284
453616,40000
453617,57884
453618,44781
453619,40000
453620,51335
453621,66405
453622,47397
453623,40000
453624,73431
453625,40000
453626,40000
453627,40000
453628,64688
453629,48029
453630,40000
453631,48995
453632,40000
453633,67357
453634,41049
453635,63610
453636,40000
453637,47229
453638,40000
453639,40000
453640,54399
453641,54539
453642,40910
453643,70905
453644,60389
453645,88314
453646,40000
453647,40000
453648,43880
453649,74011
453650,40000
453651,40000
453652,54381
453653,40000
453654,57042
453655,47678
453656,46491
453657,40000
453658,59354
453659,40000
453660,83074
453661,67738
453662,40000
453663,49794
453664,61430
453665,72071
453666,51254
453667,70311
453668,48002
453669,40000
453670,40000
453671,40000
453672,45799
453673,40000
453674,74646
453675,59709
453676,44380
453677,40000
453678,40000
453679,49447
453680,71847
453681,40000
453682,40000
453683,40000
453684,50321
453685,44954
453686,53364
453687,40000
453688,40000
453689,40000
453690,51562
453691,50272
453692,51063
453693,43833
453694,41624
453695,76682
453696,40000
453697,44486
453698,59698
453699,89471
453700,55363
453701,73702
453702,62908
453703,46455
453704,43721
453705,40000
453706,54769
453707,40000
453708,66400
453709,57904
453710,44492
453711,40000
453712,59827
453713,40000
453714,50212
453715,40000
453716,93690
453717,40000
453718,78042
453719,43877
453720,60440
453721,55454
453722,40000
453723,40996
453724,40000
453725,44519
453726,63582
453727,81585
453728,77118
453729,76213
453730,48902
453731,40000
453732,40000
453733,40000
453734,40000
453735,64241
453736,80918
453737,40000
453738,42397
453739,76414
453740,49227
453741,87007
453742,40000
453743,40000
453744,40000
453745,59447
453746,41891
453747,40000
453748,40000
453749,62041
453750,65092
453751,51006
453752,40000
453753,70051
453754,81014
453755,94320
453756,40000
453757,71531
453758,40000
453759,80329
453760,40000
453761,40000
453762,46455
453763,60076
453764,40000
453765,51410
453766,74193
453767,40000
453768,49457
453769,76626
453770,40000
453771,70312
453772,40000
453773,40000
453774,56389
453775,40894
453776,86761
453777,48443
453778,73240
453779,49884
453780,40000
453781,56385
453782,51214
453783,43547
453784,40000
453785,76776
453786,60421
453787,40000
453788,40712
453789,40000
453790,59270
453791,54698
453792,45491
453793,47335
453794,51098
453795,44817
453796,40000
453797,44110
453798,40000
453799,40000
453800,40000
453801,47812
453802,40000
453803,51533
453804,40000
453805,64203
453806,57301
453807,68689
453808,44505
453809,55017
453810,59005
453811,88904
453812,72127
453813,64314
453814,54425
453815,56536
453816,40000
453817,40000
453818,40000
453819,40000
453820,40000
453821,40000
453822,47551
453823,55020
453824,46138
453825,42867
453826,40000
453827,40000
453828,40000
453829,47269
453830,50414
453831,40000
453832,40000
453833,94470
453834,49108
453835,77678
453836,40000
453837,63948
453838,49649
453839,82443
453840,57166
453841,40000
453842,40000
453843,87896
453844,61899
453845,49901
453846,52254
453847,40000
453848,55904
453849,40000
453850,61916
453851,98152
453852,58123
453853,69179
453854,48873
453855,85923
453856,40000
453857,64805
453858,40000
453859,40000
453860,40000
453861,73744
453862,53598
453863,54756
453864,45863
453865,41174
453866,40000
453867,40000
453868,56656
453869,85019
453870,57108
453871,42112
453872,40000
453873,52393
453874,40000
453875,40000
453876,66359
453877,71994
453878,50736
453879,70899
453880,60735
453881,51655
453882,40541
453883,56261
453884,94093
453885,40000
453886,67306
453887,50014
453888,43070
453889,40000
453890,40000
453891,40000
453892,40000
453893,51303
453894,49887
453895,58466
453896,40000
453897,51851
453898,47760
453899,76887
453900,40000
453901,41010
453902,67183
453903,61518
453904,71108
453905,83727
453906,49431
453907,48383
453908,83810
453909,40000
453910,46801
453911,58406
453912,81842
453913,66997
453914,40000
453915,45892
453916,68412
453917,54924
453918,40000
453919,47318
453920,72339
453921,40000
453922,73410
453923,61920
453924,42207
453925,51582
453926,45183
453927,40000
453928,68671
453929,40000
453930,69691
453931,40000
453932,40000
453933,77029
453934,64636
453935,40000
453936,46416
453937,40000
453938,56500
453939,83460
453940,58875
453941,40000
453942,67650
453943,65044
453944,69615
453945,61966
453946,72223
453947,73380
453948,40000
453949,40000
453950,63027
453951,60611
453952,62142
453953,58671
453954,40000
453955,45463
453956,71137
453957,52523
453958,65202
453959,41701
453960,40000
453961,40000
453962,50733
453963,76066
453964,40000
453965,63560
453966,48904
453967,75856
453968,55183
453969,44999
453970,43903
453971,40000
453972,57105
453973,52463
453974,40800
453975,49240
453976,40000
453977,40000
453978,40000
453979,40000
453980,63555
453981,43590
453982,40000
453983,40000
453984,44101
453985,42876
453986,40000
453987,71701
453988,51606
453989,40000
453990,73710
453991,55051
453992,46931
453993,67227
453994,76620
453995,45842
453996,51234
453997,45784
453998,40000
453999,51041
454000,64040
454001,64351
454002,72712
454003,76687
454004,53890
454005,40000
454006,40000
454007,73994
454008,40000
454009,55494
454010,40000
454011,40000
454012,81520
454013,40000
454014,40000
454015,80255
454016,59738
454017,43400
454018,40000
454019,40000
454020,45364
454021,40000
454022,40000
454023,72691
454024,42611
454025,59886
454026,62581
454027,40000
454028,93538
454029,60047
454030,64828
454031,63178
454032,82408
454033,40000
454034,40000
454035,46213
454036,61466
454037,43155
454038,76389
454039,40000
454040,49110
454041,40000
454042,80060
454043,58151
454044,46038
454045,45502
454046,68100
454047,64003
454048,40000
454049,42919
454050,46401
454051,42887
454052,40000
454053,40000
454054,59428
454055,40000
454056,68086
454057,62515
454058,49855
454059,65913
454060,51806
454061,54493
454062,40000
454063,40000
454064,40000
454065,59077
454066,40174
454067,94175
454068,89193
454069,40867
454070,61996
454071,40000
454072,66056
454073,56980
454074,61845
454075,40000
454076,80440
454077,66190
454078,44632
454079,72501
454080,40000
454081,61411
454082,62069
454083,42145
454084,55400
454085,46642
454086,40000
454087,40000
454088,40000
454089,45270
454090,50566
454091,63670
454092,42882
454093,71509
454094,71135
454095,66782
454096,78128
454097,40000
454098,40000
454099,45498
454100,56932
454101,99386
454102,71884
454103,63106
454104,40000
454105,49705
454106,40000
454107,44340
454108,47662
454109,40000
454110,40000
454111,53309
454112,40000
454113,44585
454114,40000
454115,62418
454116,76583
454117,61617
454118,46304
454119,60066
454120,46536
454121,49402
454122,58131
454123,55906
454124,64201
454125,40000
454126,76893
454127,40000
454128,42867
454129,45695
454130,40000
454131,40000
454132,42148
454133,40000
454134,47159
454135,65637
454136,40000
454137,44172
454138,72563
454139,58118
454140,40000
454141,64152
454142,40000
454143,49426
454144,70196
454145,40333
454146,72337
454147,63719
454148,60160
454149,40000
454150,40000
454151,54403
454152,40000
454153,46634
454154,40000
454155,52547
454156,54115
454157,48007
454158,71899
454159,43270
454160,49443
454161,69238
454162,40000
454163,40000
454164,40000
454165,40000
454166,91168
454167,44037
454168,40000
454169,51675
454170,70210
454171,45456
454172,58885
454173,40000
454174,40000
454175,59641
454176,40000
454177,66204
454178,56709
454179,40000
454180,66651
454181,63760
454182,72339
454183,66294
454184,52064
454185,40000
454186,58649
454187,51796
454188,68779
454189,40000
454190,49966
454191,54682
454192,70073
454193,40000
454194,40000
454195,68755
454196,62845
454197,40050
454198,61750
454199,53511
454200,40000
454201,49673
454202,67470
454203,57914
454204,44463
454205,75889
454206,62759
454207,44580
454208,65929
454209,68161
454210,68966
454211,62331
454212,40000
454213,40000
454214,48014
454215,47830
454216,40000
454217,40000
454218,52460
454219,74279
454220,40000
454221,40000
454222,60571
454223,40000
454224,47915
454225,59623
454226,82326
454227,64430
454228,56102
454229,51824
454230,63078
454231,51381
454232,73322
454233,41221
454234,42120
454235,40000
454236,70990
454237,46170
454238,40000
454239,84544
454240,78973
454241,66288
454242,44729
454243,55746
454244,63299
454245,56259
454246,40000
454247,56007
454248,54128
454249,40000
454250,64389
454251,40000
454252,53902
454253,71947
454254,40000
454255,62899
454256,40000
454257,63552
454258,40000
454259,40000
454260,40000
454261,91700
454262,59929
454263,40000
454264,40000
454265,40000
454266,66441
454267,51508
454268,68519
454269,57810
454270,41809
454271,40000
454272,66078
454273,60351
454274,49785
454275,90429
454276,51814
454277,80377
454278,50940
454279,81432
454280,77461
454281,83391
454282,60273
454283,40000
454284,40000
454285,40000
454286,54870
454287,40000
454288,45694
454289,40000
454290,51573
454291,58446
454292,44997
454293,40000
454294,40000
454295,73679
454296,47605
454297,40000
454298,70049
454299,69079
454300,40000
454301,50612
454302,69865
454303,52907
454304,69500
454305,40000
454306,40243
454307,79210
454308,41427
454309,42369
454310,45172
454311,40000
454312,50425
454313,40000
454314,53494
454315,71465
454316,53277
454317,84933
454318,43442
454319,40000
454320,55494
454321,94869
454322,64944
454323,84863
454324,40000
454325,42607
454326,40000
454327,64899
454328,40000
454329,40657
454330,81808
454331,40000
454332,40000
454333,76224
454334,42909
454335,52679
454336,42997
454337,40000
454338,40000
454339,40000
454340,43443
454341,63688
454342,46157
454343,43490
454344,49880
454345,73081
454346,59402
454347,48623
454348,59715
454349,47878
454350,41853
454351,42161
454352,40000
454353,56769
454354,40000
454355,44358
454356,60722
454357,73175
454358,79853
454359,56335
454360,66080
454361,43815
454362,51085
454363,49140
454364,69503
454365,69923
454366,92453
454367,40000
454368,40000
454369,65665
454370,68434
454371,40000
454372,40000
454373,51731
454374,60162
454375,91546
454376,50019
454377,82298
454378,63514
454379,40000
454380,40000
454381,100800
454382,61961
454383,40000
454384,42636
454385,43749
454386,64108
454387,64973
454388,76826
454389,47655
454390,40000
454391,40000
454392,51452
454393,60803
454394,47329
454395,62016
454396,40000
454397,40000
454398,73189
454399,41696
454400,83047
454401,43082
454402,80718
454403,40000
454404,73127
454405,48017
454406,92718
454407,40000
454408,51399
454409,63985
454410,40000
454411,48775
454412,58157
454413,59551
454414,59485
454415,40000
454416,40000
454417,40000
454418,40000
454419,68715
454420,40000
454421,65597
454422,40316
454423,41853
454424,40020
454425,60876
454426,40000
454427,69603
454428,40000
454429,70384
454430,93820
454431,40000
454432,40000
454433,40000
454434,40000
454435,40000
454436,40000
454437,55787
454438,41250
454439,57351
454440,57842
454441,77643
454442,71283
454443,40000
454444,72077
454445,40000
454446,40000
454447,40000
454448,40000
454449,43151
454450,60037
454451,56921
454452,49425
454453,103650
454454,58778
454455,40000
454456,40000
454457,55593
454458,53024
454459,40000
454460,40000
454461,40000
454462,45993
454463,66449
454464,64723
454465,58678
454466,63658
454467,40000
454468,65120
454469,40000
454470,104931
454471,51421
454472,49748
454473,45632
454474,40000
454475,70056
454476,40000
454477,40000
454478,63875
454479,40000
454480,64859
454481,81523
454482,40000
454483,45489
454484,40000
454485,40000
454486,55727
454487,40000
454488,50956
454489,56757
454490,78744
454491,50268
454492,40000
454493,66258
454494,40000
454495,40000
454496,81472
454497,54848
454498,40000
454499,61359
454500,49659
454501,41223
454502,66180
454503,40000
454504,54190
454505,40000
454506,56513
454507,40000
454508,76160
454509,52480
454510,46693
454511,74135
454512,40000
454513,40000
454514,46943
454515,40000
454516,68426
454517,40000
454518,40000
454519,66774
454520,40000
454521,43688
454522,47414
454523,41003
454524,40000
454525,40000
454526,76298
454527,40000
454528,40000
454529,40000
454530,54562
454531,52236
454532,78267
454533,40000
454534,64690
454535,50163
454536,40000
454537,40000
454538,78515
454539,54968
454540,47703
454541,42233
454542,59293
454543,53190
454544,45211
454545,69340
454546,40000
454547,63985
454548,40000
454549,50209
454550,49910
454551,40000
454552,40000
454553,59605
454554,59992
454555,40955
454556,42449
454557,47632
454558,54350
454559,40000
454560,40000
454561,84007
454562,59706
454563,40000
454564,45725
454565,87857
454566,40868
454567,63517
454568,40000
454569,40000
454570,57341
454571,40000
454572,56724
454573,58499
454574,57989
454575,75495
454576,40000
454577,43123
454578,58290
454579,59457
454580,40000
454581,45832
454582,40000
454583,40000
454584,40000
454585,40000
454586,57529
454587,40000
454588,60809
454589,40000
454590,40000
454591,52369
454592,66196
454593,45004
454594,57326
454595,50973
454596,64525
454597,59498
454598,58583
454599,46099
454600,65866
454601,67976
454602,40000
454603,46806
454604,45171
454605,40000
454606,40000
454607,40000
454608,40000
454609,40000
454610,40000
454611,55974
454612,93727
454613,72118
454614,64528
454615,40000
454616,70569
454617,57741
454618,93366
454619,76318
454620,49140
454621,77181
454622,47697
454623,61341
454624,40000
454625,66714
454626,83628
454627,51005
454628,40000
454629,43467
454630,59829
454631,58339
454632,68365
454633,40000
454634,86513
454635,47584
454636,69303
454637,59608
454638,40000
454639,52287
454640,40000
454641,54231
454642,52697
454643,40000
454644,74298
454645,50540
454646,49529
454647,96778
454648,40000
454649,66981
454650,54809
454651,49129
454652,68016
454653,61641
454654,40000
454655,79092
454656,40000
454657,44129
454658,54112
454659,53309
454660,40000
454661,40000
454662,41533
454663,44804
454664,62328
454665,55711
454666,99030
454667,40000
454668,70618
454669,40000
454670,40000
454671,40000
454672,76887
454673,40000
454674,40000
454675,40000
454676,40000
454677,40000
454678,45626
454679,40000
454680,63364
454681,45126
454682,52247
454683,77738
454684,51469
454685,68381
454686,40000
454687,43000
454688,40000
454689,40000
454690,49990
454691,65938
454692,57395
454693,51118
454694,46739
454695,44556
454696,46414
454697,54959
454698,56054
454699,40000
454700,40000
454701,40000
454702,51774
454703,86263
454704,40000
454705,61820
454706,52255
454707,61707
454708,40000
454709,74496
454710,70397
454711,51088
454712,78126
454713,46530
454714,41382
454715,40000
454716,40000
454717,55022
454718,82087
454719,58187
454720,40000
454721,60500
454722,73553
454723,56752
454724,63818
454725,64734
454726,43511
454727,69054
454728,40000
454729,56708
454730,50223
454731,63791
454732,63638
454733,40000
454734,40000
454735,40000
454736,45224
454737,69278
454738,53686
454739,40000
454740,70242
454741,64511
454742,70504
454743,86331
454744,40000
454745,60519
454746,40000
454747,68568
454748,40000
454749,73588
454750,40000
454751,48545
454752,41362
454753,40000
454754,83792
454755,49604
454756,43012
454757,40000
454758,40000
454759,40000
454760,64626
454761,40000
454762,40000
454763,49484
454764,53340
454765,40000
454766,59645
454767,40000
454768,40000
454769,81067
454770,40000
454771,40000
454772,40000
454773,70641
454774,62352
454775,40291
454776,59893
454777,63813
454778,72315
454779,61454
454780,40597
454781,50603
454782,83090
454783,40000
454784,64725
454785,55641
454786,44282
454787,40000
454788,40000
454789,53378
454790,41609
454791,70297
454792,40000
454793,40000
454794,40000
454795,40000
454796,54325
454797,40000
454798,40000
454799,66879
454800,40000
454801,40000
454802,97213
454803,40000
454804,64375
454805,40000
454806,64064
454807,70478
454808,67869
454809,49550
454810,61433
454811,40000
454812,40000
454813,44078
454814,40000
454815,44513
454816,40222
454817,79781
454818,67931
454819,66480
454820,51261
454821,49425
454822,65193
454823,55104
454824,40000
454825,55857
454826,40000
454827,43065
454828,52068
454829,59452
454830,71879
454831,40000
454832,40000
454833,46122
454834,50374
454835,41929
454836,67872
454837,40000
454838,65360
454839,40000
454840,41800
454841,55171
454842,72010
454843,40000
454844,45191
454845,49003
454846,52112
454847,40000
454848,68864
454849,47490
454850,40000
454851,40000
454852,45980
454853,40000
454854,61915
454855,57733
454856,70061
454857,47843
454858,44020
454859,58277
454860,53760
454861,40000
454862,46904
454863,44471
454864,41253
454865,47335
454866,63113
454867,40000
454868,44736
454869,49411
454870,57679
454871,40000
454872,46673
454873,57133
454874,69301
454875,52302
454876,40000
454877,72082
454878,70419
454879,40000
454880,62400
454881,68627
454882,46728
454883,53596
454884,40000
454885,52276
454886,62808
454887,68554
454888,68241
454889,66796
454890,51171
454891,68388
454892,93522
454893,43886
454894,71030
454895,86636
454896,40000
454897,40000
454898,60557
454899,40000
454900,56213
454901,77717
454902,88479
454903,92339
454904,40000
454905,45187
454906,84111
454907,52795
454908,66067
454909,50976
454910,62039
454911,82424
454912,57569
454913,51589
454914,63116
454915,94667
454916,73674
454917,49228
454918,40000
454919,46134
454920,57198
454921,40000
454922,67701
454923,82613
454924,79301
454925,54997
454926,40000
454927,54892
454928,48033
454929,62541
454930,75088
454931,55482
454932,97754
454933,40000
454934,65467
454935,48204
454936,45514
454937,49011
454938,40000
454939,62748
454940,40000
454941,40000
454942,84113
454943,76481
454944,40000
454945,72272
454946,44757
454947,54959
454948,60999
454949,44130
454950,40000
454951,69233
454952,51193
454953,40000
454954,41204
454955,71894
454956,40000
454957,61489
454958,73559
454959,40000
454960,40000
454961,49765
454962,46055
454963,47643
454964,40000
454965,57187
454966,88871
454967,40000
454968,76563
454969,43458
454970,40221
454971,40000
454972,61076
454973,40000
454974,41313
454975,40000
454976,40000
454977,47598
454978,63759
454979,40000
454980,77013
454981,68821
454982,60545
454983,61232
454984,53239
454985,40000
454986,40000
454987,68570
454988,40000
454989,43603
454990,44544
454991,71759
454992,56216
454993,40000
454994,40000
454995,40000
454996,46858
454997,40000
454998,81357
454999,40000
455000,66902
455001,64417
455002,50921
455003,67748
455004,65189
455005,40000
455006,53279
455007,77059
455008,40000
455009,44450
455010,40000
455011,63422
455012,64779
455013,44751
455014,66968
455015,46229
455016,74619
455017,40000
455018,40000
455019,40000
455020,59407
455021,62760
455022,40000
455023,48889
455024,65154
455025,81217
455026,74179
455027,58648
455028,64581
455029,40000
455030,41192
455031,47773
455032,57765
455033,41739
455034,56016
455035,42205
455036,52403
455037,52877
455038,60547
455039,59060
455040,40000
455041,49971
455042,64956
455043,99455
455044,40000
455045,40000
455046,43432
455047,67270
455048,47121
455049,42088
455050,40000
455051,40000
455052,55466
455053,50927
455054,63990
455055,78593
455056,60292
455057,40000
455058,74388
455059,40000
455060,58516
455061,59792
455062,76834
455063,75035
455064,47074
455065,40000
455066,54001
455067,40000
455068,40000
455069,46285
455070,65732
455071,47359
455072,47560
455073,63960
455074,58705
455075,40000
455076,42774
455077,50115
455078,107231
455079,40000
455080,69227
455081,40000
455082,106288
455083,48639
455084,68489
455085,40000
455086,75249
455087,46864
455088,40000
455089,44664
455090,45226
455091,44153
455092,43927
455093,40000
455094,40000
455095,56599
455096,49119
455097,40000
455098,40000
455099,42569
455100,46517
455101,40000
455102,40000
455103,55187
455104,41864
455105,61438
455106,40000
455107,56825
455108,40000
455109,69785
455110,63533
455111,40000
455112,73432
455113,40000
455114,46084
455115,53048
455116,70763
455117,47450
455118,64661
455119,40000
455120,51304
455121,76350
455122,62960
455123,43395
455124,40000
455125,46538
455126,40000
455127,42751
455128,40000
455129,79016
455130,46917
455131,61996
455132,77578
455133,40000
455134,52795
455135,40000
455136,62398
455137,40000
455138,40000
455139,40000
455140,40000
455141,78997
455142,62549
455143,40000
455144,59179
455145,61711
455146,42320
455147,40000
455148,40000
455149,40000
455150,40000
455151,40596
455152,40000
455153,46165
455154,82585
455155,68696
455156,71938
455157,56595
455158,58804
455159,65818
455160,40000
455161,50106
455162,61064
455163,53309
455164,65453
455165,40000
455166,40000
455167,40000
455168,40000
455169,56572
455170,113674
455171,59318
455172,40000
455173,70269
455174,54828
455175,40000
455176,49918
455177,41478
455178,79057
455179,76599
455180,41974
455181,46019
455182,40000
455183,40000
455184,45694
455185,55385
455186,40000
455187,40000
455188,54783
455189,44994
455190,61808
455191,64573
455192,76076
455193,40401
455194,47997
455195,40000
455196,61318
455197,64840
455198,40000
455199,40000
455200,75687
455201,76721
455202,40000
455203,48110
455204,109903
455205,52948
455206,54877
455207,46558
455208,41901
455209,68880
455210,40000
455211,79207
455212,52411
455213,64304
455214,50654
455215,59245
455216,44240
455217,75010
455218,49992
455219,83646
455220,40000
455221,40000
455222,63718
455223,40000
455224,51241
455225,61138
455226,40000
455227,41925
455228,97710
455229,60959
455230,56671
455231,40000
455232,48646
455233,79710
455234,41585
455235,40870
455236,49020
455237,56644
455238,40000
455239,40000
455240,40000
455241,56794
455242,46956
455243,40126
455244,67770
455245,40000
455246,70545
455247,68688
455248,49983
455249,44882
455250,68844
455251,40000
455252,40000
455253,90618
455254,68240
455255,40000
455256,51819
455257,44193
455258,51844
455259,62901
455260,85411
455261,53435
455262,40000
455263,49145
455264,58607
455265,66473
455266,49416
455267,40000
455268,40635
455269,40000
455270,54100
455271,43648
455272,47519
455273,40000
455274,40000
455275,52851
455276,40000
455277,60993
455278,41195
455279,63425
455280,69651
455281,54338
455282,45459
455283,40000
455284,40000
455285,40000
455286,40000
455287,40000
455288,64611
455289,73379
455290,45101
455291,41463
455292,40000
455293,57685
455294,40000
455295,53499
455296,40000
455297,78678
455298,40000
455299,40000
455300,40000
455301,45662
455302,40000
455303,58431
455304,42252
455305,68646
455306,86113
455307,40000
455308,62327
455309,68927
455310,40000
455311,50678
455312,61355
455313,53920
455314,57802
455315,40000
455316,91058
455317,40000
455318,43648
455319,53322
455320,68173
455321,64422
455322,40000
455323,67066
455324,40000
455325,73507
455326,72900
455327,71859
455328,70454
455329,51933
455330,65909
455331,43133
455332,57901
455333,46332
455334,40000
455335,40000
455336,63056
455337,40000
455338,40945
455339,45181
455340,49921
455341,56626
455342,43648
455343,54348
455344,41987
455345,44149
455346,56245
455347,58221
455348,50407
455349,40000
455350,80653
455351,40000
455352,49033
455353,48826
455354,47969
455355,67056
455356,53254
455357,71989
455358,48919
455359,40000
455360,69207
455361,74080
455362,93515
455363,55905
455364,66467
455365,48592
455366,54853
455367,60444
455368,49207
455369,40000
455370,40382
455371,40000
455372,40000
455373,86065
455374,42215
455375,40000
455376,74248
455377,47953
455378,60667
455379,40000
455380,89314
455381,40000
455382,40000
455383,73399
455384,49884
455385,53592
455386,40000
455387,40000
455388,48918
455389,40000
455390,83402
455391,98021
455392,55666
455393,40000
455394,91319
455395,51028
455396,40000
455397,91468
455398,54805
455399,40000
455400,73234
455401,40000
455402,87032
455403,40000
455404,55695
455405,40000
455406,40000
455407,41901
455408,69065
455409,49841
455410,52466
455411,68814
455412,40000
455413,40000
455414,61102
455415,58961
455416,51599
455417,41373
455418,58432
455419,51209
455420,78766
455421,40000
455422,53140
455423,40000
455424,40000
455425,51273
455426,45450
455427,77212
455428,46603
455429,48319
455430,40000
455431,98189
455432,44848
455433,59529
455434,78759
455435,53446
455436,56546
455437,40000
455438,65145
455439,59502
455440,40000
455441,80803
455442,75838
455443,55866
455444,72844
455445,53481
455446,58704
455447,40000
455448,44148
455449,40000
455450,40000
455451,51949
455452,44653
455453,44830
455454,54432
455455,67885
455456,60291
455457,40000
455458,40000
455459,60472
455460,40000
455461,83563
455462,40000
455463,40000
455464,57182
455465,40000
455466,51466
455467,40000
455468,66559
455469,40000
455470,83523
455471,40000
455472,76172
455473,40000
455474,66454
455475,73791
455476,63244
455477,40000
455478,40000
455479,40000
455480,57493
455481,48625
455482,54953
455483,40000
455484,51338
455485,51977
455486,40000
455487,40000
455488,40064
455489,55387
455490,48626
455491,45343
455492,40000
455493,40000
455494,80836
455495,41825
455496,69701
455497,43981
455498,40000
455499,40000
455500,40000
455501,66793
455502,41676
455503,40000
455504,56616
455505,48648
455506,67877
455507,44689
455508,40000
455509,54604
455510,44473
455511,40000
455512,40000
455513,40000
455514,87701
455515,44303
455516,40000
455517,70144
455518,85292
455519,61003
455520,52936
455521,40000
455522,71585
455523,61016
455524,81981
455525,40000
455526,40000
455527,73213
455528,58466
455529,91932
455530,84624
455531,40000
455532,48983
455533,49571
455534,49621
455535,40000
455536,64230
455537,49572
455538,56626
455539,40000
455540,57302
455541,85879
455542,40312
455543,62838
455544,91307
455545,57926
455546,52501
455547,68375
455548,60461
455549,40000
455550,51603
455551,46418
455552,40000
455553,55751
455554,45280
455555,63379
455556,70983
455557,51067
455558,40000
455559,87910
455560,40000
455561,76533
455562,44974
455563,40000
455564,84038
455565,65238
455566,63177
455567,41743
455568,40000
455569,40000
455570,78930
455571,71516
455572,40000
455573,58384
455574,61989
455575,40000
455576,40000
455577,71815
455578,55172
455579,67544
455580,47670
455581,60635
455582,63360
455583,61526
455584,44917
455585,47437
455586,40000
455587,88688
455588,46607
455589,51509
455590,57159
455591,44528
455592,47141
455593,43755
455594,76176
455595,41416
455596,75816
455597,52539
455598,75246
455599,40000
455600,78214
455601,40000
455602,40000
455603,78681
455604,40000
455605,40000
455606,87737
455607,43153
455608,54835
455609,44867
455610,89269
455611,40000
455612,59521
455613,50981
455614,61900
455615,40000
455616,40000
455617,40000
455618,61501
455619,40000
455620,41588
455621,63478
455622,40000
455623,59163
455624,59585
455625,40000
455626,68743
455627,50649
455628,56327
455629,41565
455630,58927
455631,69535
455632,49587
455633,68149
455634,65556
455635,57766
455636,75273
455637,41536
455638,60915
455639,40000
455640,40000
455641,40000
455642,52620
455643,48117
455644,40000
455645,47058
455646,84120
455647,40000
455648,43356
455649,46539
455650,63919
455651,40000
455652,40000
455653,40000
455654,57806
455655,75553
455656,40000
455657,53827
455658,50750
455659,40000
455660,41052
455661,56053
455662,40000
455663,56769
455664,43173
455665,49733
455666,44926
455667,55102
455668,49730
455669,44986
455670,48148
455671,52383
455672,40000
455673,40000
455674,80079
455675,52311
455676,40000
455677,57179
455678,40000
455679,40000
455680,62334
455681,87706
455682,40000
455683,51555
455684,40000
455685,53241
455686,58271
455687,67046
455688,48187
455689,44851
455690,40000
455691,53840
455692,55133
455693,71344
455694,40000
455695,72638
455696,51452
455697,40508
455698,40000
455699,55629
455700,75412
455701,40000
455702,40000
455703,40000
455704,76920
455705,40000
455706,40000
455707,40000
455708,75456
455709,40000
455710,62786
455711,44566
455712,45509
455713,49487
455714,41921
455715,48587
455716,79392
455717,63075
455718,89534
455719,47187
455720,86961
455721,67889
455722,40000
455723,40000
455724,53786
455725,40000
455726,89978
455727,52711
455728,74331
455729,40000
455730,56851
455731,74865
455732,41367
455733,40000
455734,46195
455735,51281
455736,40000
455737,44065
455738,44427
455739,40000
455740,46310
455741,60228
455742,51793
455743,61255
455744,40000
455745,40000
455746,52254
455747,71077
455748,40000
455749,40000
455750,55237
455751,40000
455752,41880
455753,40000
455754,67253
455755,40000
455756,50726
455757,45334
455758,57144
455759,40000
455760,42265
455761,85745
455762,44447
455763,42614
455764,40000
455765,40000
455766,84722
455767,40000
455768,56767
455769,83820
455770,65678
455771,40000
455772,54276
455773,77921
455774,69162
455775,66058
455776,85511
455777,41621
455778,50937
455779,58823
455780,40000
455781,78457
455782,56298
455783,47706
455784,51026
455785,72792
455786,56792
455787,64046
455788,55978
455789,56272
455790,43995
455791,40000
455792,57740
455793,55652
455794,49868
455795,40635
455796,40000
455797,40000
455798,40000
455799,40000
455800,48900
455801,40000
455802,60687
455803,79301
455804,61944
455805,40000
455806,50357
455807,67512
455808,41504
455809,40000
455810,70761
455811,56902
455812,40000
455813,95624
455814,40757
455815,40000
455816,40000
455817,53440
455818,56729
455819,43421
455820,74069
455821,62990
455822,62214
455823,40000
455824,40512
455825,40000
455826,58680
455827,40000
455828,40000
455829,40000
455830,42188
455831,40000
455832,42202
455833,45735
455834,61852
455835,61776
455836,40000
455837,63434
455838,56268
455839,40000
455840,82816
455841,66941
455842,50959
455843,40000
455844,40000
455845,40000
455846,55506
455847,66226
455848,40000
455849,66233
455850,40000
455851,52630
455852,62516
455853,65645
455854,40000
455855,62211
455856,43106
455857,40000
455858,63450
455859,40000
455860,68841
455861,42231
455862,40000
455863,53477
455864,40000
455865,40000
455866,40000
455867,40000
455868,40000
455869,73403
455870,64152
455871,40000
455872,71029
455873,40000
455874,40000
455875,40000
455876,60803
455877,40363
455878,65201
455879,40000
455880,40000
455881,83123
455882,75852
455883,40000
455884,69153
455885,67512
455886,40000
455887,58883
455888,43579
455889,40000
455890,48171
455891,63367
455892,76652
455893,43710
455894,40000
455895,58151
455896,70737
455897,64064
455898,40000
455899,40000
455900,40000
455901,57765
455902,49101
455903,40000
455904,68204
455905,47742
455906,40000
455907,40000
455908,67862
455909,40000
455910,40000
455911,40000
455912,63384
455913,40000
455914,62820
455915,40875
455916,40000
455917,50472
455918,60450
455919,64371
455920,65540
455921,40000
455922,68171
455923,50023
455924,40000
455925,79025
455926,64031
455927,40000
455928,73392
455929,71667
455930,40000
455931,45283
455932,40000
455933,50343
455934,40000
455935,65197
455936,62044
455937,77195
455938,66348
455939,40000
455940,44152
455941,58259
455942,60321
455943,86244
455944,40000
455945,75605
455946,59153
455947,44139
455948,40000
455949,48675
455950,40000
455951,40000
455952,48182
455953,47614
455954,62232
455955,40000
455956,81733
455957,40923
455958,40000
455959,40640
455960,42091
455961,40000
455962,50832
455963,85468
455964,51144
455965,57019
455966,58528
455967,54096
455968,75916
455969,53115
455970,49760
455971,55814
455972,63952
455973,41631
455974,40000
455975,48151
455976,40000
455977,81801
455978,50999
455979,65984
455980,49313
455981,40000
455982,40000
455983,40000
455984,40000
455985,40000
455986,68402
455987,40000
455988,48379
455989,40000
455990,83505
455991,85382
455992,66616
455993,57139
455994,45068
455995,49658
455996,40000
455997,68832
455998,53915
455999,40000
456000,40000
456001,53643
456002,40000
456003,43017
456004,66473
456005,50766
456006,48923
456007,63030
456008,47421
456009,54562
456010,40000
456011,65625
456012,44384
456013,47883
456014,50070
456015,40000
456016,44291
456017,80958
456018,61729
456019,56904
456020,42203
456021,81977
456022,40000
456023,40000
456024,58549
456025,56478
456026,72376
456027,40000
456028,44780
456029,45791
456030,52756
456031,40000
456032,64745
456033,40775
456034,40000
456035,40000
456036,40000
456037,47523
456038,64131
456039,40000
456040,40000
456041,40000
456042,40000
456043,40000
456044,62641
456045,40000
456046,59117
456047,49957
456048,51988
456049,64353
456050,42697
456051,69358
456052,44703
456053,55263
456054,40000
456055,40000
456056,40000
456057,46125
456058,40000
456059,43831
456060,40000
456061,74656
456062,61561
456063,44080
456064,57454
456065,40000
456066,45576
456067,85551
456068,70244
456069,63172
456070,58722
456071,40000
456072,86975
456073,52631
456074,46883
456075,40000
456076,42997
456077,48536
456078,54131
456079,85966
456080,48652
456081,66819
456082,40000
456083,54291
456084,40000
456085,41472
456086,40000
456087,54182
456088,40000
456089,42693
456090,47894
456091,40000
456092,67132
456093,40000
456094,56952
456095,88059
456096,40000
456097,48389
456098,48652
456099,71974
456100,55274
456101,40000
456102,47141
456103,40000
456104,44617
456105,40000
456106,50903
456107,40000
456108,87602
456109,42745
456110,40000
456111,47439
456112,45084
456113,61861
456114,40000
456115,58542
456116,66872
456117,63584
456118,40000
456119,51664
456120,58124
456121,40000
456122,40313
456123,53471
456124,40807
456125,40000
456126,65049
456127,45629
456128,40000
456129,52864
456130,65240
456131,42848
456132,45595
456133,77469
456134,57810
456135,83520
456136,52192
456137,40000
456138,50974
456139,69821
456140,40000
456141,73712
456142,51083
456143,40000
456144,77219
456145,56952
456146,62646
456147,75955
456148,43158
456149,40000
456150,40000
456151,40000
456152,83948
456153,61685
456154,40000
456155,77189
456156,50478
456157,40000
456158,40000
456159,50802
456160,48805
456161,81171
456162,73114
456163,46076
456164,76600
456165,86961
456166,40000
456167,40083
456168,44241
456169,43729
456170,40000
456171,91892
456172,54764
456173,40000
456174,73149
456175,64245
456176,46651
456177,40000
456178,40000
456179,54521
456180,56198
456181,61805
456182,50605
456183,40000
456184,43666
456185,71225
456186,84339
456187,51562
456188,66319
456189,53938
456190,40000
456191,50865
456192,40000
456193,40000
456194,52455
456195,68421
456196,46673
456197,40000
456198,49402
456199,70527
456200,40000
456201,40000
456202,40000
456203,40000
456204,66758
456205,40585
456206,53772
456207,73676
456208,40000
456209,66167
456210,69964
456211,40000
456212,52820
456213,40000
456214,40000
456215,44584
456216,81654
456217,64398
456218,61523
456219,56684
456220,40000
456221,60239
456222,45047
456223,40000
456224,71568
456225,63958
456226,55369
456227,40000
456228,40000
456229,40000
456230,43342
456231,49855
456232,40000
456233,47868
456234,40000
456235,59190
456236,40000
456237,40000
456238,40000
456239,44723
456240,46553
456241,40237
456242,43995
456243,40000
456244,40000
456245,79993
456246,40000
456247,40000
456248,65466
456249,57193
456250,64129
456251,40000
456252,40000
456253,40000
456254,40000
456255,73817
456256,40000
456257,40000
456258,46076
456259,68479
456260,77800
456261,63866
456262,41325
456263,40000
456264,40000
456265,40000
456266,66445
456267,40000
456268,40283
456269,62974
456270,52299
456271,40000
456272,59441
456273,56051
456274,62182
456275,73815
456276,62788
456277,40000
456278,42398
456279,68786
456280,47286
456281,54576
456282,51393
456283,61944
456284,40000
456285,40000
456286,102543
456287,62086
456288,77696
456289,46697
456290,40000
456291,40000
456292,52327
456293,40194
456294,56394
456295,53752
456296,40000
456297,52625
456298,67476
456299,70102
456300,55488
456301,43658
456302,40000
456303,40000
456304,49103
456305,72789
456306,60918
456307,57500
456308,57951
456309,40000
456310,47442
456311,59298
456312,40000
456313,40000
456314,79224
456315,40000
456316,50500
456317,45153
456318,42667
456319,49116
456320,40000
456321,79856
456322,41538
456323,40000
456324,40000
456325,40000
456326,50940
456327,44542
456328,48045
456329,40000
456330,67586
456331,40000
456332,52478
456333,79679
456334,40000
456335,40000
456336,42438
456337,50831
456338,81693
456339,40000
456340,40000
456341,49196
456342,40000
456343,40000
456344,84530
456345,40000
456346,46007
456347,40000
456348,54902
456349,63823
456350,40364
456351,84455
456352,58356
456353,47156
456354,65903
456355,40000
456356,73871
456357,40000
456358,67401
456359,52529
456360,40000
456361,40000
456362,80441
456363,54662
456364,41275
456365,50619
456366,52794
456367,49395
456368,53388
456369,40000
456370,63252
456371,74834
456372,57042
456373,89052
456374,40000
456375,40000
456376,48940
456377,40000
456378,74272
456379,64418
456380,49672
456381,40000
456382,47799
456383,46846
456384,73024
456385,54396
456386,40000
456387,40000
456388,40000
456389,49238
456390,42612
456391,66653
456392,40000
456393,40000
456394,67131
456395,56484
456396,40000
456397,54651
456398,47046
456399,64273
456400,43288
456401,58771
456402,83080
456403,41106
456404,40000
456405,40000
456406,49918
456407,42540
456408,44760
456409,63054
456410,46586
456411,61967
456412,40000
456413,44377
456414,57624
456415,48406
456416,40000
456417,68081
456418,54432
456419,76171
456420,54778
456421,40000
456422,66897
456423,82639
456424,40000
456425,43741
456426,40000
456427,69976
456428,40000
456429,40000
456430,40000
456431,40000
456432,49433
456433,40000
456434,40000
456435,47142
456436,42616
456437,56990
456438,67085
456439,40000
456440,40000
456441,59603
456442,64364
456443,51008
456444,43177
456445,40000
456446,44236
456447,42405
456448,40000
456449,49667
456450,65278
456451,49852
456452,40000
456453,75144
456454,54601
456455,49612
456456,81221
456457,65990
456458,49399
456459,40000
456460,54749
456461,73348
456462,56177
456463,80967
456464,44292
456465,58758
456466,51706
456467,40000
456468,49281
456469,41275
456470,60766
456471,74468
456472,60683
456473,75954
456474,40000
456475,58743
456476,40000
456477,59003
456478,40000
456479,58450
456480,40000
456481,40000
456482,86172
456483,40000
456484,69220
456485,64847
456486,40000
456487,68832
456488,40000
456489,75742
456490,74214
456491,46757
456492,40000
456493,40000
456494,55579
456495,40000
456496,43024
456497,47174
456498,66529
456499,48068
456500,59138
456501,48166
456502,81715
456503,53735
456504,64280
456505,44025
456506,55005
456507,46715
456508,86958
456509,55562
456510,53603
456511,58331
456512,40799
456513,59401
456514,74188
456515,49287
456516,59161
456517,41188
456518,40815
456519,66735
456520,40000
456521,40000
456522,59247
456523,64211
456524,40000
456525,56657
456526,40000
456527,42907
456528,100319
456529,40000
456530,40000
456531,40000
456532,56968
456533,94662
456534,40000
456535,45005
456536,59136
456537,40000
456538,53479
456539,68369
456540,70886
456541,52557
456542,40000
456543,42607
456544,81420
456545,62380
456546,40000
456547,40000
456548,43504
456549,62115
456550,40000
456551,46065
456552,65027
456553,61704
456554,46366
456555,49316
456556,57255
456557,79642
456558,48839
456559,50153
456560,50216
456561,65227
456562,40000
456563,80707
456564,69353
456565,47459
456566,41004
456567,40000
456568,41665
456569,40000
456570,44929
456571,59341
456572,40000
456573,45446
456574,55832
456575,40000
456576,73919
456577,45280
456578,40000
456579,40000
456580,40326
456581,61890
456582,58987
456583,40000
456584,40000
456585,49901
456586,47183
456587,65211
456588,46728
456589,59012
456590,49632
456591,41427
456592,78943
456593,51995
456594,58340
456595,42172
456596,56868
456597,58500
456598,44472
456599,40000
456600,73604
456601,69068
456602,40000
456603,40000
456604,82346
456605,40000
456606,40000
456607,48730
456608,40000
456609,62178
456610,60943
456611,40000
456612,56374
456613,47977
456614,47332
456615,60202
456616,93532
456617,59319
456618,41059
456619,68687
456620,54509
456621,55318
456622,66172
456623,40000
456624,60715
456625,68330
456626,49403
456627,64056
456628,40000
456629,51963
456630,47227
456631,49392
456632,53204
456633,40000
456634,49873
456635,56613
456636,40000
456637,59898
456638,79924
456639,40000
456640,48257
456641,40000
456642,40000
456643,79703
456644,63304
456645,46763
456646,45964
456647,40000
456648,40000
456649,40000
456650,51950
456651,66259
456652,40000
456653,58761
456654,67419
456655,58761
456656,56156
456657,86823
456658,54525
456659,44209
456660,41205
456661,60206
456662,81450
456663,58895
456664,45912
456665,40000
456666,41026
456667,62335
456668,58628
456669,48354
456670,51573
456671,50388
456672,40000
456673,46613
456674,40000
456675,40606
456676,40000
456677,71373
456678,40000
456679,70537
456680,43399
456681,40000
456682,56410
456683,40000
456684,47019
456685,53350
456686,42835
456687,57052
456688,40000
456689,40000
456690,40000
456691,40000
456692,43335
456693,45357
456694,64220
456695,70016
456696,83469
456697,52369
456698,85995
456699,61624
456700,49758
456701,40000
456702,41121
456703,56778
456704,84011
456705,40000
456706,40000
456707,44850
456708,67258
456709,88642
456710,40000
456711,40000
456712,50127
456713,40000
456714,40000
456715,43400
456716,63927
456717,44993
456718,48009
456719,99039
456720,47729
456721,56826
456722,40000
456723,40000
456724,110151
456725,85995
456726,44355
456727,40000
456728,40000
456729,43971
456730,75270
456731,62850
456732,48685
456733,92460
456734,40000
456735,43490
456736,40000
456737,46888
456738,49383
456739,81047
456740,87430
456741,54360
456742,40000
456743,40000
456744,40000
456745,40775
456746,40000
456747,45676
456748,40000
456749,42605
456750,40000
456751,73090
456752,58721
456753,42411
456754,49674
456755,40000
456756,40208
456757,80138
456758,65732
456759,57142
456760,44601
456761,40220
456762,42658
456763,46337
456764,40000
456765,77079
456766,95186
456767,81806
456768,43427
456769,62182
456770,72326
456771,85934
456772,47809
456773,40000
456774,40000
456775,77379
456776,40773
456777,51455
456778,40000
456779,52457
456780,40000
456781,40000
456782,40000
456783,64337
456784,60154
456785,40000
456786,44898
456787,52464
456788,52701
456789,61263
456790,72718
456791,60036
456792,40000
456793,40000
456794,52107
456795,40000
456796,40000
456797,51910
456798,54408
456799,61189
456800,40000
456801,43851
456802,82183
456803,40000
456804,62333
456805,52253
456806,48876
456807,59664
456808,40000
456809,40000
456810,95135
456811,80592
456812,61625
456813,40000
456814,51810
456815,40000
456816,59988
456817,64999
456818,40000
456819,44158
456820,41925
456821,40000
456822,40000
456823,40000
456824,45789
456825,40000
456826,92716
456827,40988
456828,47042
456829,71477
456830,59814
456831,68891
456832,41253
456833,40000
456834,40000
456835,49510
456836,75485
456837,85773
456838,45731
456839,58370
456840,70680
456841,51262
456842,64769
456843,52066
456844,62521
456845,50246
456846,49918
456847,40000
456848,40000
456849,40000
456850,40000
456851,40000
456852,71833
456853,84230
456854,40000
456855,97494
456856,42068
456857,44197
456858,40000
456859,40000
456860,53852
456861,76751
456862,40000
456863,54017
456864,40000
456865,40000
456866,63051
456867,71163
456868,59181
456869,73528
456870,40000
456871,40000
456872,42126
456873,73241
456874,68129
456875,72847
456876,59175
456877,52078
456878,65488
456879,44478
456880,40000
456881,40000
456882,44459
456883,40000
456884,83456
456885,41353
456886,46859
456887,77050
456888,40000
456889,45619
456890,45245
456891,71803
456892,82332
456893,42687
456894,40000
456895,40000
456896,40000
456897,40000
456898,63738
456899,65313
456900,67373
456901,50847
456902,40000
456903,40000
456904,76119
456905,40000
456906,54096
456907,40000
456908,46353
456909,60282
456910,50235
456911,40000
456912,69218
456913,63414
456914,40000
456915,49516
456916,40000
456917,40837
456918,40000
456919,47065
456920,40000
456921,41793
456922,45057
456923,40000
456924,60103
456925,41119
456926,56049
456927,57983
456928,53758
456929,40000
456930,56249
456931,67573
456932,77326
456933,40000
456934,59720
456935,73612
456936,40000
456937,42502
456938,45282
456939,40000
456940,52787
456941,59355
456942,55270
456943,40000
456944,50455
456945,40000
456946,81340
456947,40000
456948,50627
456949,48580
456950,40000
456951,58368
456952,84580
456953,40000
456954,62889
456955,40856
456956,40000
456957,94633
456958,60186
456959,57101
456960,40000
456961,63355
456962,40000
456963,40287
456964,40266
456965,40000
456966,61174
456967,40000
456968,80499
456969,65299
456970,48802
456971,75530
456972,46568
456973,46365
456974,60530
456975,40000
456976,57899
456977,72342
456978,40000
456979,55589
456980,40000
456981,78226
456982,41631
456983,54573
456984,40000
456985,61559
456986,48221
456987,78179
456988,40000
456989,40000
456990,40000
456991,51816
456992,51633
456993,40000
456994,69768
456995,52332
456996,87486
456997,102848
456998,40000
456999,40000
457000,58558
457001,47489
457002,53431
457003,40000
457004,40000
457005,76110
457006,40000
457007,44874
457008,48183
457009,73767
457010,50819
457011,50405
457012,45165
457013,40000
457014,55286
457015,74238
457016,63868
457017,40000
457018,40000
457019,68822
457020,55766
457021,45196
457022,50631
457023,84225
457024,79099
457025,46940
457026,85079
457027,40000
457028,40000
457029,40000
457030,60092
457031,79463
457032,40000
457033,72728
457034,70221
457035,65659
457036,61603
457037,40000
457038,48851
457039,51380
457040,50578
457041,77787
457042,51306
457043,40172
457044,42364
457045,46193
457046,40000
457047,54418
457048,54370
457049,40000
457050,55293
457051,40000
457052,47898
457053,40000
457054,40000
457055,64585
457056,82637
457057,86016
457058,40000
457059,62366
457060,46572
457061,54821
457062,73892
457063,69515
457064,62910
457065,61046
457066,41000
457067,50841
457068,40000
457069,40000
457070,40000
457071,57278
457072,40000
457073,45250
457074,45419
457075,85940
457076,40000
457077,40000
457078,53907
457079,57552
457080,46346
457081,53444
457082,40319
457083,74943
457084,40000
457085,47542
457086,52222
457087,40000
457088,55888
457089,40000
457090,40000
457091,40000
457092,57120
457093,69013
457094,60583
457095,70014
457096,40000
457097,48402
457098,49801
457099,65479
457100,45784
457101,40000
457102,40000
457103,40000
457104,43717
457105,55302
457106,40000
457107,48184
457108,82651
457109,43765
457110,40547
457111,40000
457112,74005
457113,40000
457114,60457
457115,42906
457116,74096
457117,48013
457118,45415
457119,82939
457120,64694
457121,52343
457122,51434
457123,40000
457124,59099
457125,81202
457126,69110
457127,40000
457128,56176
457129,71489
457130,40000
457131,40000
457132,56854
457133,40000
457134,40000
457135,46762
457136,40000
457137,77104
457138,62673
457139,62518
457140,49357
457141,40000
457142,63200
457143,40000
457144,45367
457145,56398
457146,58534
457147,42443
457148,49413
457149,40000
457150,40000
457151,40000
457152,50351
457153,70296
457154,65354
457155,40000
457156,67716
457157,90372
457158,55687
457159,61117
457160,40000
457161,40000
457162,54742
457163,48950
457164,40000
457165,63458
457166,72027
457167,44013
457168,79881
457169,42898
457170,40000
457171,40000
457172,49265
457173,40000
457174,60582
457175,59276
457176,45460
457177,62513
457178,67983
457179,40000
457180,74381
457181,51056
457182,44751
457183,45888
457184,49802
457185,59447
457186,40000
457187,55317
457188,76552
457189,40000
457190,40000
457191,40000
457192,47936
457193,40000
457194,60955
457195,87652
457196,40000
457197,47925
457198,40000
457199,51247
457200,40000
457201,54338
457202,52282
457203,51898
457204,62804
457205,40000
457206,55443
457207,69936
457208,71617
457209,40000
457210,67751
457211,63067
457212,48030
457213,40000
457214,76984
457215,40000
457216,56663
457217,59866
457218,40000
457219,48365
457220,66254
457221,51548
457222,40000
457223,59165
457224,80499
457225,40000
457226,52361
457227,59348
457228,40000
457229,54254
457230,40000
457231,79645
457232,55266
457233,40000
457234,67068
457235,58310
457236,58247
457237,40000
457238,57210
457239,40000
457240,52637
457241,40000
457242,74923
457243,54761
457244,40000
457245,79826
457246,80695
457247,48387
457248,78732
457249,40000
457250,40000
457251,45283
457252,63359
457253,40000
457254,54017
457255,40000
457256,59921
457257,40027
457258,51127
457259,45463
457260,64462
457261,41684
457262,66970
457263,40000
457264,40000
457265,40000
457266,65171
457267,40000
457268,40000
457269,40000
457270,72500
457271,40000
457272,40000
457273,84600
457274,55469
457275,68445
457276,52080
457277,41529
457278,46128
457279,47310
457280,78796
457281,40000
457282,63621
457283,61465
457284,40000
457285,40000
457286,40000
457287,40000
457288,40000
457289,66838
457290,59793
457291,40000
457292,51816
457293,46335
457294,56241
457295,62924
457296,40000
457297,64750
457298,45966
457299,40000
457300,40000
457301,66285
457302,40000
457303,40000
457304,71114
457305,71290
457306,40000
457307,40000
457308,76772
457309,40000
457310,41925
457311,40000
457312,69805
457313,53661
457314,44534
457315,40491
457316,40000
457317,55439
457318,53594
457319,40000
457320,42245
457321,68170
457322,42836
457323,40000
457324,40000
457325,68567
457326,69947
457327,45306
457328,40000
457329,53466
457330,56645
457331,41113
457332,40000
457333,86121
457334,54749
457335,52182
457336,40000
457337,40000
457338,48703
457339,45878
457340,41611
457341,49535
457342,40000
457343,61252
457344,40000
457345,49674
457346,51715
457347,40000
457348,40034
457349,42876
457350,40000
457351,81126
457352,40000
457353,93090
457354,62060
457355,46308
457356,40000
457357,53696
457358,72744
457359,43816
457360,78049
457361,66667
457362,62314
457363,40000
457364,75954
457365,55050
457366,59244
457367,40000
457368,43482
457369,40000
457370,40000
457371,40000
457372,91391
457373,40000
457374,42687
457375,46348
457376,50690
457377,97047
457378,40000
457379,40000
457380,66957
457381,40000
457382,40000
457383,88675
457384,62697
457385,59865
457386,72937
457387,100983
457388,40000
457389,55102
457390,45446
457391,43061
457392,40000
457393,40000
457394,64237
457395,40000
457396,40000
457397,40000
457398,40000
457399,51417
457400,40000
457401,40000
457402,40000
457403,61405
457404,59042
457405,78278
457406,40000
457407,50326
457408,65384
457409,40000
457410,40685
457411,40000
457412,67612
457413,73231
457414,57504
457415,40410
457416,40000
457417,45678
457418,40585
457419,40308
457420,41868
457421,40000
457422,50311
457423,58743
457424,40000
457425,40000
457426,79820
457427,45392
457428,79682
457429,55502
457430,61628
457431,67423
457432,74928
457433,63603
457434,65155
457435,89832
457436,69522
457437,40000
457438,40000
457439,42777
457440,40000
457441,40000
457442,45298
457443,72913
457444,42717
457445,49566
457446,65483
457447,45185
457448,40000
457449,44867
457450,40000
457451,40000
457452,40000
457453,47906
457454,40000
457455,40000
457456,54519
457457,74922
457458,40000
457459,73699
457460,46652
457461,41727
457462,50456
457463,56394
457464,48416
457465,59413
457466,40000
457467,51360
457468,44627
457469,48259
457470,48417
457471,40000
457472,40000
457473,40000
457474,68579
457475,51463
457476,40887
457477,40000
457478,40000
457479,77890
457480,40000
457481,50804
457482,57102
457483,68602
457484,55347
457485,40000
457486,40000
457487,77916
457488,40000
457489,42727
457490,40000
457491,51499
457492,40000
457493,40000
457494,88844
457495,46232
457496,84220
457497,63433
457498,40000
457499,40000
457500,54594
457501,87905
457502,73862
457503,57621
457504,55355
457505,40000
457506,48012
457507,40000
457508,40000
457509,40000
457510,40694
457511,65557
457512,68956
457513,40000
457514,49867
457515,40000
457516,77989
457517,60463
457518,69487
457519,40000
457520,40339
457521,40000
457522,64549
457523,40000
457524,69408
457525,59915
457526,57999
457527,40000
457528,54617
457529,57609
457530,41912
457531,41487
457532,95050
457533,55728
457534,40000
457535,40000
457536,81359
457537,40894
457538,47029
457539,42245
457540,46626
457541,40000
457542,40000
457543,68920
457544,40000
457545,55650
457546,51404
457547,40000
457548,40000
457549,56864
457550,75692
457551,60369
457552,40000
457553,56730
457554,43430
457555,40000
457556,40000
457557,40188
457558,40829
457559,66193
457560,52339
457561,43072
457562,46980
457563,56293
457564,56287
457565,47641
457566,69561
457567,40000
457568,51151
457569,40000
457570,41083
457571,40000
457572,67793
457573,40000
457574,40000
457575,61051
457576,88778
457577,62037
457578,73153
457579,69205
457580,101149
457581,62188
457582,40000
457583,40055
457584,48957
457585,43475
457586,40000
457587,40000
457588,40000
457589,80802
457590,45427
457591,40000
457592,66833
457593,76221
457594,48334
457595,64357
457596,55037
457597,40404
457598,80429
457599,69641
457600,72195
457601,40000
457602,73545
457603,40000
457604,40000
457605,57434
457606,67984
457607,40000
457608,56353
457609,40000
457610,65806
457611,40000
457612,74377
457613,50422
457614,43430
457615,68076
457616,53019
457617,40000
457618,42229
457619,40000
457620,90870
457621,40000
457622,40000
457623,49700
457624,40000
457625,40000
457626,50981
457627,57420
457628,54906
457629,46252
457630,40000
457631,40000
457632,40000
457633,80799
457634,62041
457635,59270
457636,58503
457637,92599
457638,40000
457639,52684
457640,57765
457641,40000
457642,40000
457643,55130
457644,40000
457645,73880
457646,51896
457647,41579
457648,50285
457649,85203
457650,92509
457651,40000
457652,51263
457653,40000
457654,40000
457655,61683
457656,41863
457657,45552
457658,40000
457659,49919
457660,52023
457661,48039
457662,54739
457663,41036
457664,58447
457665,54655
457666,85800
457667,53700
457668,40000
457669,40000
457670,43515
457671,60695
457672,40000
457673,45772
457674,42168
457675,43254
457676,54142
457677,40000
457678,67175
457679,40000
457680,40000
457681,54443
457682,40000
457683,40000
457684,48162
457685,56380
457686,40000
457687,54654
457688,47708
457689,51421
457690,47825
457691,40000
457692,58063
457693,51288
457694,40000
457695,57078
457696,45193
457697,61287
457698,62252
457699,40000
457700,40000
457701,65738
457702,69305
457703,40000
457704,40000
457705,82314
457706,63259
457707,52472
457708,40000
457709,42106
457710,61086
457711,64680
457712,65286
457713,40000
457714,75796
457715,51490
457716,57497
457717,72551
457718,61838
457719,51805
457720,40000
457721,48868
457722,40000
457723,40000
457724,40000
457725,58260
457726,50237
457727,54783
457728,79078
457729,87642
457730,42856
457731,40000
457732,57299
457733,61611
457734,62620
457735,59937
457736,51171
457737,53364
457738,40000
457739,53217
457740,40000
457741,41593
457742,40000
457743,40000
457744,40000
457745,68520
457746,44518
457747,54801
457748,90907
457749,77493
457750,41177
457751,41076
457752,50251
457753,65882
457754,46711
457755,40000
457756,40977
457757,41830
457758,68121
457759,40000
457760,46887
457761,40038
457762,40000
457763,58688
457764,43471
457765,40000
457766,61130
457767,66377
457768,67137
457769,50942
457770,48077
457771,40000
457772,55449
457773,49508
457774,47938
457775,60968
457776,42709
457777,40000
457778,57771
457779,40000
457780,56811
457781,84841
457782,46010
457783,40000
457784,51535
457785,40000
457786,56450
457787,54972
457788,88341
457789,63647
457790,58768
457791,40000
457792,41435
457793,51293
457794,58158
457795,45513
457796,66995
457797,40000
457798,59223
457799,40000
457800,64014
457801,56267
457802,56455
457803,62352
457804,45352
457805,68613
457806,40000
457807,40000
457808,40000
457809,44771
457810,40000
457811,44571
457812,40000
457813,40000
457814,51784
457815,40000
457816,40000
457817,82795
457818,42525
457819,69441
457820,40000
457821,82868
457822,44517
457823,40000
457824,52433
457825,40000
457826,69133
457827,40000
457828,52498
457829,43458
457830,60756
457831,63657
457832,40000
457833,66539
457834,40000
457835,59732
457836,51862
457837,69502
457838,40000
457839,95819
457840,42982
457841,40000
457842,40000
457843,65269
457844,40000
457845,50236
457846,77839
457847,50465
457848,44041
457849,48345
457850,42437
457851,40000
457852,44844
457853,45544
457854,79855
457855,40000
457856,46926
457857,40000
457858,67422
457859,45298
457860,40000
457861,40000
457862,59540
457863,47119
457864,72188
457865,40000
457866,44279
457867,77828
457868,52085
457869,42655
457870,40970
457871,40000
457872,67785
457873,43850
457874,68903
457875,63733
457876,40000
457877,40000
457878,60069
457879,40000
457880,80205
457881,41985
457882,48703
457883,40000
457884,46011
457885,41090
457886,73257
457887,64647
457888,57256
457889,40000
457890,40000
457891,87368
457892,40000
457893,40000
457894,55020
457895,49483
457896,76423
457897,42049
457898,40000
457899,56935
457900,45143
457901,79568
457902,40000
457903,69741
457904,87483
457905,59528
457906,64290
457907,83136
457908,53615
457909,40000
457910,40000
457911,40000
457912,49476
457913,40000
457914,54330
457915,40000
457916,58460
457917,49381
457918,40000
457919,55629
457920,66404
457921,61443
457922,53624
457923,40000
457924,44848
457925,53308
457926,40000
457927,44382
457928,56431
457929,47123
457930,51524
457931,48830
457932,78689
457933,62792
457934,49581
457935,56710
457936,54101
457937,40000
457938,56568
457939,40721
457940,54185
457941,40000
457942,85646
457943,40050
457944,52536
457945,56117
457946,40000
457947,44858
457948,48378
457949,53202
457950,40000
457951,40000
457952,40000
457953,40000
457954,73810
457955,40000
457956,49540
457957,61458
457958,40000
457959,40000
457960,40000
457961,57353
457962,81420
457963,46740
457964,40000
457965,40000
457966,57826
457967,40000
457968,52341
457969,40000
457970,40000
457971,40000
457972,51270
457973,92653
457974,100254
457975,45185
457976,57871
457977,54898
457978,40000
457979,80329
457980,40000
457981,54288
457982,40000
457983,40000
457984,40000
457985,63479
457986,61927
457987,43448
457988,40222
457989,69619
457990,60163
457991,40000
457992,40000
457993,40000
457994,43390
457995,40000
457996,67257
457997,57146
457998,53376
457999,40000
458000,88137
458001,40000
458002,40000
458003,43460
458004,81832
458005,67197
458006,54334
458007,40000
458008,40000
458009,77374
458010,49745
458011,51324
458012,40000
458013,40000
458014,50493
458015,55796
458016,52373
458017,55254
458018,72925
458019,40000
458020,60465
458021,75771
458022,55811
458023,49524
458024,58096
458025,68469
458026,47152
458027,42773
458028,84675
458029,58433
458030,43237
458031,73051
458032,64006
458033,40000
458034,40000
458035,40000
458036,40909
458037,62553
458038,86863
458039,75581
458040,60904
458041,40000
458042,53303
458043,40000
458044,52188
458045,53123
458046,88463
458047,65196
458048,50783
458049,44873
458050,40000
458051,40000
458052,60952
458053,63598
458054,40000
458055,40000
458056,44739
458057,40000
458058,42140
458059,59504
458060,40000
458061,65975
458062,45001
458063,40787
458064,40000
458065,58893
458066,41203
458067,63400
458068,40000
458069,45437
458070,75939
458071,40000
458072,43421
458073,52985
458074,71586
458075,40000
458076,47151
458077,56752
458078,40000
458079,40000
458080,61065
458081,47811
458082,51405
458083,48096
458084,72521
458085,50826
458086,40000
458087,40000
458088,40000
458089,40000
458090,40000
458091,71084
458092,43072
458093,55717
458094,40000
458095,53518
458096,67619
458097,40000
458098,56702
458099,46957
458100,64212
458101,62316
458102,40000
458103,40000
458104,40667
458105,44581
458106,62327
458107,72186
458108,91891
458109,40000
458110,40000
458111,76812
458112,73505
458113,64831
458114,59862
458115,40000
458116,40000
458117,75205
458118,64749
458119,41932
458120,52706
458121,40000
458122,56168
458123,40000
458124,61047
458125,58626
458126,67563
458127,40000
458128,56211
458129,52546
458130,40000
458131,82000
458132,40000
458133,40000
458134,40000
458135,40000
458136,43420
458137,89719
458138,59568
458139,40159
458140,40000
458141,84551
458142,57471
458143,65174
458144,40000
458145,51442
458146,40000
458147,82713
458148,40000
458149,68416
458150,56866
458151,44654
458152,48371
458153,48788
458154,40000
458155,44557
458156,53355
458157,88235
458158,49441
458159,44914
458160,51595
458161,46159
458162,40000
458163,40000
458164,48717
458165,54158
458166,40000
458167,40000
458168,40000
458169,40000
458170,40000
458171,66927
458172,40000
458173,41972
458174,49778
458175,76380
458176,57400
458177,68845
458178,40000
458179,53978
458180,59249
458181,46188
458182,56897
458183,40000
458184,51857
458185,63705
458186,40000
458187,45266
458188,41932
458189,55016
458190,40000
458191,71591
458192,40000
458193,40000
458194,75082
458195,40000
458196,51265
458197,85973
458198,40000
458199,40000
458200,40000
458201,53908
458202,51780
458203,53352
458204,41320
458205,56202
458206,52193
458207,40000
458208,40000
458209,40000
458210,44500
458211,72423
458212,40000
458213,55635
458214,40000
458215,46634
458216,55262
458217,47150
458218,40000
458219,83175
458220,40000
458221,67234
458222,72125
458223,62441
458224,60595
458225,85398
458226,40602
458227,40000
458228,52323
458229,78031
458230,53589
458231,42479
458232,43856
458233,40000
458234,56554
458235,57974
458236,65373
458237,67037
458238,40000
458239,40000
458240,59690
458241,65204
458242,65895
458243,40000
458244,40000
458245,76209
458246,44683
458247,46674
458248,40000
458249,43924
458250,55662
458251,40000
458252,40000
458253,45095
458254,54204
458255,77815
458256,60731
458257,40000
458258,52180
458259,40000
458260,40000
458261,74984
458262,40000
458263,40000
458264,44577
458265,47217
458266,65009
458267,79685
458268,40000
458269,49538
458270,52560
458271,42224
458272,40000
458273,67735
458274,57383
458275,42117
458276,86509
458277,112674
458278,40000
458279,58893
458280,61136
458281,50816
458282,40000
458283,60575
458284,92460
458285,61533
458286,61856
458287,60262
458288,40000
458289,72658
458290,52128
458291,88567
458292,41129
458293,40000
458294,47222
458295,65992
458296,40000
458297,40000
458298,56107
458299,40000
458300,49275
458301,40000
458302,126703
458303,42395
458304,58961
458305,48807
458306,85258
458307,46044
458308,68060
458309,40000
458310,48667
458311,40473
458312,42773
458313,52888
458314,74664
458315,61178
458316,107376
458317,40000
458318,75944
458319,59387
458320,57156
458321,40000
458322,70244
458323,42115
458324,60669
458325,54586
458326,40000
458327,40000
458328,45728
458329,40000
458330,40000
458331,40000
458332,68326
458333,40000
458334,48718
458335,40000
458336,40000
458337,40000
458338,81567
458339,40000
458340,40000
458341,40000
458342,40000
458343,61429
458344,40162
458345,58829
458346,40000
458347,66227
458348,63473
458349,63531
458350,40000
458351,51311
458352,44736
458353,42777
458354,55913
458355,40000
458356,41092
458357,72901
458358,40000
458359,64099
458360,83339
458361,54702
458362,60980
458363,48235
458364,40000
458365,85960
458366,40000
458367,52946
458368,40000
458369,40000
458370,40000
458371,40000
458372,86378
458373,78436
458374,53986
458375,55516
458376,74903
458377,42154
458378,40182
458379,76571
458380,40000
458381,40000
458382,67987
458383,40000
458384,44427
458385,45070
458386,91307
458387,71258
458388,59222
458389,54503
458390,56683
458391,62194
458392,54417
458393,40000
458394,65901
458395,43096
458396,40662
458397,40000
458398,40000
458399,50521
458400,55059
458401,56075
458402,49950
458403,40000
458404,40000
458405,95200
458406,48402
458407,58607
458408,40000
458409,48658
458410,40280
458411,52474
458412,91777
458413,40000
458414,65758
458415,58965
458416,40000
458417,40587
458418,48709
458419,40000
458420,40000
458421,43082
458422,40000
458423,40000
458424,40000
458425,40000
458426,58824
458427,71261
458428,42748
458429,73078
458430,40000
458431,40000
458432,49930
458433,61441
458434,57435
458435,42218
458436,52417
458437,73478
458438,40000
458439,85189
458440,49179
458441,40000
458442,40000
458443,55242
458444,75863
458445,40000
458446,45126
458447,56700
458448,58363
458449,66769
458450,40000
458451,58879
458452,71938
458453,49892
458454,54039
458455,40000
458456,40000
458457,40000
458458,40000
458459,40000
458460,47526
458461,67001
458462,83410
458463,40605
458464,75172
458465,60936
458466,60947
458467,63085
458468,69414
458469,43061
458470,45921
458471,59135
458472,75422
458473,63420
458474,40000
458475,45680
458476,40000
458477,64355
458478,79170
458479,40000
458480,50927
458481,71986
458482,40000
458483,40000
458484,56042
458485,67924
458486,54800
458487,52259
458488,40000
458489,53136
458490,55895
458491,40000
458492,56523
458493,40000
458494,40000
458495,72301
458496,40000
458497,42050
458498,40000
458499,55164
458500,50153
458501,43770
458502,47566
458503,64581
458504,40000
458505,49664
458506,40000
458507,59340
458508,52298
458509,62523
458510,51201
458511,59880
458512,69704
458513,40000
458514,40000
458515,62491
458516,70770
458517,42990
458518,40000
458519,40000
458520,56914
458521,40000
458522,72470
458523,47359
458524,43520
458525,58254
458526,49751
458527,40000
458528,57911
458529,40000
458530,70992
458531,46436
458532,40000
458533,40000
458534,40000
458535,88455
458536,63571
458537,56545
458538,40000
458539,40000
458540,70911
458541,91490
458542,40000
458543,61944
458544,43701
458545,49709
458546,57402
458547,56341
458548,70623
458549,40000
458550,44312
458551,40000
458552,40000
458553,51168
458554,48223
458555,50249
458556,40000
458557,41076
458558,40000
458559,40000
458560,40000
458561,61132
458562,84405
458563,40000
458564,61884
458565,57236
458566,53665
458567,75868
458568,60637
458569,43635
458570,63396
458571,54568
458572,40000
458573,40000
458574,40000
458575,57851
458576,52358
458577,55896
458578,85184
458579,40000
458580,48556
458581,51967
458582,60934
458583,62267
458584,74685
458585,40000
458586,50834
458587,63448
458588,53139
458589,61843
458590,56907
458591,40000
458592,40000
458593,41765
458594,62640
458595,81972
458596,51651
458597,58981
458598,48491
458599,60977
458600,59086
458601,45790
458602,55876
458603,40000
458604,69439
458605,78060
458606,56388
458607,43013
458608,55191
458609,53987
458610,42337
458611,90119
458612,59651
458613,62213
458614,82040
458615,40000
458616,58363
458617,60687
458618,82619
458619,82722
458620,40000
458621,49163
458622,40000
458623,65880
458624,40000
458625,43472
458626,58502
458627,41496
458628,51087
458629,48919
458630,55247
458631,71085
458632,56205
458633,54268
458634,42843
458635,78581
458636,48612
458637,44171
458638,40000
458639,45028
458640,45777
458641,73590
458642,40000
458643,58312
458644,40000
458645,40000
458646,40000
458647,58162
458648,40000
458649,40000
458650,74609
458651,40000
458652,40000
458653,59211
458654,58105
458655,40000
458656,40000
458657,40000
458658,40000
458659,46746
458660,97491
458661,59733
458662,54639
458663,52524
458664,52281
458665,53776
458666,40000
458667,40000
458668,45958
458669,40000
458670,47915
458671,45643
458672,40000
458673,40000
458674,61453
458675,40000
458676,40000
458677,54863
458678,74019
458679,82029
458680,54740
458681,63679
458682,45746
458683,40000
458684,43963
458685,40000
458686,75421
458687,40000
458688,53127
458689,40000
458690,40000
458691,48472
458692,40000
458693,40000
458694,70801
458695,74915
458696,40701
458697,67934
458698,40000
458699,63718
458700,49677
458701,40000
458702,54425
458703,40000
458704,40000
458705,77122
458706,40171
458707,51520
458708,48084
458709,54327
458710,40000
458711,48964
458712,49997
458713,40000
458714,41604
458715,79012
458716,40000
458717,58156
458718,62790
458719,53759
458720,47013
458721,65571
458722,47518
458723,40000
458724,77087
458725,45231
458726,40000
458727,49288
458728,44236
458729,40000
458730,76326
458731,43534
458732,40000
458733,48506
458734,77835
458735,57014
458736,65646
458737,40000
458738,49710
458739,60864
458740,46829
458741,53190
458742,46549
458743,41825
458744,40000
458745,57903
458746,58145
458747,66163
458748,40000
458749,62410
458750,40000
458751,64216
458752,73465
458753,68611
458754,40000
458755,53738
458756,68282
458757,86105
458758,86440
458759,63591
458760,43586
458761,41481
458762,82526
458763,40000
458764,65613
458765,83538
458766,47602
458767,75898
458768,45668
458769,40000
458770,53401
458771,66120
458772,61860
458773,40000
458774,40000
458775,41975
458776,69629
458777,52440
458778,71206
458779,40000
458780,48748
458781,40000
458782,57453
458783,40000
458784,45514
458785,40000
458786,47356
458787,69287
458788,80246
458789,61173
458790,40000
458791,63889
458792,48601
458793,47443
458794,79120
458795,40000
458796,55746
458797,40000
458798,40000
458799,53686
458800,65438
458801,43575
458802,54775
458803,40000
458804,40000
458805,69413
458806,45204
458807,77430
458808,40000
458809,59478
458810,47222
458811,80850
458812,63884
458813,54327
458814,85722
458815,50827
458816,44425
458817,78736
458818,46832
458819,40000
458820,49318
458821,40000
458822,51809
458823,40000
458824,45546
458825,40000
458826,58379
458827,40000
458828,40000
458829,40000
458830,40323
458831,40000
458832,71653
458833,57375
458834,54456
458835,43735
458836,40000
458837,56504
458838,40000
458839,40000
458840,40000
458841,54960
458842,66173
458843,41970
458844,80096
458845,52132
458846,43123
458847,54168
458848,51947
458849,67636
458850,40000
458851,81961
458852,76087
458853,63378
458854,57739
458855,45967
458856,40000
458857,41712
458858,42705
458859,40000
458860,52631
458861,66716
458862,40347
458863,75305
458864,72411
458865,40000
458866,60839
458867,40000
458868,61484
458869,40000
458870,65217
458871,40000
458872,40000
458873,41410
458874,45145
458875,40000
458876,40000
458877,52324
458878,40000
458879,44723
458880,40000
458881,40000
458882,69295
458883,40000
458884,49181
458885,40000
458886,50578
458887,44982
458888,41613
458889,58191
458890,63877
458891,48321
458892,40000
458893,79765
458894,40000
458895,57458
458896,53545
458897,41034
458898,72026
458899,56230
458900,40000
458901,42839
458902,40000
458903,47218
458904,73630
458905,40000
458906,62702
458907,62866
458908,40000
458909,40000
458910,40000
458911,63391
458912,40000
458913,40000
458914,51080
458915,56748
458916,43266
458917,41400
458918,57770
458919,65011
458920,40000
458921,40000
458922,45817
458923,63786
458924,52846
458925,74278
458926,40000
458927,64370
458928,67963
458929,44926
458930,68840
458931,40000
458932,57672
458933,49605
458934,40000
458935,74072
458936,62753
458937,52464
458938,55091
458939,73455
458940,40421
458941,41788
458942,51598
458943,47201
458944,67513
458945,50132
458946,89743
458947,60578
458948,58525
458949,48237
458950,52913
458951,40000
458952,44238
458953,40000
458954,40000
458955,46176
458956,51871
458957,50166
458958,62283
458959,46814
458960,40000
458961,65107
458962,46539
458963,40000
458964,62636
458965,40000
458966,67776
458967,40000
458968,53738
458969,40000
458970,62093
458971,52147
458972,47832
458973,40559
458974,46008
458975,81914
458976,66698
458977,45930
458978,40000
458979,60962
458980,40000
458981,40000
458982,44497
458983,47195
458984,40000
458985,46679
458986,45277
458987,40000
458988,71494
458989,42415
458990,40000
458991,41701
458992,40000
458993,63692
458994,41563
458995,44935
458996,83433
458997,68590
458998,60523
458999,71899
459000,79676
459001,67792
459002,62091
459003,70177
459004,40000
459005,40000
459006,56533
459007,44849
459008,79303
459009,40000
459010,40000
459011,40000
459012,50035
459013,73699
459014,40000
459015,40000
459016,51420
459017,46022
459018,54427
459019,40869
459020,40000
459021,99559
459022,62850
459023,61921
459024,45313
459025,40000
459026,40000
459027,40000
459028,46218
459029,55964
459030,40000
459031,55137
459032,40000
459033,50505
459034,42992
459035,93842
459036,40000
459037,58347
459038,75853
459039,40000
459040,40000
459041,44043
459042,40000
459043,40000
459044,40000
459045,47302
459046,40000
459047,78544
459048,51125
459049,82025
459050,40000
459051,53835
459052,42918
459053,40000
459054,96419
459055,48754
459056,40000
459057,86296
459058,41190
459059,52856
459060,40000
459061,48868
459062,57728
459063,40000
459064,46074
459065,58976
459066,77562
459067,52457
459068,40000
459069,40000
459070,40000
459071,40000
459072,48109
459073,40000
459074,41893
459075,43683
459076,51860
459077,40000
459078,42993
459079,97099
459080,50248
459081,44199
459082,57579
459083,40067
459084,71840
459085,57111
459086,60198
459087,66048
459088,71445
459089,48067
459090,53964
459091,58991
459092,58036
459093,54029
459094,65733
459095,62796
459096,42775
459097,40000
459098,53084
459099,84198
459100,43551
459101,71298
459102,41007
459103,40000
459104,57557
459105,64670
459106,83360
459107,68519
459108,98208
459109,48368
459110,50413
459111,40000
459112,60022
459113,56227
459114,60669
459115,69652
459116,52002
459117,59496
459118,41040
459119,40000
459120,51772
459121,52256
459122,40000
459123,40000
459124,40000
459125,71483
459126,48830
459127,62887
459128,45275
459129,43225
459130,70786
459131,71298
459132,40000
459133,43900
459134,40000
459135,58580
459136,40000
459137,40000
459138,52195
459139,70638
459140,57606
459141,69585
459142,53703
459143,40000
459144,40000
459145,59845
459146,55852
459147,76735
459148,60923
459149,40000
459150,53018
459151,73234
459152,40000
459153,40000
459154,44998
459155,63296
459156,40000
459157,40000
459158,79635
459159,49501
459160,41131
459161,66151
459162,50741
459163,40000
459164,58277
459165,40000
459166,74179
459167,57507
459168,42489
459169,52242
459170,40000
459171,70772
459172,58787
459173,66700
459174,69578
459175,55870
459176,46075
459177,74496
459178,64366
459179,65795
459180,40000
459181,45095
459182,40000
459183,45661
459184,42530
459185,40000
459186,40000
459187,40000
459188,48668
459189,52072
459190,65389
459191,43106
459192,50259
459193,65544
459194,47563
459195,40000
459196,93937
459197,40449
459198,84074
459199,40000
459200,40000
459201,44829
459202,61654
459203,40000
459204,40000
459205,62074
459206,40000
459207,41705
459208,40000
459209,62949
459210,66157
459211,45405
459212,40000
459213,40000
459214,40654
459215,40377
459216,40000
459217,40000
459218,40000
459219,83508
459220,40000
459221,65328
459222,40000
459223,40000
459224,58910
459225,40000
459226,40000
459227,69365
459228,40000
459229,40000
459230,49739
459231,56103
459232,40000
459233,57322
459234,63919
459235,40000
459236,49785
459237,78964
459238,54802
459239,40000
459240,40000
459241,53872
459242,99668
459243,40000
459244,40000
459245,62264
459246,48060
459247,40000
459248,40000
459249,79785
459250,62459
459251,40000
459252,75076
459253,77802
459254,49985
459255,54388
459256,88583
459257,40000
459258,40000
459259,63693
459260,40000
459261,49683
459262,46595
459263,47530
459264,40000
459265,83458
459266,53871
459267,40000
459268,49174
459269,40000
459270,81228
459271,40000
459272,70311
459273,63918
459274,40000
459275,40000
459276,68867
459277,65259
459278,56266
459279,40000
459280,47410
459281,40000
459282,40000
459283,40000
459284,63129
459285,40000
459286,72502
459287,49306
459288,64331
459289,72964
459290,45573
459291,40000
459292,40000
459293,40000
459294,40004
459295,59800
459296,40000
459297,48247
459298,43003
459299,63518
459300,73974
459301,40000
459302,60543
459303,86390
459304,43850
459305,43937
459306,40000
459307,63398
459308,54922
459309,59887
459310,40000
459311,40709
459312,40000
459313,47434
459314,40000
459315,93616
459316,40000
459317,85529
459318,40000
459319,60317
459320,54949
459321,59913
459322,70660
459323,40000
459324,58202
459325,48544
459326,95812
459327,44742
459328,55671
459329,40500
459330,65348
459331,60617
459332,63351
459333,47083
459334,40000
459335,49140
459336,65540
459337,40000
459338,85082
459339,74534
459340,59959
459341,70954
459342,68473
459343,62058
459344,70309
459345,56735
459346,54505
459347,75505
459348,40000
459349,61575
459350,40981
459351,47739
459352,40000
459353,40000
459354,69230
459355,40000
459356,40000
459357,40000
459358,40000
459359,53201
459360,43616
459361,75220
459362,55072
459363,40000
459364,45913
459365,40000
459366,40000
459367,40000
459368,46924
459369,74951
459370,44177
459371,40000
459372,74545
459373,52096
459374,82531
459375,44148
459376,44337
459377,70255
459378,70516
459379,40745
459380,40000
459381,40000
459382,40000
459383,49761
459384,61638
459385,50458
459386,53499
459387,40000
459388,40000
459389,47753
459390,60329
459391,72660
459392,62677
459393,53503
459394,59698
459395,41794
459396,40000
459397,51976
459398,41942
459399,40000
459400,67793
459401,40000
459402,40000
459403,101368
459404,40000
459405,54353
459406,66331
459407,86528
459408,55969
459409,57066
459410,51027
459411,40000
459412,43928
459413,40000
459414,60552
459415,42997
459416,40000
459417,66098
459418,40494
459419,40000
459420,50546
459421,82131
459422,46740
459423,62366
459424,40000
459425,67394
459426,51961
459427,40000
459428,68714
459429,92397
459430,40000
459431,40000
459432,40000
459433,66054
459434,48810
459435,74518
459436,49482
459437,40000
459438,49234
459439,50944
459440,70190
459441,62091
459442,49291
459443,74613
459444,40000
459445,40000
459446,66809
459447,40000
459448,43669
459449,65226
459450,63822
459451,43630
459452,75330
459453,41859
459454,40351
459455,46430
459456,40000
459457,40000
459458,60390
459459,40000
459460,65601
459461,64932
459462,49986
459463,75583
459464,78183
459465,40000
459466,71038
459467,51935
459468,61091
459469,40000
459470,54384
459471,52512
459472,60239
459473,75436
459474,40000
459475,58999
459476,43623
459477,40000
459478,75753
459479,110967
459480,40000
459481,67963
459482,95161
459483,69722
459484,43723
459485,61753
459486,47994
459487,60896
459488,84417
459489,66186
459490,79903
459491,40000
459492,51454
459493,72130
459494,45163
459495,55181
459496,40000
459497,68823
459498,40000
459499,43887
459500,78712
459501,83683
459502,40000
459503,40000
459504,48767
459505,44210
459506,54726
459507,40000
459508,40000
459509,45733
459510,40000
459511,40380
459512,40000
459513,40000
459514,54569
459515,40000
459516,40000
459517,57164
459518,45516
459519,47514
459520,49207
459521,53847
459522,40000
459523,61437
459524,85823
459525,42029
459526,40000
459527,40000
459528,75863
459529,48701
459530,40000
459531,40594
459532,40000
459533,40000
459534,40000
459535,57325
459536,55799
459537,59382
459538,40000
459539,56275
459540,54244
459541,53322
459542,59413
459543,64047
459544,49162
459545,90291
459546,44479
459547,40000
459548,48643
459549,45888
459550,50553
459551,54867
459552,40000
459553,85772
459554,50564
459555,40000
459556,51881
459557,47400
459558,57770
459559,43351
459560,62163
459561,59275
459562,43753
459563,40000
459564,40000
459565,56070
459566,40000
459567,67720
459568,40000
459569,59206
459570,44729
459571,40000
459572,56904
459573,43238
459574,40000
459575,43974
459576,40000
459577,74363
459578,65310
459579,49213
459580,71337
459581,40000
459582,54775
459583,40000
459584,50615
459585,47803
459586,45919
459587,40000
459588,48465
459589,72590
459590,54567
459591,41094
459592,59535
459593,84440
459594,52290
459595,46733
459596,51639
459597,40000
459598,40000
459599,61587
459600,57277
459601,81415
459602,62388
459603,67210
459604,71070
459605,40000
459606,40000
459607,46661
459608,46602
459609,64007
459610,50514
459611,40000
459612,49465
459613,69985
459614,62634
459615,55095
459616,47884
459617,83712
459618,40000
459619,52028
459620,47959
459621,40000
459622,57646
459623,56917
459624,40000
459625,48007
459626,40000
459627,48197
459628,40000
459629,40000
459630,78444
459631,63176
459632,83421
459633,59278
459634,47571
459635,91884
459636,45362
459637,82462
459638,55281
459639,70357
459640,40000
459641,72965
459642,105406
459643,59895
459644,40000
459645,48968
459646,82208
459647,40000
459648,55065
459649,59923
459650,75474
459651,54940
459652,40000
459653,55957
459654,40435
459655,40000
459656,40000
459657,50649
459658,53688
459659,46852
459660,54868
459661,40000
459662,64428
459663,83436
459664,54883
459665,51256
459666,79917
459667,70490
459668,40000
459669,73953
459670,76181
459671,40000
459672,58532
459673,59420
459674,40000
459675,44312
459676,65467
459677,45148
459678,40000
459679,64270
459680,57476
459681,71148
459682,40000
459683,40000
459684,40000
459685,44433
459686,46043
459687,40000
459688,54123
459689,64665
459690,40000
459691,40000
459692,71777
459693,40000
459694,46335
459695,40000
459696,68145
459697,40000
459698,58333
459699,60583
459700,66619
459701,40000
459702,40000
459703,49679
459704,40000
459705,40000
459706,52689
459707,46254
459708,40000
459709,50943
459710,45508
459711,71752
459712,41553
459713,57593
459714,52596
459715,51718
459716,40000
459717,40000
459718,40000
459719,51965
459720,47921
459721,50160
459722,47708
459723,40000
459724,79304
459725,53950
459726,57599
459727,63573
459728,48087
459729,40000
459730,40000
459731,44848
459732,59573
459733,54609
459734,62383
459735,40000
459736,46767
459737,71157
459738,83859
459739,40000
459740,40000
459741,63802
459742,48691
459743,54458
459744,40000
459745,40000
459746,50668
459747,62996
459748,47893
459749,66628
459750,59702
459751,54982
459752,83556
459753,40000
459754,51499
459755,40000
459756,78814
459757,48760
459758,40000
459759,81020
459760,62099
459761,40787
459762,40000
459763,40000
459764,40000
459765,40000
459766,61644
459767,40000
459768,40000
459769,40000
459770,40000
459771,56154
459772,40000
459773,40000
459774,74865
459775,40000
459776,41303
459777,45546
459778,68254
459779,52216
459780,68180
459781,40000
459782,62884
459783,40000
459784,46113
459785,40000
459786,50742
459787,40000
459788,52033
459789,59884
459790,49044
459791,40000
459792,69933
459793,43416
459794,40000
459795,42266
459796,40000
459797,40000
459798,71775
459799,41132
459800,63397
459801,66728
459802,49161
459803,66688
459804,48322
459805,40000
459806,55581
459807,40000
459808,40000
459809,40000
459810,56972
459811,57579
459812,40000
459813,64066
459814,66724
459815,40000
459816,51614
459817,40000
459818,57096
459819,45214
459820,57137
459821,64336
459822,75047
459823,73579
459824,40412
459825,43846
459826,66601
459827,61377
459828,41850
459829,56573
459830,40000
459831,46874
459832,78824
459833,56254
459834,50117
459835,104360
459836,71764
459837,50539
459838,66846
459839,42836
459840,40000
459841,52551
459842,62689
459843,64311
459844,89653
459845,40000
459846,40000
459847,40000
459848,74494
459849,40000
459850,40000
459851,66764
459852,68259
459853,40000
459854,40000
459855,75644
459856,43339
459857,45621
459858,63883
459859,54585
459860,40000
459861,57094
459862,42905
459863,62156
459864,51228
459865,63130
459866,66353
459867,43545
459868,61027
459869,44745
459870,40000
459871,46826
459872,70278
459873,40000
459874,40000
459875,52325
459876,40000
459877,54590
459878,59530
459879,68108
459880,70812
459881,46132
459882,40000
459883,48430
459884,68349
459885,40000
459886,54582
459887,40000
459888,53834
459889,45041
459890,52589
459891,54338
459892,87024
459893,65214
459894,42799
459895,85934
459896,65247
459897,56303
459898,57483
459899,45036
459900,47850
459901,44557
459902,47160
459903,44725
459904,54695
459905,46136
459906,44149
459907,65348
459908,53280
459909,40000
459910,41919
459911,40000
459912,52420
459913,64199
459914,40000
459915,46838
459916,40000
459917,43023
459918,54789
459919,45650
459920,62390
459921,92255
459922,60485
459923,81690
459924,40000
459925,40000
459926,40201
459927,40000
459928,40000
459929,71361
459930,54168
459931,40000
459932,40000
459933,78312
459934,44753
459935,62706
459936,48986
459937,40000
459938,43768
459939,104959
459940,49764
459941,73716
459942,47421
459943,45455
459944,40000
459945,84468
459946,64499
459947,67939
459948,40000
459949,43357
459950,60944
459951,50350
459952,40000
459953,48634
459954,50679
459955,42110
459956,45124
459957,40000
459958,47655
459959,40000
459960,43417
459961,83590
459962,63296
459963,40000
459964,46367
459965,40000
459966,42219
459967,51244
459968,65942
459969,40000
459970,79279
459971,40000
459972,42865
459973,43305
459974,40000
459975,48379
459976,79037
459977,41303
459978,40000
459979,49837
459980,76182
459981,40000
459982,58715
459983,40000
459984,76375
459985,55301
459986,40000
459987,43009
459988,40000
459989,41824
459990,76503
459991,46545
459992,40000
459993,50376
459994,48689
459995,40000
459996,58665
459997,60347
459998,40000
459999,47260
460000,44075
460001,47816
460002,56248
460003,40000
460004,50118
460005,52891
460006,65566
460007,91074
460008,60293
460009,49449
460010,46545
460011,85686
460012,60101
460013,45626
460014,40000
460015,73141
460016,40000
460017,57393
460018,88209
460019,40000
460020,44443
460021,41328
460022,77380
460023,40000
460024,79203
460025,40000
460026,41191
460027,92941
460028,82112
460029,40000
460030,40960
460031,80691
460032,54061
460033,97537
460034,71154
460035,67268
460036,40000
460037,40000
460038,46878
460039,57201
460040,40000
460041,51777
460042,74446
460043,59740
460044,40000
460045,41769
460046,54229
460047,91898
460048,40000
460049,79096
460050,47390
460051,40000
460052,40000
460053,40000
460054,40000
460055,52531
460056,40000
460057,53573
460058,56778
460059,61656
460060,40000
460061,45753
460062,40000
460063,40000
460064,40000
460065,40000
460066,40000
460067,40000
460068,40000
460069,40000
460070,40000
460071,70778
460072,59653
460073,50246
460074,40000
460075,44671
460076,74685
460077,55552
460078,50062
460079,40000
460080,40000
460081,67768
460082,61285
460083,40000
460084,40000
460085,91277
460086,73300
460087,82263
460088,40000
460089,40000
460090,40148
460091,40000
460092,46764
460093,45766
460094,40000
460095,58473
460096,40000
460097,41687
460098,50952
460099,46407
460100,40000
460101,57890
460102,40000
460103,40000
460104,52868
460105,40000
460106,73252
460107,54150
460108,43599
460109,40000
460110,59606
460111,40000
460112,41774
460113,68700
460114,46578
460115,46676
460116,43141
460117,42766
460118,57950
460119,46019
460120,68608
460121,52418
460122,51944
460123,61957
460124,45060
460125,40000
460126,40000
460127,49485
460128,40000
460129,58723
460130,77654
460131,68182
460132,69733
460133,55793
460134,79225
460135,62117
460136,78094
460137,64131
460138,42156
460139,40000
460140,40000
460141,43976
460142,49177
460143,40000
460144,63661
460145,40000
460146,46989
460147,40000
460148,52150
460149,51856
460150,40000
460151,48414
460152,66699
460153,56020
460154,58561
460155,40000
460156,40000
460157,67413
460158,40000
460159,59501
460160,40000
460161,40458
460162,43855
460163,73968
460164,40000
460165,50925
460166,40000
460167,75555
460168,68283
460169,59792
460170,40000
460171,54930
460172,40000
460173,68412
460174,40000
460175,42255
460176,42937
460177,40000
460178,40000
460179,58434
460180,40000
460181,58156
460182,51936
460183,40000
460184,40000
460185,48503
460186,47416
460187,49654
460188,70835
460189,53172
460190,40000
460191,40000
460192,53257
460193,40000
460194,43342
460195,50158
460196,63472
460197,40000
460198,40000
460199,40000
460200,95997
460201,40000
460202,40000
460203,40000
460204,40000
460205,57428
460206,50790
460207,104402
460208,54700
460209,44851
460210,40000
460211,40000
460212,89559
460213,63864
460214,56368
460215,54972
460216,40000
460217,48160
460218,54183
460219,40000
460220,51143
460221,40000
460222,53562
460223,89415
460224,40000
460225,56955
460226,49482
460227,40000
460228,57732
460229,74597
460230,56119
460231,52567
460232,46218
460233,70327
460234,40000
460235,56325
460236,40000
460237,57267
460238,70957
460239,50622
460240,67556
460241,44494
460242,49515
460243,50224
460244,42699
460245,56993
460246,40000
460247,40000
460248,72031
460249,89923
460250,48100
460251,66787
460252,67830
460253,47555
460254,60793
460255,40000
460256,40000
460257,43403
460258,48770
460259,40000
460260,57256
460261,50320
460262,40000
460263,54525
460264,40000
460265,40000
460266,40000
460267,40000
460268,50210
460269,70761
460270,61006
460271,40297
460272,74339
460273,40000
460274,44248
460275,41754
460276,40000
460277,58960
460278,40000
460279,40000
460280,40000
460281,43909
460282,60214
460283,41299
460284,43899
460285,40000
460286,40000
460287,91020
460288,64329
460289,40000
460290,49313
460291,57514
460292,70142
460293,96586
460294,40000
460295,40000
460296,40000
460297,40000
460298,52289
460299,76316
460300,53741
460301,47488
460302,40000
460303,77713
460304,40000
460305,58274
460306,40000
460307,83904
460308,40000
460309,40000
460310,40000
460311,46370
460312,58045
460313,70941
460314,40000
460315,40000
460316,44707
460317,67794
460318,44681
460319,40000
460320,40000
460321,45317
460322,46828
460323,40000
460324,40000
460325,41918
460326,40000
460327,40000
460328,40000
460329,45511
460330,40000
460331,88798
460332,40000
460333,40000
460334,42543
460335,42874
460336,44400
460337,56375
460338,44644
460339,40000
460340,44544
460341,40000
460342,75640
460343,48682
460344,55062
460345,48337
460346,71428
460347,41916
460348,56857
460349,59716
460350,40000
460351,51512
460352,55873
460353,63216
460354,45233
460355,75553
460356,79445
460357,50712
460358,40000
460359,40000
460360,70733
460361,74114
460362,40000
460363,52753
460364,58267
460365,50995
460366,40000
460367,48881
460368,40000
460369,80775
460370,40000
460371,53585
460372,57257
460373,45407
460374,40000
460375,40000
460376,48344
460377,69987
460378,68833
460379,76925
460380,40000
460381,50645
460382,68744
460383,40000
460384,78244
460385,91267
460386,53460
460387,40000
460388,40000
460389,40000
460390,72461
460391,40000
460392,40000
460393,71369
460394,40000
460395,78663
460396,45659
460397,40000
460398,44635
460399,47175
460400,51836
460401,40000
460402,43033
460403,50041
460404,40000
460405,62354
460406,82917
460407,40910
460408,55643
460409,45520
460410,40000
460411,42313
460412,52535
460413,49425
460414,40000
460415,62046
460416,54751
460417,79415
460418,50090
460419,40000
460420,45228
460421,60354
460422,66214
460423,50622
460424,40000
460425,40000
460426,83826
460427,46747
460428,40307
460429,62102
460430,40000
460431,40000
460432,60758
460433,69474
460434,63793
460435,44862
460436,47953
460437,40000
460438,60995
460439,76322
460440,68220
460441,62639
460442,78888
460443,40000
460444,59647
460445,56715
460446,52589
460447,82828
460448,40000
460449,58438
460450,40000
460451,56081
460452,58280
460453,40000
460454,40000
460455,61691
460456,40000
460457,57254
460458,40000
460459,40000
460460,60157
460461,77236
460462,75873
460463,40000
460464,40000
460465,40000
460466,40000
460467,50966
460468,81217
460469,40000
460470,41276
460471,55213
460472,42813
460473,56580
460474,40000
460475,80257
460476,40000
460477,40000
460478,40000
460479,57023
460480,40621
460481,68416
460482,40000
460483,40000
460484,40000
460485,40000
460486,40000
460487,40000
460488,70861
460489,70638
460490,71475
460491,43312
460492,71555
460493,82230
460494,73003
460495,40000
460496,40000
460497,40000
460498,58135
460499,57892
460500,64577
460501,47100
460502,85066
460503,54765
460504,61371
460505,40729
460506,40000
460507,72556
460508,41889
460509,61435
460510,67593
460511,49148
460512,40000
460513,60526
460514,57080
460515,50438
460516,40000
460517,55821
460518,40000
460519,81726
460520,40000
460521,52100
460522,40000
460523,40000
460524,51674
460525,40000
460526,40000
460527,40000
460528,60062
460529,45204
460530,62547
460531,76020
460532,41789
460533,49524
460534,40000
460535,44659
460536,49632
460537,40000
460538,63364
460539,42096
460540,57610
460541,57757
460542,100460
460543,44807
460544,57895
460545,40000
460546,40000
460547,70036
460548,63596
460549,67443
460550,56782
460551,74530
460552,57456
460553,57118
460554,64664
460555,40000
460556,40000
460557,46692
460558,67491
460559,41754
460560,60663
460561,54982
460562,48413
460563,59467
460564,72714
460565,40000
460566,52650
460567,40000
460568,40601
460569,40000
460570,52153
460571,59524
460572,46745
460573,40000
460574,76829
460575,40000
460576,40000
460577,65363
460578,46621
460579,40000
460580,40000
460581,103283
460582,44821
460583,40000
460584,68210
460585,40000
460586,41434
460587,49492
460588,40000
460589,95111
460590,40000
460591,59966
460592,50139
460593,62220
460594,49537
460595,62635
460596,57148
460597,40000
460598,40000
460599,52408
460600,43360
460601,48074
460602,40000
460603,40000
460604,53136
460605,40000
460606,40000
460607,68643
460608,78537
460609,66979
460610,40000
460611,61937
460612,40000
460613,54265
460614,88427
460615,65140
460616,40000
460617,63674
460618,57421
460619,40000
460620,61570
460621,57077
460622,40000
460623,40499
460624,40000
460625,53034
460626,48600
460627,49792
460628,60355
460629,55339
460630,40000
460631,56435
460632,50211
460633,40000
460634,40000
460635,60401
460636,47258
460637,40000
460638,40000
460639,40000
460640,40000
460641,54866
460642,86679
460643,40000
460644,73567
460645,67688
460646,44644
460647,48776
460648,40000
460649,41068
460650,50274
460651,40460
460652,54394
460653,40000
460654,41710
460655,77153
460656,55251
460657,82225
460658,40000
460659,56108
460660,79810
460661,59474
460662,57973
460663,40000
460664,53336
460665,40000
460666,40000
460667,49331
460668,87229
460669,47427
460670,68332
460671,40000
460672,69815
460673,77848
460674,51395
460675,45720
460676,40000
460677,40813
460678,65256
460679,49437
460680,44610
460681,66708
460682,40000
460683,40000
460684,57631
460685,50988
460686,40000
460687,78078
460688,64796
460689,58219
460690,51010
460691,40000
460692,40000
460693,68705
460694,40157
460695,56834
460696,54942
460697,47214
460698,62601
460699,43691
460700,50091
460701,41803
460702,40000
460703,40000
460704,46115
460705,40000
460706,78034
460707,40000
460708,66948
460709,58656
460710,62193
460711,40000
460712,40000
460713,55721
460714,48662
460715,75516
460716,50020
460717,68554
460718,63315
460719,40000
460720,54936
460721,56659
460722,67270
460723,96209
460724,71559
460725,40207
460726,47563
460727,40000
460728,40000
460729,40000
460730,46583
460731,56753
460732,40000
460733,40000
460734,40000
460735,46927
460736,52352
460737,60251
460738,41307
460739,40995
460740,65847
460741,59245
460742,53675
460743,56082
460744,46936
460745,67624
460746,63870
460747,40000
460748,74067
460749,40000
460750,40000
460751,72991
460752,53890
460753,40000
460754,85212
460755,78717
460756,40000
460757,55378
460758,79984
460759,47808
460760,79836
460761,87126
460762,61879
460763,55561
460764,57525
460765,44777
460766,44791
460767,56721
460768,40000
460769,71759
460770,55952
460771,40000
460772,47944
460773,40000
460774,54328
460775,43041
460776,107769
460777,56995
460778,45702
460779,65252
460780,53906
460781,76920
460782,40000
460783,42219
460784,40000
460785,50752
460786,48626
460787,40000
460788,40000
460789,40000
460790,56943
460791,86898
460792,59442
460793,40000
460794,51482
460795,40000
460796,75961
460797,54523
460798,63951
460799,76598
460800,40000
460801,74406
460802,46549
460803,63112
460804,59735
460805,89674
460806,40000
460807,48333
460808,45626
460809,53960
460810,49163
460811,40000
460812,47984
460813,51680
460814,42418
460815,42783
460816,58603
460817,61163
460818,68997
460819,40000
460820,50755
460821,40000
460822,44108
460823,50922
460824,45812
460825,40000
460826,42042
460827,45220
460828,54452
460829,58552
460830,40000
460831,75147
460832,53400
460833,40000
460834,43405
460835,40000
460836,40526
460837,40000
460838,66949
460839,80300
460840,69422
460841,55254
460842,40000
460843,71086
460844,50353
460845,61458
460846,47213
460847,40000
460848,54955
460849,66045
460850,40000
460851,40000
460852,64929
460853,98931
460854,53309
460855,41656
460856,70112
460857,57640
460858,72663
460859,53052
460860,40000
460861,40649
460862,40000
460863,48983
460864,40000
460865,45661
460866,45325
460867,46048
460868,47015
460869,61371
460870,40000
460871,40000
460872,52864
460873,72370
460874,40000
460875,62172
460876,40000
460877,40000
460878,78977
460879,54627
460880,73984
460881,50025
460882,40000
460883,40000
460884,40063
460885,55388
460886,40000
460887,40000
460888,64314
460889,64960
460890,88832
460891,40000
460892,74927
460893,45905
460894,43735
460895,40000
460896,40000
460897,40000
460898,49581
460899,72903
460900,40000
460901,40617
460902,45509
460903,95703
460904,80884
460905,40000
460906,40000
460907,49036
460908,56238
460909,69985
460910,40000
460911,44087
460912,45044
460913,46805
460914,61847
460915,40000
460916,58907
460917,40000
460918,40000
460919,59175
460920,77844
460921,51710
460922,52616
460923,40000
460924,60666
460925,40000
460926,67493
460927,50212
460928,40000
460929,77421
460930,42471
460931,40000
460932,57108
460933,51421
460934,76426
460935,70363
460936,40000
460937,43313
460938,47224
460939,92123
460940,43019
460941,40216
460942,43337
460943,43599
460944,86687
460945,40000
460946,40000
460947,70578
460948,40000
460949,70048
460950,84185
460951,62640
460952,40000
460953,40000
460954,40000
460955,51255
460956,77261
460957,40000
460958,40622
460959,40000
460960,43953
460961,67225
460962,40000
460963,40000
460964,42776
460965,60399
460966,40000
460967,41729
460968,40000
460969,46590
460970,40000
460971,61144
460972,46526
460973,73039
460974,40000
460975,40000
460976,54148
460977,82221
460978,40000
460979,40000
460980,57116
460981,40000
460982,55353
460983,40000
460984,55793
460985,55968
460986,57441
460987,67434
460988,40000
460989,52481
460990,63922
460991,65683
460992,50779
460993,58337
460994,57898
460995,40000
460996,40000
460997,69359
460998,43982
460999,56221
461000,40000
461001,80475
461002,47113
461003,40000
461004,40000
461005,54122
461006,55861
461007,46111
461008,40000
461009,40000
461010,40000
461011,87704
461012,40000
461013,53420
461014,76118
461015,47960
461016,54928
461017,63061
461018,40000
461019,59232
461020,57656
461021,58707
461022,40000
461023,57487
461024,76714
461025,52999
461026,40000
461027,61256
461028,48093
461029,88354
461030,40000
461031,59114
461032,48305
461033,40000
461034,46135
461035,67523
461036,40000
461037,58482
461038,40000
461039,74949
461040,40000
461041,40000
461042,43081
461043,40000
461044,40000
461045,59735
461046,76202
461047,62182
461048,40000
461049,114889
461050,40000
461051,40000
461052,53946
461053,40000
461054,40187
461055,82120
461056,70071
461057,40000
461058,43863
461059,46963
461060,63449
461061,48067
461062,40000
461063,40000
461064,40000
461065,47815
461066,40000
461067,43971
461068,57234
461069,89688
461070,40000
461071,46463
461072,79455
461073,56548
461074,40000
461075,40000
461076,40000
461077,44191
461078,47901
461079,42528
461080,77905
461081,40000
461082,44074
461083,46816
461084,55840
461085,61385
461086,51315
461087,40000
461088,104237
461089,48249
461090,86487
461091,47232
461092,70287
461093,76486
461094,40521
461095,40000
461096,62211
461097,68262
461098,97640
461099,40000
461100,67836
461101,40000
461102,72104
461103,40000
461104,42105
461105,65186
461106,40000
461107,40000
461108,47200
461109,74700
461110,50302
461111,40000
461112,40000
461113,40000
461114,55777
461115,64654
461116,45616
461117,40000
461118,61293
461119,40000
461120,68304
461121,65538
461122,40000
461123,40000
461124,75775
461125,75848
461126,40000
461127,51314
461128,73327
461129,61803
461130,40000
461131,59760
461132,67421
461133,57285
461134,48581
461135,57191
461136,50829
461137,44163
461138,60165
461139,40000
461140,73806
461141,40000
461142,65063
461143,76030
461144,67437
461145,51896
461146,40000
461147,51860
461148,40000
461149,54857
461150,69388
461151,47463
461152,66137
461153,51316
461154,40000
461155,40000
461156,47927
461157,40000
461158,55854
461159,53212
461160,46555
461161,66759
461162,40987
461163,67533
461164,48800
461165,62567
461166,68032
461167,51863
461168,78185
461169,41434
461170,51763
461171,40000
461172,52459
461173,56449
461174,86917
461175,109760
461176,40000
461177,48302
461178,60489
461179,63063
461180,64965
461181,49876
461182,66838
461183,40000
461184,40000
461185,40000
461186,40000
461187,72680
461188,40000
461189,55899
461190,42566
461191,41432
461192,40000
461193,57312
461194,40000
461195,65166
461196,41228
461197,78109
461198,40000
461199,40000
461200,45530
461201,52820
461202,71461
461203,54206
461204,51856
461205,40000
461206,40000
461207,46413
461208,40000
461209,40803
461210,68778
461211,45943
461212,58605
461213,40000
461214,52223
461215,40000
461216,66184
461217,40000
461218,48571
461219,49696
461220,61975
461221,40000
461222,69883
461223,40000
461224,40000
461225,40667
461226,40000
461227,40000
461228,47308
461229,62000
461230,40000
461231,40000
461232,40000
461233,79851
461234,83347
461235,40000
461236,44256
461237,66717
461238,40000
461239,40000
461240,66619
461241,63062
461242,62844
461243,54845
461244,61042
461245,40158
461246,43726
461247,41753
461248,61536
461249,44462
461250,40000
461251,60952
461252,75216
461253,44108
461254,77155
461255,42021
461256,51064
461257,44283
461258,69934
461259,68200
461260,40000
461261,99055
461262,79893
461263,45237
461264,40000
461265,75136
461266,51913
461267,79039
461268,100259
461269,40000
461270,76737
461271,60398
461272,51877
461273,40000
461274,51227
461275,42144
461276,40000
461277,69718
461278,77849
461279,40000
461280,45188
461281,43430
461282,40164
461283,48951
461284,55499
461285,64740
461286,58671
461287,40000
461288,40000
461289,40000
461290,80348
461291,81931
461292,52994
461293,45140
461294,68052
461295,66714
461296,40000
461297,40844
461298,54668
461299,54559
461300,40246
461301,102457
461302,77771
461303,40000
461304,40000
461305,66055
461306,40000
461307,52115
461308,43103
461309,57356
461310,42300
461311,43584
461312,44917
461313,43019
461314,59291
461315,73679
461316,55934
461317,61944
461318,54091
461319,43756
461320,50175
461321,71316
461322,69543
461323,41693
461324,40000
461325,52380
461326,40000
461327,40000
461328,97207
461329,98329
461330,53359
461331,40000
461332,40000
461333,40000
461334,66153
461335,40000
461336,50085
461337,61597
461338,82872
461339,40000
461340,68467
461341,40000
461342,62642
461343,40000
461344,40000
461345,71265
461346,80733
461347,64044
461348,40138
461349,52059
461350,49987
461351,58526
461352,45889
461353,79104
461354,40000
461355,43833
461356,40000
461357,40000
461358,50528
461359,54669
461360,61913
461361,49074
461362,40000
461363,66377
461364,69217
461365,77337
461366,40000
461367,61689
461368,40000
461369,74870
461370,60102
461371,51431
461372,57534
461373,41406
461374,64480
461375,40000
461376,64861
461377,40000
461378,40000
461379,54661
461380,40000
461381,40000
461382,45945
461383,41592
461384,59312
461385,64845
461386,45439
461387,74066
461388,58312
461389,62424
461390,51458
461391,49368
461392,57942
461393,44283
461394,41938
461395,40000
461396,57614
461397,40000
461398,77555
461399,40000
461400,40000
461401,40000
461402,40000
461403,69068
461404,47795
461405,57567
461406,57827
461407,44976
461408,46493
461409,50004
461410,41987
461411,40000
461412,40309
461413,40000
461414,40000
461415,58817
461416,40528
461417,40000
461418,42081
461419,40099
461420,40000
461421,64388
461422,50188
461423,40000
461424,56902
461425,40000
461426,73632
461427,45964
461428,40000
461429,40000
461430,40000
461431,74645
461432,59366
461433,40000
461434,40000
461435,46152
461436,53121
461437,95635
461438,56259
461439,40000
461440,67623
461441,60221
461442,85576
461443,40000
461444,51921
461445,51709
461446,40906
461447,41168
461448,46404
461449,49392
461450,60974
461451,45597
461452,40000
461453,64273
461454,77788
461455,40954
461456,53091
461457,49181
461458,40000
461459,40000
461460,50061
461461,40000
461462,59291
461463,54050
461464,86056
461465,40000
461466,40000
461467,40000
461468,49894
461469,40000
461470,56642
461471,40000
461472,49203
461473,40000
461474,44144
461475,40000
461476,44864
461477,58728
461478,58819
461479,51592
461480,42896
461481,61670
461482,59041
461483,46169
461484,40000
461485,40000
461486,40000
461487,41439
461488,50358
461489,60654
461490,54941
461491,56355
461492,40000
461493,40000
461494,61099
461495,52556
461496,40000
461497,81707
461498,40000
461499,78545
461500,60855
461501,106744
461502,44620
461503,42721
461504,55843
461505,60595
461506,40000
461507,69885
461508,55020
461509,54626
461510,41186
461511,49660
461512,57686
461513,46688
461514,40000
461515,61846
461516,44567
461517,40000
461518,63501
461519,40000
461520,58017
461521,52723
461522,40000
461523,41250
461524,92342
461525,47713
461526,44630
461527,45160
461528,40000
461529,42615
461530,40000
461531,40000
461532,49744
461533,60378
461534,83365
461535,40000
461536,64419
461537,55728
461538,40000
461539,51069
461540,61096
461541,43743
461542,54256
461543,40000
461544,76832
461545,40000
461546,82156
461547,40000
461548,57518
461549,80534
461550,47797
461551,97916
461552,44693
461553,57232
461554,47902
461555,62191
461556,53599
461557,40000
461558,86795
461559,46770
461560,61406
461561,95390
461562,67196
461563,51708
461564,64532
461565,43998
461566,40000
461567,41905
461568,64158
461569,40625
461570,61678
461571,47436
461572,63014
461573,40000
461574,51494
461575,60362
461576,40000
461577,55060
461578,72883
461579,40000
461580,52586
461581,60580
461582,40000
461583,53434
461584,40000
461585,60021
461586,56191
461587,40000
461588,64379
461589,40000
461590,69718
461591,40000
461592,40000
461593,40000
461594,68772
461595,69054
461596,40000
461597,55217
461598,50821
461599,40000
461600,60442
461601,40000
461602,60390
461603,40000
461604,43131
461605,67241
461606,83636
461607,40000
461608,51047
461609,58582
461610,40000
461611,40000
461612,40000
461613,47099
461614,40000
461615,104903
461616,69012
461617,43340
461618,49650
461619,63728
461620,56759
461621,70383
461622,63396
461623,44719
461624,83986
461625,69097
461626,57878
461627,84714
461628,51982
461629,67261
461630,40000
461631,60193
461632,44560
461633,40000
461634,40000
461635,40000
461636,43305
461637,40000
461638,43123
461639,48258
461640,62803
461641,40000
461642,50205
461643,54815
461644,57287
461645,54679
461646,48392
461647,55236
461648,58981
461649,40000
461650,62596
461651,42756
461652,46264
461653,40000
461654,43364
461655,59115
461656,41078
461657,76895
461658,87483
461659,91370
461660,68068
461661,65916
461662,75753
461663,40000
461664,49017
461665,67964
461666,48627
461667,47460
461668,68583
461669,40000
461670,40000
461671,40000
461672,40000
461673,40000
461674,40000
461675,66458
461676,40000
461677,46672
461678,40000
461679,40000
461680,70350
461681,52675
461682,47294
461683,43494
461684,47557
461685,40000
461686,40000
461687,40000
461688,40000
461689,40000
461690,76647
461691,58000
461692,67975
461693,52377
461694,70282
461695,42961
461696,40000
461697,40000
461698,54464
461699,42598
461700,85090
461701,89622
461702,40000
461703,98673
461704,85514
461705,51763
461706,40000
461707,53874
461708,52379
461709,44824
461710,40048
461711,66920
461712,51056
461713,45478
461714,70876
461715,40000
461716,79589
461717,40000
461718,40000
461719,40000
461720,40734
461721,40000
461722,40000
461723,51122
461724,40000
461725,40000
461726,77867
461727,40000
461728,40000
461729,51600
461730,56964
461731,74108
461732,61723
461733,40000
461734,42854
461735,40000
461736,56646
461737,40074
461738,40000
461739,72620
461740,40000
461741,81212
461742,59464
461743,71658
461744,44742
461745,40000
461746,68794
461747,47914
461748,78452
461749,48484
461750,56939
461751,40000
461752,40000
461753,51231
461754,40000
461755,57174
461756,74748
461757,40000
461758,61133
461759,73154
461760,51812
461761,52961
461762,48503
461763,54488
461764,50155
461765,40000
461766,46084
461767,50260
461768,40000
461769,66139
461770,43742
461771,40000
461772,40000
461773,45872
461774,74388
461775,40000
461776,40000
461777,95757
461778,73073
461779,40000
461780,63103
461781,40000
461782,40000
461783,48648
461784,40000
461785,84856
461786,64314
461787,40000
461788,42535
461789,40000
461790,69066
461791,61786
461792,72929
461793,59191
461794,40000
461795,58673
461796,69909
461797,61135
461798,83313
461799,40000
461800,59269
461801,59006
461802,79646
461803,70990
461804,50939
461805,58792
461806,40000
461807,44331
461808,56377
461809,49720
461810,73362
461811,48848
461812,76418
461813,57297
461814,78128
461815,59246
461816,49741
461817,40000
461818,50340
461819,75525
461820,49366
461821,42069
461822,40000
461823,78568
461824,77702
461825,40000
461826,61777
461827,43087
461828,40000
461829,57502
461830,40000
461831,65505
461832,48319
461833,40000
461834,40000
461835,92654
461836,58030
461837,64651
461838,40000
461839,66395
461840,56848
461841,40000
461842,68669
461843,70560
461844,40000
461845,55223
461846,49014
461847,41493
461848,60142
461849,40000
461850,40000
461851,62853
461852,49395
461853,40000
461854,40000
461855,64590
461856,63167
461857,40000
461858,81423
461859,62629
461860,60410
461861,88539
461862,46408
461863,40000
461864,67887
461865,40811
461866,45030
461867,42628
461868,43485
461869,82276
461870,58040
461871,40000
461872,75150
461873,40000
461874,93406
461875,60930
461876,46322
461877,56919
461878,42447
461879,77588
461880,40000
461881,80452
461882,63292
461883,40000
461884,50453
461885,40000
461886,70667
461887,44451
461888,50576
461889,73964
461890,40000
461891,58184
461892,56218
461893,45523
461894,73349
461895,40000
461896,87601
461897,42216
461898,40000
461899,82206
461900,40000
461901,53156
461902,52116
461903,40000
461904,76461
461905,63870
461906,54572
461907,59398
461908,52275
461909,40000
461910,53669
461911,62733
461912,64416
461913,45323
461914,40000
461915,93843
461916,40000
461917,40000
461918,86330
461919,71336
461920,49736
461921,45062
461922,40000
461923,40000
461924,53538
461925,57164
461926,53327
461927,40000
461928,40000
461929,40000
461930,40000
461931,67128
461932,40000
461933,42749
461934,42035
461935,51838
461936,40000
461937,63592
461938,78701
461939,53546
461940,76618
461941,40000
461942,93073
461943,54628
461944,46177
461945,47027
461946,40000
461947,54387
461948,41535
461949,89159
461950,59691
461951,41925
461952,40000
461953,79800
461954,79934
461955,40000
461956,75720
461957,55068
461958,72109
461959,40000
461960,45705
461961,61167
461962,40000
461963,55044
461964,40000
461965,77490
461966,65248
461967,85491
461968,40000
461969,66593
461970,51716
461971,51255
461972,50193
461973,40000
461974,53441
461975,40000
461976,45364
461977,60965
461978,48158
461979,55906
461980,40000
461981,40000
461982,52145
461983,40000
461984,40000
461985,49647
461986,47556
461987,59907
461988,50031
461989,54441
461990,66172
461991,40000
461992,52580
461993,47444
461994,47834
461995,77794
461996,43951
461997,60753
461998,47780
461999,63033
462000,51201
462001,42393
462002,68457
462003,40000
462004,40000
462005,66243
462006,63003
462007,40000
462008,63880
462009,40135
462010,42643
462011,45258
462012,44662
462013,59984
462014,43550
462015,72881
462016,70572
462017,51885
462018,40000
462019,55622
462020,40000
462021,54110
462022,64215
462023,48076
462024,40000
462025,61747
462026,63369
462027,47904
462028,40000
462029,40000
462030,40000
462031,45812
462032,62454
462033,64948
462034,45207
462035,53355
462036,42828
462037,80871
462038,51822
462039,44864
462040,40000
462041,50169
462042,40000
462043,65400
462044,40000
462045,40000
462046,40000
462047,58223
462048,48621
462049,60552
462050,65691
462051,57636
462052,74405
462053,40000
462054,40000
462055,40000
462056,47422
462057,43254
462058,40000
462059,60415
462060,46217
462061,67127
462062,105681
462063,78042
462064,44359
462065,40000
462066,66236
462067,56407
462068,67644
462069,57392
462070,40000
462071,72903
462072,40000
462073,52949
462074,61873
462075,40000
462076,55552
462077,40000
462078,78979
462079,57640
462080,41569
462081,40000
462082,40971
462083,40000
462084,40000
462085,40000
462086,40000
462087,40000
462088,54622
462089,40000
462090,56379
462091,40105
462092,40000
462093,40000
462094,51013
462095,44579
462096,82589
462097,61867
462098,40000
462099,40000
462100,40000
462101,50099
462102,40000
462103,59117
462104,40000
462105,60077
462106,40000
462107,40000
462108,45293
462109,60727
462110,40000
462111,40000
462112,59146
462113,88495
462114,45021
462115,57474
462116,47858
462117,40000
462118,40000
462119,70395
462120,44887
462121,88151
462122,40000
462123,65629
462124,74206
462125,74135
462126,71077
462127,46315
462128,40000
462129,60679
462130,40000
462131,40000
462132,40000
462133,52437
462134,40000
462135,40000
462136,48996
462137,40000
462138,40000
462139,79491
462140,40000
462141,40000
462142,52065
462143,40000
462144,40000
462145,74975
462146,67533
462147,40000
462148,47579
462149,42174
462150,40958
462151,43373
462152,48359
462153,41812
462154,54933
462155,53147
462156,73782
462157,40000
462158,41122
462159,41874
462160,55694
462161,40000
462162,40000
462163,41457
462164,51076
462165,40000
462166,47130
462167,40000
462168,40000
462169,49895
462170,81077
462171,55948
462172,41541
462173,40000
462174,47632
462175,60156
462176,48763
462177,46951
462178,65370
462179,40000
462180,80741
462181,40000
462182,40000
462183,71476
462184,61376
462185,40000
462186,72586
462187,88707
462188,49869
462189,52905
462190,69112
462191,45732
462192,49062
462193,40000
462194,44269
462195,40000
462196,40000
462197,47226
462198,62998
462199,40000
462200,41394
462201,40000
462202,91350
462203,40000
462204,52973
462205,40000
462206,40000
462207,40000
462208,77915
462209,50954
462210,40000
462211,79716
462212,40000
462213,40000
462214,89891
462215,47125
462216,59420
462217,40874
462218,40000
462219,40000
462220,41854
462221,57407
462222,83253
462223,63908
462224,40000
462225,56569
462226,40000
462227,54135
462228,71301
462229,40000
462230,40000
462231,85178
462232,69667
462233,60554
462234,68239
462235,40041
462236,41073
462237,48170
462238,65592
462239,50494
462240,40000
462241,40000
462242,78384
462243,55561
462244,52706
462245,57454
462246,51759
462247,62518
462248,40000
462249,45246
462250,91358
462251,47780
462252,40000
462253,90788
462254,40000
462255,45914
462256,57690
462257,40000
462258,89654
462259,45968
462260,40000
462261,43814
462262,59688
462263,74735
462264,57741
462265,47921
462266,70461
462267,40000
462268,61078
462269,48452
462270,40000
462271,78812
462272,40000
462273,40934
462274,46243
462275,40000
462276,84772
462277,51232
462278,48043
462279,45332
462280,40000
462281,75093
462282,77346
462283,63365
462284,69717
462285,52469
462286,73188
462287,41808
462288,69966
462289,44191
462290,53305
462291,40000
462292,108341
462293,85925
462294,48666
462295,41733
462296,40563
462297,84540
462298,40000
462299,69158
462300,40000
462301,40000
462302,66670
462303,40000
462304,40000
462305,59578
462306,66681
462307,40000
462308,63608
462309,52703
462310,65532
462311,72207
462312,42147
462313,52743
462314,40000
462315,40000
462316,52180
462317,72532
462318,60256
462319,43368
462320,57416
462321,69709
462322,40000
462323,40000
462324,40000
462325,64941
462326,40000
462327,47257
462328,40000
462329,41650
462330,43092
462331,40000
462332,48557
462333,40000
462334,44539
462335,40000
462336,73089
462337,55867
462338,40000
462339,41409
462340,40000
462341,62829
462342,42890
462343,98199
462344,94313
462345,48849
462346,41958
462347,44341
462348,66524
462349,40000
462350,40000
462351,40000
462352,49019
462353,40000
462354,65194
462355,40000
462356,41913
462357,69194
462358,60215
462359,58016
462360,52210
462361,40000
462362,42938
462363,78976
462364,58544
462365,40000
462366,47071
462367,52142
462368,40000
462369,40000
462370,59328
462371,40000
462372,40000
462373,40000
462374,58437
462375,65387
462376,40000
462377,61232
462378,56006
462379,67936
462380,59379
462381,47731
462382,40000
462383,40000
462384,57669
462385,40000
462386,65659
462387,76090
462388,40000
462389,49180
462390,40000
462391,40000
462392,40000
462393,40000
462394,41365
462395,51955
462396,70769
462397,60711
462398,40940
462399,62914
462400,62262
462401,43962
462402,45624
462403,40000
462404,78264
462405,62762
462406,56806
462407,40000
462408,40000
462409,40000
462410,44801
462411,73920
462412,42231
462413,52812
462414,90303
462415,80244
462416,62650
462417,89762
462418,62952
462419,48972
462420,40000
462421,48148
462422,53587
462423,48086
462424,40000
462425,80006
462426,40000
462427,50528
462428,45709
462429,77764
462430,81857
462431,40000
462432,57519
462433,40000
462434,47108
462435,87270
462436,50539
462437,48773
462438,40000
462439,53512
462440,69182
462441,53483
462442,40000
462443,40000
462444,47529
462445,40000
462446,40000
462447,40000
462448,40000
462449,72149
462450,68579
462451,54042
462452,40000
462453,67354
462454,59780
462455,44676
462456,67369
462457,61235
462458,43209
462459,40000
462460,42641
462461,60869
462462,40000
462463,48025
462464,48143
462465,41458
462466,40000
462467,40000
462468,45810
462469,40000
462470,50319
462471,70304
462472,72279
462473,40000
462474,40000
462475,44320
462476,52300
462477,50476
462478,40000
462479,43760
462480,48801
462481,40000
462482,47826
462483,62787
462484,52422
462485,80603
462486,40000
462487,40000
462488,40000
462489,46746
462490,40000
462491,57382
462492,57690
462493,40000
462494,56316
462495,40000
462496,82347
462497,54730
462498,48442
462499,45906
462500,54490
462501,68539
462502,67624
462503,66176
462504,40000
462505,40000
462506,40000
462507,40000
462508,40000
462509,40000
462510,40000
462511,59699
462512,42090
462513,40000
462514,76068
462515,41142
462516,44194
462517,46164
462518,53007
462519,40000
462520,48155
462521,55016
462522,47988
462523,40000
462524,40799
462525,57226
462526,40000
462527,40000
462528,48850
462529,63143
462530,52467
462531,40000
462532,47840
462533,47262
462534,57813
462535,54282
462536,40000
462537,85955
462538,40000
462539,40000
462540,59777
462541,57638
462542,61007
462543,73627
462544,40000
462545,63120
462546,41494
462547,64235
462548,53048
462549,40000
462550,49781
462551,65356
462552,41627
462553,90664
462554,41925
462555,40000
462556,82296
462557,61742
462558,40988
462559,62223
462560,40000
462561,48983
462562,79420
462563,40000
462564,50763
462565,47705
462566,47821
462567,40000
462568,71058
462569,40000
462570,41480
462571,74646
462572,55146
462573,40000
462574,47235
462575,45532
462576,40000
462577,57109
462578,51219
462579,61908
462580,40000
462581,76642
462582,62345
462583,52321
462584,50947
462585,40000
462586,49757
462587,40000
462588,42977
462589,40000
462590,47903
462591,40416
462592,40000
462593,60944
462594,59973
462595,40000
462596,76408
462597,40000
462598,54178
462599,40000
462600,40000
462601,44490
462602,55101
462603,40000
462604,40000
462605,52702
462606,63810
462607,57114
462608,66392
462609,47656
462610,67805
462611,55344
462612,58739
462613,40000
462614,40000
462615,55713
462616,56873
462617,49561
462618,50459
462619,40000
462620,40000
462621,69395
462622,60162
462623,86846
462624,40000
462625,48813
462626,76975
462627,69733
462628,47043
462629,40000
462630,40000
462631,42350
462632,63773
462633,55076
462634,64691
462635,40018
462636,76157
462637,69337
462638,40000
462639,43873
462640,40000
462641,52260
462642,69752
462643,52515
462644,62838
462645,48905
462646,40000
462647,55132
462648,40000
462649,70397
462650,53571
462651,40000
462652,40000
462653,54530
462654,73020
462655,72749
462656,53973
462657,68442
462658,44275
462659,89446
462660,44342
462661,55260
462662,40000
462663,67474
462664,40000
462665,59417
462666,40000
462667,40000
462668,78900
462669,40000
462670,48465
462671,60575
462672,67949
462673,40000
462674,52919
462675,41195
462676,53520
462677,40000
462678,49121
462679,82905
462680,59172
462681,40000
462682,53746
462683,40000
462684,47160
462685,40000
462686,63783
462687,40000
462688,59269
462689,61823
462690,71623
462691,53447
462692,60477
462693,51449
462694,42150
462695,41818
462696,58893
462697,40000
462698,71679
462699,40000
462700,66732
462701,40000
462702,68835
462703,41238
462704,40422
462705,78244
462706,40000
462707,40000
462708,74027
462709,59866
462710,40000
462711,83734
462712,40000
462713,41418
462714,59848
462715,63297
462716,40000
462717,40000
462718,40000
462719,70012
462720,65221
462721,45515
462722,73052
462723,65007
462724,40000
462725,56136
462726,68521
462727,55549
462728,67774
462729,40000
462730,58455
462731,91080
462732,70134
462733,48580
462734,40000
462735,61934
462736,43051
462737,47647
462738,40000
462739,53401
462740,46296
462741,61600
462742,78797
462743,49070
462744,40000
462745,40000
462746,55320
462747,40000
462748,79648
462749,70899
462750,61512
462751,51115
462752,48333
462753,58973
462754,62323
462755,40000
462756,40000
462757,45053
462758,49208
462759,54373
462760,93317
462761,40000
462762,40000
462763,40000
462764,60872
462765,58799
462766,62696
462767,58271
462768,78577
462769,40000
462770,80640
462771,40000
462772,40000
462773,40000
462774,53712
462775,40000
462776,91329
462777,52805
462778,40000
462779,70978
462780,40000
462781,40000
462782,52499
462783,52855
462784,68080
462785,77513
462786,57734
462787,40000
462788,45989
462789,58353
462790,40000
462791,40000
462792,40000
462793,54493
462794,47415
462795,47611
462796,45408
462797,60571
462798,41218
462799,77021
462800,50988
462801,48763
462802,67167
462803,67393
462804,44579
462805,88656
462806,61287
462807,48496
462808,43256
462809,45578
462810,55236
462811,40000
462812,49827
462813,48974
462814,40000
462815,40000
462816,41562
462817,59500
462818,45211
462819,40000
462820,40000
462821,45208
462822,40000
462823,47597
462824,40000
462825,66320
462826,40000
462827,45197
462828,63540
462829,42444
462830,53229
462831,42084
462832,59389
462833,57290
462834,53582
462835,78858
462836,60215
462837,67530
462838,47748
462839,62795
462840,64738
462841,56815
462842,41352
462843,76044
462844,60011
462845,53461
462846,40000
462847,66995
462848,49376
462849,66969
462850,55990
462851,52591
462852,44520
462853,50361
462854,61369
462855,40000
462856,50154
462857,82185
462858,51518
462859,40000
462860,41718
462861,91846
462862,72619
462863,57925
462864,40000
462865,62660
462866,40000
462867,40000
462868,84194
462869,53230
462870,82685
462871,40000
462872,75731
462873,40607
462874,59041
462875,55193
462876,54956
462877,40000
462878,55017
462879,40000
462880,83656
462881,44564
462882,40000
462883,63950
462884,76349
462885,60785
462886,80238
462887,40000
462888,45625
462889,40847
462890,40000
462891,40000
462892,70221
462893,40000
462894,48965
462895,40000
462896,40000
462897,62762
462898,41126
462899,40000
462900,59221
462901,40000
462902,66797
462903,44872
462904,40000
462905,40000
462906,40000
462907,40000
462908,44018
462909,44405
462910,83295
462911,74067
462912,40000
462913,40000
462914,48932
462915,40000
462916,40000
462917,40000
462918,80198
462919,76932
462920,40000
462921,52648
462922,40000
462923,65672
462924,57196
462925,63463
462926,50231
462927,40000
462928,73869
462929,68315
462930,40000
462931,40000
462932,76143
462933,55791
462934,40000
462935,43773
462936,40000
462937,43569
462938,47470
462939,42063
462940,51287
462941,81338
462942,46909
462943,85087
462944,40000
462945,85862
462946,52741
462947,59584
462948,53444
462949,46824
462950,74285
462951,40000
462952,44133
462953,40548
462954,51333
462955,56942
462956,52110
462957,40000
462958,79030
462959,66990
462960,78322
462961,40896
462962,40000
462963,40000
462964,62943
462965,45294
462966,40000
462967,47563
462968,40000
462969,68078
462970,40000
462971,42079
462972,43582
462973,40000
462974,40000
462975,50257
462976,49028
462977,40000
462978,63292
462979,59389
462980,50474
462981,53945
462982,64643
462983,40000
462984,80028
462985,56647
462986,40000
462987,55313
462988,40000
462989,40000
462990,40000
462991,45748
462992,40000
462993,77334
462994,59828
462995,49929
462996,64404
462997,40000
462998,40000
462999,40000
463000,43940
463001,40000
463002,62224
463003,43537
463004,40000
463005,59501
463006,61323
463007,69713
463008,60522
463009,47299
463010,55038
463011,68637
463012,82331
463013,89863
463014,65041
463015,48712
463016,89464
463017,40000
463018,54810
463019,68935
463020,40000
463021,59847
463022,81183
463023,53407
463024,42301
463025,64002
463026,40000
463027,47371
463028,48678
463029,44354
463030,50562
463031,40000
463032,40000
463033,46603
463034,40000
463035,40000
463036,71620
463037,42741
463038,67396
463039,77248
463040,40000
463041,64616
463042,40000
463043,45838
463044,52014
463045,40000
463046,66143
463047,40000
463048,40000
463049,60112
463050,42146
463051,67331
463052,45512
463053,49186
463054,47154
463055,58050
463056,52330
463057,70845
463058,75144
463059,59049
463060,43746
463061,76806
463062,40000
463063,88769
463064,43989
463065,40000
463066,40000
463067,40000
463068,55960
463069,43264
463070,68777
463071,47572
463072,81232
463073,40000
463074,73432
463075,50071
463076,40000
463077,44508
463078,47308
463079,42454
463080,49698
463081,61577
463082,40000
463083,56932
463084,40000
463085,41362
463086,40000
463087,40000
463088,40000
463089,43099
463090,51246
463091,64080
463092,72275
463093,53053
463094,52320
463095,40000
463096,71810
463097,41844
463098,40000
463099,59911
463100,53345
463101,47649
463102,44801
463103,40000
463104,55974
463105,70444
463106,66583
463107,71381
463108,40000
463109,54272
463110,49900
463111,48876
463112,43263
463113,40000
463114,40000
463115,86539
463116,78492
463117,40000
463118,41460
463119,62283
463120,40000
463121,71582
463122,59684
463123,57924
463124,57816
463125,40000
463126,40000
463127,61299
463128,40000
463129,62232
463130,49934
463131,43164
463132,70031
463133,40000
463134,40000
463135,44358
463136,41502
463137,42814
463138,41184
463139,79619
463140,40000
463141,40000
463142,45437
463143,44412
463144,40000
463145,40000
463146,76985
463147,72377
463148,64940
463149,40000
463150,43034
463151,74112
463152,43401
463153,40000
463154,40000
463155,40000
463156,40000
463157,40000
463158,75991
463159,53220
463160,78433
463161,53523
463162,56141
463163,40000
463164,42017
463165,40000
463166,46776
463167,40000
463168,72950
463169,40000
463170,60136
463171,40000
463172,48414
463173,57687
463174,52455
463175,71156
463176,40000
463177,72196
463178,40000
463179,54691
463180,40000
463181,42988
463182,88523
463183,62730
463184,50473
463185,63224
463186,45785
463187,47817
463188,44951
463189,46449
463190,40000
463191,54111
463192,81794
463193,40000
463194,81723
463195,40000
463196,41786
463197,57257
463198,40000
463199,53793
463200,55872
463201,40000
463202,40000
463203,40000
463204,52137
463205,56791
463206,40000
463207,40000
463208,40000
463209,49014
463210,42577
463211,40000
463212,47857
463213,77443
463214,40000
463215,60260
463216,53099
463217,69940
463218,48042
463219,69643
463220,46811
463221,63442
463222,40000
463223,40000
463224,65356
463225,51905
463226,40000
463227,43328
463228,40000
463229,85027
463230,56583
463231,40000
463232,41885
463233,46434
463234,72686
463235,40831
463236,60058
463237,42239
463238,50022
463239,40000
463240,58736
463241,42028
463242,40000
463243,62458
463244,52273
463245,40000
463246,43027
463247,64374
463248,45050
463249,50882
463250,40000
463251,85511
463252,45269
463253,85336
463254,58513
463255,66980
463256,55229
463257,58314
463258,90569
463259,46841
463260,56233
463261,40000
463262,56136
463263,40000
463264,40000
463265,77282
463266,56943
463267,83543
463268,44178
463269,44371
463270,90051
463271,73528
463272,68291
463273,66522
463274,48603
463275,46387
463276,40000
463277,40000
463278,40927
463279,82058
463280,40491
463281,40000
463282,42779
463283,40000
463284,50139
463285,59113
463286,50215
463287,40000
463288,40000
463289,92334
463290,44458
463291,80971
463292,40000
463293,45394
463294,40000
463295,75952
463296,76588
463297,48082
463298,40000
463299,60530
463300,69008
463301,100738
463302,40000
463303,60898
463304,40000
463305,40000
463306,49963
463307,53957
463308,57274
463309,44875
463310,44569
463311,51455
463312,80815
463313,49492
463314,46815
463315,77089
463316,62106
463317,40000
463318,40000
463319,40880
463320,60159
463321,53626
463322,57731
463323,47731
463324,51391
463325,52501
463326,40000
463327,40000
463328,55217
463329,85711
463330,40000
463331,81787
463332,40000
463333,40000
463334,40000
463335,40000
463336,50933
463337,72797
463338,69536
463339,40000
463340,69259
463341,40000
463342,42517
463343,79879
463344,40000
463345,63140
463346,80370
463347,70237
463348,62287
463349,40000
463350,61637
463351,46932
463352,40000
463353,47527
463354,97475
463355,49453
463356,58449
463357,88692
463358,44655
463359,55129
463360,70446
463361,44219
463362,40000
463363,44818
463364,41576
463365,80127
463366,57054
463367,40000
463368,40000
463369,40000
463370,40000
463371,49482
463372,40000
463373,47007
463374,40000
463375,40000
463376,42043
463377,47121
463378,40000
463379,42301
463380,79044
463381,40000
463382,40000
463383,40000
463384,54447
463385,60048
463386,50780
463387,40000
463388,40000
463389,40000
463390,59003
463391,46333
463392,40000
463393,40000
463394,40000
463395,64437
463396,46407
463397,78071
463398,40000
463399,54584
463400,76327
463401,40000
463402,40000
463403,50096
463404,57874
463405,40000
463406,46334
463407,53162
463408,58110
463409,40000
463410,52122
463411,45362
463412,40854
463413,62030
463414,40000
463415,46143
463416,63240
463417,40000
463418,40000
463419,56699
463420,79926
463421,78465
463422,47965
463423,57800
463424,51903
463425,65040
463426,40000
463427,58816
463428,40000
463429,40000
463430,59833
463431,48596
463432,42857
463433,53920
463434,40000
463435,59724
463436,72124
463437,40000
463438,41708
463439,40000
463440,52679
463441,40000
463442,58185
463443,44360
463444,40000
463445,40000
463446,40000
463447,40357
463448,40000
463449,40000
463450,40000
463451,71922
463452,40000
463453,40000
463454,46761
463455,40000
463456,40000
463457,94297
463458,60699
463459,40000
463460,40000
463461,43805
463462,55244
463463,74812
463464,62210
463465,40000
463466,42091
463467,40000
463468,40000
463469,61218
463470,44369
463471,40000
463472,40000
463473,45639
463474,57676
463475,40000
463476,56833
463477,41043
463478,40000
463479,77704
463480,47684
463481,72356
463482,65834
463483,43685
463484,40000
463485,41859
463486,46547
463487,50729
463488,62750
463489,40000
463490,48114
463491,40000
463492,60997
463493,63408
463494,40000
463495,40000
463496,46026
463497,71742
463498,51133
463499,42169
463500,66078
463501,47266
463502,40000
463503,40000
463504,42022
463505,77530
463506,40000
463507,44563
463508,40000
463509,42616
463510,40000
463511,58156
463512,40000
463513,40000
463514,54167
463515,41414
463516,48369
463517,40000
463518,40000
463519,62692
463520,40000
463521,40000
463522,69041
463523,40000
463524,46031
463525,76238
463526,58985
463527,40000
463528,40000
463529,52483
463530,45012
463531,40000
463532,49145
463533,40000
463534,54606
463535,72047
463536,50686
463537,44965
463538,40000
463539,53111
463540,40000
463541,82442
463542,55324
463543,40000
463544,40833
463545,40501
463546,50578
463547,40000
463548,40000
463549,40000
463550,42346
463551,40000
463552,40000
463553,59307
463554,40000
463555,56264
463556,40000
463557,40000
463558,40000
463559,43298
463560,64327
463561,40000
463562,47928
463563,68507
463564,40000
463565,72311
463566,73171
463567,40000
463568,41576
463569,51714
463570,84453
463571,58924
463572,52201
463573,40000
463574,40000
463575,51532
463576,66769
463577,40491
463578,94127
463579,56809
463580,40000
463581,69335
463582,49154
463583,68461
463584,53487
463585,47579
463586,44121
463587,40000
463588,47954
463589,55188
463590,57441
463591,44237
463592,40000
463593,48371
463594,49963
463595,40000
463596,42214
463597,47978
463598,40000
463599,74669
463600,57021
463601,82723
463602,56582
463603,56622
463604,40000
463605,45478
463606,50028
463607,41530
463608,56896
463609,40000
463610,76987
463611,104181
463612,40000
463613,61209
463614,40000
463615,40000
463616,47796
463617,42496
463618,61517
463619,40000
463620,72493
463621,40000
463622,46913
463623,46358
463624,92318
463625,45308
463626,42831
463627,49933
463628,66573
463629,40000
463630,40000
463631,49613
463632,67805
463633,67495
463634,41913
463635,83795
463636,47395
463637,42379
463638,57232
463639,40000
463640,48476
463641,40000
463642,76774
463643,77051
463644,77089
463645,44625
463646,69282
463647,40000
463648,40000
463649,82461
463650,75734
463651,40000
463652,40012
463653,61835
463654,68262
463655,47713
463656,44345
463657,67846
463658,75972
463659,40000
463660,50303
463661,71590
463662,85946
463663,73242
463664,46007
463665,40000
463666,84533
463667,65683
463668,40000
463669,45586
463670,40377
463671,48353
463672,40000
463673,45311
463674,40000
463675,40655
463676,91701
463677,41260
463678,40000
463679,40000
463680,72661
463681,72716
463682,69378
463683,44730
463684,68390
463685,56951
463686,65837
463687,40000
463688,58870
463689,40000
463690,88848
463691,40000
463692,40000
463693,40000
463694,42996
463695,40000
463696,58152
463697,50483
463698,57752
463699,46499
463700,40000
463701,40000
463702,40000
463703,53876
463704,52135
463705,66657
463706,40912
463707,43163
463708,40000
463709,53440
463710,40000
463711,62988
463712,69307
463713,50655
463714,40000
463715,56537
463716,40000
463717,40000
463718,56734
463719,47941
463720,70351
463721,57113
463722,87138
463723,40000
463724,52568
463725,48635
463726,67048
463727,50647
463728,40000
463729,40000
463730,41325
463731,40000
463732,40000
463733,46820
463734,45238
463735,44754
463736,40000
463737,63579
463738,57530
463739,45131
463740,48883
463741,86154
463742,76214
463743,40000
463744,42332
463745,69524
463746,71610
463747,58879
463748,49062
463749,45261
463750,50797
463751,44154
463752,42067
463753,45496
463754,46118
463755,42500
463756,40000
463757,51325
463758,67677
463759,50990
463760,41448
463761,40000
463762,62844
463763,70209
463764,75012
463765,49298
463766,40000
463767,40000
463768,40000
463769,40000
463770,40000
463771,45019
463772,45457
463773,57892
463774,45063
463775,58198
463776,40000
463777,40237
463778,49581
463779,45883
463780,41623
463781,61247
463782,70598
463783,46587
463784,40000
463785,80811
463786,46028
463787,64580
463788,80016
463789,83734
463790,40000
463791,44666
463792,62544
463793,40000
463794,41569
463795,78161
463796,40000
463797,64599
463798,74289
463799,62544
463800,54569
463801,84063
463802,44386
463803,62697
463804,40000
463805,41065
463806,51940
463807,52793
463808,40000
463809,67170
463810,40000
463811,40000
463812,40000
463813,40000
463814,45575
463815,48192
463816,47584
463817,41847
463818,40000
463819,69170
463820,54285
463821,73495
463822,40000
463823,52400
463824,52317
463825,52666
463826,68396
463827,74581
463828,60198
463829,74601
463830,66247
463831,55062
463832,45247
463833,40000
463834,58660
463835,71259
463836,40000
463837,56536
463838,74474
463839,49835
463840,40000
463841,67004
463842,62367
463843,60067
463844,40530
463845,61742
463846,66517
463847,42291
463848,47667
463849,65322
463850,40000
463851,41142
463852,56928
463853,52501
463854,73212
463855,51290
463856,40000
463857,47378
463858,51115
463859,57021
463860,40000
463861,42581
463862,40000
463863,40000
463864,52117
463865,47660
463866,74710
463867,54936
463868,60822
463869,53120
463870,68828
463871,40000
463872,41641
463873,61493
463874,40000
463875,40000
463876,44210
463877,71740
463878,56620
463879,42625
463880,40000
463881,62581
463882,42662
463883,40000
463884,40000
463885,49565
463886,43995
463887,72333
463888,49368
463889,57635
463890,40000
463891,43830
463892,40000
463893,57809
463894,40000
463895,52420
463896,62781
463897,40000
463898,40000
463899,51256
463900,40000
463901,63312
463902,52974
463903,45106
463904,48333
463905,55608
463906,41633
463907,55237
463908,52253
463909,61690
463910,73010
463911,45762
463912,48094
463913,64880
463914,40000
463915,40000
463916,40000
463917,40000
463918,58028
463919,40000
463920,43263
463921,66887
463922,54393
463923,40000
463924,40000
463925,53830
463926,40000
463927,40303
463928,56850
463929,46231
463930,40153
463931,40000
463932,65062
463933,43673
463934,53649
463935,65203
463936,76945
463937,40000
463938,63646
463939,40000
463940,96590
463941,43753
463942,54797
463943,67005
463944,40000
463945,67732
463946,45992
463947,40000
463948,40000
463949,44064
463950,40000
463951,64417
463952,64264
463953,40000
463954,44417
463955,40000
463956,48987
463957,84526
463958,58262
463959,40000
463960,40000
463961,49073
463962,60631
463963,54428
463964,40000
463965,82785
463966,40000
463967,86578
463968,40000
463969,86428
463970,40000
463971,40000
463972,51768
463973,57550
463974,75604
463975,45613
463976,76097
463977,74528
463978,42858
463979,40000
463980,75584
463981,40000
463982,40000
463983,40000
463984,76309
463985,46432
463986,55591
463987,55963
463988,40000
463989,67862
463990,45479
463991,64385
463992,64561
463993,42636
463994,61817
463995,47537
463996,40000
463997,40000
463998,57459
463999,40000
464000,40000
464001,61506
464002,60514
464003,62484
464004,59378
464005,40095
464006,44660
464007,98480
464008,54366
464009,84419
464010,53989
464011,66297
464012,83170
464013,40000
464014,40000
464015,40000
464016,45545
464017,51440
464018,51811
464019,40000
464020,40000
464021,50225
464022,69698
464023,41745
464024,40000
464025,40000
464026,64183
464027,40000
464028,103608
464029,52431
464030,52270
464031,75653
464032,43012
464033,40000
464034,67411
464035,68170
464036,40000
464037,47319
464038,40000
464039,46374
464040,56302
464041,68378
464042,40000
464043,50574
464044,40000
464045,69548
464046,62591
464047,89365
464048,52285
464049,74839
464050,57980
464051,69311
464052,64438
464053,40000
464054,55944
464055,63336
464056,50165
464057,59391
464058,40000
464059,40000
464060,40000
464061,44182
464062,52475
464063,50630
464064,40000
464065,45280
464066,40000
464067,71990
464068,40000
464069,45709
464070,58658
464071,91165
464072,59855
464073,51102
464074,40000
464075,40595
464076,70255
464077,54059
464078,40000
464079,40000
464080,40000
464081,85316
464082,48275
464083,62717
464084,40000
464085,40000
464086,45815
464087,40000
464088,90592
464089,49246
464090,48043
464091,50993
464092,63128
464093,48624
464094,59965
464095,65565
464096,40000
464097,40000
464098,84472
464099,49007
464100,82992
464101,40000
464102,41086
464103,56185
464104,40000
464105,56723
464106,54094
464107,40000
464108,58295
464109,40000
464110,42002
464111,44630
464112,52380
464113,40000
464114,45796
464115,46886
464116,59059
464117,40000
464118,58260
464119,50155
464120,40000
464121,40000
464122,46848
464123,40000
464124,45372
464125,40000
464126,40000
464127,40000
464128,62924
464129,40000
464130,40000
464131,77063
464132,51660
464133,54183
464134,58757
464135,40000
464136,40000
464137,47687
464138,64408
464139,77303
464140,40000
464141,76732
464142,49042
464143,40000
464144,40000
464145,66349
464146,75498
464147,43301
464148,71761
464149,56272
464150,40000
464151,44990
464152,55451
464153,40000
464154,40000
464155,58707
464156,46688
464157,40000
464158,68652
464159,40000
464160,40000
464161,63969
464162,52168
464163,56699
464164,40000
464165,44857
464166,40000
464167,61160
464168,63349
464169,40000
464170,59523
464171,40000
464172,40000
464173,40000
464174,56106
464175,63529
464176,49593
464177,40000
464178,57919
464179,50583
464180,65791
464181,47095
464182,55480
464183,61374
464184,63981
464185,56884
464186,40000
464187,40000
464188,40000
464189,61800
464190,40000
464191,48073
464192,89358
464193,70570
464194,40000
464195,58174
464196,47436
464197,62460
464198,54238
464199,40000
464200,70792
464201,66096
464202,40000
464203,55827
464204,85957
464205,43800
464206,40000
464207,66387
464208,42777
464209,86534
464210,40000
464211,40000
464212,40000
464213,66129
464214,40000
464215,66821
464216,58684
464217,66241
464218,40000
464219,43833
464220,48270
464221,69400
464222,46224
464223,40000
464224,48214
464225,73219
464226,70944
464227,40000
464228,62897
464229,64716
464230,40000
464231,69696
464232,45184
464233,59142
464234,48450
464235,80873
464236,54183
464237,57497
464238,61637
464239,40000
464240,40000
464241,40000
464242,76556
464243,40000
464244,75542
464245,66576
464246,57690
464247,54329
464248,67460
464249,42241
464250,65358
464251,58813
464252,41846
464253,52244
464254,40000
464255,55809
464256,50434
464257,40000
464258,50047
464259,52300
464260,40000
464261,61421
464262,40000
464263,53405
464264,55488
464265,40000
464266,83920
464267,82925
464268,45824
464269,63771
464270,75280
464271,40200
464272,44493
464273,70300
464274,59074
464275,40000
464276,49828
464277,40364
464278,40000
464279,43147
464280,62423
464281,64598
464282,47654
464283,40000
464284,85882
464285,60355
464286,77266
464287,67299
464288,71478
464289,40000
464290,40000
464291,63791
464292,40000
464293,44380
464294,90603
464295,40000
464296,40000
464297,50448
464298,50004
464299,64977
464300,40049
464301,42558
464302,75319
464303,48803
464304,46437
464305,40000
464306,40000
464307,40000
464308,53283
464309,40000
464310,57062
464311,40620
464312,51267
464313,62904
464314,49250
464315,76328
464316,54917
464317,40000
464318,47369
464319,58810
464320,51230
464321,49863
464322,53403
464323,40000
464324,54400
464325,55679
464326,64531
464327,40000
464328,55985
464329,40000
464330,80667
464331,59651
464332,48168
464333,49961
464334,49081
464335,40000
464336,45653
464337,40000
464338,66687
464339,79462
464340,96193
464341,40000
464342,40000
464343,40000
464344,47063
464345,46072
464346,54623
464347,40000
464348,40000
464349,107212
464350,70955
464351,54032
464352,72840
464353,76009
464354,66255
464355,40000
464356,40000
464357,51628
464358,40000
464359,46416
464360,44343
464361,46202
464362,40000
464363,40000
464364,55101
464365,86032
464366,69835
464367,40000
464368,68355
464369,60794
464370,49443
464371,40000
464372,57125
464373,50850
464374,42675
464375,53586
464376,57564
464377,64522
464378,40000
464379,54789
464380,40000
464381,40000
464382,62380
464383,53303
464384,86944
464385,51571
464386,40000
464387,70309
464388,83261
464389,89617
464390,63202
464391,40000
464392,40000
464393,40000
464394,40000
464395,77810
464396,78105
464397,51819
464398,64266
464399,63083
464400,40000
464401,90028
464402,59462
464403,60512
464404,40000
464405,40000
464406,57223
464407,69169
464408,89724
464409,43935
464410,42853
464411,54163
464412,41213
464413,40000
464414,40000
464415,48955
464416,64990
464417,46387
464418,40000
464419,49127
464420,60278
464421,46732
464422,82741
464423,40000
464424,70284
464425,40000
464426,77130
464427,59801
464428,40000
464429,40000
464430,44941
464431,44961
464432,46375
464433,40000
464434,61882
464435,40000
464436,54385
464437,40000
464438,40000
464439,48581
464440,77133
464441,40000
464442,40000
464443,61331
464444,84503
464445,51599
464446,40000
464447,40000
464448,40000
464449,40000
464450,73001
464451,56108
464452,67576
464453,40000
464454,61684
464455,40623
464456,70309
464457,40000
464458,41392
464459,40000
464460,52916
464461,77237
464462,45405
464463,48717
464464,47799
464465,58278
464466,68355
464467,81123
464468,45640
464469,40000
464470,53637
464471,76993
464472,47103
464473,40000
464474,73320
464475,40000
464476,81919
464477,40000
464478,41245
464479,81463
464480,40000
464481,44655
464482,52665
464483,40000
464484,76808
464485,81131
464486,60248
464487,56957
464488,40000
464489,56823
464490,40000
464491,58778
464492,58648
464493,41505
464494,40000
464495,51881
464496,72917
464497,48149
464498,53712
464499,52642
464500,65731
464501,40000
464502,47510
464503,41708
464504,60909
464505,51936
464506,55916
464507,46676
464508,67478
464509,65493
464510,40000
464511,40000
464512,61276
464513,93797
464514,40000
464515,57069
464516,40000
464517,40000
464518,40000
464519,73837
464520,75425
464521,57814
464522,56893
464523,55248
464524,48416
464525,61092
464526,47159
464527,40388
464528,84021
464529,40000
464530,40000
464531,53850
464532,45411
464533,40000
464534,40000
464535,40000
464536,40000
464537,40000
464538,40136
464539,58830
464540,40000
464541,76940
464542,40000
464543,59225
464544,65795
464545,67667
464546,40000
464547,44464
464548,53158
464549,40896
464550,43916
464551,55584
464552,40000
464553,52873
464554,40000
464555,92229
464556,40000
464557,92167
464558,48071
464559,66229
464560,46891
464561,40000
464562,40000
464563,62274
464564,40000
464565,68258
464566,40000
464567,40000
464568,40000
464569,40000
464570,61873
464571,78676
464572,86218
464573,40000
464574,58888
464575,40000
464576,40000
464577,50872
464578,82707
464579,40000
464580,64449
464581,40000
464582,40000
464583,40000
464584,40000
464585,58853
464586,55320
464587,67241
464588,41483
464589,48578
464590,63085
464591,41254
464592,66527
464593,47290
464594,53500
464595,40000
464596,49112
464597,47612
464598,65752
464599,58701
464600,56984
464601,52982
464602,59079
464603,69689
464604,51562
464605,86662
464606,49494
464607,40894
464608,44993
464609,44111
464610,53534
464611,100504
464612,40000
464613,67314
464614,65464
464615,60022
464616,70286
464617,48028
464618,52788
464619,59509
464620,40016
464621,68207
464622,77162
464623,40000
464624,40000
464625,43217
464626,44403
464627,40000
464628,40000
464629,79138
464630,40000
464631,52224
464632,79008
464633,40000
464634,40000
464635,67710
464636,40000
464637,50711
464638,50817
464639,40000
464640,63739
464641,40000
464642,53155
464643,45618
464644,54857
464645,47519
464646,45169
464647,63586
464648,40000
464649,73051
464650,58086
464651,40000
464652,54108
464653,50443
464654,92168
464655,45045
464656,40000
464657,60713
464658,40000
464659,79990
464660,71308
464661,46301
464662,47641
464663,46060
464664,68795
464665,64035
464666,40709
464667,55532
464668,40000
464669,52894
464670,58144
464671,79254
464672,40000
464673,52803
464674,40000
464675,56731
464676,40000
464677,40000
464678,69437
464679,41037
464680,57571
464681,68613
464682,72693
464683,45409
464684,40000
464685,40000
464686,81756
464687,45240
464688,66273
464689,70151
464690,71523
464691,76555
464692,48961
464693,57235
464694,75730
464695,60781
464696,41144
464697,53048
464698,60370
464699,41843
464700,40000
464701,77627
464702,62265
464703,53785
464704,40000
464705,40000
464706,73243
464707,57553
464708,78674
464709,75586
464710,40000
464711,40000
464712,52302
464713,41322
464714,61612
464715,70258
464716,40000
464717,48498
464718,40440
464719,40000
464720,40000
464721,40000
464722,40000
464723,42198
464724,50423
464725,71272
464726,50328
464727,59881
464728,41268
464729,55151
464730,74915
464731,70535
464732,72239
464733,65762
464734,40000
464735,49995
464736,51487
464737,62371
464738,40000
464739,68809
464740,48861
464741,49962
464742,40000
464743,64336
464744,40000
464745,40000
464746,40000
464747,70203
464748,40000
464749,40000
464750,40000
464751,58381
464752,52603
464753,83864
464754,46164
464755,78862
464756,40000
464757,40823
464758,60346
464759,45455
464760,60353
464761,56559
464762,40000
464763,76534
464764,62418
464765,40000
464766,79697
464767,57635
464768,44134
464769,40000
464770,51546
464771,62152
464772,40000
464773,77251
464774,48372
464775,49231
464776,40000
464777,42314
464778,64735
464779,40000
464780,40000
464781,64026
464782,40000
464783,75839
464784,70907
464785,40000
464786,70945
464787,52314
464788,53049
464789,40000
464790,53707
464791,45519
464792,40000
464793,40000
464794,47971
464795,78183
464796,69666
464797,41620
464798,46791
464799,40000
464800,40000
464801,40000
464802,40000
464803,40000
464804,40000
464805,43347
464806,67682
464807,41605
464808,44008
464809,57505
464810,68051
464811,68140
464812,65900
464813,65627
464814,40000
464815,47664
464816,49004
464817,54921
464818,59070
464819,68124
464820,53164
464821,70128
464822,40000
464823,40000
464824,72796
464825,56338
464826,77758
464827,40000
464828,40000
464829,40000
464830,42026
464831,90806
464832,40000
464833,106846
464834,40000
464835,40798
464836,76173
464837,49338
464838,63675
464839,70636
464840,46341
464841,66137
464842,43582
464843,50570
464844,89032
464845,56522
464846,41058
464847,70137
464848,71561
464849,40000
464850,83332
464851,40000
464852,40000
464853,44269
464854,73365
464855,40000
464856,76339
464857,53940
464858,51338
464859,41799
464860,97235
464861,64305
464862,40000
464863,82044
464864,73955
464865,44371
464866,63786
464867,78395
464868,63346
464869,46669
464870,55273
464871,40190
464872,50952
464873,40000
464874,40817
464875,40000
464876,40000
464877,40000
464878,40000
464879,41526
464880,67073
464881,41280
464882,42394
464883,68428
464884,40000
464885,40000
464886,40000
464887,65778
464888,67247
464889,40000
464890,70734
464891,56536
464892,40000
464893,43749
464894,40000
464895,40000
464896,40000
464897,58068
464898,45902
464899,40000
464900,40000
464901,40000
464902,80206
464903,83515
464904,67757
464905,54572
464906,50718
464907,50955
464908,52122
464909,41262
464910,48032
464911,68031
464912,40000
464913,41994
464914,40000
464915,52998
464916,40000
464917,40000
464918,40000
464919,40000
464920,51205
464921,46310
464922,44184
464923,40000
464924,61177
464925,40000
464926,82730
464927,40136
464928,40000
464929,79016
464930,40000
464931,40000
464932,58325
464933,40000
464934,63532
464935,40000
464936,65095
464937,43713
464938,59187
464939,64000
464940,53779
464941,73920
464942,78438
464943,45664
464944,93921
464945,40000
464946,52770
464947,72034
464948,58565
464949,74760
464950,52344
464951,58422
464952,40000
464953,40000
464954,58566
464955,69582
464956,41723
464957,40000
464958,40000
464959,40000
464960,53244
464961,46130
464962,40000
464963,40000
464964,58226
464965,65489
464966,43325
464967,45692
464968,47488
464969,68889
464970,62807
464971,47405
464972,40000
464973,66853
464974,53694
464975,43492
464976,40000
464977,41385
464978,40000
464979,40000
464980,40000
464981,40000
464982,40000
464983,40000
464984,40000
464985,67760
464986,40000
464987,62772
464988,72621
464989,49184
464990,58960
464991,40000
464992,45649
464993,40000
464994,44422
464995,57191
464996,51388
464997,43160
464998,76095
464999,43625
465000,40000
465001,74353
465002,40000
465003,50289
465004,53129
465005,70868
465006,53279
465007,49987
465008,48548
465009,40000
465010,42103
465011,40000
465012,53661
465013,45283
465014,50397
465015,68647
465016,56225
465017,50206
465018,56196
465019,59356
465020,43142
465021,40000
465022,40000
465023,48922
465024,43085
465025,40000
465026,57451
465027,60815
465028,44556
465029,61851
465030,68382
465031,40000
465032,70526
465033,40000
465034,62757
465035,42374
465036,48882
465037,55808
465038,51347
465039,40000
465040,40000
465041,66341
465042,74763
465043,53704
465044,40000
465045,85489
465046,40000
465047,90963
465048,47900
465049,69108
465050,40000
465051,40000
465052,40680
465053,47193
465054,40000
465055,55985
465056,40000
465057,41554
465058,49036
465059,42850
465060,40000
465061,59678
465062,44624
465063,49029
465064,50322
465065,40000
465066,40000
465067,40000
465068,90958
465069,96232
465070,63328
465071,51017
465072,61139
465073,40459
465074,43278
465075,49375
465076,58601
465077,64204
465078,42345
465079,40000
465080,40000
465081,40000
465082,60540
465083,40000
465084,67336
465085,40000
465086,46403
465087,44390
465088,40000
465089,57304
465090,67741
465091,40000
465092,40000
465093,45354
465094,43656
465095,40000
465096,46051
465097,41591
465098,40000
465099,40000
465100,50570
465101,70459
465102,40000
465103,40000
465104,54407
465105,65382
465106,40000
465107,55360
465108,66863
465109,50472
465110,60429
465111,44618
465112,40000
465113,66862
465114,51623
465115,64222
465116,47156
465117,62216
465118,67875
465119,48006
465120,65391
465121,58578
465122,40000
465123,40000
465124,40000
465125,65911
465126,90296
465127,40000
465128,72837
465129,40000
465130,40000
465131,61774
465132,40000
465133,79331
465134,40000
465135,71752
465136,40000
465137,66564
465138,40610
465139,58474
465140,41802
465141,40000
465142,40000
465143,59757
465144,46078
465145,40000
465146,58210
465147,43954
465148,64116
465149,40000
465150,46602
465151,64170
465152,67305
465153,49418
465154,40000
465155,40000
465156,66626
465157,78738
465158,54633
465159,51080
465160,40000
465161,54646
465162,54631
465163,58792
465164,56209
465165,61585
465166,82115
465167,40000
465168,40000
465169,64652
465170,54508
465171,43810
465172,40000
465173,48383
465174,79808
465175,40386
465176,40991
465177,47834
465178,46723
465179,40000
465180,52461
465181,40000
465182,71181
465183,44964
465184,55603
465185,53462
465186,66243
465187,40000
465188,47406
465189,53837
465190,55208
465191,42213
465192,40000
465193,63318
465194,67722
465195,40000
465196,59993
465197,51282
465198,43726
465199,61761
465200,86732
465201,40000
465202,48876
465203,60488
465204,40000
465205,75077
465206,55240
465207,52362
465208,40000
465209,40000
465210,53741
465211,47078
465212,78885
465213,41378
465214,40000
465215,91027
465216,40000
465217,40000
465218,40000
465219,40000
465220,40000
465221,60372
465222,40000
465223,70469
465224,53279
465225,40000
465226,90808
465227,40000
465228,69101
465229,49596
465230,40000
465231,49715
465232,40000
465233,40000
465234,40000
465235,58744
465236,40000
465237,44063
465238,50114
465239,40000
465240,40000
465241,78129
465242,70514
465243,69933
465244,40000
465245,52611
465246,73891
465247,40000
465248,40000
465249,40000
465250,52448
465251,48309
465252,52265
465253,43653
465254,40000
465255,54048
465256,50348
465257,40000
465258,40000
465259,40000
465260,40000
465261,42963
465262,51622
465263,86508
465264,52138
465265,80216
465266,78501
465267,40000
465268,57857
465269,61736
465270,40000
465271,80719
465272,40000
465273,64626
465274,81953
465275,46416
465276,46168
465277,40000
465278,54019
465279,40000
465280,81847
465281,65635
465282,63916
465283,57837
465284,77246
465285,59047
465286,40000
465287,104849
465288,45362
465289,82557
465290,43815
465291,40000
465292,71787
465293,50454
465294,40000
465295,59846
465296,85296
465297,40000
465298,44488
465299,66343
465300,75724
465301,40000
465302,71996
465303,40000
465304,42086
465305,40000
465306,88701
465307,40000
465308,55318
465309,45677
465310,63970
465311,40000
465312,56550
465313,75247
465314,40000
465315,82951
465316,52126
465317,45086
465318,54589
465319,57404
465320,63073
465321,89646
465322,63722
465323,73844
465324,40000
465325,40000
465326,63358
465327,54495
465328,51100
465329,40000
465330,77874
465331,50374
465332,56450
465333,83962
465334,40000
465335,40000
465336,65175
465337,58378
465338,40000
465339,52720
465340,74190
465341,40341
465342,57067
465343,63868
465344,71184
465345,70392
465346,46672
465347,40004
465348,40000
465349,54073
465350,40000
465351,69253
465352,56287
465353,62249
465354,47535
465355,61764
465356,60196
465357,63502
465358,40000
465359,53158
465360,40000
465361,62177
465362,82621
465363,40000
465364,40000
465365,42610
465366,65467
465367,59919
465368,56219
465369,68966
465370,58085
465371,40000
465372,40000
465373,58667
465374,40000
465375,55698
465376,51730
465377,53832
465378,57691
465379,56289
465380,61026
465381,53003
465382,75235
465383,44755
465384,70404
465385,47128
465386,44826
465387,56912
465388,58225
465389,40494
465390,56669
465391,40000
465392,67680
465393,40000
465394,40000
465395,40000
465396,74271
465397,51260
465398,40000
465399,77715
465400,50566
465401,74906
465402,45454
465403,73319
465404,45881
465405,63562
465406,40000
465407,40000
465408,80707
465409,67038
465410,40000
465411,49357
465412,40000
465413,79713
465414,40000
465415,45376
465416,62497
465417,79077
465418,40000
465419,40000
465420,40000
465421,40000
465422,58392
465423,40000
465424,66206
465425,70040
465426,40000
465427,40853
465428,50452
465429,61800
465430,41551
465431,43130
465432,62216
465433,40000
465434,69776
465435,46122
465436,58279
465437,40000
465438,40000
465439,73241
465440,40000
465441,42389
465442,40000
465443,48772
465444,47766
465445,104095
465446,59393
465447,42683
465448,52996
465449,94905
465450,61784
465451,51411
465452,76496
465453,48106
465454,43096
465455,69066
465456,56775
465457,53573
465458,69716
465459,59475
465460,78510
465461,40000
465462,40000
465463,93029
465464,40000
465465,47603
465466,92718
465467,58682
465468,61705
465469,59201
465470,76621
465471,82182
465472,48598
465473,40000
465474,67063
465475,40000
465476,50904
465477,40000
465478,49584
465479,40000
465480,40000
465481,44789
465482,55314
465483,51875
465484,94421
465485,95138
465486,49670
465487,82300
465488,65445
465489,79985
465490,53119
465491,40000
465492,42812
465493,74969
465494,55787
465495,40000
465496,40000
465497,40000
465498,48410
465499,70627
465500,55252
465501,40000
465502,49870
465503,93126
465504,43394
465505,84571
465506,40000
465507,57749
465508,41040
465509,54778
465510,61789
465511,40000
465512,86130
465513,40000
465514,40000
465515,44010
465516,40000
465517,40000
465518,40000
465519,55131
465520,69425
465521,43875
465522,40000
465523,49568
465524,40000
465525,59168
465526,55907
465527,68242
465528,40000
465529,51089
465530,40000
465531,40000
465532,58845
465533,40000
465534,40000
465535,42750
465536,91044
465537,40000
465538,46822
465539,40000
465540,40613
465541,68336
465542,49892
465543,64796
465544,40000
465545,48769
465546,40000
465547,76663
465548,40000
465549,40000
465550,40000
465551,49618
465552,40000
465553,51836
465554,50753
465555,40000
465556,40000
465557,40000
465558,68653
465559,48411
465560,59135
465561,40000
465562,40000
465563,49605
465564,64427
465565,51282
465566,59628
465567,40000
465568,74196
465569,77984
465570,44649
465571,50574
465572,82828
465573,40000
465574,70874
465575,40000
465576,55052
465577,40000
465578,46422
465579,50142
465580,46106
465581,40000
465582,43745
465583,43850
465584,40000
465585,78097
465586,40000
465587,46453
465588,40000
465589,41682
465590,68678
465591,43556
465592,61646
465593,40000
465594,40000
465595,40000
465596,79896
465597,45791
465598,62799
465599,53320
465600,57316
465601,77774
465602,67897
465603,81910
465604,69241
465605,40000
465606,40000
465607,51557
465608,40000
465609,95395
465610,66195
465611,58141
465612,75454
465613,68700
465614,40000
465615,40000
465616,55858
465617,79895
465618,50336
465619,62544
465620,69602
465621,40000
465622,40000
465623,67378
465624,40000
465625,49259
465626,56751
465627,40000
465628,53911
465629,42809
465630,40000
465631,40000
465632,44048
465633,50484
465634,40000
465635,57568
465636,40737
465637,62180
465638,40000
465639,42633
465640,60282
465641,40000
465642,41010
465643,42432
465644,49556
465645,45734
465646,64379
465647,65410
465648,40000
465649,40000
465650,54340
465651,40000
465652,40000
465653,57532
465654,40000
465655,55717
465656,71612
465657,40000
465658,62451
465659,40000
465660,48600
465661,61212
465662,52844
465663,66840
465664,49560
465665,93036
465666,44390
465667,41331
465668,64151
465669,40000
465670,40000
465671,52286
465672,62676
465673,40000
465674,40000
465675,40000
465676,40000
465677,66345
465678,66337
465679,40000
465680,76784
465681,74251
465682,59855
465683,64758
465684,50075
465685,40000
465686,74743
465687,60015
465688,45577
465689,40000
465690,44694
465691,62328
465692,59712
465693,40382
465694,62896
465695,46595
465696,53054
465697,40000
465698,65305
465699,40000
465700,40000
465701,41253
465702,67004
465703,52095
465704,61649
465705,40000
465706,83333
465707,59620
465708,47491
465709,54383
465710,40000
465711,54507
465712,68809
465713,56790
465714,75879
465715,60822
465716,40000
465717,63540
465718,40000
465719,40000
465720,40000
465721,73689
465722,60514
465723,56078
465724,40882
465725,40000
465726,44676
465727,40000
465728,40000
465729,40000
465730,58902
465731,59530
465732,40000
465733,40000
465734,66310
465735,40000
465736,46677
465737,40000
465738,40000
465739,50886
465740,74261
465741,88102
465742,40000
465743,41324
465744,40000
465745,40000
465746,42336
465747,41577
465748,56281
465749,40000
465750,40000
465751,60179
465752,40000
465753,67180
465754,40000
465755,61953
465756,65151
465757,41946
465758,40000
465759,72586
465760,93023
465761,47657
465762,44003
465763,54631
465764,61369
465765,47912
465766,48962
465767,58331
465768,50356
465769,40000
465770,81617
465771,49528
465772,61208
465773,45137
465774,72637
465775,40000
465776,64361
465777,40000
465778,40359
465779,67596
465780,40000
465781,40000
465782,42756
465783,69709
465784,67814
465785,40000
465786,46273
465787,50781
465788,62190
465789,40000
465790,66130
465791,54186
465792,61390
465793,41772
465794,53801
465795,40000
465796,48149
465797,49451
465798,56233
465799,61890
465800,80709
465801,75579
465802,63009
465803,50160
465804,40000
465805,96178
465806,54548
465807,71991
465808,50552
465809,46262
465810,40000
465811,43291
465812,40000
465813,66136
465814,66996
465815,40728
465816,40000
465817,75615
465818,40000
465819,40000
465820,43458
465821,40000
465822,40139
465823,47682
465824,51632
465825,40000
465826,68314
465827,43482
465828,68535
465829,40000
465830,40000
465831,68936
465832,58230
465833,73855
465834,71081
465835,40000
465836,75865
465837,40000
465838,40000
465839,43331
465840,40000
465841,40000
465842,48831
465843,43136
465844,40000
465845,74301
465846,68641
465847,41755
465848,40000
465849,45845
465850,58373
465851,64879
465852,40000
465853,40000
465854,48212
465855,49622
465856,46157
465857,76337
465858,40000
465859,101654
465860,58604
465861,40033
465862,42957
465863,48198
465864,40000
465865,43843
465866,70784
465867,40000
465868,40966
465869,40000
465870,40000
465871,85531
465872,40000
465873,50286
465874,72099
465875,43243
465876,45368
465877,40000
465878,40000
465879,44949
465880,50362
465881,41385
465882,71320
465883,59264
465884,69150
465885,46027
465886,41138
465887,40000
465888,40000
465889,70933
465890,48439
465891,53557
465892,40952
465893,40000
465894,70738
465895,40000
465896,60610
465897,58583
465898,46898
465899,40000
465900,40000
465901,49714
465902,40000
465903,51347
465904,40000
465905,52514
465906,43464
465907,40000
465908,67704
465909,84026
465910,56816
465911,64637
465912,70290
465913,40000
465914,40329
465915,40000
465916,56460
465917,61866
465918,40000
465919,67035
465920,40000
465921,79736
465922,40000
465923,58148
465924,40212
465925,87857
465926,68058
465927,40000
465928,40000
465929,40000
465930,73428
465931,41486
465932,70373
465933,72974
465934,40000
465935,40000
465936,60098
465937,50805
465938,43501
465939,68922
465940,62019
465941,56335
465942,50601
465943,50115
465944,53084
465945,79654
465946,48780
465947,63305
465948,92600
465949,64196
465950,40000
465951,40000
465952,40000
465953,44822
465954,40000
465955,55035
465956,40000
465957,40000
465958,83333
465959,85809
465960,57049
465961,56694
465962,40000
465963,57010
465964,54181
465965,56866
465966,57193
465967,44415
465968,63939
465969,40000
465970,54149
465971,51227
465972,52965
465973,79704
465974,55976
465975,43114
465976,77707
465977,64136
465978,44408
465979,40000
465980,47564
465981,40000
465982,53322
465983,42644
465984,49103
465985,40000
465986,40000
465987,42021
465988,61189
465989,59291
465990,83998
465991,40171
465992,56502
465993,52130
465994,40000
465995,40000
465996,79408
465997,40000
465998,66937
465999,79881
466000,40000
466001,62020
466002,46534
466003,79728
466004,40000
466005,40163
466006,48084
466007,40000
466008,40000
466009,62128
466010,40000
466011,47052
466012,40000
466013,63936
466014,54996
466015,40000
466016,66043
466017,56207
466018,40000
466019,40000
466020,63565
466021,65840
466022,40000
466023,48774
466024,46406
466025,86166
466026,68125
466027,40766
466028,40000
466029,64048
466030,83736
466031,63785
466032,66218
466033,40000
466034,83068
466035,47387
466036,46431
466037,47632
466038,43970
466039,40000
466040,52533
466041,40000
466042,46809
466043,40000
466044,40000
466045,40493
466046,62167
466047,50097
466048,78299
466049,40000
466050,51347
466051,64534
466052,48949
466053,40875
466054,57721
466055,48788
466056,58376
466057,45615
466058,73298
466059,69142
466060,61520
466061,67779
466062,48518
466063,50990
466064,48435
466065,48574
466066,61986
466067,79062
466068,52238
466069,40000
466070,46974
466071,56644
466072,48833
466073,79677
466074,40000
466075,75505
466076,42834
466077,40000
466078,40000
466079,50152
466080,40000
466081,40000
466082,44033
466083,40000
466084,40706
466085,51599
466086,76121
466087,43686
466088,47165
466089,82209
466090,40000
466091,40000
466092,46602
466093,40000
466094,57670
466095,40000
466096,42522
466097,44871
466098,43597
466099,50950
466100,40000
466101,60639
466102,55167
466103,54570
466104,49841
466105,40000
466106,52191
466107,40000
466108,40000
466109,40000
466110,47582
466111,44162
466112,59893
466113,40000
466114,62435
466115,53783
466116,40000
466117,62539
466118,46143
466119,106158
466120,40000
466121,55577
466122,69208
466123,40000
466124,77237
466125,40000
466126,67968
466127,40000
466128,40000
466129,47203
466130,46981
466131,40000
466132,43014
466133,65550
466134,42182
466135,70274
466136,51265
466137,40354
466138,43223
466139,66029
466140,40000
466141,63271
466142,42054
466143,68788
466144,41953
466145,40000
466146,64522
466147,53104
466148,72175
466149,47845
466150,68310
466151,48201
466152,40000
466153,79631
466154,106344
466155,89577
466156,62159
466157,57547
466158,73442
466159,43653
466160,56180
466161,95576
466162,40000
466163,40000
466164,51601
466165,69791
466166,40000
466167,46790
466168,40000
466169,72479
466170,60504
466171,40000
466172,40000
466173,44722
466174,42288
466175,45524
466176,43584
466177,67529
466178,93533
466179,66217
466180,71601
466181,70121
466182,47522
466183,53939
466184,40000
466185,59901
466186,42496
466187,40000
466188,73740
466189,46549
466190,50004
466191,71270
466192,46263
466193,86877
466194,56792
466195,40000
466196,51312
466197,44104
466198,64728
466199,104226
466200,40000
466201,56904
466202,56325
466203,47289
466204,75338
466205,58345
466206,59610
466207,40000
466208,46220
466209,76557
466210,63748
466211,63156
466212,40000
466213,66211
466214,40000
466215,44755
466216,41756
466217,40121
466218,45756
466219,51074
466220,50666
466221,40000
466222,40000
466223,64427
466224,48915
466225,79752
466226,40000
466227,60463
466228,66143
466229,85908
466230,58900
466231,40000
466232,46900
466233,40000
466234,48503
466235,45690
466236,44270
466237,67446
466238,53758
466239,60124
466240,40677
466241,63450
466242,74067
466243,45731
466244,40000
466245,45161
466246,46452
466247,54865
466248,40000
466249,40869
466250,46037
466251,55100
466252,40000
466253,52364
466254,40000
466255,51992
466256,40000
466257,40000
466258,40000
466259,47616
466260,52090
466261,61371
466262,61600
466263,40559
466264,40000
466265,91837
466266,40000
466267,48842
466268,89443
466269,48983
466270,76982
466271,40000
466272,64477
466273,40000
466274,40000
466275,59631
466276,58652
466277,81904
466278,40000
466279,86419
466280,49948
466281,52834
466282,40000
466283,56749
466284,55281
466285,40000
466286,45926
466287,54866
466288,59821
466289,70530
466290,42559
466291,86959
466292,92156
466293,47672
466294,40000
466295,40000
466296,40000
466297,72146
466298,47772
466299,63180
466300,45151
466301,63362
466302,51853
466303,67252
466304,86657
466305,77209
466306,70228
466307,73683
466308,40000
466309,40000
466310,77421
466311,87385
466312,51355
466313,40000
466314,40000
466315,41497
466316,60800
466317,73018
466318,52585
466319,77459
466320,40000
466321,57078
466322,40000
466323,47890
466324,54875
466325,57701
466326,44175
466327,41835
466328,52493
466329,50717
466330,46176
466331,40000
466332,49207
466333,50465
466334,54117
466335,66635
466336,82713
466337,40000
466338,55560
466339,40000
466340,40000
466341,40000
466342,40000
466343,52732
466344,40000
466345,58881
466346,44155
466347,47905
466348,41673
466349,40000
466350,40000
466351,79725
466352,52445
466353,40000
466354,52543
466355,72572
466356,45140
466357,40000
466358,41982
466359,69765
466360,40000
466361,40000
466362,53228
466363,64990
466364,40000
466365,56996
466366,47587
466367,40000
466368,40000
466369,54439
466370,52857
466371,57909
466372,52323
466373,73420
466374,61365
466375,40000
466376,60863
466377,66590
466378,53510
466379,43151
466380,40000
466381,40000
466382,48150
466383,49127
466384,45406
466385,40000
466386,54670
466387,40000
466388,59602
466389,40000
466390,40000
466391,41080
466392,60339
466393,40000
466394,40000
466395,72881
466396,69974
466397,52269
466398,46331
466399,46290
466400,69333
466401,73306
466402,49290
466403,42508
466404,59040
466405,61471
466406,40000
466407,40000
466408,40000
466409,53432
466410,84446
466411,40000
466412,68190
466413,42049
466414,40000
466415,45961
466416,55466
466417,40000
466418,57703
466419,40000
466420,91908
466421,40000
466422,67698
466423,40000
466424,40000
466425,40000
466426,40000
466427,56705
466428,40000
466429,53713
466430,40000
466431,40000
466432,50870
466433,81254
466434,41125
466435,40000
466436,47400
466437,64372
466438,62552
466439,74932
466440,40000
466441,40000
466442,40000
466443,40000
466444,53342
466445,40000
466446,40000
466447,47188
466448,52951
466449,61731
466450,52156
466451,40000
466452,64556
466453,40000
466454,68748
466455,40000
466456,72149
466457,64884
466458,40000
466459,64792
466460,48049
466461,48388
466462,52427
466463,40000
466464,42088
466465,59541
466466,52030
466467,40000
466468,78859
466469,40000
466470,46150
466471,40000
466472,47836
466473,40000
466474,48114
466475,81937
466476,40000
466477,40000
466478,44822
466479,64254
466480,40000
466481,51140
466482,47144
466483,40000
466484,53809
466485,40000
466486,44025
466487,62415
466488,78095
466489,40000
466490,63853
466491,40000
466492,53815
466493,48774
466494,64040
466495,91241
466496,44647
466497,51389
466498,49715
466499,56026
466500,40000
466501,84146
466502,65326
466503,40000
466504,53132
466505,40000
466506,41241
466507,73402
466508,40000
466509,40000
466510,77047
466511,43641
466512,44865
466513,64401
466514,63641
466515,40000
466516,60460
466517,40000
466518,43771
466519,40000
466520,40000
466521,40000
466522,71200
466523,45942
466524,58797
466525,40000
466526,69113
466527,80243
466528,43696
466529,67301
466530,48340
466531,40000
466532,40000
466533,71892
466534,43128
466535,40000
466536,66447
466537,50784
466538,40000
466539,41680
466540,40000
466541,49140
466542,76211
466543,52236
466544,40000
466545,51337
466546,42054
466547,40000
466548,45651
466549,50321
466550,40000
466551,54793
466552,77214
466553,60964
466554,40000
466555,64820
466556,40000
466557,59847
466558,40000
466559,40000
466560,44589
466561,43958
466562,74230
466563,54003
466564,51660
466565,61320
466566,79715
466567,65409
466568,42773
466569,51122
466570,40000
466571,62784
466572,77723
466573,67197
466574,60372
466575,58312
466576,40000
466577,40000
466578,40000
466579,50948
466580,40000
466581,40000
466582,41968
466583,64554
466584,40000
466585,40000
466586,61897
466587,45702
466588,55005
466589,44240
466590,40000
466591,67587
466592,40000
466593,65602
466594,40000
466595,40000
466596,54589
466597,81495
466598,40000
466599,47071
466600,70613
466601,40000
466602,56956
466603,54724
466604,75929
466605,60419
466606,45352
466607,40000
466608,72657
466609,40295
466610,40000
466611,40000
466612,51021
466613,69817
466614,72651
466615,40000
466616,61601
466617,69330
466618,89110
466619,80538
466620,40000
466621,40000
466622,51211
466623,49002
466624,60256
466625,40000
466626,78603
466627,40000
466628,50541
466629,72942
466630,46003
466631,42687
466632,77475
466633,56017
466634,56591
466635,66136
466636,40000
466637,56397
466638,40000
466639,92439
466640,62366
466641,40000
466642,40000
466643,59838
466644,40000
466645,67863
466646,40597
466647,57682
466648,41349
466649,40000
466650,78663
466651,67543
466652,63027
466653,40000
466654,55259
466655,43278
466656,74362
466657,77566
466658,43065
466659,51182
466660,67080
466661,54227
466662,78419
466663,67064
466664,43513
466665,56776
466666,55097
466667,40000
466668,67413
466669,43976
466670,40000
466671,42764
466672,55826
466673,41626
466674,77685
466675,55057
466676,54562
466677,44104
466678,53057
466679,45008
466680,74476
466681,40000
466682,40000
466683,49250
466684,55855
466685,52559
466686,50410
466687,59246
466688,52105
466689,40000
466690,58268
466691,40000
466692,87343
466693,43717
466694,40000
466695,59201
466696,40000
466697,40000
466698,40000
466699,57642
466700,43923
466701,66039
466702,40000
466703,69957
466704,55256
466705,40506
466706,50126
466707,59526
466708,48962
466709,40000
466710,76498
466711,40000
466712,84997
466713,52132
466714,65725
466715,40000
466716,52600
466717,42117
466718,43606
466719,40000
466720,91497
466721,57615
466722,48252
466723,66985
466724,40000
466725,40000
466726,63145
466727,63428
466728,40000
466729,58737
466730,40000
466731,40000
466732,52035
466733,40000
466734,48856
466735,59218
466736,73546
466737,60581
466738,65871
466739,45080
466740,57298
466741,40000
466742,66488
466743,49335
466744,40000
466745,40000
466746,40000
466747,43393
466748,41248
466749,40000
466750,57197
466751,40000
466752,46511
466753,70364
466754,40000
466755,76502
466756,42136
466757,43208
466758,41047
466759,40000
466760,40520
466761,44587
466762,53021
466763,46721
466764,77406
466765,40000
466766,40000
466767,51186
466768,90743
466769,50494
466770,42710
466771,40000
466772,56347
466773,83259
466774,40000
466775,40000
466776,40000
466777,64285
466778,55567
466779,66549
466780,44372
466781,47022
466782,49616
466783,40000
466784,40373
466785,40000
466786,40000
466787,40000
466788,89532
466789,44644
466790,46580
466791,42330
466792,40000
466793,62564
466794,60103
466795,40000
466796,43165
466797,74981
466798,65705
466799,47754
466800,40000
466801,55698
466802,44526
466803,73743
466804,53023
466805,53458
466806,45562
466807,72843
466808,70774
466809,40000
466810,40000
466811,83992
466812,80315
466813,70753
466814,44865
466815,53075
466816,52850
466817,57097
466818,45686
466819,49135
466820,40000
466821,66270
466822,40000
466823,58766
466824,44832
466825,73968
466826,42799
466827,40000
466828,40000
466829,50030
466830,40000
466831,45173
466832,40000
466833,40000
466834,40000
466835,40724
466836,41570
466837,55546
466838,49697
466839,40000
466840,73678
466841,67462
466842,52934
466843,40000
466844,40000
466845,40000
466846,40000
466847,40000
466848,47940
466849,45771
466850,40000
466851,57142
466852,93082
466853,40000
466854,40000
466855,48225
466856,43962
466857,65813
466858,40000
466859,40000
466860,40000
466861,67073
466862,54914
466863,40000
466864,40000
466865,40000
466866,68591
466867,68241
466868,43501
466869,76420
466870,40132
466871,69571
466872,55075
466873,41370
466874,40000
466875,43916
466876,68210
466877,52674
466878,73043
466879,40000
466880,81280
466881,53458
466882,61188
466883,40000
466884,40000
466885,51965
466886,40520
466887,60313
466888,59151
466889,41349
466890,51306
466891,40000
466892,60091
466893,40000
466894,81473
466895,63582
466896,54465
466897,51136
466898,85004
466899,40000
466900,40000
466901,40000
466902,40000
466903,40000
466904,68674
466905,40000
466906,56526
466907,49072
466908,44730
466909,42800
466910,47066
466911,48742
466912,71856
466913,48324
466914,82035
466915,62342
466916,56205
466917,80822
466918,59267
466919,40000
466920,55088
466921,49388
466922,51155
466923,74375
466924,40000
466925,40000
466926,40000
466927,65385
466928,87946
466929,72638
466930,65453
466931,52486
466932,43948
466933,40500
466934,100900
466935,40000
466936,40000
466937,55897
466938,49686
466939,74997
466940,40000
466941,51914
466942,54261
466943,40000
466944,40000
466945,50688
466946,40000
466947,68860
466948,46622
466949,71619
466950,40000
466951,40000
466952,41066
466953,74118
466954,58316
466955,63593
466956,44230
466957,62594
466958,40000
466959,65700
466960,40000
466961,40000
466962,46508
466963,40000
466964,62966
466965,67712
466966,40000
466967,40000
466968,42164
466969,40679
466970,40771
466971,51907
466972,46892
466973,40000
466974,63617
466975,40000
466976,43573
466977,43866
466978,40000
466979,55979
466980,57493
466981,51443
466982,51508
466983,51133
466984,45339
466985,40493
466986,43698
466987,51004
466988,51005
466989,64032
466990,40000
466991,62516
466992,46596
466993,40000
466994,49258
466995,59144
466996,40000
466997,40000
466998,54746
466999,88840
467000,40000
467001,104538
467002,40849
467003,52499
467004,66964
467005,88435
467006,44708
467007,60738
467008,40000
467009,40000
467010,40000
467011,76953
467012,55317
467013,69537
467014,40000
467015,91404
467016,62182
467017,40000
467018,57700
467019,50101
467020,40000
467021,40000
467022,57084
467023,44427
467024,40000
467025,79832
467026,43524
467027,79014
467028,40000
467029,40000
467030,40725
467031,40000
467032,52523
467033,54893
467034,45837
467035,42434
467036,61900
467037,78457
467038,40000
467039,61190
467040,55232
467041,47401
467042,64553
467043,77470
467044,66672
467045,79318
467046,65220
467047,53733
467048,45956
467049,66509
467050,40000
467051,77183
467052,66281
467053,47179
467054,77219
467055,40000
467056,40000
467057,48992
467058,51404
467059,40000
467060,40000
467061,49676
467062,40000
467063,40000
467064,55073
467065,50579
467066,44345
467067,54103
467068,45536
467069,40000
467070,61938
467071,47285
467072,40000
467073,85316
467074,40000
467075,56994
467076,53216
467077,74770
467078,64561
467079,50866
467080,40000
467081,40000
467082,60291
467083,40000
467084,40748
467085,54723
467086,61733
467087,51404
467088,67479
467089,50895
467090,40000
467091,48474
467092,47826
467093,65189
467094,45532
467095,40000
467096,40000
467097,64538
467098,60913
467099,40000
467100,59388
467101,54297
467102,77863
467103,40000
467104,54117
467105,73303
467106,43411
467107,40000
467108,40000
467109,41200
467110,40000
467111,65691
467112,41757
467113,46028
467114,40000
467115,40000
467116,60786
467117,61532
467118,40000
467119,40000
467120,76331
467121,85925
467122,40000
467123,67969
467124,68461
467125,61555
467126,40000
467127,57482
467128,70870
467129,76438
467130,40000
467131,40490
467132,43766
467133,40000
467134,85833
467135,40000
467136,68496
467137,70269
467138,40000
467139,68465
467140,70325
467141,51302
467142,48592
467143,67510
467144,55276
467145,72092
467146,53078
467147,65131
467148,40000
467149,51627
467150,40000
467151,40000
467152,40000
467153,40000
467154,66162
467155,57114
467156,40000
467157,40000
467158,40000
467159,43200
467160,40000
467161,40000
467162,40000
467163,70996
467164,40000
467165,40000
467166,66409
467167,60302
467168,56533
467169,57884
467170,40000
467171,70288
467172,40000
467173,75712
467174,40000
467175,40000
467176,56585
467177,40000
467178,56198
467179,40000
467180,40370
467181,49241
467182,54034
467183,40000
467184,40000
467185,69663
467186,40000
467187,47562
467188,49368
467189,77247
467190,53018
467191,60886
467192,46409
467193,56765
467194,45970
467195,58873
467196,73396
467197,56464
467198,63754
467199,82271
467200,47864
467201,49436
467202,73460
467203,52212
467204,67255
467205,47569
467206,58696
467207,69723
467208,40000
467209,44911
467210,59666
467211,46800
467212,52721
467213,67106
467214,40000
467215,69432
467216,55311
467217,51353
467218,41363
467219,40000
467220,57720
467221,51797
467222,63938
467223,40000
467224,40000
467225,40521
467226,72434
467227,40000
467228,68747
467229,90266
467230,40028
467231,77758
467232,44563
467233,52459
467234,54361
467235,74167
467236,40000
467237,40000
467238,62055
467239,69964
467240,40000
467241,51147
467242,40000
467243,40000
467244,71964
467245,75077
467246,58076
467247,66376
467248,47595
467249,78730
467250,49062
467251,56425
467252,40404
467253,82361
467254,59113
467255,71838
467256,62909
467257,52201
467258,63773
467259,40000
467260,88787
467261,56571
467262,49090
467263,74680
467264,54435
467265,41207
467266,51471
467267,40000
467268,40000
467269,40000
467270,40000
467271,46785
467272,68172
467273,40000
467274,40000
467275,61192
467276,44540
467277,40000
467278,50458
467279,46424
467280,48276
467281,40000
467282,72788
467283,76738
467284,65455
467285,49282
467286,82160
467287,63995
467288,55638
467289,47698
467290,74044
467291,40000
467292,78313
467293,56519
467294,70578
467295,71322
467296,65885
467297,78998
467298,56477
467299,45336
467300,40000
467301,40000
467302,40000
467303,40000
467304,79396
467305,40000
467306,47449
467307,85839
467308,40959
467309,79945
467310,57833
467311,60896
467312,40000
467313,40000
467314,40000
467315,40000
467316,40000
467317,48764
467318,48014
467319,57930
467320,40000
467321,40000
467322,75757
467323,95806
467324,40872
467325,40000
467326,45443
467327,61681
467328,41079
467329,40000
467330,60900
467331,56611
467332,40000
467333,51535
467334,61986
467335,40000
467336,40000
467337,40000
467338,40000
467339,63788
467340,53791
467341,47627
467342,40000
467343,73145
467344,77712
467345,74817
467346,62589
467347,40000
467348,56539
467349,49563
467350,40000
467351,52065
467352,49021
467353,45384
467354,72525
467355,46523
467356,46364
467357,48994
467358,40000
467359,40000
467360,40000
467361,63014
467362,53254
467363,83622
467364,41577
467365,41371
467366,40000
467367,62491
467368,40000
467369,65571
467370,40000
467371,40000
467372,54300
467373,44627
467374,46282
467375,40000
467376,40000
467377,40000
467378,69939
467379,40000
467380,55067
467381,58285
467382,50454
467383,40000
467384,57910
467385,40000
467386,40000
467387,66620
467388,48246
467389,67890
467390,42792
467391,40000
467392,45749
467393,73556
467394,46064
467395,80524
467396,54608
467397,47114
467398,59468
467399,40000
467400,51100
467401,54985
467402,75348
467403,67079
467404,40000
467405,40228
467406,44310
467407,53671
467408,40000
467409,45204
467410,67622
467411,65366
467412,68183
467413,60077
467414,64227
467415,40828
467416,40000
467417,40000
467418,42453
467419,57451
467420,49860
467421,53347
467422,78180
467423,52477
467424,61475
467425,66548
467426,80371
467427,56494
467428,49392
467429,62664
467430,40000
467431,40000
467432,49508
467433,67647
467434,40000
467435,81717
467436,40000
467437,40000
467438,40000
467439,40000
467440,49679
467441,40000
467442,40000
467443,40000
467444,48585
467445,40000
467446,40000
467447,40000
467448,40000
467449,40000
467450,82096
467451,40000
467452,48426
467453,51265
467454,40000
467455,67208
467456,79980
467457,40000
467458,46956
467459,40000
467460,52646
467461,40000
467462,72552
467463,45861
467464,40000
467465,60979
467466,62844
467467,64947
467468,42925
467469,57875
467470,73137
467471,58132
467472,44504
467473,47621
467474,40000
467475,42479
467476,45581
467477,51258
467478,72844
467479,40000
467480,56460
467481,41188
467482,44307
467483,60313
467484,50360
467485,51438
467486,40000
467487,55995
467488,40000
467489,80859
467490,55256
467491,53934
467492,79973
467493,81761
467494,40000
467495,56483
467496,62306
467497,46726
467498,40976
467499,71630
467500,59729
467501,40000
467502,40000
467503,58659
467504,44082
467505,43193
467506,40000
467507,47440
467508,55368
467509,40000
467510,41295
467511,71603
467512,40000
467513,45399
467514,40000
467515,61387
467516,55781
467517,49826
467518,71274
467519,40480
467520,82039
467521,62506
467522,77502
467523,55143
467524,79405
467525,40000
467526,70072
467527,56417
467528,78266
467529,79698
467530,60899
467531,40000
467532,53784
467533,40000
467534,61859
467535,63479
467536,51515
467537,40000
467538,49478
467539,40000
467540,40000
467541,40000
467542,52431
467543,46241
467544,49352
467545,96133
467546,78689
467547,40000
467548,44782
467549,84228
467550,40000
467551,40000
467552,75752
467553,40000
467554,40000
467555,41343
467556,40000
467557,40000
467558,61254
467559,40000
467560,40000
467561,64641
467562,65290
467563,44951
467564,63698
467565,45035
467566,72322
467567,51392
467568,63365
467569,59424
467570,63683
467571,95044
467572,41662
467573,52125
467574,48479
467575,40000
467576,55463
467577,57859
467578,40000
467579,53473
467580,40000
467581,40000
467582,64162
467583,50829
467584,56674
467585,52981
467586,40000
467587,99134
467588,59112
467589,40000
467590,48050
467591,52731
467592,40000
467593,76220
467594,64088
467595,48494
467596,40000
467597,71814
467598,40000
467599,65250
467600,40000
467601,40000
467602,50450
467603,79929
467604,47671
467605,67448
467606,40000
467607,54012
467608,40000
467609,40000
467610,57849
467611,89661
467612,40000
467613,40000
467614,75634
467615,58566
467616,44008
467617,52792
467618,53756
467619,54269
467620,40000
467621,40000
467622,64922
467623,40000
467624,45949
467625,52807
467626,40000
467627,62597
467628,57070
467629,52829
467630,51190
467631,65303
467632,40000
467633,73841
467634,70555
467635,40000
467636,63649
467637,87801
467638,59711
467639,65511
467640,69836
467641,59952
467642,40000
467643,40000
467644,59283
467645,44381
467646,42976
467647,71680
467648,48231
467649,41329
467650,40000
467651,40000
467652,40000
467653,40000
467654,60296
467655,81701
467656,55473
467657,67061
467658,67152
467659,40000
467660,64217
467661,59285
467662,65679
467663,57863
467664,40000
467665,76942
467666,75621
467667,48989
467668,41611
467669,67028
467670,40000
467671,40000
467672,40000
467673,58859
467674,40000
467675,40000
467676,59854
467677,70394
467678,40000
467679,41044
467680,85564
467681,40000
467682,40000
467683,40000
467684,80022
467685,40000
467686,42617
467687,58180
467688,61419
467689,50175
467690,86541
467691,40000
467692,81730
467693,48497
467694,71462
467695,56468
467696,40000
467697,47441
467698,40691
467699,43967
467700,64439
467701,63780
467702,40000
467703,40000
467704,75752
467705,61103
467706,68383
467707,40000
467708,40000
467709,40000
467710,65176
467711,41767
467712,42397
467713,46241
467714,51448
467715,49707
467716,47421
467717,48046
467718,84577
467719,95231
467720,44318
467721,44083
467722,71436
467723,54487
467724,73421
467725,58144
467726,46549
467727,54701
467728,40000
467729,62220
467730,52180
467731,40000
467732,49301
467733,47096
467734,64914
467735,56448
467736,41696
467737,50137
467738,55378
467739,40000
467740,40000
467741,76318
467742,49279
467743,48343
467744,40000
467745,68084
467746,69301
467747,40000
467748,40000
467749,40000
467750,40000
467751,40000
467752,65562
467753,40000
467754,40000
467755,60483
467756,40000
467757,56088
467758,48763
467759,56687
467760,47888
467761,71447
467762,45196
467763,40000
467764,68699
467765,75669
467766,50707
467767,40006
467768,80982
467769,61614
467770,40000
467771,64014
467772,57724
467773,68263
467774,40000
467775,74428
467776,57030
467777,40000
467778,40000
467779,44115
467780,50989
467781,40000
467782,62971
467783,40000
467784,77374
467785,45216
467786,40000
467787,53627
467788,40000
467789,52547
467790,46098
467791,64330
467792,54490
467793,64249
467794,40000
467795,70363
467796,40000
467797,50501
467798,42382
467799,57605
467800,49328
467801,40000
467802,40000
467803,40000
467804,62519
467805,58090
467806,40000
467807,40000
467808,55411
467809,42453
467810,44589
467811,56130
467812,49315
467813,40000
467814,40000
467815,43726
467816,50162
467817,49357
467818,40000
467819,42658
467820,40000
467821,40000
467822,85977
467823,40584
467824,66148
467825,80348
467826,40000
467827,40000
467828,41688
467829,67104
467830,40000
467831,71597
467832,40000
467833,40000
467834,40000
467835,55759
467836,46218
467837,84848
467838,40000
467839,40000
467840,40000
467841,70031
467842,55310
467843,52658
467844,40000
467845,40404
467846,40000
467847,40000
467848,48398
467849,40000
467850,40000
467851,40000
467852,53221
467853,86323
467854,64063
467855,40000
467856,71022
467857,45346
467858,40000
467859,40000
467860,70036
467861,46992
467862,88131
467863,40000
467864,45053
467865,84178
467866,40000
467867,40000
467868,40000
467869,51889
467870,40000
467871,40000
467872,52645
467873,47786
467874,84142
467875,41204
467876,45107
467877,65817
467878,40000
467879,40000
467880,40000
467881,81109
467882,66206
467883,40000
467884,40000
467885,57102
467886,66865
467887,40000
467888,75601
467889,83408
467890,64836
467891,40000
467892,40000
467893,54086
467894,40000
467895,69537
467896,66272
467897,43747
467898,58732
467899,40588
467900,40000
467901,52349
467902,40000
467903,44959
467904,41858
467905,82052
467906,52070
467907,40000
467908,48738
467909,46134
467910,68995
467911,65325
467912,61339
467913,56558
467914,40000
467915,48323
467916,76751
467917,41354
467918,40000
467919,54426
467920,40000
467921,52997
467922,50777
467923,89193
467924,49880
467925,87122
467926,86057
467927,40199
467928,40000
467929,51132
467930,81214
467931,82116
467932,87671
467933,52540
467934,43201
467935,40000
467936,64484
467937,56863
467938,57807
467939,40000
467940,56038
467941,40000
467942,40000
467943,40000
467944,57445
467945,40000
467946,56844
467947,47889
467948,69790
467949,40000
467950,49364
467951,42117
467952,53404
467953,43541
467954,40000
467955,40706
467956,117276
467957,52914
467958,40000
467959,49255
467960,40000
467961,56684
467962,47977
467963,40000
467964,40000
467965,69117
467966,79998
467967,40000
467968,65817
467969,81129
467970,63653
467971,47412
467972,67039
467973,40000
467974,40000
467975,68149
467976,40000
467977,58656
467978,40735
467979,90368
467980,45893
467981,41856
467982,51393
467983,56480
467984,63250
467985,68865
467986,40000
467987,88626
467988,51968
467989,40000
467990,40000
467991,49093
467992,59919
467993,73296
467994,43814
467995,40000
467996,40000
467997,80800
467998,50273
467999,52207
468000,53554
468001,76992
468002,56391
468003,53677
468004,40000
468005,53189
468006,74326
468007,61319
468008,53169
468009,40000
468010,82881
468011,71888
468012,67358
468013,44431
468014,75527
468015,74383
468016,67266
468017,57974
468018,40000
468019,42661
468020,43771
468021,49741
468022,48363
468023,64196
468024,56711
468025,73143
468026,40000
468027,61531
468028,42717
468029,40000
468030,40000
468031,40000
468032,68291
468033,44587
468034,65689
468035,47768
468036,51679
468037,43686
468038,40000
468039,40000
468040,40000
468041,55080
468042,61006
468043,59653
468044,57310
468045,54221
468046,40000
468047,44819
468048,40000
468049,65507
468050,61254
468051,57294
468052,59325
468053,46260
468054,49236
468055,62353
468056,55635
468057,40000
468058,55171
468059,40000
468060,86585
468061,44154
468062,43726
468063,53933
468064,57956
468065,53019
468066,72487
468067,47277
468068,43248
468069,58864
468070,65763
468071,79218
468072,43981
468073,52231
468074,41758
468075,52801
468076,40000
468077,40000
468078,89788
468079,81678
468080,59231
468081,68046
468082,56985
468083,44232
468084,76706
468085,63366
468086,53869
468087,40000
468088,72090
468089,75239
468090,63584
468091,70721
468092,76415
468093,46202
468094,53192
468095,41239
468096,76226
468097,51341
468098,54903
468099,40000
468100,44481
468101,44969
468102,65410
468103,61210
468104,40000
468105,56906
468106,79506
468107,64917
468108,40000
468109,74222
468110,40000
468111,40000
468112,55998
468113,40000
468114,40000
468115,72671
468116,40000
468117,40000
468118,77880
468119,93346
468120,40000
468121,50607
468122,75432
468123,40146
468124,62897
468125,50921
468126,50022
468127,66468
468128,40000
468129,62238
468130,81173
468131,60196
468132,45850
468133,70538
468134,40000
468135,40000
468136,73731
468137,42103
468138,40000
468139,79245
468140,40000
468141,40995
468142,82396
468143,40000
468144,40000
468145,42650
468146,40000
468147,40000
468148,75322
468149,50661
468150,47021
468151,40000
468152,40000
468153,41905
468154,51448
468155,48282
468156,40000
468157,40000
468158,59118
468159,49131
468160,40000
468161,42906
468162,52749
468163,40000
468164,49647
468165,55853
468166,54103
468167,40000
468168,47832
468169,55739
468170,40463
468171,41188
468172,73567
468173,76887
468174,43105
468175,97184
468176,44130
468177,116084
468178,71322
468179,63333
468180,59348
468181,40000
468182,94087
468183,52118
468184,40000
468185,49952
468186,40000
468187,40000
468188,40000
468189,59032
468190,40000
468191,46977
468192,59872
468193,54063
468194,40000
468195,40000
468196,78474
468197,40000
468198,43087
468199,61377
468200,49630
468201,74780
468202,89314
468203,56898
468204,53574
468205,72836
468206,40000
468207,63070
468208,51614
468209,80317
468210,40000
468211,40000
468212,64317
468213,51339
468214,46010
468215,42835
468216,40000
468217,72232
468218,46583
468219,40000
468220,49201
468221,56822
468222,70955
468223,48212
468224,70419
468225,40000
468226,40000
468227,56194
468228,49092
468229,67174
468230,40000
468231,40000
468232,40000
468233,55823
468234,49071
468235,63163
468236,53635
468237,84909
468238,40000
468239,44403
468240,49305
468241,44653
468242,63405
468243,40000
468244,40000
468245,66469
468246,56183
468247,68530
468248,44710
468249,40000
468250,51225
468251,40000
468252,40000
468253,50429
468254,71374
468255,40000
468256,40000
468257,42693
468258,40000
468259,47740
468260,58981
468261,48842
468262,40000
468263,40000
468264,45346
468265,60341
468266,69862
468267,78553
468268,40000
468269,40000
468270,49539
468271,66112
468272,58436
468273,45568
468274,75703
468275,75673
468276,40000
468277,53274
468278,40000
468279,40000
468280,53926
468281,40000
468282,46755
468283,57432
468284,50476
468285,98812
468286,40000
468287,77170
468288,66749
468289,51717
468290,78157
468291,59948
468292,69909
468293,40000
468294,40000
468295,54249
468296,88172
468297,40000
468298,40000
468299,54806
468300,47352
468301,40000
468302,75332
468303,74265
468304,78555
468305,52123
468306,44504
468307,46469
468308,40000
468309,59342
468310,106588
468311,53496
468312,48765
468313,40000
468314,40000
468315,56701
468316,40000
468317,59570
468318,40000
468319,40000
468320,63329
468321,53971
468322,54865
468323,40000
468324,81201
468325,40000
468326,49828
468327,61372
468328,56887
468329,66513
468330,44717
468331,40000
468332,40000
468333,44326
468334,40000
468335,43016
468336,65966
468337,40000
468338,49558
468339,45740
468340,60183
468341,81807
468342,60913
468343,50332
468344,65461
468345,40000
468346,63246
468347,49286
468348,40000
468349,49573
468350,46470
468351,51757
468352,40000
468353,41234
468354,43890
468355,68630
468356,51197
468357,40000
468358,77758
468359,40000
468360,40000
468361,40000
468362,64488
468363,49557
468364,40000
468365,49470
468366,58093
468367,59249
468368,40000
468369,58807
468370,78458
468371,70930
468372,40000
468373,44012
468374,40000
468375,59823
468376,83431
468377,58186
468378,64749
468379,60330
468380,40000
468381,47243
468382,56682
468383,72115
468384,40000
468385,40000
468386,40000
468387,79558
468388,76975
468389,81916
468390,44785
468391,40000
468392,55586
468393,62704
468394,40000
468395,50132
468396,51915
468397,66254
468398,40058
468399,41675
468400,84772
468401,89684
468402,40000
468403,59520
468404,59460
468405,80779
468406,57832
468407,44307
468408,61968
468409,40000
468410,44865
468411,40000
468412,40000
468413,59331
468414,87901
468415,55517
468416,46811
468417,40000
468418,40000
468419,46754
468420,40000
468421,61554
468422,55195
468423,67714
468424,40000
468425,44346
468426,71686
468427,57137
468428,40000
468429,40000
468430,61058
468431,61797
468432,40000
468433,85757
468434,40000
468435,60258
468436,40106
468437,40000
468438,73036
468439,40000
468440,71339
468441,67651
468442,66614
468443,40000
468444,40000
468445,71091
468446,91691
468447,54905
468448,40000
468449,40000
468450,48018
468451,81642
468452,43036
468453,65431
468454,47226
468455,41360
468456,40000
468457,40000
468458,44094
468459,47638
468460,40000
468461,55029
468462,40865
468463,65645
468464,48372
468465,43663
468466,40000
468467,40000
468468,51412
468469,46179
468470,40000
468471,44435
468472,40000
468473,73624
468474,68169
468475,52073
468476,40000
468477,40000
468478,65634
468479,40000
468480,40000
468481,40000
468482,49344
468483,40000
468484,77869
468485,56389
468486,76479
468487,40000
468488,48024
468489,40000
468490,40000
468491,89862
468492,44318
468493,40000
468494,40000
468495,40000
468496,40148
468497,49628
468498,45482
468499,40000
468500,40000
468501,45122
468502,51669
468503,40946
468504,59694
468505,40000
468506,40000
468507,61864
468508,70953
468509,84135
468510,40000
468511,43007
468512,71929
468513,48904
468514,50427
468515,48244
468516,81251
468517,64917
468518,40000
468519,53488
468520,55547
468521,94399
468522,66883
468523,47749
468524,70664
468525,40000
468526,40000
468527,85675
468528,40000
468529,40000
468530,40000
468531,65199
468532,63620
468533,45743
468534,40000
468535,51525
468536,40000
468537,40000
468538,64621
468539,40000
468540,40000
468541,40000
468542,55653
468543,50382
468544,60083
468545,40000
468546,52816
468547,72222
468548,42831
468549,53454
468550,86092
468551,40000
468552,40000
468553,53447
468554,41091
468555,59513
468556,51882
468557,56879
468558,40000
468559,40000
468560,46000
468561,40000
468562,49490
468563,79190
468564,61785
468565,43930
468566,40000
468567,71610
468568,108408
468569,62992
468570,74982
468571,40000
468572,98139
468573,40000
468574,81726
468575,55472
468576,77658
468577,67508
468578,41107
468579,40000
468580,86312
468581,40000
468582,60233
468583,65972
468584,48842
468585,54874
468586,47491
468587,58572
468588,58859
468589,47150
468590,40000
468591,57369
468592,52697
468593,40000
468594,51077
468595,58148
468596,87625
468597,40000
468598,63039
468599,57113
468600,59563
468601,45726
468602,40000
468603,40000
468604,40884
468605,40000
468606,66640
468607,40000
468608,57817
468609,40000
468610,54577
468611,64466
468612,71109
468613,62165
468614,40000
468615,60028
468616,83386
468617,40000
468618,52955
468619,43982
468620,63947
468621,66413
468622,61358
468623,40000
468624,88177
468625,45655
468626,50736
468627,40000
468628,57307
468629,68653
468630,40000
468631,55812
468632,65587
468633,92670
468634,40000
468635,71508
468636,40745
468637,46720
468638,65599
468639,54221
468640,45591
468641,40000
468642,51525
468643,59766
468644,40000
468645,74047
468646,40000
468647,61537
468648,62520
468649,40000
468650,52093
468651,69643
468652,99692
468653,62193
468654,59728
468655,96581
468656,40000
468657,61948
468658,40000
468659,40000
468660,64213
468661,53178
468662,56987
468663,48534
468664,75355
468665,46656
468666,40000
468667,62034
468668,77502
468669,55597
468670,95271
468671,40000
468672,44665
468673,74005
468674,40000
468675,40000
468676,40000
468677,40000
468678,40000
468679,40000
468680,40000
468681,40000
468682,62822
468683,40000
468684,64280
468685,45952
468686,40000
468687,40000
468688,40000
468689,52516
468690,40000
468691,40000
468692,40000
468693,76437
468694,41177
468695,55571
468696,40000
468697,40000
468698,55157
468699,56870
468700,41644
468701,40215
468702,40000
468703,68409
468704,40000
468705,89227
468706,47919
468707,40000
468708,40000
468709,66147
468710,46604
468711,46605
468712,41643
468713,87934
468714,40000
468715,40000
468716,54727
468717,42842
468718,52229
468719,64572
468720,40000
468721,52029
468722,40000
468723,43806
468724,45727
468725,102498
468726,87839
468727,40000
468728,61641
468729,45924
468730,50777
468731,50495
468732,78016
468733,58250
468734,40000
468735,55357
468736,40000
468737,52185
468738,61760
468739,62215
468740,40000
468741,53473
468742,40000
468743,40000
468744,70839
468745,46002
468746,68457
468747,65385
468748,50391
468749,51538
468750,68323
468751,66759
468752,45446
468753,99852
468754,52058
468755,40000
468756,40000
468757,53112
468758,40000
468759,94906
468760,64442
468761,65960
468762,59327
468763,49874
468764,41393
468765,40000
468766,48670
468767,89518
468768,58446
468769,40000
468770,70866
468771,48297
468772,40000
468773,41553
468774,49013
468775,70062
468776,64705
468777,48819
468778,54983
468779,79728
468780,51564
468781,43321
468782,40496
468783,50955
468784,42798
468785,43952
468786,40000
468787,40000
468788,44753
468789,43924
468790,47371
468791,65831
468792,48324
468793,58527
468794,40000
468795,48652
468796,55991
468797,40000
468798,54303
468799,55111
468800,50391
468801,64027
468802,40000
468803,40000
468804,48385
468805,40000
468806,40000
468807,71953
468808,68936
468809,56334
468810,40000
468811,40000
468812,44032
468813,52205
468814,40000
468815,40000
468816,48438
468817,77212
468818,40000
468819,40000
468820,40000
468821,53480
468822,64299
468823,81222
468824,52191
468825,66997
468826,40000
468827,40000
468828,40000
468829,45303
468830,53674
468831,61511
468832,60394
468833,52314
468834,40000
468835,51489
468836,40000
468837,55864
468838,62600
468839,66393
468840,54522
468841,40000
468842,40000
468843,69054
468844,48794
468845,40000
468846,54376
468847,40000
468848,40000
468849,58372
468850,46058
468851,58546
468852,42999
468853,40000
468854,41688
468855,53033
468856,81888
468857,59774
468858,40000
468859,65919
468860,54042
468861,40994
468862,40000
468863,60671
468864,45283
468865,100861
468866,40000
468867,44470
468868,45515
468869,52018
468870,61388
468871,67877
468872,80829
468873,59422
468874,40000
468875,40503
468876,40000
468877,52143
468878,40000
468879,49655
468880,42948
468881,46582
468882,76276
468883,74380
468884,63844
468885,55308
468886,40000
468887,69647
468888,57442
468889,68477
468890,45455
468891,40000
468892,76802
468893,40000
468894,71150
468895,40000
468896,40000
468897,54866
468898,40000
468899,45087
468900,63004
468901,67970
468902,59813
468903,54499
468904,65548
468905,56813
468906,68929
468907,43716
468908,40000
468909,40000
468910,44145
468911,40000
468912,40000
468913,41076
468914,40000
468915,40000
468916,40000
468917,65555
468918,55492
468919,53566
468920,40000
468921,40000
468922,44355
468923,76805
468924,40000
468925,94036
468926,64922
468927,40000
468928,94927
468929,53353
468930,67950
468931,50842
468932,70126
468933,44440
468934,40000
468935,40000
468936,74999
468937,40000
468938,40000
468939,93199
468940,40000
468941,49063
468942,80414
468943,48279
468944,50100
468945,40000
468946,55770
468947,73536
468948,40201
468949,49018
468950,60639
468951,40000
468952,55485
468953,69599
468954,40000
468955,67135
468956,46342
468957,53569
468958,51640
468959,54221
468960,72222
468961,40135
468962,40000
468963,47005
468964,40000
468965,40000
468966,96007
468967,65512
468968,40000
468969,76907
468970,44336
468971,40000
468972,40000
468973,65094
468974,45321
468975,40000
468976,40000
468977,40000
468978,62966
468979,52804
468980,60990
468981,40000
468982,59451
468983,49107
468984,60087
468985,41700
468986,40000
468987,59797
468988,99837
468989,76203
468990,40000
468991,40898
468992,40000
468993,87821
468994,40000
468995,40000
468996,71341
468997,54919
468998,40000
468999,92369
469000,40000
469001,44125
469002,43585
469003,66491
469004,40000
469005,80318
469006,63727
469007,51942
469008,40000
469009,40000
469010,53094
469011,104940
469012,57761
469013,57800
469014,50691
469015,40000
469016,49263
469017,47944
469018,78409
469019,72919
469020,40000
469021,40000
469022,53833
469023,40000
469024,51063
469025,40757
469026,45916
469027,63386
469028,40000
469029,61440
469030,48785
469031,40000
469032,44936
469033,40000
469034,40000
469035,58428
469036,50975
469037,51294
469038,75954
469039,53885
469040,62862
469041,51206
469042,40000
469043,51663
469044,78907
469045,51553
469046,65658
469047,40184
469048,60608
469049,71617
469050,68625
469051,40000
469052,40000
469053,40000
469054,62053
469055,84255
469056,50955
469057,40000
469058,51499
469059,40000
469060,40485
469061,51913
469062,79874
469063,40000
469064,56097
469065,53269
469066,40000
469067,40270
469068,46257
469069,66022
469070,48219
469071,46031
469072,67441
469073,40000
469074,45395
469075,40000
469076,40000
469077,50691
469078,40000
469079,40000
469080,40000
469081,41135
469082,66190
469083,62118
469084,56236
469085,71940
469086,56693
469087,61488
469088,55688
469089,44640
469090,73049
469091,65987
469092,40000
469093,73028
469094,41165
469095,40000
469096,40000
469097,40000
469098,107897
469099,59530
469100,69725
469101,77807
469102,52451
469103,82429
469104,42499
469105,92700
469106,42703
469107,52054
469108,84890
469109,40000
469110,40000
469111,62674
469112,40000
469113,59859
469114,40000
469115,68395
469116,70617
469117,40000
469118,40000
469119,57647
469120,57915
469121,40000
469122,40000
469123,57180
469124,52407
469125,95376
469126,52498
469127,40000
469128,40000
469129,50628
469130,40000
469131,50050
469132,40000
469133,91697
469134,109860
469135,92118
469136,40000
469137,58601
469138,69781
469139,40000
469140,47827
469141,62617
469142,40000
469143,40000
469144,42288
469145,40000
469146,40000
469147,47405
469148,40000
469149,40000
469150,71834
469151,43325
469152,45952
469153,59103
469154,53760
469155,74496
469156,40000
469157,40000
469158,43242
469159,40000
469160,56768
469161,40000
469162,40000
469163,45965
469164,50832
469165,52171
469166,40000
469167,40000
469168,68227
469169,80725
469170,52235
469171,60813
469172,56231
469173,46308
469174,42835
469175,68545
469176,72868
469177,47375
469178,40000
469179,75193
469180,47416
469181,52226
469182,41927
469183,51617
469184,41691
469185,40000
469186,60723
469187,40000
469188,40000
469189,70999
469190,71494
469191,71990
469192,61700
469193,84162
469194,52168
469195,55126
469196,41276
469197,40000
469198,64668
469199,66432
469200,40000
469201,56807
469202,43232
469203,77033
469204,69369
469205,40000
469206,40000
469207,48265
469208,40000
469209,54846
469210,53339
469211,53189
469212,57722
469213,73826
469214,60101
469215,56042
469216,45321
469217,94107
469218,46902
469219,40000
469220,57299
469221,44070
469222,41450
469223,42218
469224,40000
469225,40000
469226,40000
469227,40000
469228,78408
469229,61941
469230,54470
469231,55239
469232,42069
469233,57955
469234,40000
469235,46037
469236,46503
469237,40000
469238,62237
469239,40000
469240,40000
469241,54288
469242,94849
469243,40000
469244,40000
469245,71355
469246,62088
469247,40000
469248,40000
469249,40000
469250,80774
469251,52616
469252,69025
469253,40000
469254,46601
469255,69636
469256,40142
469257,40000
469258,41915
469259,40000
469260,40000
469261,77241
469262,40000
469263,53618
469264,67147
469265,43875
469266,60061
469267,40000
469268,41662
469269,40000
469270,48269
469271,40000
469272,61373
469273,42538
469274,53667
469275,52972
469276,40000
469277,40000
469278,40000
469279,61931
469280,59760
469281,44094
469282,53237
469283,40000
469284,40000
469285,63602
469286,56470
469287,68388
469288,40000
469289,41784
469290,54210
469291,67494
469292,44975
469293,79477
469294,42701
469295,54159
469296,56606
469297,44984
469298,40000
469299,40042
469300,50978
469301,61408
469302,40000
469303,73977
469304,46548
469305,46540
469306,40000
469307,57135
469308,41652
469309,64357
469310,57012
469311,56943
469312,59897
469313,50558
469314,40000
469315,40000
469316,40000
469317,55292
469318,40000
469319,40000
469320,49776
469321,41776
469322,60169
469323,45927
469324,59285
469325,40000
469326,40000
469327,72542
469328,40000
469329,40000
469330,40985
469331,40000
469332,75887
469333,67612
469334,61537
469335,67489
469336,53476
469337,40000
469338,50712
469339,44460
469340,45476
469341,58116
469342,57731
469343,40000
469344,65547
469345,75150
469346,40000
469347,40000
469348,40000
469349,49499
469350,43015
469351,40000
469352,51681
469353,40000
469354,56822
469355,40000
469356,59577
469357,40000
469358,43899
469359,40000
469360,74937
469361,40000
469362,40000
469363,51531
469364,44627
469365,54997
469366,48989
469367,40377
469368,75418
469369,61126
469370,40000
469371,54018
469372,73745
469373,40000
469374,43448
469375,40981
469376,42109
469377,51210
469378,44262
469379,40000
469380,40000
469381,46531
469382,62199
469383,42819
469384,59229
469385,40000
469386,57100
469387,40000
469388,43978
469389,40000
469390,40000
469391,40000
469392,40000
469393,43672
469394,60888
469395,41612
469396,46895
469397,40000
469398,40000
469399,51576
469400,66664
469401,45865
469402,46249
469403,40488
469404,49461
469405,40000
469406,40000
469407,40000
469408,40000
469409,59080
469410,40000
469411,58093
469412,48468
469413,69245
469414,52926
469415,40000
469416,40000
469417,59712
469418,40000
469419,40000
469420,58578
469421,41662
469422,63555
469423,60616
469424,41263
469425,63146
469426,41556
469427,84013
469428,68894
469429,49525
469430,85199
469431,40000
469432,49255
469433,53070
469434,44314
469435,59409
469436,54070
469437,40000
469438,40000
469439,64244
469440,55871
469441,60858
469442,40000
469443,40000
469444,40000
469445,47668
469446,40450
469447,65983
469448,61208
469449,69580
469450,52830
469451,76751
469452,83568
469453,69059
469454,65311
469455,45751
469456,40741
469457,40000
469458,40000
469459,42119
469460,47507
469461,66636
469462,40000
469463,52913
469464,67632
469465,40000
469466,40000
469467,43868
469468,40000
469469,84026
469470,40254
469471,56311
469472,41758
469473,64978
469474,45785
469475,40000
469476,72729
469477,40000
469478,50310
469479,83092
469480,49076
469481,41537
469482,40000
469483,53669
469484,40000
469485,47407
469486,40000
469487,69024
469488,46783
469489,54425
469490,53244
469491,40000
469492,41684
469493,56111
469494,64887
469495,40000
469496,50780
469497,41618
469498,40000
469499,40000
469500,40000
469501,48780
469502,43480
469503,40000
469504,47951
469505,65575
469506,60640
469507,44418
469508,60141
469509,65172
469510,45318
469511,70383
469512,40000
469513,49148
469514,40000
469515,57036
469516,47653
469517,42182
469518,79693
469519,45559
469520,40000
469521,41743
469522,62029
469523,40000
469524,40000
469525,92736
469526,68080
469527,43350
469528,40000
469529,40247
469530,40000
469531,77755
469532,64494
469533,60868
469534,51178
469535,40000
469536,74353
469537,81405
469538,40000
469539,40000
469540,40000
469541,57698
469542,40000
469543,62518
469544,46834
469545,43129
469546,71289
469547,41299
469548,51285
469549,51271
469550,40169
469551,40000
469552,40000
469553,44589
469554,40000
469555,49973
469556,68102
469557,53726
469558,40978
469559,40000
469560,53907
469561,40000
469562,78727
469563,53502
469564,49563
469565,62219
469566,40000
469567,40000
469568,55474
469569,55124
469570,45798
469571,40000
469572,63656
469573,40000
469574,73303
469575,62006
469576,58397
469577,72577
469578,41808
469579,53451
469580,40000
469581,73825
469582,66635
469583,52359
469584,56868
469585,91063
469586,64464
469587,40000
469588,46566
469589,94102
469590,44040
469591,76379
469592,51064
469593,82433
469594,40000
469595,43071
469596,96436
469597,87500
469598,80094
469599,60417
469600,60333
469601,46362
469602,40000
469603,40315
469604,76222
469605,40000
469606,41460
469607,53118
469608,74634
469609,57411
469610,40000
469611,50803
469612,40000
469613,50471
469614,56121
469615,51184
469616,45810
469617,40000
469618,54716
469619,47456
469620,40000
469621,40000
469622,40000
469623,40000
469624,70233
469625,61254
469626,73473
469627,40000
469628,72808
469629,40000
469630,66071
469631,76812
469632,58863
469633,43918
469634,48565
469635,53831
469636,40000
469637,40000
469638,48494
469639,40000
469640,40000
469641,41251
469642,73522
469643,40000
469644,40000
469645,40000
469646,41906
469647,46467
469648,40000
469649,51953
469650,62052
469651,88224
469652,40000
469653,40000
469654,40000
469655,79122
469656,51129
469657,47767
469658,48124
469659,56444
469660,49332
469661,44897
469662,58932
469663,46738
469664,63413
469665,64540
469666,43746
469667,62127
469668,40000
469669,40000
469670,58379
469671,49816
469672,52140
469673,40774
469674,40083
469675,40000
469676,40000
469677,50704
469678,97164
469679,49834
469680,42939
469681,72420
469682,83578
469683,61421
469684,68932
469685,58775
469686,54540
469687,75537
469688,40000
469689,40000
469690,52274
469691,69644
469692,72350
469693,40000
469694,51131
469695,40000
469696,85821
469697,40000
469698,45845
469699,85939
469700,43368
469701,59970
469702,97674
469703,42256
469704,40000
469705,57679
469706,40000
469707,46489
469708,66803
469709,40000
469710,41548
469711,75826
469712,47803
469713,54510
469714,72266
469715,40000
469716,58073
469717,56167
469718,40000
469719,61973
469720,51182
469721,40000
469722,40000
469723,61189
469724,40000
469725,60478
469726,40000
469727,40000
469728,61110
469729,46656
469730,58858
469731,40000
469732,48837
469733,40000
469734,40000
469735,65879
469736,62220
469737,54349
469738,40000
469739,54987
469740,40000
469741,50921
469742,68985
469743,40000
469744,40000
469745,48145
469746,40000
469747,41252
469748,61334
469749,40000
469750,40000
469751,40000
469752,105239
469753,60594
469754,43270
469755,50923
469756,40000
469757,40000
469758,40000
469759,51285
469760,50751
469761,68979
469762,54599
469763,78070
469764,40000
469765,51232
469766,40000
469767,69747
469768,40000
469769,47591
469770,41243
469771,67086
469772,64530
469773,49490
469774,66116
469775,47578
469776,95059
469777,66115
469778,64096
469779,45913
469780,49598
469781,40000
469782,41535
469783,48359
469784,40000
469785,40000
469786,41894
469787,47061
469788,54033
469789,46802
469790,40932
469791,58740
469792,40000
469793,62107
469794,40000
469795,40000
469796,40000
469797,40000
469798,77016
469799,40000
469800,40000
469801,43147
469802,40000
469803,70285
469804,40000
469805,55537
469806,40057
469807,40000
469808,40000
469809,79356
469810,40000
469811,80218
469812,40000
469813,40000
469814,40000
469815,57076
469816,63399
469817,45425
469818,68295
469819,41702
469820,42555
469821,99347
469822,71607
469823,40000
469824,40000
469825,51997
469826,40000
469827,40000
469828,69441
469829,53656
469830,42940
469831,84016
469832,52169
469833,47165
469834,46895
469835,40000
469836,40000
469837,55849
469838,69916
469839,48823
469840,84923
469841,43274
469842,40000
469843,70899
469844,40000
469845,40000
469846,48134
469847,45747
469848,49159
469849,44910
469850,50821
469851,45108
469852,40000
469853,55617
469854,40000
469855,40000
469856,55550
469857,44492
469858,51094
469859,40000
469860,41017
469861,40003
469862,50675
469863,70623
469864,40758
469865,54371
469866,78888
469867,49974
469868,79553
469869,42061
469870,81320
469871,40000
469872,40000
469873,51628
469874,89456
469875,49596
469876,40000
469877,67658
469878,40000
469879,55754
469880,40000
469881,40000
469882,73866
469883,40000
469884,40000
469885,70614
469886,86526
469887,69432
469888,70146
469889,54522
469890,45304
469891,48558
469892,43726
469893,42301
469894,90459
469895,79925
469896,40000
469897,84358
469898,70097
469899,65500
469900,43362
469901,66383
469902,59601
469903,51982
469904,56531
469905,75083
469906,47941
469907,63774
469908,41634
469909,70053
469910,41676
469911,47155
469912,40000
469913,72533
469914,40000
469915,40000
469916,40000
469917,84158
469918,75157
469919,60584
469920,40000
469921,50729
469922,48666
469923,40000
469924,40000
469925,52192
469926,58245
469927,40000
469928,40000
469929,40000
469930,81424
469931,40000
469932,44369
469933,65173
469934,40770
469935,55600
469936,40000
469937,42412
469938,46579
469939,41329
469940,67646
469941,45079
469942,88631
469943,56880
469944,61491
469945,40000
469946,64983
469947,40000
469948,40000
469949,43635
469950,67417
469951,40000
469952,73385
469953,47024
469954,40000
469955,55258
469956,80224
469957,68968
469958,55186
469959,69683
469960,50777
469961,52739
469962,54435
469963,67156
469964,40000
469965,51276
469966,51156
469967,72017
469968,40000
469969,45203
469970,47770
469971,42946
469972,46635
469973,40000
469974,54077
469975,49102
469976,40000
469977,40000
469978,49947
469979,40000
469980,46596
469981,47150
469982,58818
469983,44098
469984,40000
469985,40000
469986,60624
469987,43224
469988,74224
469989,40000
469990,47431
469991,52765
469992,52580
469993,40000
469994,40000
469995,40000
469996,43561
469997,40000
469998,43241
469999,60417
470000,40000
470001,87085
470002,44552
470003,62719
470004,40000
470005,80716
470006,40778
470007,50964
470008,54976
470009,40000
470010,48781
470011,40000
470012,69422
470013,48359
470014,40000
470015,40000
470016,59209
470017,73044
470018,76855
470019,96396
470020,56322
470021,53321
470022,40000
470023,40000
470024,75390
470025,58293
470026,53375
470027,61150
470028,40000
470029,71312
470030,41775
470031,40000
470032,46194
470033,65284
470034,54210
470035,40000
470036,42408
470037,40000
470038,40000
470039,45220
470040,71615
470041,43804
470042,88901
470043,51039
470044,40000
470045,49615
470046,72397
470047,93703
470048,40000
470049,40000
470050,40485
470051,40000
470052,73355
470053,45691
470054,40000
470055,49061
470056,70808
470057,40000
470058,52843
470059,40000
470060,40000
470061,57849
470062,88780
470063,54901
470064,45428
470065,66114
470066,49296
470067,58354
470068,80485
470069,56629
470070,52301
470071,53477
470072,48799
470073,40000
470074,72215
470075,40000
470076,41207
470077,47492
470078,44602
470079,70336
470080,40000
470081,40000
470082,50219
470083,54402
470084,40901
470085,80218
470086,51289
470087,40000
470088,40000
470089,40000
470090,59558
470091,58808
470092,41858
470093,64156
470094,40000
470095,40284
470096,53501
470097,40000
470098,41586
470099,80423
470100,92289
470101,40000
470102,47222
470103,49633
470104,44295
470105,58321
470106,40000
470107,45867
470108,50331
470109,53345
470110,73467
470111,62667
470112,41274
470113,40000
470114,45404
470115,69513
470116,40000
470117,40000
470118,62318
470119,40000
470120,86154
470121,42386
470122,40000
470123,40000
470124,40000
470125,40000
470126,61821
470127,50313
470128,40000
470129,52417
470130,40000
470131,52221
470132,76148
470133,57922
470134,42052
470135,71151
470136,53036
470137,65065
470138,49954
470139,61712
470140,40000
470141,81505
470142,40000
470143,48483
470144,40000
470145,41646
470146,59409
470147,66077
470148,70775
470149,40000
470150,77765
470151,40000
470152,40000
470153,63790
470154,46110
470155,51309
470156,40000
470157,57414
470158,68449
470159,46730
470160,78838
470161,40000
470162,40000
470163,40000
470164,59003
470165,70782
470166,72575
470167,88906
470168,40000
470169,55105
470170,49438
470171,54487
470172,40000
470173,40000
470174,40000
470175,59528
470176,108099
470177,52212
470178,55737
470179,40000
470180,58606
470181,94388
470182,40000
470183,46291
470184,73332
470185,49405
470186,76619
470187,51083
470188,69536
470189,57014
470190,46055
470191,57962
470192,40000
470193,60997
470194,40000
470195,43515
470196,60918
470197,78901
470198,80535
470199,56973
470200,40000
470201,40000
470202,40000
470203,56639
470204,43018
470205,48644
470206,75612
470207,40000
470208,48049
470209,48141
470210,40000
470211,44278
470212,48126
470213,71054
470214,57157
470215,40000
470216,49072
470217,40000
470218,40358
470219,67629
470220,51765
470221,50127
470222,40000
470223,40460
470224,40000
470225,56598
470226,40000
470227,75633
470228,40000
470229,81968
470230,40000
470231,40000
470232,40000
470233,63357
470234,40000
470235,47137
470236,72639
470237,40000
470238,43183
470239,53486
470240,43971
470241,40979
470242,40000
470243,50960
470244,40000
470245,43682
470246,40000
470247,75368
470248,40000
470249,71347
470250,46211
470251,45338
470252,40000
470253,59076
470254,40000
470255,51188
470256,40000
470257,59152
470258,90829
470259,40000
470260,40000
470261,50494
470262,40000
470263,51969
470264,79181
470265,43449
470266,49412
470267,59698
470268,40000
470269,40000
470270,40000
470271,40000
470272,56184
470273,63204
470274,40000
470275,87598
470276,40000
470277,54931
470278,44121
470279,40000
470280,48954
470281,40000
470282,40000
470283,74505
470284,47380
470285,40000
470286,65755
470287,72140
470288,67176
470289,40000
470290,71759
470291,43077
470292,50582
470293,70603
470294,83932
470295,40000
470296,40000
470297,40000
470298,40000
470299,60108
470300,44697
470301,40000
470302,60009
470303,40000
470304,44067
470305,40000
470306,53445
470307,52804
470308,40000
470309,40868
470310,50032
470311,61193
470312,46644
470313,71479
470314,51866
470315,40000
470316,60277
470317,60966
470318,40000
470319,40000
470320,47975
470321,40000
470322,69806
470323,40000
470324,68346
470325,44405
470326,53141
470327,53039
470328,74900
470329,46183
470330,51196
470331,72726
470332,46247
470333,40000
470334,40000
470335,40000
470336,43140
470337,64312
470338,40000
470339,75692
470340,59879
470341,90209
470342,50176
470343,40000
470344,49913
470345,40000
470346,48885
470347,40392
470348,45829
470349,48419
470350,40000
470351,40000
470352,62904
470353,40000
470354,74550
470355,65305
470356,40000
470357,75417
470358,40000
470359,52963
470360,40000
470361,42511
470362,40000
470363,68015
470364,40000
470365,56283
470366,53039
470367,50048
470368,48299
470369,40000
470370,44510
470371,40000
470372,52604
470373,40000
470374,40000
470375,47912
470376,46103
470377,45373
470378,40000
470379,73739
470380,46384
470381,51144
470382,40000
470383,40489
470384,40000
470385,40665
470386,65890
470387,40000
470388,85681
470389,40000
470390,40685
470391,49088
470392,77671
470393,58276
470394,40000
470395,79960
470396,62594
470397,40000
470398,40000
470399,40000
470400,40000
470401,73594
470402,40823
470403,40000
470404,94162
470405,47352
470406,55694
470407,52887
470408,55397
470409,40000
470410,45699
470411,71354
470412,40000
470413,70750
470414,40175
470415,77048
470416,42611
470417,40000
470418,71301
470419,40000
470420,43270
470421,51916
470422,51595
470423,42443
470424,69197
470425,53646
470426,40000
470427,66348
470428,80014
470429,40000
470430,60214
470431,51904
470432,62136
470433,59742
470434,81790
470435,56416
470436,57199
470437,72414
470438,62038
470439,90048
470440,43907
470441,52868
470442,40000
470443,47906
470444,44967
470445,40000
470446,46819
470447,40000
470448,56478
470449,42719
470450,40000
470451,110987
470452,40000
470453,58119
470454,40000
470455,40000
470456,45633
470457,40000
470458,60373
470459,40000
470460,40000
470461,48502
470462,57821
470463,66955
470464,40000
470465,40000
470466,77266
470467,47340
470468,55830
470469,84067
470470,69466
470471,57988
470472,40000
470473,40000
470474,80895
470475,67126
470476,40000
470477,40000
470478,92363
470479,56557
470480,41348
470481,42470
470482,40000
470483,55509
470484,40514
470485,94375
470486,65010
470487,43776
470488,40000
470489,40000
470490,40000
470491,59876
470492,55314
470493,40000
470494,71149
470495,41569
470496,55931
470497,88732
470498,78659
470499,53491
470500,48240
470501,40000
470502,50907
470503,56261
470504,49144
470505,40000
470506,71634
470507,67971
470508,42740
470509,43954
470510,40000
470511,40000
470512,40000
470513,40000
470514,63369
470515,41719
470516,40000
470517,42760
470518,40000
470519,50671
470520,59799
470521,56129
470522,74884
470523,79318
470524,84737
470525,75659
470526,40000
470527,91780
470528,70781
470529,40000
470530,70765
470531,40000
470532,40000
470533,74098
470534,40000
470535,40000
470536,100385
470537,79674
470538,65360
470539,48435
470540,41219
470541,56838
470542,40000
470543,45254
470544,50715
470545,58468
470546,42079
470547,70389
470548,40000
470549,73501
470550,41178
470551,47483
470552,58760
470553,40000
470554,47917
470555,59031
470556,40000
470557,62983
470558,65919
470559,46008
470560,40000
470561,55661
470562,45371
470563,40000
470564,40000
470565,79959
470566,40000
470567,80362
470568,40630
470569,59923
470570,43959
470571,49271
470572,94262
470573,40000
470574,99169
470575,40000
470576,60531
470577,46677
470578,60945
470579,49595
470580,81866
470581,66133
470582,40000
470583,65975
470584,40000
470585,40000
470586,40000
470587,40000
470588,63053
470589,40000
470590,49937
470591,40000
470592,40000
470593,51301
470594,86562
470595,61228
470596,64456
470597,70527
470598,42269
470599,69545
470600,50733
470601,50503
470602,45997
470603,51870
470604,40164
470605,40000
470606,40000
470607,58501
470608,40000
470609,80159
470610,65589
470611,52469
470612,49268
470613,45722
470614,62309
470615,50897
470616,46687
470617,40000
470618,78424
470619,78349
470620,40000
470621,43496
470622,66183
470623,40000
470624,63018
470625,57059
470626,44033
470627,42007
470628,40000
470629,59298
470630,59297
470631,40000
470632,40000
470633,93205
470634,52538
470635,42617
470636,87476
470637,40000
470638,40000
470639,54651
470640,79793
470641,51641
470642,84519
470643,73475
470644,72709
470645,40000
470646,71749
470647,52248
470648,40000
470649,40000
470650,55154
470651,40000
470652,40000
470653,41763
470654,53587
470655,44807
470656,40000
470657,40000
470658,58066
470659,40000
470660,40000
470661,40000
470662,40000
470663,58545
470664,40000
470665,69410
470666,40000
470667,92573
470668,40000
470669,45941
470670,42283
470671,41616
470672,63757
470673,62742
470674,58465
470675,44489
470676,40000
470677,40000
470678,67071
470679,63338
470680,40000
470681,49719
470682,40118
470683,58929
470684,67993
470685,77790
470686,40000
470687,40000
470688,62643
470689,65979
470690,40000
470691,70284
470692,59355
470693,40000
470694,52912
470695,40000
470696,40000
470697,92597
470698,43898
470699,53857
470700,43820
470701,40000
470702,41400
470703,43688
470704,65369
470705,40000
470706,49770
470707,40000
470708,40000
470709,68238
470710,48275
470711,57962
470712,40000
470713,60495
470714,63934
470715,54606
470716,68962
470717,40000
470718,40970
470719,54168
470720,40000
470721,86671
470722,40000
470723,51718
470724,52974
470725,68787
470726,67152
470727,78332
470728,45466
470729,40000
470730,42669
470731,40000
470732,52218
470733,48410
470734,84798
470735,40000
470736,90524
470737,45834
470738,40000
470739,40144
470740,40000
470741,40000
470742,40000
470743,76738
470744,48390
470745,51965
470746,90440
470747,40000
470748,45328
470749,40000
470750,69692
470751,40000
470752,40000
470753,60443
470754,40000
470755,40000
470756,52486
470757,56094
470758,51546
470759,46216
470760,73044
470761,57118
470762,51596
470763,40000
470764,40000
470765,63701
470766,65266
470767,51592
470768,51144
470769,60173
470770,50107
470771,81282
470772,45630
470773,55703
470774,40000
470775,55153
470776,69238
470777,96857
470778,40000
470779,52632
470780,53758
470781,40000
470782,40000
470783,52697
470784,43087
470785,54496
470786,78032
470787,40000
470788,46622
470789,51292
470790,46265
470791,69036
470792,40000
470793,40000
470794,50863
470795,40000
470796,41931
470797,70711
470798,40000
470799,54768
470800,43100
470801,40000
470802,65302
470803,50591
470804,40000
470805,60745
470806,45240
470807,40010
470808,40714
470809,52612
470810,53147
470811,40000
470812,41528
470813,79592
470814,40000
470815,55548
470816,50303
470817,46108
470818,54319
470819,40000
470820,55572
470821,40000
470822,65960
470823,43331
470824,46772
470825,40000
470826,58140
470827,62145
470828,40000
470829,54598
470830,40000
470831,41914
470832,41108
470833,49797
470834,56618
470835,40000
470836,87395
470837,63806
470838,44959
470839,78010
470840,59382
470841,61902
470842,40000
470843,40000
470844,40000
470845,40000
470846,47781
470847,51548
470848,40000
470849,40000
470850,40000
470851,40000
470852,55581
470853,82986
470854,60316
470855,40000
470856,68111
470857,40000
470858,40000
470859,93683
470860,80796
470861,51818
470862,69302
470863,40000
470864,60895
470865,50771
470866,60119
470867,40000
470868,40000
470869,55797
470870,70123
470871,40000
470872,40000
470873,40000
470874,78314
470875,48178
470876,40000
470877,61146
470878,61303
470879,62256
470880,48641
470881,49298
470882,40000
470883,40000
470884,48877
470885,72903
470886,40686
470887,40000
470888,59080
470889,40000
470890,60489
470891,53846
470892,65990
470893,40000
470894,89133
470895,48815
470896,40002
470897,71480
470898,40000
470899,48944
470900,40000
470901,40000
470902,40000
470903,62260
470904,59398
470905,97430
470906,40000
470907,47986
470908,80229
470909,90081
470910,82653
470911,52605
470912,71940
470913,41384
470914,57969
470915,54262
470916,51213
470917,45532
470918,74876
470919,47194
470920,59487
470921,51442
470922,43314
470923,40000
470924,40000
470925,44360
470926,43496
470927,42704
470928,64208
470929,40000
470930,69234
470931,45074
470932,47933
470933,40000
470934,72280
470935,43272
470936,52676
470937,40000
470938,58943
470939,40000
470940,63404
470941,72922
470942,40000
470943,48563
470944,61246
470945,63902
470946,45741
470947,40000
470948,46694
470949,71428
470950,79003
470951,54203
470952,51125
470953,69221
470954,40000
470955,40000
470956,40000
470957,44985
470958,40000
470959,40000
470960,64583
470961,64353
470962,59810
470963,49249
470964,40000
470965,54284
470966,40000
470967,40000
470968,65768
470969,47380
470970,40737
470971,62928
470972,40000
470973,47856
470974,40000
470975,44311
470976,66065
470977,54034
470978,56402
470979,69519
470980,40000
470981,46149
470982,66355
470983,40000
470984,61173
470985,71316
470986,41139
470987,54825
470988,67266
470989,47861
470990,67078
470991,59091
470992,44829
470993,40000
470994,65468
470995,52710
470996,79544
470997,94323
470998,60634
470999,59875
471000,65387
471001,40000
471002,40000
471003,40000
471004,50381
471005,40000
471006,60295
471007,89675
471008,47764
471009,40000
471010,40000
471011,47734
471012,40691
471013,40000
471014,75941
471015,68762
471016,40000
471017,40000
471018,40000
471019,41202
471020,40000
471021,79241
471022,49021
471023,59265
471024,49686
471025,50781
471026,85425
471027,40000
471028,42420
471029,40000
471030,53925
471031,67770
471032,40000
471033,40000
471034,40000
471035,44882
471036,42673
471037,40000
471038,54381
471039,40000
471040,46981
471041,40000
471042,40000
471043,52167
471044,40000
471045,40000
471046,82198
471047,52905
471048,68632
471049,68236
471050,53084
471051,44839
471052,45808
471053,40000
471054,42484
471055,65772
471056,40000
471057,50236
471058,71931
471059,40000
471060,52108
471061,43132
471062,61174
471063,71939
471064,40777
471065,72590
471066,57856
471067,40000
471068,40000
471069,53571
471070,40000
471071,48168
471072,45802
471073,40000
471074,49528
471075,40000
471076,40000
471077,40000
471078,40000
471079,61184
471080,43929
471081,41823
471082,40000
471083,40000
471084,68602
471085,49634
471086,46945
471087,53272
471088,43021
471089,40000
471090,100600
471091,40000
471092,57555
471093,59152
471094,61633
471095,52615
471096,46426
471097,48836
471098,65414
471099,63919
471100,63570
471101,40000
471102,49291
471103,40000
471104,40000
471105,67694
471106,40000
471107,40000
471108,77838
471109,40000
471110,53376
471111,54367
471112,40314
471113,75708
471114,51828
471115,40000
471116,105599
471117,61943
471118,63287
471119,40000
471120,52917
471121,50013
471122,41546
471123,40000
471124,62904
471125,40000
471126,57760
471127,52919
471128,51979
471129,60729
471130,40000
471131,57027
471132,74652
471133,40000
471134,40000
471135,40000
471136,55526
471137,40000
471138,40000
471139,58547
471140,75737
471141,42508
471142,55425
471143,40000
471144,50960
471145,40000
471146,64644
471147,40448
471148,43798
471149,40000
471150,48615
471151,47622
471152,53574
471153,48593
471154,76236
471155,60184
471156,59111
471157,48708
471158,59245
471159,58501
471160,40000
471161,40000
471162,40000
471163,74716
471164,48781
471165,40000
471166,40000
471167,59576
471168,76641
471169,67472
471170,72780
471171,40000
471172,40000
471173,45239
471174,40000
471175,42516
471176,40000
471177,40000
471178,41791
471179,63770
471180,45279
471181,43355
471182,45697
471183,44963
471184,40000
471185,41951
471186,42735
471187,58444
471188,40000
471189,52862
471190,58310
471191,63900
471192,40022
471193,51421
471194,71207
471195,49409
471196,41914
471197,49252
471198,58875
471199,63460
471200,74974
471201,40000
471202,40000
471203,40000
471204,40000
471205,40000
471206,40000
471207,44884
471208,40000
471209,43886
471210,52609
471211,62858
471212,73719
471213,40000
471214,42690
471215,40000
471216,45492
471217,87139
471218,40000
471219,80009
471220,40000
471221,45749
471222,53876
471223,40000
471224,52547
471225,41381
471226,40000
471227,40000
471228,40000
471229,57399
471230,40000
471231,40000
471232,59575
471233,42136
471234,40000
471235,68345
471236,41172
471237,47802
471238,40000
471239,40000
471240,40000
471241,101403
471242,44157
471243,56723
471244,42251
471245,40000
471246,85470
471247,55842
471248,40000
471249,40000
471250,44656
471251,54001
471252,49798
471253,65122
471254,75488
471255,40095
471256,55093
471257,56028
471258,71767
471259,72803
471260,77928
471261,40000
471262,40000
471263,40000
471264,40000
471265,45450
471266,41239
471267,49330
471268,66119
471269,47612
471270,40000
471271,47736
471272,46034
471273,83242
471274,48763
471275,58362
471276,41551
471277,40632
471278,40000
471279,60372
471280,67230
471281,49639
471282,40000
471283,40000
471284,55158
471285,45929
471286,40000
471287,40000
471288,73488
471289,55654
471290,42375
471291,40000
471292,51352
471293,40000
471294,40000
471295,87731
471296,44764
471297,48374
471298,65760
471299,59180
471300,49134
471301,42521
471302,48946
471303,46555
471304,40000
471305,63679
471306,65349
471307,52555
471308,41861
471309,69136
471310,40000
471311,42019
471312,40000
471313,63142
471314,40841
471315,54234
471316,50157
471317,62046
471318,40000
471319,40000
471320,49905
471321,40000
471322,40000
471323,42843
471324,73189
471325,62358
471326,40856
471327,62685
471328,56662
471329,53008
471330,59379
471331,64077
471332,42703
471333,78357
471334,40000
471335,40000
471336,43437
471337,40000
471338,40000
471339,57852
471340,65837
471341,43898
471342,71857
471343,63749
471344,65122
471345,71153
471346,41490
471347,54276
471348,40000
471349,48935
471350,72149
471351,60005
471352,52630
471353,66540
471354,66488
471355,45607
471356,40000
471357,62710
471358,40000
471359,40000
471360,53552
471361,59401
471362,40000
471363,44531
471364,40000
471365,59355
471366,48220
471367,40000
471368,43407
471369,65886
471370,60014
471371,40000
471372,47454
471373,43516
471374,40000
471375,41901
471376,40000
471377,47969
471378,64990
471379,65710
471380,40000
471381,40000
471382,40000
471383,40000
471384,51024
471385,72415
471386,40000
471387,40000
471388,51524
471389,46076
471390,41807
471391,40815
471392,74203
471393,64726
471394,68012
471395,75448
471396,79648
471397,40000
471398,73925
471399,40000
471400,49850
471401,40000
471402,40000
471403,40000
471404,42075
471405,68156
471406,66583
471407,50531
471408,47500
471409,50300
471410,40000
471411,41952
471412,40000
471413,47008
471414,40000
471415,55263
471416,85609
471417,71689
471418,49728
471419,46580
471420,40000
471421,47391
471422,85455
471423,43005
471424,40000
471425,40000
471426,48787
471427,64670
471428,75919
471429,40000
471430,40000
471431,47722
471432,44299
471433,50342
471434,85880
471435,60600
471436,40000
471437,51073
471438,44204
471439,69705
471440,57693
471441,63029
471442,47302
471443,40184
471444,66925
471445,80420
471446,42717
471447,40000
471448,40000
471449,58130
471450,41116
471451,69941
471452,80691
471453,78534
471454,53194
471455,40000
471456,45505
471457,40000
471458,58179
471459,81216
471460,40000
471461,40000
471462,51950
471463,40000
471464,57160
471465,49541
471466,57953
471467,40000
471468,40629
471469,40000
471470,82367
471471,43045
471472,52864
471473,40000
471474,50734
471475,69646
471476,68160
471477,53318
471478,93815
471479,52052
471480,40000
471481,40000
471482,41407
471483,64223
471484,40000
471485,43350
471486,40000
471487,40000
471488,40000
471489,74950
471490,57479
471491,78610
471492,57067
471493,40000
471494,43911
471495,54305
471496,57234
471497,40000
471498,40559
471499,40000
471500,58661
471501,40000
471502,40000
471503,40000
471504,40000
471505,62669
471506,40000
471507,56513
471508,46759
471509,48304
471510,57645
471511,40000
471512,56250
471513,62522
471514,70511
471515,70255
471516,55836
471517,58296
471518,40000
471519,40000
471520,69681
471521,55251
471522,40000
471523,58855
471524,76605
471525,77996
471526,71388
471527,40000
471528,40000
471529,76906
471530,65692
471531,71892
471532,46522
471533,40000
471534,40000
471535,40000
471536,40000
471537,53559
471538,66800
471539,55510
471540,48131
471541,56592
471542,41573
471543,52116
471544,65201
471545,40000
471546,81918
471547,53234
471548,79159
471549,40000
471550,63194
471551,64005
471552,42758
471553,77787
471554,48362
471555,51741
471556,40000
471557,42625
471558,42620
471559,40000
471560,40000
471561,80759
471562,46791
471563,80109
471564,41989
471565,57970
471566,83334
471567,40000
471568,40000
471569,40000
471570,40000
471571,84380
471572,57074
471573,56971
471574,47868
471575,40000
471576,56095
471577,40000
471578,64631
471579,47989
471580,67120
471581,72145
471582,40000
471583,47746
471584,60526
471585,51574
471586,46817
471587,53278
471588,45858
471589,40000
471590,59272
471591,40000
471592,44218
471593,40000
471594,47173
471595,64484
471596,40000
471597,49641
471598,40000
471599,47538
471600,56095
471601,40000
471602,48702
471603,40000
471604,59968
471605,60314
471606,40000
471607,40747
471608,53321
471609,50695
471610,40000
471611,71808
471612,55795
471613,40000
471614,40000
471615,68965
471616,49838
471617,50562
471618,47250
471619,64602
471620,54240
471621,44600
471622,40000
471623,41453
471624,42775
471625,54371
471626,40000
471627,82841
471628,40000
471629,49305
471630,57974
471631,40418
471632,45100
471633,82545
471634,50365
471635,50607
471636,41012
471637,40000
471638,47128
471639,44610
471640,52794
471641,53158
471642,40000
471643,40000
471644,40000
471645,52810
471646,40000
471647,40000
471648,40000
471649,75618
471650,45455
471651,60668
471652,56280
471653,42653
471654,70607
471655,40000
471656,59625
471657,76056
471658,40000
471659,89555
471660,51144
471661,42126
471662,40000
471663,48406
471664,50014
471665,47907
471666,59151
471667,72799
471668,43141
471669,58065
471670,57077
471671,41219
471672,40000
471673,40000
471674,40169
471675,85702
471676,40000
471677,43652
471678,54882
471679,86579
471680,40000
471681,71550
471682,42474
471683,69403
471684,45485
471685,62699
471686,63377
471687,40000
471688,46755
471689,40000
471690,48215
471691,40000
471692,40000
471693,40000
471694,89712
471695,53942
471696,69015
471697,74279
471698,41285
471699,40000
471700,40000
471701,77235
471702,40125
471703,74482
471704,48339
471705,49917
471706,44945
471707,59356
471708,40000
471709,67135
471710,40000
471711,52512
471712,54372
471713,40000
471714,40000
471715,51513
471716,40000
471717,40000
471718,49324
471719,88981
471720,40000
471721,40000
471722,73827
471723,67210
471724,40000
471725,49886
471726,48118
471727,40000
471728,40000
471729,46346
471730,40000
471731,78916
471732,45431
471733,40000
471734,44949
471735,40000
471736,40000
471737,58775
471738,51513
471739,90899
471740,67471
471741,56929
471742,40000
471743,55464
471744,78976
471745,40000
471746,40000
471747,40000
471748,40000
471749,64288
471750,40000
471751,40000
471752,73977
471753,47911
471754,40000
471755,71131
471756,62199
471757,80654
471758,48463
471759,40000
471760,40000
471761,56997
471762,58050
471763,40000
471764,58180
471765,40000
471766,56048
471767,40000
471768,40000
471769,53914
471770,52278
471771,40000
471772,40000
471773,43710
471774,54001
471775,49883
471776,40306
471777,47236
471778,43935
471779,48713
471780,58083
471781,62410
471782,40000
471783,56586
471784,68724
471785,62317
471786,59485
471787,82409
471788,40000
471789,64218
471790,63830
471791,56273
471792,40000
471793,40434
471794,88621
471795,63089
471796,41185
471797,63585
471798,76464
471799,41935
471800,63471
471801,46287
471802,68763
471803,83325
471804,40000
471805,40000
471806,66584
471807,95444
471808,59528
471809,40000
471810,40000
471811,62846
471812,40000
471813,55225
471814,40000
471815,45408
471816,65301
471817,40000
471818,52636
471819,60025
471820,40000
471821,83763
471822,40000
471823,66974
471824,60131
471825,53436
471826,42930
471827,40628
471828,44150
471829,68718
471830,40000
471831,41012
471832,74396
471833,40000
471834,40000
471835,40000
471836,60888
471837,42905
471838,44784
471839,58452
471840,70124
471841,40000
471842,40000
471843,47872
471844,56073
471845,84245
471846,40000
471847,61490
471848,41192
471849,56006
471850,40000
471851,40000
471852,52619
471853,52796
471854,55915
471855,40000
471856,40000
471857,51718
471858,40000
471859,50528
471860,43838
471861,40000
471862,80086
471863,40000
471864,56872
471865,81946
471866,59660
471867,40000
471868,68175
471869,40000
471870,40000
471871,40000
471872,73689
471873,63852
471874,40000
471875,56321
471876,40000
471877,65077
471878,71308
471879,56298
471880,40000
471881,60203
471882,40000
471883,54797
471884,52434
471885,47498
471886,42765
471887,60460
471888,47125
471889,60566
471890,40000
471891,92794
471892,46858
471893,47204
471894,49233
471895,40000
471896,41067
471897,40000
471898,40000
471899,40000
471900,58305
471901,47818
471902,40000
471903,69066
471904,69249
471905,40000
471906,66068
471907,43704
471908,54846
471909,40000
471910,70358
471911,40000
471912,71574
471913,40000
471914,63038
471915,52965
471916,40000
471917,40000
471918,52357
471919,40000
471920,40000
471921,40000
471922,51135
471923,40000
471924,47305
471925,52551
471926,40000
471927,60001
471928,57265
471929,66719
471930,59325
471931,60413
471932,69313
471933,79165
471934,40000
471935,61654
471936,43963
471937,40000
471938,71469
471939,69487
471940,42361
471941,96019
471942,59805
471943,53569
471944,56834
471945,57549
471946,40000
471947,67280
471948,70174
471949,40000
471950,40000
471951,40000
471952,55316
471953,53078
471954,68773
471955,67674
471956,40000
471957,46263
471958,40000
471959,53423
471960,48564
471961,40000
471962,60530
471963,53699
471964,81581
471965,58917
471966,60837
471967,41134
471968,53782
471969,40000
471970,40000
471971,67044
471972,45394
471973,65422
471974,66385
471975,49784
471976,47988
471977,40000
471978,69724
471979,40000
471980,40000
471981,47241
471982,48625
471983,59527
471984,97304
471985,52535
471986,46126
471987,40000
471988,49643
471989,40000
471990,75248
471991,40000
471992,53224
471993,40000
471994,40000
471995,58495
471996,40000
471997,40000
471998,40000
471999,67800
472000,41771
472001,74967
472002,72900
472003,52753
472004,55606
472005,59437
472006,48261
472007,40000
472008,50624
472009,40718
472010,71088
472011,71477
472012,40000
472013,68937
472014,67764
472015,42920
472016,62734
472017,52847
472018,47808
472019,60868
472020,57494
472021,79529
472022,40000
472023,83250
472024,48940
472025,41266
472026,40059
472027,48627
472028,64057
472029,62498
472030,40000
472031,48276
472032,70928
472033,45041
472034,46119
472035,40000
472036,69397
472037,56191
472038,57603
472039,60199
472040,67922
472041,54712
472042,48250
472043,40000
472044,40000
472045,71565
472046,41463
472047,61117
472048,46250
472049,45189
472050,40000
472051,55262
472052,52516
472053,68642
472054,59186
472055,42555
472056,65205
472057,40000
472058,41564
472059,75464
472060,73389
472061,43638
472062,40000
472063,40000
472064,48945
472065,40000
472066,54234
472067,54389
472068,82813
472069,83396
472070,45038
472071,45344
472072,40000
472073,60462
472074,40000
472075,53637
472076,50781
472077,61790
472078,77203
472079,40000
472080,67874
472081,70143
472082,51783
472083,40000
472084,44564
472085,40000
472086,40000
472087,40000
472088,54605
472089,40000
472090,40524
472091,40579
472092,79134
472093,40000
472094,40000
472095,40000
472096,40000
472097,40000
472098,40000
472099,50433
472100,40000
472101,53441
472102,68581
472103,40000
472104,53422
472105,56632
472106,73922
472107,40000
472108,40000
472109,54920
472110,40000
472111,40000
472112,40000
472113,40890
472114,40000
472115,62507
472116,48848
472117,48053
472118,46281
472119,40000
472120,51090
472121,61622
472122,58007
472123,57734
472124,48770
472125,72117
472126,98155
472127,67943
472128,63894
472129,74694
472130,67996
472131,40000
472132,78692
472133,44737
472134,47282
472135,40000
472136,43957
472137,75331
472138,56285
472139,75447
472140,80223
472141,69467
472142,40000
472143,78806
472144,43703
472145,40000
472146,55056
472147,87317
472148,56903
472149,56745
472150,50422
472151,41943
472152,52640
472153,65726
472154,56349
472155,40103
472156,40000
472157,86736
472158,76842
472159,40000
472160,59069
472161,55608
472162,45041
472163,43515
472164,40000
472165,58817
472166,49297
472167,41878
472168,41666
472169,52791
472170,55976
472171,80240
472172,40000
472173,49806
472174,40000
472175,52801
472176,71017
472177,40000
472178,54926
472179,67807
472180,46707
472181,40000
472182,40000
472183,46563
472184,61348
472185,40000
472186,83339
472187,60575
472188,40000
472189,40000
472190,45015
472191,40000
472192,40000
472193,43338
472194,40000
472195,53729
472196,43215
472197,40673
472198,58239
472199,40000
472200,42107
472201,40000
472202,61541
472203,55586
472204,61443
472205,42150
472206,92847
472207,90453
472208,40000
472209,47458
472210,60584
472211,40000
472212,48682
472213,70847
472214,43460
472215,40000
472216,49634
472217,57458
472218,71291
472219,52444
472220,58961
472221,40000
472222,40000
472223,40000
472224,81085
472225,40000
472226,40000
472227,41978
472228,67641
472229,40000
472230,40000
472231,47288
472232,88624
472233,62520
472234,40000
472235,40000
472236,40223
472237,64476
472238,52860
472239,56332
472240,68089
472241,40000
472242,41147
472243,91851
472244,54686
472245,40000
472246,40000
472247,40000
472248,44097
472249,47106
472250,45767
472251,40000
472252,45508
472253,79870
472254,44191
472255,55996
472256,97775
472257,44173
472258,52863
472259,49057
472260,41380
472261,75787
472262,42622
472263,48776
472264,57150
472265,68836
472266,40000
472267,58270
472268,71138
472269,57253
472270,44154
472271,40000
472272,44374
472273,40000
472274,40000
472275,78613
472276,56250
472277,93766
472278,70173
472279,40000
472280,51028
472281,74995
472282,55040
472283,89419
472284,44730
472285,40000
472286,48371
472287,40000
472288,42411
472289,46492
472290,40000
472291,62735
472292,40000
472293,69052
472294,46012
472295,95320
472296,74128
472297,40000
472298,76494
472299,40000
472300,62070
472301,61797
472302,61481
472303,40000
472304,40000
472305,47196
472306,56817
472307,40000
472308,56796
472309,67685
472310,40000
472311,52577
472312,74125
472313,92713
472314,71592
472315,40000
472316,40000
472317,40000
472318,68582
472319,55250
472320,70616
472321,47712
472322,48112
472323,40000
472324,66398
472325,93150
472326,40000
472327,54385
472328,40000
472329,56130
472330,40000
472331,45055
472332,40000
472333,50748
472334,52162
472335,40000
472336,40000
472337,60380
472338,40000
472339,40000
472340,40000
472341,40000
472342,86512
472343,40000
472344,48044
472345,46412
472346,94639
472347,40000
472348,40000
472349,56883
472350,44825
472351,61532
472352,45745
472353,40000
472354,53370
472355,40000
472356,47903
472357,95704
472358,40000
472359,49938
472360,40000
472361,53714
472362,53923
472363,40000
472364,40908
472365,81244
472366,47944
472367,52193
472368,68447
472369,48621
472370,46923
472371,40000
472372,71248
472373,64663
472374,95049
472375,40000
472376,49115
472377,40000
472378,53361
472379,59415
472380,68645
472381,63129
472382,92558
472383,48814
472384,72109
472385,40000
472386,71416
472387,40000
472388,86972
472389,69169
472390,72331
472391,40000
472392,51604
472393,40000
472394,50363
472395,40000
472396,74915
472397,62949
472398,40000
472399,58142
472400,56367
472401,40000
472402,67674
472403,40000
472404,47042
472405,40000
472406,40914
472407,56050
472408,66892
472409,46440
472410,40000
472411,40000
472412,51447
472413,42644
472414,72890
472415,40000
472416,40000
472417,40000
472418,44512
472419,41495
472420,40209
472421,40000
472422,56887
472423,40000
472424,67968
472425,84925
472426,49903
472427,40000
472428,79163
472429,40000
472430,82716
472431,80975
472432,40000
472433,54302
472434,73886
472435,75972
472436,69624
472437,40000
472438,100163
472439,40299
472440,46886
472441,47971
472442,56515
472443,93260
472444,40000
472445,42859
472446,40000
472447,47485
472448,48764
472449,44797
472450,40960
472451,49484
472452,40315
472453,40000
472454,40000
472455,40000
472456,42877
472457,40000
472458,61622
472459,51482
472460,64736
472461,48564
472462,53468
472463,45435
472464,58182
472465,47521
472466,80510
472467,44871
472468,60731
472469,43074
472470,49167
472471,48334
472472,85179
472473,40000
472474,40000
472475,61413
472476,51271
472477,40000
472478,40000
472479,40000
472480,70087
472481,40000
472482,84519
472483,40000
472484,40949
472485,57065
472486,48838
472487,78605
472488,62159
472489,40000
472490,70511
472491,40000
472492,40000
472493,75654
472494,40000
472495,70482
472496,40000
472497,40000
472498,40000
472499,73971
472500,62886
472501,40000
472502,65850
472503,44284
472504,52285
472505,64615
472506,40000
472507,40000
472508,40000
472509,54390
472510,58613
472511,78084
472512,40000
472513,63980
472514,60550
472515,55866
472516,80253
472517,49975
472518,63556
472519,44174
472520,47492
472521,42570
472522,48024
472523,40000
472524,47021
472525,61775
472526,40000
472527,40000
472528,42847
472529,40000
472530,81509
472531,41065
472532,54333
472533,40000
472534,76493
472535,68754
472536,40000
472537,40000
472538,40939
472539,54104
472540,40000
472541,40770
472542,61626
472543,47318
472544,40992
472545,40000
472546,62322
472547,41065
472548,40000
472549,57968
472550,40000
472551,51640
472552,40000
472553,69178
472554,40000
472555,40000
472556,40000
472557,40000
472558,68802
472559,77669
472560,40300
472561,46554
472562,74698
472563,42967
472564,40000
472565,54016
472566,40000
472567,60598
472568,40466
472569,72377
472570,58580
472571,79646
472572,40000
472573,63921
472574,40000
472575,40000
472576,62994
472577,64794
472578,60559
472579,61495
472580,74417
472581,87697
472582,61281
472583,40000
472584,59714
472585,40000
472586,68525
472587,60313
472588,48814
472589,41328
472590,40000
472591,40000
472592,40000
472593,53488
472594,40000
472595,40000
472596,89241
472597,81158
472598,58253
472599,55139
472600,58194
472601,40000
472602,40000
472603,49848
472604,40000
472605,56174
472606,74638
472607,40000
472608,42825
472609,60701
472610,50393
472611,56985
472612,84652
472613,67465
472614,40000
472615,57281
472616,48527
472617,40000
472618,40000
472619,40000
472620,40000
472621,46302
472622,55812
472623,40000
472624,43503
472625,40916
472626,59202
472627,62158
472628,54578
472629,52338
472630,40000
472631,44361
472632,40000
472633,69994
472634,40000
472635,40000
472636,52039
472637,40000
472638,44697
472639,40000
472640,40000
472641,40000
472642,65389
472643,42731
472644,50783
472645,51134
472646,78525
472647,40000
472648,56856
472649,40000
472650,79905
472651,44442
472652,40000
472653,40000
472654,55974
472655,64473
472656,46392
472657,59683
472658,49687
472659,40000
472660,54125
472661,78265
472662,46778
472663,59734
472664,66276
472665,48985
472666,67960
472667,64797
472668,48249
472669,40000
472670,40000
472671,43440
472672,40000
472673,60161
472674,41524
472675,42388
472676,49446
472677,97551
472678,40000
472679,56931
472680,52383
472681,40000
472682,40000
472683,54893
472684,40000
472685,40000
472686,40000
472687,48774
472688,40499
472689,67385
472690,76091
472691,47195
472692,57974
472693,71804
472694,40000
472695,56502
472696,56319
472697,47857
472698,75439
472699,67476
472700,70727
472701,61719
472702,93507
472703,76395
472704,60937
472705,50102
472706,81887
472707,41168
472708,67718
472709,86225
472710,45505
472711,92301
472712,43554
472713,48285
472714,58907
472715,44617
472716,49918
472717,67705
472718,54948
472719,40000
472720,40000
472721,45390
472722,40000
472723,83805
472724,47852
472725,60306
472726,42159
472727,40000
472728,75467
472729,75269
472730,52071
472731,40000
472732,56965
472733,40000
472734,75747
472735,40000
472736,40000
472737,61115
472738,55159
472739,47380
472740,51980
472741,53706
472742,84583
472743,58928
472744,69145
472745,55484
472746,42872
472747,74523
472748,63047
472749,40000
472750,62314
472751,69656
472752,40000
472753,46250
472754,74285
472755,73718
472756,40000
472757,63740
472758,52377
472759,60960
472760,59954
472761,51536
472762,71001
472763,70580
472764,53608
472765,40000
472766,45682
472767,42060
472768,45354
472769,40000
472770,60987
472771,58685
472772,61646
472773,40766
472774,73422
472775,40000
472776,40000
472777,76330
472778,40929
472779,58137
472780,45179
472781,40000
472782,65105
472783,40648
472784,54684
472785,84181
472786,70932
472787,51210
472788,40000
472789,40000
472790,55035
472791,42661
472792,49310
472793,40000
472794,95386
472795,40000
472796,59336
472797,44059
472798,40000
472799,40000
472800,74391
472801,40000
472802,66714
472803,40000
472804,55742
472805,40000
472806,41932
472807,52961
472808,49219
472809,60563
472810,44415
472811,40000
472812,63367
472813,65173
472814,40000
472815,40000
472816,72141
472817,71056
472818,40000
472819,40000
472820,59516
472821,53441
472822,40000
472823,50789
472824,65331
472825,68788
472826,65300
472827,57567
472828,54587
472829,58881
472830,40000
472831,40000
472832,40000
472833,40866
472834,40000
472835,40000
472836,43608
472837,75834
472838,41930
472839,40000
472840,47354
472841,56334
472842,40370
472843,85455
472844,56465
472845,40000
472846,65385
472847,82197
472848,56083
472849,54502
472850,67970
472851,40000
472852,40000
472853,62615
472854,53736
472855,60230
472856,40000
472857,69772
472858,40000
472859,40000
472860,40000
472861,40000
472862,40000
472863,40000
472864,63054
472865,52799
472866,40000
472867,52347
472868,40000
472869,40000
472870,59926
472871,40000
472872,69544
472873,58724
472874,74031
472875,61270
472876,71645
472877,40000
472878,110495
472879,40000
472880,40000
472881,60974
472882,55882
472883,40000
472884,48294
472885,49712
472886,52136
472887,85158
472888,45881
472889,40000
472890,45507
472891,94240
472892,40000
472893,40000
472894,53219
472895,40000
472896,45054
472897,70976
472898,60380
472899,40000
472900,44722
472901,40000
472902,59959
472903,67710
472904,42924
472905,91675
472906,40000
472907,53328
472908,45960
472909,40000
472910,58423
472911,77215
472912,40000
472913,54520
472914,60135
472915,40000
472916,40000
472917,40000
472918,59903
472919,59188
472920,40000
472921,40000
472922,75104
472923,40000
472924,68484
472925,44130
472926,44373
472927,57667
472928,61130
472929,46735
472930,40000
472931,40000
472932,52601
472933,40729
472934,40000
472935,75060
472936,49127
472937,40000
472938,107999
472939,71145
472940,52825
472941,40000
472942,42678
472943,40000
472944,42102
472945,62790
472946,69380
472947,91939
472948,57385
472949,40000
472950,60425
472951,59544
472952,40000
472953,53280
472954,41272
472955,61060
472956,40000
472957,55652
472958,40000
472959,68535
472960,40000
472961,40000
472962,72966
472963,50423
472964,57575
472965,40000
472966,53850
472967,64741
472968,45461
472969,53142
472970,48655
472971,40743
472972,40000
472973,72022
472974,40000
472975,83582
472976,40115
472977,40000
472978,45702
472979,40000
472980,40000
472981,52882
472982,45713
472983,40000
472984,40000
472985,43142
472986,75390
472987,40000
472988,40000
472989,40000
472990,72260
472991,45829
472992,49704
472993,40000
472994,85987
472995,47828
472996,56305
472997,62950
472998,56820
472999,40194
473000,40000
473001,43240
473002,40000
473003,55674
473004,65137
473005,70013
473006,40000
473007,72248
473008,76594
473009,40000
473010,40000
473011,44117
473012,66404
473013,40000
473014,40000
473015,40000
473016,48147
473017,40000
473018,68877
473019,51735
473020,65248
473021,43233
473022,89406
473023,108840
473024,57790
473025,40000
473026,60077
473027,40000
473028,100847
473029,40000
473030,40000
473031,40019
473032,40000
473033,40000
473034,57614
473035,73975
473036,50722
473037,52665
473038,40000
473039,40000
473040,74794
473041,46245
473042,68691
473043,63398
473044,40000
473045,43228
473046,71644
473047,40927
473048,71110
473049,40000
473050,40000
473051,55827
473052,45257
473053,41825
473054,43407
473055,52065
473056,71058
473057,55775
473058,45972
473059,76707
473060,56154
473061,45372
473062,40071
473063,42387
473064,69101
473065,61211
473066,49172
473067,57563
473068,74205
473069,40000
473070,55760
473071,78441
473072,46589
473073,80460
473074,40000
473075,40000
473076,65285
473077,51316
473078,47506
473079,52224
473080,79105
473081,40000
473082,40000
473083,42562
473084,40000
473085,40000
473086,40000
473087,62790
473088,62316
473089,63148
473090,71112
473091,74460
473092,96643
473093,40000
473094,59627
473095,43147
473096,54000
473097,53510
473098,40000
473099,43893
473100,64632
473101,70367
473102,40000
473103,78239
473104,74132
473105,42202
473106,72430
473107,54235
473108,51383
473109,46754
473110,66179
473111,78984
473112,40000
473113,65883
473114,62915
473115,72529
473116,91719
473117,41497
473118,40000
473119,40000
473120,67484
473121,40000
473122,57229
473123,75473
473124,40000
473125,73317
473126,49007
473127,40000
473128,59089
473129,61646
473130,40000
473131,65478
473132,45557
473133,40000
473134,47106
473135,60778
473136,62481
473137,40000
473138,40000
473139,40000
473140,54707
473141,40000
473142,40000
473143,52435
473144,40000
473145,61888
473146,40000
473147,65554
473148,54921
473149,78539
473150,40000
473151,42030
473152,50726
473153,67808
473154,40000
473155,71408
473156,41809
473157,42845
473158,57233
473159,48619
473160,40000
473161,40000
473162,52378
473163,62284
473164,62054
473165,49011
473166,75890
473167,54617
473168,70848
473169,68314
473170,40000
473171,50832
473172,90601
473173,40000
473174,42432
473175,58683
473176,40000
473177,52001
473178,69341
473179,40180
473180,40000
473181,40000
473182,40000
473183,77232
473184,40000
473185,82559
473186,43810
473187,57719
473188,40000
473189,40000
473190,56144
473191,69784
473192,45876
473193,45161
473194,40000
473195,61590
473196,40000
473197,40000
473198,40000
473199,73374
473200,40000
473201,55245
473202,40000
473203,55105
473204,49156
473205,45905
473206,67414
473207,45204
473208,58202
473209,40000
473210,40000
473211,71148
473212,49613
473213,57667
473214,40000
473215,40000
473216,49463
473217,40000
473218,62181
473219,40000
473220,40000
473221,58359
473222,59331
473223,79585
473224,40000
473225,42378
473226,41687
473227,44873
473228,65232
473229,62938
473230,52175
473231,67358
473232,73490
473233,50939
473234,62071
473235,40000
473236,43706
473237,40000
473238,75069
473239,61546
473240,49342
473241,40000
473242,63065
473243,40612
473244,40000
473245,71738
473246,40000
473247,63560
473248,48820
473249,40000
473250,40000
473251,56165
473252,72057
473253,40000
473254,63594
473255,48113
473256,50022
473257,46868
473258,52666
473259,40000
473260,40000
473261,40000
473262,67172
473263,51412
473264,44846
473265,44659
473266,40000
473267,62184
473268,55564
473269,77441
473270,40000
473271,40000
473272,56248
473273,40000
473274,40000
473275,63011
473276,61078
473277,40000
473278,65310
473279,40000
473280,40709
473281,76160
473282,40000
473283,53447
473284,42088
473285,74669
473286,45678
473287,40000
473288,54427
473289,40621
473290,80231
473291,69252
473292,40000
473293,40000
473294,40000
473295,59222
473296,40000
473297,64172
473298,46614
473299,83582
473300,70830
473301,48456
473302,40000
473303,40921
473304,70230
473305,60579
473306,40000
473307,40000
473308,59808
473309,48608
473310,68086
473311,61843
473312,40000
473313,51922
473314,56673
473315,40000
473316,40000
473317,61747
473318,47749
473319,53692
473320,44111
473321,40000
473322,56100
473323,40000
473324,40000
473325,40000
473326,40000
473327,46557
473328,69788
473329,53338
473330,45214
473331,66625
473332,54242
473333,41549
473334,40000
473335,40000
473336,40000
473337,40000
473338,65086
473339,40000
473340,40000
473341,44568
473342,46897
473343,64787
473344,40000
473345,89132
473346,40000
473347,62038
473348,47814
473349,52201
473350,40000
473351,40000
473352,40000
473353,56613
473354,40000
473355,40000
473356,58741
473357,66182
473358,40000
473359,40000
473360,44641
473361,66405
473362,40000
473363,57027
473364,75926
473365,42184
473366,67794
473367,55482
473368,44608
473369,40000
473370,40000
473371,40000
473372,40000
473373,40000
473374,52985
473375,40000
473376,42194
473377,43127
473378,40000
473379,51201
473380,40000
473381,56197
473382,40000
473383,63613
473384,83764
473385,73931
473386,40000
473387,68248
473388,40000
473389,65911
473390,40000
473391,61938
473392,58890
473393,54049
473394,44799
473395,40000
473396,61495
473397,63233
473398,40000
473399,40000
473400,101087
473401,70432
473402,41181
473403,50740
473404,40000
473405,40000
473406,40000
473407,78428
473408,40000
473409,54357
473410,40000
473411,56934
473412,54203
473413,46408
473414,65751
473415,94529
473416,43705
473417,40000
473418,42180
473419,80172
473420,52812
473421,74814
473422,52864
473423,65999
473424,53125
473425,40000
473426,40000
473427,61560
473428,48776
473429,49477
473430,68174
473431,52053
473432,40000
473433,77212
473434,40000
473435,47048
473436,52975
473437,55902
473438,55894
473439,108276
473440,50263
473441,44153
473442,67128
473443,81249
473444,61757
473445,81479
473446,44845
473447,40000
473448,40000
473449,48329
473450,61975
473451,73886
473452,74425
473453,59486
473454,84849
473455,69202
473456,72160
473457,40000
473458,40000
473459,64353
473460,60724
473461,40000
473462,40000
473463,44411
473464,44175
473465,64304
473466,45744
473467,50188
473468,64123
473469,52781
473470,57842
473471,64018
473472,48711
473473,40000
473474,40000
473475,64156
473476,68998
473477,40348
473478,40000
473479,56171
473480,58799
473481,40000
473482,50459
473483,83050
473484,40000
473485,55495
473486,68952
473487,58383
473488,41843
473489,56945
473490,40000
473491,40000
473492,76218
473493,46351
473494,44197
473495,44753
473496,43071
473497,67823
473498,40000
473499,40991
473500,46717
473501,62560
473502,40000
473503,50370
473504,46387
473505,54808
473506,79573
473507,40000
473508,77510
473509,62563
473510,79050
473511,40000
473512,65390
473513,82606
473514,45955
473515,53404
473516,51781
473517,40000
473518,40000
473519,40000
473520,40000
473521,48978
473522,40000
473523,74073
473524,40000
473525,57766
473526,90408
473527,40962
473528,40000
473529,73945
473530,50977
473531,56854
473532,70563
473533,56635
473534,40000
473535,86107
473536,46032
473537,72845
473538,60927
473539,54607
473540,40000
473541,40000
473542,66156
473543,40000
473544,74223
473545,61729
473546,40000
473547,40000
473548,46015
473549,40000
473550,48183
473551,42658
473552,50391
473553,99750
473554,40000
473555,69212
473556,72570
473557,40000
473558,46160
473559,67158
473560,40000
473561,95644
473562,63889
473563,40000
473564,45544
473565,47354
473566,40000
473567,50992
473568,56948
473569,66062
473570,40000
473571,58174
473572,47731
473573,59372
473574,72551
473575,57867
473576,40000
473577,56777
473578,40000
473579,41051
473580,71578
473581,88956
473582,59587
473583,56814
473584,81010
473585,47099
473586,53294
473587,94886
473588,77577
473589,48198
473590,44373
473591,64963
473592,57726
473593,57448
473594,82814
473595,40000
473596,52788
473597,72890
473598,57593
473599,88945
473600,40000
473601,45503
473602,40000
473603,40000
473604,40000
473605,57686
473606,40000
473607,40000
473608,75167
473609,58447
473610,67044
473611,70490
473612,48761
473613,40012
473614,67155
473615,47876
473616,62444
473617,41138
473618,44945
473619,58888
473620,50690
473621,70185
473622,95718
473623,40000
473624,53627
473625,40000
473626,53082
473627,55766
473628,66511
473629,56750
473630,40000
473631,54140
473632,48989
473633,101726
473634,42280
473635,75076
473636,40000
473637,40000
473638,62463
473639,89566
473640,40000
473641,86340
473642,40000
473643,68845
473644,42702
473645,40000
473646,46577
473647,48632
473648,69969
473649,50645
473650,40000
473651,40000
473652,54147
473653,88224
473654,74944
473655,111044
473656,40000
473657,71981
473658,71844
473659,41113
473660,55600
473661,40000
473662,54271
473663,47671
473664,51853
473665,40000
473666,63075
473667,64805
473668,54978
473669,62014
473670,40000
473671,45640
473672,45999
473673,40000
473674,40000
473675,40000
473676,54697
473677,40000
473678,63227
473679,40000
473680,91883
473681,81599
473682,80113
473683,49192
473684,40000
473685,55335
473686,50576
473687,40000
473688,53042
473689,74572
473690,40000
473691,42774
473692,50574
473693,40489
473694,55905
473695,40000
473696,71958
473697,40000
473698,40000
473699,67971
473700,51888
473701,40000
473702,52686
473703,110537
473704,48206
473705,41596
473706,44217
473707,40669
473708,57649
473709,47031
473710,51665
473711,55463
473712,40000
473713,40000
473714,40000
473715,63851
473716,40000
473717,40000
473718,56997
473719,62493
473720,42561
473721,44863
473722,40000
473723,59183
473724,51292
473725,40000
473726,83340
473727,40000
473728,93538
473729,67400
473730,90441
473731,61771
473732,57144
473733,45909
473734,49397
473735,40140
473736,80679
473737,57286
473738,52066
473739,40000
473740,40000
473741,51978
473742,48902
473743,43859
473744,40000
473745,62051
473746,67852
473747,58959
473748,40000
473749,40000
473750,44879
473751,70121
473752,40000
473753,40000
473754,57422
473755,60953
473756,48069
473757,65191
473758,46398
473759,54354
473760,40000
473761,40000
473762,46691
473763,41111
473764,50903
473765,70250
473766,40000
473767,40000
473768,40000
473769,40391
473770,88553
473771,40000
473772,40000
473773,66194
473774,57113
473775,48007
473776,57775
473777,62904
473778,53400
473779,63730
473780,43972
473781,52784
473782,40000
473783,76998
473784,95723
473785,56631
473786,41719
473787,62563
473788,40000
473789,72889
473790,83308
473791,40000
473792,86664
473793,40000
473794,85160
473795,71508
473796,40000
473797,71840
473798,49541
473799,61230
473800,77852
473801,50675
473802,40000
473803,82707
473804,60638
473805,68665
473806,62089
473807,42806
473808,52327
473809,49689
473810,55649
473811,44256
473812,79856
473813,60301
473814,64172
473815,40000
473816,40000
473817,40000
473818,40000
473819,40000
473820,40000
473821,40000
473822,40000
473823,40000
473824,93536
473825,59655
473826,40000
473827,40000
473828,42419
473829,52224
473830,40000
473831,40000
473832,57961
473833,40000
473834,63378
473835,66788
473836,58302
473837,49700
473838,41728
473839,40000
473840,40000
473841,60484
473842,40142
473843,40000
473844,40000
473845,40000
473846,40000
473847,40000
473848,40000
473849,101161
473850,45708
473851,55265
473852,40000
473853,68600
473854,65366
473855,40000
473856,40000
473857,40000
473858,88719
473859,43854
473860,75583
473861,40000
473862,54383
473863,40000
473864,40000
473865,66061
473866,66668
473867,40000
473868,46775
473869,50420
473870,52895
473871,40000
473872,40000
473873,43615
473874,91925
473875,51650
473876,40000
473877,64348
473878,40000
473879,45091
473880,59592
473881,92712
473882,93425
473883,55595
473884,58619
473885,40000
473886,43278
473887,67115
473888,40958
473889,53769
473890,40000
473891,63160
473892,40000
473893,58481
473894,57219
473895,65420
473896,41860
473897,60857
473898,40000
473899,40000
473900,52361
473901,62579
473902,64467
473903,105398
473904,47677
473905,47038
473906,44170
473907,40000
473908,50344
473909,40000
473910,47473
473911,48857
473912,40000
473913,44286
473914,43976
473915,40000
473916,66715
473917,40000
473918,40000
473919,40000
473920,84446
473921,43193
473922,69691
473923,89395
473924,61564
473925,40000
473926,40000
473927,40000
473928,40000
473929,40000
473930,40000
473931,79917
473932,51054
473933,46348
473934,49902
473935,53141
473936,40000
473937,40000
473938,72160
473939,53621
473940,46814
473941,71133
473942,40000
473943,40000
473944,73953
473945,57453
473946,44169
473947,48552
473948,50689
473949,102288
473950,55460
473951,60891
473952,42266
473953,73707
473954,74152
473955,40000
473956,40267
473957,52893
473958,64709
473959,58627
473960,40000
473961,40000
473962,67148
473963,40000
473964,51423
473965,40000
473966,50487
473967,59368
473968,64717
473969,48824
473970,57568
473971,49215
473972,42499
473973,43311
473974,40000
473975,40000
473976,40000
473977,53529
473978,40000
473979,40000
473980,69679
473981,78278
473982,40000
473983,63478
473984,41725
473985,56755
473986,40000
473987,41446
473988,87193
473989,40000
473990,47677
473991,40000
473992,52068
473993,56278
473994,53583
473995,63381
473996,40000
473997,61591
473998,74893
473999,66164
474000,40000
474001,40000
474002,64042
474003,67076
474004,61439
474005,59883
474006,40000
474007,40000
474008,40000
474009,40000
474010,41072
474011,60459
474012,71445
474013,40000
474014,40000
474015,53345
474016,40000
474017,92975
474018,52570
474019,73963
474020,40000
474021,88730
474022,40000
474023,40000
474024,40000
474025,40000
474026,40000
474027,78211
474028,40000
474029,51625
474030,93574
474031,56149
474032,67200
474033,41825
474034,42231
474035,40000
474036,52056
474037,41510
474038,40000
474039,58170
474040,40071
474041,70951
474042,63475
474043,54006
474044,40000
474045,40000
474046,40000
474047,51610
474048,40000
474049,40000
474050,60139
474051,47607
474052,40000
474053,50794
474054,40000
474055,40000
474056,71007
474057,56714
474058,40000
474059,70616
474060,40000
474061,77618
474062,60021
474063,40000
474064,40000
474065,65909
474066,69967
474067,65221
474068,44904
474069,40000
474070,40000
474071,59315
474072,40000
474073,88267
474074,40000
474075,43375
474076,40000
474077,40980
474078,40000
474079,59178
474080,40000
474081,40000
474082,40000
474083,55344
474084,43013
474085,40000
474086,68706
474087,45269
474088,79774
474089,53784
474090,46659
474091,58043
474092,65332
474093,73531
474094,63873
474095,41434
474096,44394
474097,61074
474098,40000
474099,55671
474100,56270
474101,40000
474102,40000
474103,69879
474104,52152
474105,63678
474106,40000
474107,60353
474108,77269
474109,85662
474110,40000
474111,40000
474112,40000
474113,67659
474114,44414
474115,72373
474116,53446
474117,40000
474118,44386
474119,59723
474120,40000
474121,40000
474122,40000
474123,40000
474124,40000
474125,40000
474126,65910
474127,61086
474128,59380
474129,40000
474130,74083
474131,40000
474132,40000
474133,71265
474134,44372
474135,55741
474136,42549
474137,47515
474138,40000
474139,72601
474140,63305
474141,65527
474142,40922
474143,40000
474144,88750
474145,48656
474146,62003
474147,66939
474148,47100
474149,40000
474150,40906
474151,40000
474152,40000
474153,64900
474154,43259
474155,57579
474156,50039
474157,74332
474158,40000
474159,63038
474160,40000
474161,40000
474162,40000
474163,66248
474164,40000
474165,40000
474166,68219
474167,40000
474168,40000
474169,49398
474170,71692
474171,40000
474172,40000
474173,40000
474174,40000
474175,44271
474176,87350
474177,48402
474178,40000
474179,40000
474180,60973
474181,51050
474182,44047
474183,74177
474184,40000
474185,49576
474186,43138
474187,65390
474188,75380
474189,56611
474190,59107
474191,62208
474192,40000
474193,40678
474194,46451
474195,67082
474196,40000
474197,67237
474198,40000
474199,47979
474200,96922
474201,68773
474202,40000
474203,60697
474204,64098
474205,40000
474206,66809
474207,45870
474208,68597
474209,44400
474210,40000
474211,40000
474212,55685
474213,61555
474214,73653
474215,79645
474216,84721
474217,76783
474218,40000
474219,61327
474220,68222
474221,40888
474222,40776
474223,40000
474224,47602
474225,40000
474226,40000
474227,40000
474228,40000
474229,42728
474230,45348
474231,70937
474232,40000
474233,40000
474234,46226
474235,62437
474236,68427
474237,40000
474238,40000
474239,40000
474240,40000
474241,56893
474242,41189
474243,40000
474244,54061
474245,85418
474246,50822
474247,53887
474248,41876
474249,74704
474250,73384
474251,49065
474252,44440
474253,54934
474254,69686
474255,44973
474256,84709
474257,56841
474258,40000
474259,47904
474260,53202
474261,53393
474262,79110
474263,40000
474264,40000
474265,40463
474266,40000
474267,44754
474268,54458
474269,58414
474270,67127
474271,40000
474272,40000
474273,40000
474274,41761
474275,40000
474276,47099
474277,40000
474278,58175
474279,50720
474280,40000
474281,47915
474282,77796
474283,63612
474284,78313
474285,43334
474286,69677
474287,40000
474288,40000
474289,47917
474290,46804
474291,40000
474292,59841
474293,53762
474294,56178
474295,67258
474296,77804
474297,71585
474298,58144
474299,52662
474300,62826
474301,68421
474302,40000
474303,63290
474304,61325
474305,60672
474306,79493
474307,40000
474308,40000
474309,41224
474310,54170
474311,40000
474312,40000
474313,61593
474314,76518
474315,52102
474316,43884
474317,50201
474318,40000
474319,67596
474320,41737
474321,60340
474322,45724
474323,41647
474324,48827
474325,42595
474326,51702
474327,87764
474328,40000
474329,71274
474330,53582
474331,40000
474332,46971
474333,40000
474334,70555
474335,40000
474336,60410
474337,83947
474338,57602
474339,48804
474340,53369
474341,40000
474342,40000
474343,73083
474344,40000
474345,87787
474346,90628
474347,62860
474348,40000
474349,69108
474350,63396
474351,83041
474352,82875
474353,40000
474354,53232
474355,40000
474356,46770
474357,40000
474358,40562
474359,51655
474360,40000
474361,65600
474362,57967
474363,40000
474364,75865
474365,40000
474366,54235
474367,40000
474368,40000
474369,59450
474370,40000
474371,48086
474372,59269
474373,40000
474374,69783
474375,49901
474376,46646
474377,40000
474378,65709
474379,64409
474380,68433
474381,70655
474382,48409
474383,40000
474384,40000
474385,63185
474386,44880
474387,46045
474388,64476
474389,40000
474390,40000
474391,54384
474392,40000
474393,40000
474394,44729
474395,40000
474396,40000
474397,40000
474398,73361
474399,40000
474400,88820
474401,42264
474402,98180
474403,81998
474404,51497
474405,40000
474406,40000
474407,84755
474408,40000
474409,48426
474410,41590
474411,80563
474412,72743
474413,40000
474414,78852
474415,54484
474416,72961
474417,86110
474418,68034
474419,59649
474420,48138
474421,43866
474422,40000
474423,43557
474424,88260
474425,58595
474426,44411
474427,80788
474428,48797
474429,49653
474430,75898
474431,54653
474432,72536
474433,67633
474434,77381
474435,42581
474436,51693
474437,56376
474438,80343
474439,40000
474440,40000
474441,53183
474442,49006
474443,48109
474444,47752
474445,40000
474446,44127
474447,40000
474448,87290
474449,56598
474450,40000
474451,40000
474452,54323
474453,53962
474454,46087
474455,54625
474456,123477
474457,78809
474458,45951
474459,40000
474460,65882
474461,40000
474462,40000
474463,56980
474464,40000
474465,79344
474466,40065
474467,50908
474468,46624
474469,70371
474470,71474
474471,58563
474472,40000
474473,40000
474474,71395
474475,50138
474476,40000
474477,40000
474478,80904
474479,49531
474480,77079
474481,83546
474482,85486
474483,40000
474484,60573
474485,43626
474486,45745
474487,40000
474488,40000
474489,40000
474490,40000
474491,40000
474492,45825
474493,41173
474494,53662
474495,72287
474496,40000
474497,64688
474498,46537
474499,40000
474500,106296
474501,40000
474502,88542
474503,44227
474504,40000
474505,40000
474506,64870
474507,78938
474508,40000
474509,40000
474510,40000
474511,54939
474512,40000
474513,45462
474514,52659
474515,69450
474516,48648
474517,40000
474518,48989
474519,53107
474520,42331
474521,40000
474522,40000
474523,40000
474524,90662
474525,54496
474526,67740
474527,53882
474528,64445
474529,40000
474530,40000
474531,65367
474532,40000
474533,66144
474534,40000
474535,43526
474536,54999
474537,40320
474538,64105
474539,49350
474540,40000
474541,52404
474542,40000
474543,78785
474544,55348
474545,48715
474546,85078
474547,47941
474548,40000
474549,40474
474550,40000
474551,80469
474552,71325
474553,40000
474554,51989
474555,40000
474556,75850
474557,56783
474558,40000
474559,40000
474560,71422
474561,51475
474562,56948
474563,60797
474564,40000
474565,44308
474566,57318
474567,40000
474568,75765
474569,92009
474570,80206
474571,62077
474572,52780
474573,46726
474574,61726
474575,40000
474576,51167
474577,71858
474578,44826
474579,59402
474580,63831
474581,40000
474582,40000
474583,46765
474584,48162
474585,53480
474586,78998
474587,51410
474588,40000
474589,40000
474590,85075
474591,40000
474592,85371
474593,45810
474594,40000
474595,77625
474596,51473
474597,50795
474598,56640
474599,72894
474600,45791
474601,46552
474602,40000
474603,40000
474604,40000
474605,40000
474606,99393
474607,65812
474608,40000
474609,80539
474610,40000
474611,62686
474612,51739
474613,50375
474614,40000
474615,40000
474616,40000
474617,63577
474618,48540
474619,40000
474620,63200
474621,45745
474622,61101
474623,40000
474624,40000
474625,50153
474626,46679
474627,40000
474628,48268
474629,40000
474630,62231
474631,46915
474632,70267
474633,46272
474634,40402
474635,40000
474636,65401
474637,47593
474638,47078
474639,63328
474640,50725
474641,66490
474642,40000
474643,40000
474644,43949
474645,40000
474646,40000
474647,62484
474648,40000
474649,59335
474650,48387
474651,52324
474652,40000
474653,46616
474654,40000
474655,40000
474656,54505
474657,71696
474658,48246
474659,40000
474660,40000
474661,52626
474662,49818
474663,41080
474664,58000
474665,55629
474666,67482
474667,89066
474668,40000
474669,40000
474670,40000
474671,40000
474672,44560
474673,58389
474674,40000
474675,75618
474676,40000
474677,40000
474678,59949
474679,44795
474680,51297
474681,72162
474682,40000
474683,40000
474684,122726
474685,69083
474686,44426
474687,82054
474688,87897
474689,57728
474690,50210
474691,40000
474692,55381
474693,51984
474694,58894
474695,54563
474696,40000
474697,40000
474698,55597
474699,41425
474700,52924
474701,52731
474702,40987
474703,49391
474704,40000
474705,40000
474706,40000
474707,40000
474708,40000
474709,47992
474710,40000
474711,47827
474712,40000
474713,43778
474714,55600
474715,40000
474716,40000
474717,58226
474718,66034
474719,40000
474720,59223
474721,56695
474722,60724
474723,40818
474724,54975
474725,59028
474726,75712
474727,49699
474728,96736
474729,40000
474730,62366
474731,68020
474732,54020
474733,40259
474734,40000
474735,40000
474736,77476
474737,78071
474738,40000
474739,40000
474740,54573
474741,42072
474742,65285
474743,54173
474744,63650
474745,40000
474746,40000
474747,50181
474748,40000
474749,60446
474750,40000
474751,40000
474752,40350
474753,88933
474754,40000
474755,40000
474756,63083
474757,40000
474758,40423
474759,69329
474760,80197
474761,56126
474762,40000
474763,61436
474764,40000
474765,40000
474766,40000
474767,40000
474768,40000
474769,40000
474770,83875
474771,40000
474772,53966
474773,40000
474774,40000
474775,40313
474776,99737
474777,40000
474778,40000
474779,40000
474780,40000
474781,55836
474782,40000
474783,67561
474784,52637
474785,52103
474786,44527
474787,40000
474788,68335
474789,44262
474790,54843
474791,65345
474792,89302
474793,95981
474794,40806
474795,47320
474796,68336
474797,51279
474798,75940
474799,52508
474800,77296
474801,40000
474802,40000
474803,54318
474804,85737
474805,40000
474806,45776
474807,40000
474808,72747
474809,44564
474810,40000
474811,40000
474812,93071
474813,40000
474814,52689
474815,83419
474816,40000
474817,56050
474818,41418
474819,43372
474820,40000
474821,50355
474822,80928
474823,40000
474824,51880
474825,85672
474826,72942
474827,42843
474828,54054
474829,55459
474830,68281
474831,41355
474832,67872
474833,63591
474834,57732
474835,40000
474836,93611
474837,40000
474838,70335
474839,44619
474840,84085
474841,40000
474842,58927
474843,47826
474844,58585
474845,47691
474846,40000
474847,40000
474848,40000
474849,40131
474850,40000
474851,51018
474852,40000
474853,40000
474854,49542
474855,55791
474856,40000
474857,40000
474858,40000
474859,40000
474860,58895
474861,59774
474862,83287
474863,49589
474864,72793
474865,43022
474866,46367
474867,75040
474868,71832
474869,65438
474870,40000
474871,52095
474872,60623
474873,40000
474874,52817
474875,40000
474876,59796
474877,40000
474878,44429
474879,65911
474880,69066
474881,74322
474882,63504
474883,40000
474884,57986
474885,40000
474886,55477
474887,40000
474888,40000
474889,77167
474890,66957
474891,40000
474892,60866
474893,43315
474894,92658
474895,46350
474896,46704
474897,52184
474898,40000
474899,69462
474900,57180
474901,40956
474902,40000
474903,41286
474904,60094
474905,40000
474906,40000
474907,62894
474908,62915
474909,68739
474910,50542
474911,89829
474912,86397
474913,57599
474914,41334
474915,48283
474916,40000
474917,41442
474918,40000
474919,40000
474920,48093
474921,46090
474922,60806
474923,76272
474924,55192
474925,45631
474926,59265
474927,62711
474928,40000
474929,40000
474930,73722
474931,40000
474932,40000
474933,59775
474934,49274
474935,74645
474936,67908
474937,40000
474938,40000
474939,47003
474940,65902
474941,41724
474942,55581
474943,70902
474944,50071
474945,40000
474946,48988
474947,56132
474948,80375
474949,50746
474950,40000
474951,60112
474952,68186
474953,52473
474954,40000
474955,41316
474956,40000
474957,60726
474958,87054
474959,40000
474960,69384
474961,53169
474962,62087
474963,70660
474964,40000
474965,75320
474966,40756
474967,79104
474968,44177
474969,58111
474970,63835
474971,40000
474972,40000
474973,40000
474974,40000
474975,40196
474976,40000
474977,48360
474978,52584
474979,78080
474980,42091
474981,49225
474982,58671
474983,41433
474984,64416
474985,71211
474986,54590
474987,61552
474988,70008
474989,62436
474990,46668
474991,53655
474992,40000
474993,40000
474994,40000
474995,50114
474996,40000
474997,55363
474998,51094
474999,40000
475000,64594
475001,40000
475002,40000
475003,88287
475004,64350
475005,93648
475006,40000
475007,45183
475008,57038
475009,40000
475010,46121
475011,40000
475012,45575
475013,40000
475014,40000
475015,68328
475016,40584
475017,58566
475018,40000
475019,40000
475020,40000
475021,40000
475022,47558
475023,40790
475024,47191
475025,40000
475026,40000
475027,80873
475028,41362
475029,40000
475030,40000
475031,47006
475032,41817
475033,58718
475034,40000
475035,80164
475036,60940
475037,40000
475038,79250
475039,40000
475040,63927
475041,112924
475042,61400
475043,69998
475044,55075
475045,40000
475046,55309
475047,92171
475048,76872
475049,42239
475050,45383
475051,58191
475052,76125
475053,53422
475054,59913
475055,63299
475056,46254
475057,50568
475058,57105
475059,54891
475060,47391
475061,46152
475062,40000
475063,40000
475064,40797
475065,49676
475066,49637
475067,40000
475068,43774
475069,40000
475070,40000
475071,40000
475072,56991
475073,60348
475074,58432
475075,40000
475076,40000
475077,47175
475078,40000
475079,40000
475080,40000
475081,40000
475082,59957
475083,40000
475084,40000
475085,40000
475086,65574
475087,40000
475088,40000
475089,46884
475090,92697
475091,50799
475092,40000
475093,40000
475094,54951
475095,40000
475096,40214
475097,71013
475098,70657
475099,50116
475100,40000
475101,40365
475102,42660
475103,40000
475104,77171
475105,83690
475106,40000
475107,40000
475108,84007
475109,40000
475110,55335
475111,60825
475112,40000
475113,40000
475114,44011
475115,40000
475116,40000
475117,70039
475118,55348
475119,74743
475120,55587
475121,42821
475122,40000
475123,40000
475124,48649
475125,40000
475126,61432
475127,50256
475128,53737
475129,61720
475130,65514
475131,40000
475132,40000
475133,48832
475134,48945
475135,44422
475136,66465
475137,93617
475138,83691
475139,83428
475140,40000
475141,51619
475142,40000
475143,61740
475144,40000
475145,77716
475146,67870
475147,67501
475148,40000
475149,74756
475150,49916
475151,40000
475152,60808
475153,40000
475154,40000
475155,40000
475156,40000
475157,61955
475158,48228
475159,60028
475160,45309
475161,50051
475162,44101
475163,77213
475164,40000
475165,40000
475166,40000
475167,44379
475168,40000
475169,40000
475170,40000
475171,76312
475172,80743
475173,95641
475174,85703
475175,57416
475176,40000
475177,88347
475178,47234
475179,40000
475180,47748
475181,52673
475182,75010
475183,40000
475184,40000
475185,57736
475186,52102
475187,40000
475188,54167
475189,53503
475190,42135
475191,68363
475192,62487
475193,40000
475194,40000
475195,60353
475196,87382
475197,40000
475198,69312
475199,40000
475200,44793
475201,59326
475202,40000
475203,85056
475204,74087
475205,40000
475206,61991
475207,90058
475208,56288
475209,63904
475210,50866
475211,67111
475212,56169
475213,64872
475214,40000
475215,40000
475216,62117
475217,40000
475218,59562
475219,86025
475220,41782
475221,65150
475222,67800
475223,78446
475224,75819
475225,74290
475226,75644
475227,40000
475228,40000
475229,40000
475230,68940
475231,40000
475232,40000
475233,53585
475234,61781
475235,56868
475236,40000
475237,40000
475238,40000
475239,58225
475240,48552
475241,46477
475242,54151
475243,49219
475244,40000
475245,40000
475246,40000
475247,58729
475248,73767
475249,67018
475250,45719
475251,44496
475252,40000
475253,61640
475254,40000
475255,42488
475256,40000
475257,44101
475258,40000
475259,40417
475260,49032
475261,60964
475262,53468
475263,50464
475264,65448
475265,41475
475266,64128
475267,40000
475268,52844
475269,59523
475270,71476
475271,51762
475272,40000
475273,66550
475274,40000
475275,53480
475276,70019
475277,65948
475278,63253
475279,66724
475280,40000
475281,40000
475282,40000
475283,40000
475284,67997
475285,63551
475286,40000
475287,58882
475288,42478
475289,59818
475290,52790
475291,40000
475292,40000
475293,88377
475294,45616
475295,59872
475296,56527
475297,61210
475298,53706
475299,71059
475300,40636
475301,40000
475302,40000
475303,40000
475304,48342
475305,40000
475306,58404
475307,40000
475308,40000
475309,40000
475310,71528
475311,40000
475312,47463
475313,40000
475314,68135
475315,47284
475316,56552
475317,56031
475318,66914
475319,57728
475320,77136
475321,71372
475322,57344
475323,71218
475324,40000
475325,48405
475326,80261
475327,40000
475328,46344
475329,55932
475330,40000
475331,48542
475332,65866
475333,74097
475334,55534
475335,40000
475336,55199
475337,40000
475338,59096
475339,53555
475340,40000
475341,45346
475342,85606
475343,40000
475344,51440
475345,40232
475346,57304
475347,40000
475348,56863
475349,40000
475350,40000
475351,40000
475352,40000
475353,40000
475354,40000
475355,40000
475356,40000
475357,40000
475358,40738
475359,59467
475360,45344
475361,65874
475362,55766
475363,49357
475364,47578
475365,50957
475366,40000
475367,62117
475368,44178
475369,51107
475370,49194
475371,43161
475372,53599
475373,57847
475374,58613
475375,52641
475376,40000
475377,48367
475378,51586
475379,40000
475380,42105
475381,40000
475382,40000
475383,40000
475384,63315
475385,40000
475386,40000
475387,63210
475388,90408
475389,40000
475390,40000
475391,40744
475392,43388
475393,47242
475394,40000
475395,40000
475396,53037
475397,40000
475398,67127
475399,82824
475400,59543
475401,85746
475402,55047
475403,41946
475404,40000
475405,40000
475406,40000
475407,41868
475408,44710
475409,40000
475410,61450
475411,40000
475412,40000
475413,40000
475414,40000
475415,78392
475416,57449
475417,80911
475418,53823
475419,48593
475420,40000
475421,43552
475422,85632
475423,83314
475424,51662
475425,52239
475426,42708
475427,54325
475428,56902
475429,72500
475430,54395
475431,40000
475432,57971
475433,48476
475434,52229
475435,43093
475436,56046
475437,43723
475438,61055
475439,45280
475440,63161
475441,40044
475442,40000
475443,40000
475444,48624
475445,40845
475446,60722
475447,40000
475448,93307
475449,40000
475450,72528
475451,47082
475452,40000
475453,69337
475454,40000
475455,59004
475456,68782
475457,46236
475458,62394
475459,64755
475460,51800
475461,42313
475462,67857
475463,40000
475464,45684
475465,52688
475466,52671
475467,40788
475468,40000
475469,52745
475470,40000
475471,51281
475472,43668
475473,40000
475474,68375
475475,56172
475476,65528
475477,43005
475478,40000
475479,55149
475480,47570
475481,60681
475482,40000
475483,46988
475484,55267
475485,83798
475486,44344
475487,77967
475488,40000
475489,48756
475490,57060
475491,81707
475492,72962
475493,62552
475494,41955
475495,66673
475496,83669
475497,40000
475498,51233
475499,40812
475500,57630
475501,71493
475502,76646
475503,40000
475504,41630
475505,59847
475506,59559
475507,40000
475508,88331
475509,51488
475510,40000
475511,80180
475512,40000
475513,40000
475514,53515
475515,40000
475516,70628
475517,87804
475518,46458
475519,46812
475520,80485
475521,61805
475522,66136
475523,67923
475524,48067
475525,65993
475526,40000
475527,54647
475528,67388
475529,44461
475530,85389
475531,40000
475532,43449
475533,59872
475534,45203
475535,54660
475536,40000
475537,60783
475538,40000
475539,85391
475540,40000
475541,63554
475542,40000
475543,57535
475544,40000
475545,40000
475546,44604
475547,40000
475548,56437
475549,48064
475550,40000
475551,79435
475552,41633
475553,40000
475554,45113
475555,74508
475556,41389
475557,40000
475558,40000
475559,40000
475560,53122
475561,54237
475562,42564
475563,40000
475564,82894
475565,46225
475566,56600
475567,40000
475568,52928
475569,78600
475570,40000
475571,40000
475572,45086
475573,62651
475574,77412
475575,40000
475576,46971
475577,71241
475578,40000
475579,57366
475580,75325
475581,40000
475582,58902
475583,40000
475584,69014
475585,40000
475586,70122
475587,52859
475588,61299
475589,43830
475590,40000
475591,76325
475592,81349
475593,87612
475594,40000
475595,68887
475596,54325
475597,60360
475598,43065
475599,42357
475600,44727
475601,40000
475602,60123
475603,40000
475604,45049
475605,40000
475606,45989
475607,40000
475608,40000
475609,84276
475610,40000
475611,42275
475612,40000
475613,74690
475614,46883
475615,66557
475616,40000
475617,84350
475618,68599
475619,40000
475620,54584
475621,60436
475622,68539
475623,47799
475624,64798
475625,81297
475626,48879
475627,90582
475628,40000
475629,50465
475630,73653
475631,40000
475632,53124
475633,40000
475634,40000
475635,82099
475636,60825
475637,56589
475638,41622
475639,64444
475640,43601
475641,54645
475642,60451
475643,61081
475644,42185
475645,73234
475646,59691
475647,50634
475648,78361
475649,40047
475650,53170
475651,62410
475652,40000
475653,44668
475654,40000
475655,42846
475656,57543
475657,40000
475658,52067
475659,64385
475660,51948
475661,40000
475662,40000
475663,42884
475664,71496
475665,40000
475666,81764
475667,40000
475668,69976
475669,52637
475670,56363
475671,59781
475672,49603
475673,61561
475674,86463
475675,61607
475676,45586
475677,57990
475678,58653
475679,73457
475680,40000
475681,54024
475682,47768
475683,74431
475684,89087
475685,49123
475686,59001
475687,81378
475688,40000
475689,45951
475690,58486
475691,61765
475692,50693
475693,40000
475694,40000
475695,40000
475696,74788
475697,42484
475698,42357
475699,52564
475700,67165
475701,44222
475702,64604
475703,59665
475704,43082
475705,45788
475706,61514
475707,41645
475708,45015
475709,52766
475710,41964
475711,60690
475712,40000
475713,40000
475714,40000
475715,73970
475716,40000
475717,53421
475718,58015
475719,58799
475720,40000
475721,40000
475722,40000
475723,40000
475724,57905
475725,40000
475726,67511
475727,40000
475728,88225
475729,55788
475730,41008
475731,73415
475732,105877
475733,62726
475734,80742
475735,44538
475736,60301
475737,40000
475738,48550
475739,57606
475740,67254
475741,47032
475742,65651
475743,51798
475744,42731
475745,56998
475746,52207
475747,64266
475748,40000
475749,40000
475750,57816
475751,50459
475752,40000
475753,40000
475754,40000
475755,40733
475756,44916
475757,76276
475758,70721
475759,40000
475760,62078
475761,60980
475762,43689
475763,47548
475764,43754
475765,91482
475766,40000
475767,40000
475768,40088
475769,68794
475770,43883
475771,42965
475772,40000
475773,40000
475774,40000
475775,40000
475776,89401
475777,44066
475778,82878
475779,64543
475780,49570
475781,73661
475782,66523
475783,63861
475784,56776
475785,49216
475786,88867
475787,76562
475788,78770
475789,53420
475790,60724
475791,56832
475792,49276
475793,52046
475794,61039
475795,47235
475796,40000
475797,40000
475798,40000
475799,68874
475800,46270
475801,45282
475802,94663
475803,64426
475804,61296
475805,80801
475806,40000
475807,57848
475808,86334
475809,71852
475810,61994
475811,55424
475812,40000
475813,75223
475814,82064
475815,47790
475816,76834
475817,51376
475818,67286
475819,65722
475820,40000
475821,40000
475822,40000
475823,57161
475824,40000
475825,76602
475826,40000
475827,63896
475828,54137
475829,84671
475830,61274
475831,85185
475832,40000
475833,40000
475834,58228
475835,83219
475836,40000
475837,51781
475838,40000
475839,40000
475840,40000
475841,56289
475842,71717
475843,46519
475844,40000
475845,66632
475846,40072
475847,89055
475848,40000
475849,40000
475850,53265
475851,41196
475852,98020
475853,48559
475854,40000
475855,40411
475856,40000
475857,53084
475858,40000
475859,52440
475860,80427
475861,40000
475862,51495
475863,43567
475864,43932
475865,40000
475866,63733
475867,57222
475868,40000
475869,45554
475870,82821
475871,41972
475872,46570
475873,48747
475874,40000
475875,48210
475876,80322
475877,40000
475878,72521
475879,50503
475880,58031
475881,40000
475882,40000
475883,52756
475884,40000
475885,89184
475886,86937
475887,41489
475888,40000
475889,66746
475890,40000
475891,40000
475892,51344
475893,40000
475894,78694
475895,58975
475896,55560
475897,42237
475898,59652
475899,76128
475900,48571
475901,55981
475902,72208
475903,56860
475904,40000
475905,53426
475906,51197
475907,54770
475908,40000
475909,56235
475910,40000
475911,76411
475912,61980
475913,45886
475914,68831
475915,50042
475916,44163
475917,40000
475918,65993
475919,43313
475920,64992
475921,40000
475922,40366
475923,40000
475924,40000
475925,47532
475926,50790
475927,79505
475928,40000
475929,52353
475930,61464
475931,53063
475932,40000
475933,40000
475934,55942
475935,57753
475936,52287
475937,64862
475938,40000
475939,69212
475940,40000
475941,40000
475942,59409
475943,78642
475944,85258
475945,67159
475946,54582
475947,44202
475948,40000
475949,41531
475950,40000
475951,89229
475952,58367
475953,40416
475954,40000
475955,45860
475956,56824
475957,45529
475958,41761
475959,61530
475960,65360
475961,50849
475962,92001
475963,40000
475964,81153
475965,40000
475966,46219
475967,44836
475968,40000
475969,44342
475970,40000
475971,40000
475972,77235
475973,40000
475974,73682
475975,53681
475976,40000
475977,60767
475978,41027
475979,40000
475980,40000
475981,40000
475982,40000
475983,40000
475984,55600
475985,66137
475986,56557
475987,72611
475988,40000
475989,76517
475990,53492
475991,43514
475992,40000
475993,67812
475994,102861
475995,40000
475996,40000
475997,75277
475998,79496
475999,59293
476000,40000
476001,79946
476002,40000
476003,48521
476004,40000
476005,43172
476006,47349
476007,40000
476008,50511
476009,54117
476010,56410
476011,40000
476012,70080
476013,40751
476014,40000
476015,40906
476016,43287
476017,60831
476018,44907
476019,40000
476020,47715
476021,40000
476022,40000
476023,82988
476024,80900
476025,42434
476026,40000
476027,52432
476028,48370
476029,75085
476030,52230
476031,45333
476032,87998
476033,46772
476034,69321
476035,44626
476036,40000
476037,48191
476038,67524
476039,40000
476040,61571
476041,40000
476042,65865
476043,61727
476044,66445
476045,53270
476046,54388
476047,81998
476048,40000
476049,50891
476050,40000
476051,58538
476052,40000
476053,53512
476054,50161
476055,40000
476056,56636
476057,40000
476058,47867
476059,42825
476060,56773
476061,45355
476062,103463
476063,40000
476064,40000
476065,63270
476066,54499
476067,59178
476068,69105
476069,40000
476070,65007
476071,45040
476072,47211
476073,79867
476074,40420
476075,83073
476076,40000
476077,40000
476078,63090
476079,40000
476080,40000
476081,66205
476082,40000
476083,43847
476084,53326
476085,52401
476086,68686
476087,76459
476088,50426
476089,40000
476090,51230
476091,40000
476092,42563
476093,43128
476094,44522
476095,77118
476096,40000
476097,62076
476098,61469
476099,91655
476100,81045
476101,40000
476102,52614
476103,55307
476104,53439
476105,40000
476106,67080
476107,51565
476108,40000
476109,61343
476110,45694
476111,58206
476112,67314
476113,60786
476114,40000
476115,69751
476116,40000
476117,40000
476118,86628
476119,74114
476120,64414
476121,50563
476122,40000
476123,43518
476124,60499
476125,70749
476126,55251
476127,40000
476128,51643
476129,50806
476130,58222
476131,50540
476132,40000
476133,40000
476134,53239
476135,70400
476136,40000
476137,75532
476138,45460
476139,47255
476140,40000
476141,70607
476142,43548
476143,40000
476144,48592
476145,40000
476146,40000
476147,40000
476148,46600
476149,74208
476150,54436
476151,68271
476152,52168
476153,43816
476154,50407
476155,41827
476156,62013
476157,83751
476158,57570
476159,40000
476160,40612
476161,40000
476162,40000
476163,42981
476164,67691
476165,40000
476166,102411
476167,73270
476168,88505
476169,45076
476170,40000
476171,69373
476172,49375
476173,47656
476174,40000
476175,61112
476176,77130
476177,40000
476178,40000
476179,40000
476180,57236
476181,40000
476182,40000
476183,57547
476184,47285
476185,47040
476186,72954
476187,40000
476188,56739
476189,55218
476190,40000
476191,52545
476192,42630
476193,48437
476194,50109
476195,50747
476196,55096
476197,63253
476198,66165
476199,51242
476200,45543
476201,58204
476202,40000
476203,45056
476204,90052
476205,62248
476206,58553
476207,40000
476208,55546
476209,40000
476210,40000
476211,40000
476212,84512
476213,40000
476214,40000
476215,40000
476216,40000
476217,61612
476218,68335
476219,49890
476220,40000
476221,44184
476222,70325
476223,83568
476224,43045
476225,49047
476226,40000
476227,40000
476228,40679
476229,40000
476230,62889
476231,52216
476232,55870
476233,40000
476234,45102
476235,57874
476236,54715
476237,40000
476238,78837
476239,40000
476240,55801
476241,80746
476242,67473
476243,68584
476244,42428
476245,40000
476246,69818
476247,54014
476248,71078
476249,59271
476250,45322
476251,73499
476252,40000
476253,40000
476254,40000
476255,40000
476256,40000
476257,41644
476258,63646
476259,59332
476260,53287
476261,49705
476262,40000
476263,60260
476264,44047
476265,72793
476266,40000
476267,54796
476268,46088
476269,50442
476270,47564
476271,62326
476272,62183
476273,48654
476274,63844
476275,41797
476276,40000
476277,40000
476278,65491
476279,63889
476280,40000
476281,74287
476282,71147
476283,58391
476284,78716
476285,79185
476286,81198
476287,40000
476288,79599
476289,40000
476290,40000
476291,40000
476292,71420
476293,69174
476294,40000
476295,40000
476296,48419
476297,53588
476298,40000
476299,46087
476300,70001
476301,58966
476302,40881
476303,65913
476304,40000
476305,48977
476306,40000
476307,53036
476308,60807
476309,51732
476310,56632
476311,43981
476312,40000
476313,40000
476314,54318
476315,40000
476316,40000
476317,66886
476318,40000
476319,64373
476320,83035
476321,40000
476322,40000
476323,87313
476324,47134
476325,40000
476326,52595
476327,51519
476328,69130
476329,41177
476330,72164
476331,61667
476332,40000
476333,50362
476334,49759
476335,82805
476336,52955
476337,62210
476338,69266
476339,47604
476340,40000
476341,60489
476342,40000
476343,40000
476344,51122
476345,70484
476346,41953
476347,48995
476348,44209
476349,53814
476350,44041
476351,40000
476352,40000
476353,40000
476354,53353
476355,40000
476356,40000
476357,72539
476358,40000
476359,46823
476360,59441
476361,42446
476362,59498
476363,70874
476364,71924
476365,45790
476366,89006
476367,55872
476368,40000
476369,40000
476370,67000
476371,60358
476372,52842
476373,68549
476374,40000
476375,50310
476376,40000
476377,40000
476378,40000
476379,40000
476380,46925
476381,40000
476382,69488
476383,51743
476384,41228
476385,53829
476386,40000
476387,57552
476388,65007
476389,40000
476390,64396
476391,45522
476392,55724
476393,40000
476394,40000
476395,74537
476396,42393
476397,77629
476398,62556
476399,51799
476400,44191
476401,41572
476402,77951
476403,40000
476404,42253
476405,40000
476406,69688
476407,65744
476408,40000
476409,40000
476410,42232
476411,40000
476412,40158
476413,40000
476414,50709
476415,53053
476416,40000
476417,51662
476418,40000
476419,62013
476420,57730
476421,57742
476422,50796
476423,40000
476424,45979
476425,55279
476426,40000
476427,57226
476428,58823
476429,40000
476430,98171
476431,40000
476432,40000
476433,45019
476434,40053
476435,40000
476436,40000
476437,40000
476438,48048
476439,61382
476440,40000
476441,79883
476442,40000
476443,63371
476444,40000
476445,40000
476446,40000
476447,74280
476448,57852
476449,43401
476450,62886
476451,40000
476452,40000
476453,88149
476454,52767
476455,48485
476456,79125
476457,40000
476458,53702
476459,40000
476460,59338
476461,62963
476462,58343
476463,73348
476464,95010
476465,50689
476466,47071
476467,54315
476468,42961
476469,53893
476470,40000
476471,40000
476472,40000
476473,53045
476474,48649
476475,40000
476476,40000
476477,85374
476478,51047
476479,59341
476480,49361
476481,40000
476482,52331
476483,40000
476484,40000
476485,76809
476486,40000
476487,50971
476488,50260
476489,48415
476490,98916
476491,47436
476492,42490
476493,62922
476494,72781
476495,66669
476496,40000
476497,43977
476498,51548
476499,40000
476500,55369
476501,40000
476502,65015
476503,40395
476504,55657
476505,72488
476506,40000
476507,69520
476508,78578
476509,55586
476510,78172
476511,85355
476512,59300
476513,45253
476514,40000
476515,77269
476516,49451
476517,68574
476518,40000
476519,40089
476520,40000
476521,40000
476522,53435
476523,40000
476524,43426
476525,54536
476526,40000
476527,58882
476528,58533
476529,80011
476530,40000
476531,40000
476532,42905
476533,42720
476534,40000
476535,40000
476536,40000
476537,40000
476538,55124
476539,40000
476540,40000
476541,40000
476542,67315
476543,63151
476544,66326
476545,43887
476546,58945
476547,51346
476548,77637
476549,49022
476550,45124
476551,40000
476552,53014
476553,40000
476554,45276
476555,52938
476556,41271
476557,40000
476558,40000
476559,44637
476560,48316
476561,40000
476562,45400
476563,78937
476564,89450
476565,54226
476566,69353
476567,45751
476568,40000
476569,80929
476570,61411
476571,40000
476572,40000
476573,96944
476574,46338
476575,40000
476576,65076
476577,73767
476578,64623
476579,40000
476580,40000
476581,40000
476582,56074
476583,54517
476584,85190
476585,55854
476586,76053
476587,65704
476588,61770
476589,40000
476590,40000
476591,40000
476592,40000
476593,40000
476594,68563
476595,85058
476596,69815
476597,41016
476598,69508
476599,40000
476600,46662
476601,84049
476602,53424
476603,77894
476604,45146
476605,51838
476606,40000
476607,40000
476608,43656
476609,81538
476610,49117
476611,73845
476612,40000
476613,40000
476614,40000
476615,40000
476616,46992
476617,40000
476618,40000
476619,40000
476620,40000
476621,56574
476622,58323
476623,40000
476624,83762
476625,40000
476626,62340
476627,40000
476628,54874
476629,48959
476630,76451
476631,80756
476632,47369
476633,70815
476634,60439
476635,40000
476636,40000
476637,59239
476638,70648
476639,73278
476640,51169
476641,40000
476642,49548
476643,40000
476644,57467
476645,40000
476646,40000
476647,40000
476648,47354
476649,54404
476650,91725
476651,40000
476652,40000
476653,55308
476654,87540
476655,53825
476656,40000
476657,43074
476658,40000
476659,73088
476660,50948
476661,40545
476662,47192
476663,40000
476664,61693
476665,66574
476666,71132
476667,47731
476668,40000
476669,55608
476670,59899
476671,69663
476672,44126
476673,40000
476674,40000
476675,65636
476676,52270
476677,40000
476678,48986
476679,74200
476680,73049
476681,75050
476682,44731
476683,50927
476684,68193
476685,50921
476686,44520
476687,40000
476688,41735
476689,53903
476690,40000
476691,63409
476692,40000
476693,55370
476694,73051
476695,79938
476696,56542
476697,45851
476698,40000
476699,40000
476700,75035
476701,89423
476702,55589
476703,40000
476704,69614
476705,40000
476706,75350
476707,40000
476708,44360
476709,42936
476710,40000
476711,77425
476712,66081
476713,64110
476714,40000
476715,49538
476716,40000
476717,61570
476718,66812
476719,69585
476720,43095
476721,68651
476722,73976
476723,59572
476724,61699
476725,40000
476726,40000
476727,53471
476728,45092
476729,52204
476730,47682
476731,60662
476732,41363
476733,40000
476734,63216
476735,40000
476736,45645
476737,76167
476738,54455
476739,40000
476740,59058
476741,40000
476742,40000
476743,42241
476744,55577
476745,87800
476746,40000
476747,40000
476748,40000
476749,40000
476750,71845
476751,62305
476752,55282
476753,40000
476754,70713
476755,45589
476756,59256
476757,51480
476758,60263
476759,40000
476760,82738
476761,65324
476762,41166
476763,60465
476764,40000
476765,81556
476766,98461
476767,40000
476768,73234
476769,40000
476770,40906
476771,71680
476772,65885
476773,48114
476774,41750
476775,40000
476776,40000
476777,40000
476778,40000
476779,45932
476780,40000
476781,50191
476782,86056
476783,44375
476784,89320
476785,40000
476786,86605
476787,40000
476788,54239
476789,60599
476790,67075
476791,53808
476792,78239
476793,40000
476794,40926
476795,46958
476796,53043
476797,63854
476798,42237
476799,42840
476800,40000
476801,40000
476802,98740
476803,60223
476804,75020
476805,45769
476806,52885
476807,40000
476808,59548
476809,44780
476810,40000
476811,40777
476812,43121
476813,63733
476814,40000
476815,41917
476816,60882
476817,40000
476818,46292
476819,49333
476820,89692
476821,70396
476822,64177
476823,59081
476824,83319
476825,42705
476826,43531
476827,62136
476828,50168
476829,47314
476830,40000
476831,82776
476832,40000
476833,40000
476834,47185
476835,52931
476836,40000
476837,54240
476838,41177
476839,42976
476840,51239
476841,64696
476842,71339
476843,40000
476844,50720
476845,68553
476846,57173
476847,74677
476848,69992
476849,40000
476850,99903
476851,40000
476852,40000
476853,79229
476854,44013
476855,59556
476856,52522
476857,46425
476858,44531
476859,73493
476860,40000
476861,58757
476862,40000
476863,46866
476864,40000
476865,49365
476866,47062
476867,50495
476868,40936
476869,76454
476870,56018
476871,40000
476872,65583
476873,53285
476874,48993
476875,40000
476876,65200
476877,40000
476878,40000
476879,40000
476880,43216
476881,74444
476882,56137
476883,104139
476884,50946
476885,52790
476886,44661
476887,48660
476888,65229
476889,40000
476890,52414
476891,40000
476892,51698
476893,76266
476894,40000
476895,40000
476896,68750
476897,47859
476898,53315
476899,68784
476900,60310
476901,67046
476902,40000
476903,76708
476904,67330
476905,68700
476906,40000
476907,45227
476908,51453
476909,57728
476910,48208
476911,40000
476912,41839
476913,53901
476914,51563
476915,50373
476916,46490
476917,63960
476918,75333
476919,44782
476920,67194
476921,40000
476922,63001
476923,60934
476924,59319
476925,40000
476926,66756
476927,55748
476928,68112
476929,71051
476930,91619
476931,40000
476932,52264
476933,40000
476934,40000
476935,40000
476936,89330
476937,55892
476938,40000
476939,46210
476940,69616
476941,40000
476942,74797
476943,56687
476944,85523
476945,49117
476946,50376
476947,44871
476948,42152
476949,67487
476950,90208
476951,40000
476952,41015
476953,73779
476954,40000
476955,40000
476956,67891
476957,75276
476958,40000
476959,40000
476960,40000
476961,58234
476962,59580
476963,41763
476964,46088
476965,65839
476966,46195
476967,40000
476968,47937
476969,40000
476970,40000
476971,40000
476972,52207
476973,66897
476974,59110
476975,62757
476976,51364
476977,47896
476978,54795
476979,40000
476980,58321
476981,40000
476982,40000
476983,55364
476984,71531
476985,40000
476986,40000
476987,60162
476988,44383
476989,40000
476990,40000
476991,40000
476992,70266
476993,40000
476994,54884
476995,66895
476996,40000
476997,55488
476998,40748
476999,59144
477000,40000
477001,68990
477002,50366
477003,40000
477004,50839
477005,69378
477006,71528
477007,40000
477008,40000
477009,40000
477010,50006
477011,40000
477012,81246
477013,70283
477014,40000
477015,60420
477016,83726
477017,50163
477018,57588
477019,40000
477020,59765
477021,40000
477022,40000
477023,80003
477024,40000
477025,48938
477026,89019
477027,76141
477028,44291
477029,40000
477030,40000
477031,51852
477032,66454
477033,40000
477034,40000
477035,40000
477036,60808
477037,40000
477038,52404
477039,86419
477040,55286
477041,40000
477042,51179
477043,65605
477044,40000
477045,90134
477046,45086
477047,71026
477048,72295
477049,40000
477050,40000
477051,50135
477052,66236
477053,57862
477054,69806
477055,40174
477056,50320
477057,40000
477058,40000
477059,49284
477060,40000
477061,56780
477062,64209
477063,40000
477064,40000
477065,40000
477066,40000
477067,40000
477068,40000
477069,43177
477070,84885
477071,47639
477072,60557
477073,63116
477074,40000
477075,62294
477076,43168
477077,60957
477078,59679
477079,40000
477080,40000
477081,81624
477082,63735
477083,40000
477084,49880
477085,66569
477086,40000
477087,51811
477088,40000
477089,40000
477090,40000
477091,43708
477092,40000
477093,40000
477094,45377
477095,50455
477096,45588
477097,40000
477098,80468
477099,49553
477100,40000
477101,40000
477102,60459
477103,56202
477104,72488
477105,49904
477106,46422
477107,59144
477108,50269
477109,40000
477110,66999
477111,40000
477112,55061
477113,53319
477114,40000
477115,63520
477116,40000
477117,40000
477118,45230
477119,40000
477120,40000
477121,40000
477122,40000
477123,66629
477124,57742
477125,40000
477126,41119
477127,44617
477128,40000
477129,48883
477130,40000
477131,65136
477132,63593
477133,40000
477134,40000
477135,69061
477136,40000
477137,57999
477138,40000
477139,52561
477140,77748
477141,81468
477142,93323
477143,57529
477144,72952
477145,50694
477146,57198
477147,40000
477148,77010
477149,54511
477150,41872
477151,68081
477152,41064
477153,91533
477154,60761
477155,64243
477156,40000
477157,44098
477158,51118
477159,48036
477160,40000
477161,69430
477162,71285
477163,57156
477164,40000
477165,54975
477166,54843
477167,40000
477168,52718
477169,40000
477170,40000
477171,53062
477172,66007
477173,42247
477174,46735
477175,40000
477176,61867
477177,44562
477178,40000
477179,40000
477180,52312
477181,52730
477182,40000
477183,40000
477184,40000
477185,61963
477186,48817
477187,49314
477188,69720
477189,54102
477190,58096
477191,40000
477192,40000
477193,42263
477194,49694
477195,40000
477196,78341
477197,72028
477198,40000
477199,45199
477200,40985
477201,58660
477202,53781
477203,55532
477204,40000
477205,40000
477206,43951
477207,52086
477208,40000
477209,62844
477210,61636
477211,65113
477212,44667
477213,47708
477214,40000
477215,55294
477216,68702
477217,47698
477218,60008
477219,40000
477220,40000
477221,40000
477222,40000
477223,85390
477224,60286
477225,46418
477226,51035
477227,56883
477228,55514
477229,43991
477230,40000
477231,52369
477232,51982
477233,40000
477234,50260
477235,40944
477236,40000
477237,81761
477238,40000
477239,58110
477240,40000
477241,40000
477242,55588
477243,41479
477244,65390
477245,48378
477246,78607
477247,50984
477248,42929
477249,44583
477250,70573
477251,66792
477252,73657
477253,79760
477254,62726
477255,45672
477256,58887
477257,40000
477258,40000
477259,40000
477260,40000
477261,70940
477262,68752
477263,52440
477264,40000
477265,75302
477266,40000
477267,56966
477268,43926
477269,40000
477270,40000
477271,40000
477272,52245
477273,62102
477274,43861
477275,71600
477276,40000
477277,61959
477278,56740
477279,40000
477280,56051
477281,49172
477282,67836
477283,42626
477284,63766
477285,40000
477286,40000
477287,66515
477288,57072
477289,46738
477290,78932
477291,40000
477292,49394
477293,57591
477294,40000
477295,59312
477296,41058
477297,40000
477298,87321
477299,50271
477300,40000
477301,67693
477302,81493
477303,60691
477304,65848
477305,57409
477306,40000
477307,48891
477308,66022
477309,40000
477310,40000
477311,63841
477312,93351
477313,40000
477314,40000
477315,78686
477316,40000
477317,40000
477318,52024
477319,40000
477320,40000
477321,40000
477322,95866
477323,40000
477324,42740
477325,44250
477326,93744
477327,84565
477328,45555
477329,40000
477330,40000
477331,62814
477332,53427
477333,43924
477334,67623
477335,42225
477336,49795
477337,86528
477338,54251
477339,52205
477340,40000
477341,40000
477342,52110
477343,40000
477344,40000
477345,40000
477346,70701
477347,43137
477348,46041
477349,40000
477350,47167
477351,72956
477352,40000
477353,40000
477354,41174
477355,80700
477356,65072
477357,52912
477358,103418
477359,40000
477360,74394
477361,53758
477362,42161
477363,40000
477364,85374
477365,53653
477366,61548
477367,58583
477368,40000
477369,40000
477370,80048
477371,40000
477372,93190
477373,46054
477374,58665
477375,40000
477376,52229
477377,60889
477378,40000
477379,40000
477380,51101
477381,52503
477382,42272
477383,43784
477384,41482
477385,49200
477386,43808
477387,47618
477388,48917
477389,99593
477390,64327
477391,40000
477392,81397
477393,53177
477394,40000
477395,40000
477396,52169
477397,48292
477398,61339
477399,40000
477400,53546
477401,45438
477402,50083
477403,40000
477404,43173
477405,78660
477406,40000
477407,63518
477408,40000
477409,43217
477410,67977
477411,40000
477412,40000
477413,66304
477414,40000
477415,40000
477416,42253
477417,69085
477418,41333
477419,66953
477420,40000
477421,53376
477422,40000
477423,67186
477424,78925
477425,44423
477426,71250
477427,40000
477428,40000
477429,56686
477430,64812
477431,62661
477432,54039
477433,49029
477434,43445
477435,81321
477436,40000
477437,58767
477438,45835
477439,40000
477440,45472
477441,78559
477442,57514
477443,40000
477444,40000
477445,57471
477446,60079
477447,59101
477448,43215
477449,49362
477450,51758
477451,54181
477452,76276
477453,40000
477454,40000
477455,40000
477456,40000
477457,53496
477458,40000
477459,61983
477460,40000
477461,46404
477462,40000
477463,65824
477464,40867
477465,40000
477466,40000
477467,40000
477468,65758
477469,92705
477470,54750
477471,40000
477472,69695
477473,40000
477474,40000
477475,41313
477476,66708
477477,58638
477478,51600
477479,81667
477480,78515
477481,47092
477482,40000
477483,40000
477484,40000
477485,69886
477486,47689
477487,40000
477488,66003
477489,58128
477490,43862
477491,40000
477492,40000
477493,44551
477494,54005
477495,40000
477496,49189
477497,49535
477498,70105
477499,73312
477500,56460
477501,40000
477502,40000
477503,74250
477504,40000
477505,73258
477506,50328
477507,63964
477508,40000
477509,66699
477510,82769
477511,48464
477512,40000
477513,40000
477514,40000
477515,60614
477516,42649
477517,45760
477518,72011
477519,40000
477520,46521
477521,47623
477522,86685
477523,56365
477524,40000
477525,40000
477526,68820
477527,45204
477528,40000
477529,71591
477530,48859
477531,63619
477532,61594
477533,64035
477534,40154
477535,41753
477536,44129
477537,40862
477538,53817
477539,69866
477540,81545
477541,86021
477542,51149
477543,40000
477544,56853
477545,52761
477546,70407
477547,49812
477548,44170
477549,40000
477550,51547
477551,40000
477552,40000
477553,40063
477554,50687
477555,66481
477556,62790
477557,41158
477558,62816
477559,69184
477560,40000
477561,40000
477562,63557
477563,61022
477564,65375
477565,56636
477566,74503
477567,46091
477568,41102
477569,73770
477570,47083
477571,40000
477572,40000
477573,47431
477574,40000
477575,40000
477576,40000
477577,66738
477578,83068
477579,70915
477580,57280
477581,61362
477582,51367
477583,40000
477584,40000
477585,62053
477586,40000
477587,63324
477588,86143
477589,46408
477590,40000
477591,40000
477592,40000
477593,40000
477594,57364
477595,54120
477596,80810
477597,43314
477598,93508
477599,83354
477600,48289
477601,40000
477602,40000
477603,68379
477604,52442
477605,58504
477606,81500
477607,52634
477608,40000
477609,55498
477610,51273
477611,80811
477612,40000
477613,61024
477614,40000
477615,50208
477616,40000
477617,40000
477618,82641
477619,69964
477620,40000
477621,86895
477622,74352
477623,45138
477624,40000
477625,63680
477626,40000
477627,54431
477628,58592
477629,89047
477630,62935
477631,40000
477632,63788
477633,64730
477634,52163
477635,60053
477636,59115
477637,40000
477638,76254
477639,40000
477640,61232
477641,40000
477642,96409
477643,53483
477644,40000
477645,47753
477646,53873
477647,64064
477648,55963
477649,63584
477650,57365
477651,40000
477652,50315
477653,40566
477654,46298
477655,78162
477656,60218
477657,54816
477658,45661
477659,51203
477660,83697
477661,40000
477662,52003
477663,40000
477664,40000
477665,55199
477666,74711
477667,40000
477668,40000
477669,78603
477670,45194
477671,70403
477672,40014
477673,53456
477674,71378
477675,40000
477676,52039
477677,60146
477678,82138
477679,60794
477680,44506
477681,65122
477682,81498
477683,70913
477684,40000
477685,58030
477686,56295
477687,40000
477688,57186
477689,62427
477690,80280
477691,65228
477692,40000
477693,43421
477694,67879
477695,50476
477696,40000
477697,40000
477698,40000
477699,71561
477700,43362
477701,57329
477702,60047
477703,40000
477704,40000
477705,42378
477706,73403
477707,80682
477708,40000
477709,40000
477710,67124
477711,40000
477712,96703
477713,74224
477714,76637
477715,40000
477716,46719
477717,40000
477718,53270
477719,63441
477720,59643
477721,42386
477722,40000
477723,54171
477724,62046
477725,58992
477726,44476
477727,40000
477728,40000
477729,40487
477730,42365
477731,40000
477732,61491
477733,40000
477734,40000
477735,40000
477736,40000
477737,40000
477738,66106
477739,41439
477740,40000
477741,62406
477742,46680
477743,56333
477744,56007
477745,77996
477746,52919
477747,43617
477748,55103
477749,40000
477750,59519
477751,40000
477752,53687
477753,47002
477754,59558
477755,40000
477756,41767
477757,70671
477758,62973
477759,65251
477760,44600
477761,56955
477762,40000
477763,62554
477764,58997
477765,49740
477766,40000
477767,40000
477768,42437
477769,40000
477770,58576
477771,40000
477772,69132
477773,40000
477774,40000
477775,41789
477776,66519
477777,48221
477778,79631
477779,55526
477780,41821
477781,61606
477782,61930
477783,40000
477784,47102
477785,64783
477786,61739
477787,40000
477788,51440
477789,40000
477790,40000
477791,68261
477792,89916
477793,40000
477794,40000
477795,40000
477796,51017
477797,42741
477798,46565
477799,54061
477800,55244
477801,73213
477802,40000
477803,40000
477804,66436
477805,57637
477806,66471
477807,49730
477808,48189
477809,64958
477810,50788
477811,69348
477812,61266
477813,46279
477814,40000
477815,52918
477816,79791
477817,40000
477818,40000
477819,69990
477820,101572
477821,69107
477822,80379
477823,43596
477824,40000
477825,40000
477826,75763
477827,40000
477828,61588
477829,56192
477830,61366
477831,76089
477832,80469
477833,40000
477834,45424
477835,40880
477836,40000
477837,63462
477838,47691
477839,61449
477840,40000
477841,65185
477842,40000
477843,87152
477844,67918
477845,47349
477846,40000
477847,61938
477848,46303
477849,41245
477850,40000
477851,59645
477852,61337
477853,41910
477854,60290
477855,97170
477856,44736
477857,40000
477858,40000
477859,63974
477860,40000
477861,61728
477862,40000
477863,58124
477864,46785
477865,71866
477866,48544
477867,52005
477868,90202
477869,56870
477870,76297
477871,46931
477872,82469
477873,57595
477874,50537
477875,51126
477876,50036
477877,51631
477878,40000
477879,40000
477880,40000
477881,75785
477882,40000
477883,58884
477884,62677
477885,40000
477886,52041
477887,48456
477888,54453
477889,40000
477890,57985
477891,54912
477892,47808
477893,49672
477894,43900
477895,40000
477896,48096
477897,74174
477898,49382
477899,51960
477900,70724
477901,50284
477902,41983
477903,40016
477904,44272
477905,40967
477906,83292
477907,41697
477908,48182
477909,51957
477910,54508
477911,40000
477912,50286
477913,58190
477914,41417
477915,59585
477916,45864
477917,75860
477918,43811
477919,40000
477920,51143
477921,42696
477922,56363
477923,78217
477924,40000
477925,74058
477926,40000
477927,40591
477928,68522
477929,40000
477930,40000
477931,65518
477932,78814
477933,54807
477934,66183
477935,55946
477936,46099
477937,40000
477938,91457
477939,40000
477940,55023
477941,49176
477942,40000
477943,40000
477944,63848
477945,40000
477946,47590
477947,40000
477948,78068
477949,56993
477950,45300
477951,74889
477952,40000
477953,57093
477954,91063
477955,40000
477956,40000
477957,40000
477958,63871
477959,43377
477960,40000
477961,62816
477962,40000
477963,58360
477964,56004
477965,40000
477966,40000
477967,69266
477968,40000
477969,40000
477970,40000
477971,47177
477972,77819
477973,69320
477974,71742
477975,58490
477976,60630
477977,49532
477978,60214
477979,67785
477980,40000
477981,40000
477982,52306
477983,59263
477984,59194
477985,40000
477986,40000
477987,42559
477988,53723
477989,48957
477990,40000
477991,44800
477992,46812
477993,42457
477994,51602
477995,50459
477996,46001
477997,53089
477998,40000
477999,75186
478000,62873
478001,40000
478002,44297
478003,49134
478004,49896
478005,51521
478006,63664
478007,47559
478008,52091
478009,40000
478010,66956
478011,67263
478012,52664
478013,91001
478014,40000
478015,75800
478016,56902
478017,40000
478018,51107
478019,40000
478020,50562
478021,62108
478022,57815
478023,40000
478024,76737
478025,70779
478026,89721
478027,40000
478028,40000
478029,40000
478030,77212
478031,69381
478032,49060
478033,63705
478034,53788
478035,45587
478036,41759
478037,52879
478038,53945
478039,58744
478040,48352
478041,81183
478042,43850
478043,41825
478044,62946
478045,40000
478046,40000
478047,72566
478048,48471
478049,40000
478050,75738
478051,53707
478052,67308
478053,40000
478054,56537
478055,57401
478056,40000
478057,50368
478058,88043
478059,61867
478060,40000
478061,40000
478062,49491
478063,40000
478064,69513
478065,52744
478066,50978
478067,61298
478068,40000
478069,60016
478070,40000
478071,67016
478072,40247
478073,89717
478074,40000
478075,66354
478076,46546
478077,65515
478078,46782
478079,63381
478080,52045
478081,43276
478082,85111
478083,40000
478084,40000
478085,40000
478086,45419
478087,54520
478088,68063
478089,40000
478090,40000
478091,53814
478092,80279
478093,53580
478094,76051
478095,75546
478096,58652
478097,48990
478098,40000
478099,57078
478100,84474
478101,46451
478102,47387
478103,55663
478104,54905
478105,40000
478106,40000
478107,40000
478108,51587
478109,45601
478110,43478
478111,63810
478112,43428
478113,57917
478114,64135
478115,81597
478116,40000
478117,47095
478118,41609
478119,52460
478120,86663
478121,48398
478122,73899
478123,40000
478124,61542
478125,40656
478126,40000
478127,61558
478128,68433
478129,40000
478130,47437
478131,57932
478132,40000
478133,40000
478134,57061
478135,40000
478136,55832
478137,40000
478138,40000
478139,40000
478140,57566
478141,67914
478142,40000
478143,54822
478144,62833
478145,71161
478146,47932
478147,76235
478148,82860
478149,61337
478150,58820
478151,56892
478152,56215
478153,40000
478154,40000
478155,40000
478156,96889
478157,71202
478158,64012
478159,56755
478160,54620
478161,44197
478162,40000
478163,40000
478164,40000
478165,40000
478166,46445
478167,40000
478168,69524
478169,83692
478170,40000
478171,40000
478172,40000
478173,42365
478174,63443
478175,40000
478176,56885
478177,40000
478178,41251
478179,62616
478180,62965
478181,40000
478182,61508
478183,40000
478184,67238
478185,56543
478186,63094
478187,65223
478188,49411
478189,48349
478190,40000
478191,40013
478192,53159
478193,61609
478194,40000
478195,62094
478196,46440
478197,40000
478198,40000
478199,75055
478200,69654
478201,47471
478202,40000
478203,59334
478204,40000
478205,40000
478206,72722
478207,46490
478208,61585
478209,45284
478210,57602
478211,52274
478212,41322
478213,56617
478214,50833
478215,60801
478216,40000
478217,66496
478218,65244
478219,65417
478220,54530
478221,40000
478222,67116
478223,40000
478224,40000
478225,44528
478226,93206
478227,63724
478228,40000
478229,52017
478230,81267
478231,74649
478232,49219
478233,66253
478234,52177
478235,43821
478236,40000
478237,40000
478238,40000
478239,40000
478240,54764
478241,40000
478242,40000
478243,57668
478244,46847
478245,59549
478246,54354
478247,40000
478248,54473
478249,40000
478250,68809
478251,69122
478252,43617
478253,40000
478254,40000
478255,47406
478256,49194
478257,49132
478258,57114
478259,43104
478260,40000
478261,59225
478262,43384
478263,62222
478264,48310
478265,48362
478266,55101
478267,40000
478268,40000
478269,40000
478270,63271
478271,40000
478272,76798
478273,63269
478274,56571
478275,56363
478276,61324
478277,73697
478278,40000
478279,57220
478280,67841
478281,47167
478282,45535
478283,40000
478284,40000
478285,40000
478286,59261
478287,43736
478288,54367
478289,44240
478290,52928
478291,40000
478292,47958
478293,47928
478294,40000
478295,40000
478296,48924
478297,53525
478298,40000
478299,51413
478300,40000
478301,40000
478302,40000
478303,40000
478304,47731
478305,62672
478306,56692
478307,40000
478308,46517
478309,89633
478310,64439
478311,40000
478312,45639
478313,40000
478314,40000
478315,40000
478316,40000
478317,46767
478318,42457
478319,79379
478320,51142
478321,40000
478322,40000
478323,68552
478324,52294
478325,40000
478326,54627
478327,43695
478328,40000
478329,44492
478330,40000
478331,40000
478332,79925
478333,40000
478334,41028
478335,62273
478336,48847
478337,64586
478338,62901
478339,40000
478340,53875
478341,40000
478342,57624
478343,56613
478344,67797
478345,43023
478346,40000
478347,41780
478348,54497
478349,40000
478350,40000
478351,45476
478352,71750
478353,40095
478354,40000
478355,40000
478356,63128
478357,40000
478358,70474
478359,40000
478360,47946
478361,45597
478362,52261
478363,74424
478364,46877
478365,48080
478366,61472
478367,62286
478368,53344
478369,40000
478370,51385
478371,48020
478372,67759
478373,57995
478374,85918
478375,40000
478376,40000
478377,47872
478378,40000
478379,47855
478380,80161
478381,74703
478382,57353
478383,45656
478384,53506
478385,40767
478386,41111
478387,40000
478388,73433
478389,70871
478390,85688
478391,67932
478392,54766
478393,40000
478394,56328
478395,40000
478396,76326
478397,77506
478398,47019
478399,52474
478400,65458
478401,52805
478402,43824
478403,40000
478404,59306
478405,46369
478406,72769
478407,40000
478408,42263
478409,61477
478410,54794
478411,54911
478412,75786
478413,40000
478414,40000
478415,40000
478416,40000
478417,102909
478418,40000
478419,43001
478420,66291
478421,92359
478422,90260
478423,40000
478424,40000
478425,42327
478426,45800
478427,54780
478428,50496
478429,40000
478430,40000
478431,40420
478432,40000
478433,45788
478434,93525
478435,80627
478436,58993
478437,40107
478438,89269
478439,47250
478440,40000
478441,40000
478442,40000
478443,49794
478444,55810
478445,40000
478446,61484
478447,69616
478448,40000
478449,41012
478450,40000
478451,48577
478452,40000
478453,40000
478454,40000
478455,90989
478456,40000
478457,75191
478458,47327
478459,60242
478460,75788
478461,56446
478462,64151
478463,40465
478464,45675
478465,40000
478466,40000
478467,55671
478468,40000
478469,61833
478470,76163
478471,40000
478472,40000
478473,57155
478474,70740
478475,91722
478476,46616
478477,40000
478478,73763
478479,57582
478480,40000
478481,40000
478482,60016
478483,58088
478484,40000
478485,80014
478486,40000
478487,40000
478488,40000
478489,58845
478490,55762
478491,41682
478492,40000
478493,50355
478494,45424
478495,40000
478496,46734
478497,40000
478498,43346
478499,40136
478500,51649
478501,40000
478502,61556
478503,55309
478504,62122
478505,40000
478506,46554
478507,43000
478508,44181
478509,83823
478510,40000
478511,71459
478512,47136
478513,40000
478514,40000
478515,40000
478516,40000
478517,40000
478518,58743
478519,40000
478520,64780
478521,40000
478522,40000
478523,58730
478524,40000
478525,45123
478526,60426
478527,67409
478528,40000
478529,40000
478530,69685
478531,75871
478532,40000
478533,57796
478534,45857
478535,74891
478536,85429
478537,94100
478538,52163
478539,83569
478540,60186
478541,73218
478542,40000
478543,40000
478544,42382
478545,110542
478546,72331
478547,40000
478548,64673
478549,40000
478550,41637
478551,56956
478552,63835
478553,56502
478554,67978
478555,40000
478556,40000
478557,40000
478558,40000
478559,49698
478560,59869
478561,45391
478562,40000
478563,56316
478564,56151
478565,55609
478566,85588
478567,44163
478568,54831
478569,65108
478570,50813
478571,40000
478572,40000
478573,40000
478574,44165
478575,53610
478576,60054
478577,46800
478578,60377
478579,50059
478580,46959
478581,53953
478582,40000
478583,40000
478584,62548
478585,94655
478586,85174
478587,40000
478588,44379
478589,55771
478590,40000
478591,60318
478592,40000
478593,56953
478594,75908
478595,63063
478596,40000
478597,40369
478598,70479
478599,56782
478600,69589
478601,53573
478602,40000
478603,51352
478604,40000
478605,40000
478606,87376
478607,40000
478608,40000
478609,43739
478610,75181
478611,40681
478612,40000
478613,40000
478614,40000
478615,61019
478616,55578
478617,52805
478618,53896
478619,43184
478620,40000
478621,65043
478622,40000
478623,40000
478624,40000
478625,58396
478626,42857
478627,46850
478628,66775
478629,40000
478630,47014
478631,49753
478632,76813
478633,40000
478634,64518
478635,62852
478636,57578
478637,49205
478638,57720
478639,71030
478640,55430
478641,40000
478642,56447
478643,43038
478644,53750
478645,65076
478646,51501
478647,40000
478648,70272
478649,45182
478650,51059
478651,80476
478652,55469
478653,42650
478654,40000
478655,50203
478656,62916
478657,49784
478658,63895
478659,57169
478660,61848
478661,40000
478662,40000
478663,57138
478664,42506
478665,41496
478666,81948
478667,52875
478668,40000
478669,84427
478670,68921
478671,40000
478672,40521
478673,57437
478674,58640
478675,65647
478676,40000
478677,59479
478678,95366
478679,40000
478680,69207
478681,40000
478682,50543
478683,69249
478684,64319
478685,40000
478686,40000
478687,66497
478688,57210
478689,40000
478690,40000
478691,44432
478692,40000
478693,66186
478694,40000
478695,61489
478696,40000
478697,103438
478698,73090
478699,40000
478700,40000
478701,40000
478702,40000
478703,45939
478704,55678
478705,48364
478706,85492
478707,45455
478708,59546
478709,61124
478710,62998
478711,40000
478712,45296
478713,79987
478714,65908
478715,40000
478716,45245
478717,42708
478718,66887
478719,40000
478720,40000
478721,58782
478722,40000
478723,40000
478724,53709
478725,46023
478726,49188
478727,58389
478728,58445
478729,49270
478730,68649
478731,40000
478732,40000
478733,45446
478734,40000
478735,40000
478736,68623
478737,43908
478738,40000
478739,40000
478740,40000
478741,41380
478742,87702
478743,40000
478744,40000
478745,40000
478746,40000
478747,40000
478748,40000
478749,40000
478750,53146
478751,72034
478752,55785
478753,40000
478754,65478
478755,40000
478756,80149
478757,92022
478758,43096
478759,43936
478760,44735
478761,42093
478762,40000
478763,40671
478764,40000
478765,48847
478766,80126
478767,59706
478768,67237
478769,66258
478770,40000
478771,47719
478772,40000
478773,60385
478774,62231
478775,50744
478776,40000
478777,56512
478778,58056
478779,72087
478780,44984
478781,40000
478782,40000
478783,40000
478784,40000
478785,40000
478786,40000
478787,51766
478788,56816
478789,40000
478790,40000
478791,73910
478792,42427
478793,66643
478794,49228
478795,49888
478796,40000
478797,40000
478798,56950
478799,40297
478800,72094
478801,57501
478802,40000
478803,45717
478804,41376
478805,49110
478806,49545
478807,53318
478808,40000
478809,40000
478810,40000
478811,78163
478812,43668
478813,40000
478814,40000
478815,58221
478816,40000
478817,48714
478818,57820
478819,40163
478820,44143
478821,40000
478822,53929
478823,56280
478824,59596
478825,40000
478826,45960
478827,40000
478828,63121
478829,67833
478830,61731
478831,40000
478832,58785
478833,83315
478834,51684
478835,40000
478836,44774
478837,65690
478838,69825
478839,40000
478840,48706
478841,72668
478842,40000
478843,99451
478844,49240
478845,81348
478846,54418
478847,48925
478848,44354
478849,58807
478850,64728
478851,40000
478852,84527
478853,46822
478854,50397
478855,40000
478856,44565
478857,40000
478858,40000
478859,40000
478860,50509
478861,53249
478862,40000
478863,74121
478864,75822
478865,57495
478866,55403
478867,76411
478868,88317
478869,40000
478870,55023
478871,67411
478872,40431
478873,73736
478874,40000
478875,40000
478876,49958
478877,40000
478878,42492
478879,84231
478880,79776
478881,40000
478882,60289
478883,40000
478884,46885
478885,65824
478886,40000
478887,40000
478888,46032
478889,70303
478890,40000
478891,40000
478892,40000
478893,40000
478894,40000
478895,40000
478896,48382
478897,43928
478898,58265
478899,88922
478900,58468
478901,66846
478902,56152
478903,69991
478904,40000
478905,42586
478906,69448
478907,62339
478908,60385
478909,55427
478910,42542
478911,66081
478912,40000
478913,70618
478914,40000
478915,48535
478916,84223
478917,57462
478918,97576
478919,58625
478920,43253
478921,58441
478922,41816
478923,77239
478924,40000
478925,59887
478926,68900
478927,65597
478928,97189
478929,53390
478930,45490
478931,40000
478932,40000
478933,81251
478934,55054
478935,40000
478936,64406
478937,40000
478938,46304
478939,57443
478940,45245
478941,73327
478942,40000
478943,41520
478944,65875
478945,40000
478946,40621
478947,63639
478948,40000
478949,44404
478950,40000
478951,40000
478952,53007
478953,40000
478954,40000
478955,65117
478956,48396
478957,91774
478958,65859
478959,43186
478960,40350
478961,82617
478962,40000
478963,40000
478964,61078
478965,46343
478966,40000
478967,40000
478968,40000
478969,77701
478970,40000
478971,81870
478972,47190
478973,40000
478974,40000
478975,40000
478976,48813
478977,40000
478978,61085
478979,40000
478980,40000
478981,49155
478982,40000
478983,47636
478984,72731
478985,63597
478986,40000
478987,43117
478988,40000
478989,40000
478990,49942
478991,40000
478992,40000
478993,44327
478994,41849
478995,54341
478996,59804
478997,60193
478998,50794
478999,43049
479000,72746
479001,54200
479002,83839
479003,58709
479004,90191
479005,65347
479006,62433
479007,62145
479008,54780
479009,71215
479010,40000
479011,42157
479012,73158
479013,57011
479014,40410
479015,40352
479016,40000
479017,40000
479018,51055
479019,67662
479020,78253
479021,68828
479022,40000
479023,68521
479024,60882
479025,40000
479026,68354
479027,73461
479028,40000
479029,40000
479030,52616
479031,59470
479032,63569
479033,57158
479034,76006
479035,45163
479036,87216
479037,40000
479038,62821
479039,40000
479040,41320
479041,41130
479042,65253
479043,52625
479044,71105
479045,56977
479046,40000
479047,58237
479048,45069
479049,40000
479050,90967
479051,54518
479052,40000
479053,70024
479054,40000
479055,47535
479056,80688
479057,52315
479058,62740
479059,40000
479060,44176
479061,66083
479062,55157
479063,40000
479064,40000
479065,40000
479066,40000
479067,59177
479068,41367
479069,40000
479070,48810
479071,40000
479072,43919
479073,72771
479074,40000
479075,48443
479076,73734
479077,40000
479078,43198
479079,40000
479080,40000
479081,40000
479082,51689
479083,67830
479084,79788
479085,41143
479086,42829
479087,42920
479088,40000
479089,67567
479090,40000
479091,76079
479092,65675
479093,52762
479094,57871
479095,40000
479096,40000
479097,41660
479098,40000
479099,40000
479100,47462
479101,40000
479102,68601
479103,40000
479104,49981
479105,85188
479106,54015
479107,44574
479108,61998
479109,45071
479110,40000
479111,74810
479112,40000
479113,67383
479114,47709
479115,43563
479116,59446
479117,40000
479118,76740
479119,52366
479120,48310
479121,41442
479122,40000
479123,40000
479124,67356
479125,40000
479126,86286
479127,50938
479128,41579
479129,47256
479130,41391
479131,57547
479132,40000
479133,45621
479134,63706
479135,40000
479136,40000
479137,61424
479138,45578
479139,55325
479140,54001
479141,40000
479142,40000
479143,40000
479144,40000
479145,40000
479146,40764
479147,40000
479148,65695
479149,87964
479150,59256
479151,40000
479152,99101
479153,43013
479154,60710
479155,40000
479156,40000
479157,55543
479158,40000
479159,70734
479160,41553
479161,55164
479162,40000
479163,82292
479164,42762
479165,55691
479166,83321
479167,45789
479168,63378
479169,73467
479170,40500
479171,83607
479172,66617
479173,61114
479174,42518
479175,58920
479176,40000
479177,40000
479178,74299
479179,40000
479180,53388
479181,81439
479182,44383
479183,40000
479184,65046
479185,42248
479186,40000
479187,45655
479188,68677
479189,40000
479190,40000
479191,55589
479192,46767
479193,40000
479194,80577
479195,63635
479196,40000
479197,56793
479198,40000
479199,56840
479200,55924
479201,40000
479202,53166
479203,40000
479204,40000
479205,40000
479206,40000
479207,57995
479208,40000
479209,40000
479210,62592
479211,43038
479212,40000
479213,43202
479214,51689
479215,78866
479216,40000
479217,44711
479218,40000
479219,81604
479220,60595
479221,50464
479222,55218
479223,60664
479224,40000
479225,40132
479226,57469
479227,45995
479228,50053
479229,40000
479230,48155
479231,40000
479232,62683
479233,40000
479234,43828
479235,105085
479236,66007
479237,71098
479238,40000
479239,40000
479240,55960
479241,77980
479242,40934
479243,40000
479244,40000
479245,72236
479246,40168
479247,62678
479248,44009
479249,40000
479250,53947
479251,50506
479252,44596
479253,60999
479254,40000
479255,47391
479256,52662
479257,65189
479258,50518
479259,40000
479260,40000
479261,40000
479262,58449
479263,40000
479264,57395
479265,40000
479266,59677
479267,40000
479268,47815
479269,74668
479270,40000
479271,72841
479272,40000
479273,40000
479274,40000
479275,43664
479276,56988
479277,40000
479278,51606
479279,50033
479280,40000
479281,67164
479282,43541
479283,76420
479284,40000
479285,40000
479286,49801
479287,62977
479288,40000
479289,40000
479290,49061
479291,47120
479292,40000
479293,75722
479294,40000
479295,40000
479296,40000
479297,40000
479298,66339
479299,40000
479300,48359
479301,71217
479302,80716
479303,52425
479304,40000
479305,43014
479306,65338
479307,40786
479308,40000
479309,48840
479310,43515
479311,79100
479312,52417
479313,83169
479314,40639
479315,40000
479316,45330
479317,40000
479318,74362
479319,40000
479320,66745
479321,62574
479322,40000
479323,40000
479324,40000
479325,107098
479326,51811
479327,46368
479328,40000
479329,86665
479330,57663
479331,94490
479332,40000
479333,45269
479334,61685
479335,47109
479336,89756
479337,58465
479338,58257
479339,40492
479340,40000
479341,43794
479342,55827
479343,42710
479344,40000
479345,58075
479346,73864
479347,48748
479348,66656
479349,55102
479350,47150
479351,40005
479352,59752
479353,64603
479354,41794
479355,63181
479356,45752
479357,40000
479358,74949
479359,42354
479360,56488
479361,56810
479362,40000
479363,40200
479364,40000
479365,47087
479366,41356
479367,40000
479368,40000
479369,74997
479370,61399
479371,48430
479372,57378
479373,47092
479374,58459
479375,42654
479376,56329
479377,45530
479378,40000
479379,41041
479380,40000
479381,42425
479382,54951
479383,40000
479384,40000
479385,40000
479386,71392
479387,49751
479388,66459
479389,40000
479390,40000
479391,40000
479392,40000
479393,40000
479394,40000
479395,40000
479396,40000
479397,40000
479398,43553
479399,40000
479400,40000
479401,58023
479402,65963
479403,80058
479404,58859
479405,40000
479406,40000
479407,46866
479408,44790
479409,54615
479410,56207
479411,47755
479412,75708
479413,56128
479414,42781
479415,56750
479416,63885
479417,55236
479418,84184
479419,56069
479420,84250
479421,51213
479422,45582
479423,40000
479424,71970
479425,49214
479426,40000
479427,40000
479428,64663
479429,54500
479430,64883
479431,79994
479432,65360
479433,40000
479434,68147
479435,49926
479436,40000
479437,78767
479438,40000
479439,47761
479440,51998
479441,94059
479442,50852
479443,40000
479444,40000
479445,55401
479446,55413
479447,40000
479448,40000
479449,58074
479450,53434
479451,40000
479452,40000
479453,40000
479454,40000
479455,83900
479456,63603
479457,50486
479458,42680
479459,40000
479460,41041
479461,43317
479462,52043
479463,49481
479464,88628
479465,40000
479466,73569
479467,83689
479468,77825
479469,43272
479470,61648
479471,83893
479472,40000
479473,41132
479474,40000
479475,54358
479476,40000
479477,40000
479478,57595
479479,40000
479480,54369
479481,69292
479482,64125
479483,40000
479484,47619
479485,40000
479486,43806
479487,59992
479488,71804
479489,40000
479490,40000
479491,53067
479492,58159
479493,89460
479494,40000
479495,45318
479496,71057
479497,51113
479498,58202
479499,64585
479500,55233
479501,50579
479502,56773
479503,40000
479504,40000
479505,50948
479506,40000
479507,74247
479508,59118
479509,48630
479510,40000
479511,45851
479512,66865
479513,47882
479514,62236
479515,43671
479516,50919
479517,41021
479518,55457
479519,40000
479520,40000
479521,50875
479522,40000
479523,40000
479524,78130
479525,40000
479526,52745
479527,46184
479528,60523
479529,64160
479530,59989
479531,59387
479532,63439
479533,40000
479534,62172
479535,40000
479536,40000
479537,46175
479538,77546
479539,47349
479540,40000
479541,56662
479542,40000
479543,81444
479544,69966
479545,98764
479546,40000
479547,91225
479548,57005
479549,68316
479550,40000
479551,59647
479552,70775
479553,49441
479554,45376
479555,48637
479556,67574
479557,40000
479558,47186
479559,57137
479560,40000
479561,72756
479562,55311
479563,40000
479564,54484
479565,54221
479566,75720
479567,40000
479568,42483
479569,81777
479570,93857
479571,41490
479572,65278
479573,58734
479574,48259
479575,56615
479576,49755
479577,48878
479578,40000
479579,45372
479580,40000
479581,65061
479582,51989
479583,40000
479584,56248
479585,49997
479586,44844
479587,41921
479588,54790
479589,64151
479590,40000
479591,40000
479592,40000
479593,40000
479594,40000
479595,52780
479596,55437
479597,66395
479598,57670
479599,63475
479600,40000
479601,65786
479602,40000
479603,75291
479604,41346
479605,88209
479606,49623
479607,60570
479608,87824
479609,60969
479610,60469
479611,61037
479612,41746
479613,47284
479614,57367
479615,40000
479616,62044
479617,40000
479618,40000
479619,80541
479620,53547
479621,45494
479622,40000
479623,40000
479624,102180
479625,43961
479626,40000
479627,42087
479628,48315
479629,60065
479630,63277
479631,46705
479632,40000
479633,50920
479634,64174
479635,40000
479636,55916
479637,69894
479638,58112
479639,48385
479640,40000
479641,58733
479642,85229
479643,40000
479644,40000
479645,40000
479646,45791
479647,75726
479648,40000
479649,55010
479650,40000
479651,65730
479652,63181
479653,77025
479654,50725
479655,40000
479656,40838
479657,51239
479658,40000
479659,45890
479660,41230
479661,84468
479662,42650
479663,40000
479664,53063
479665,70307
479666,40000
479667,40000
479668,47415
479669,45102
479670,49961
479671,40000
479672,54693
479673,47000
479674,42037
479675,40000
479676,48898
479677,75310
479678,43281
479679,46923
479680,40392
479681,88906
479682,50380
479683,40000
479684,53042
479685,41755
479686,40000
479687,45599
479688,40000
479689,41247
479690,40000
479691,60032
479692,40000
479693,50334
479694,40000
479695,40176
479696,80972
479697,40000
479698,40000
479699,78618
479700,76988
479701,48070
479702,59577
479703,64470
479704,46297
479705,54065
479706,46495
479707,40000
479708,53839
479709,64204
479710,42496
479711,68356
479712,40000
479713,44880
479714,40000
479715,40000
479716,50869
479717,62016
479718,40000
479719,40000
479720,54536
479721,41043
479722,43072
479723,47128
479724,55659
479725,40000
479726,68980
479727,40000
479728,64377
479729,69033
479730,40000
479731,40000
479732,40000
479733,40000
479734,60169
479735,55246
479736,64601
479737,58458
479738,66382
479739,52125
479740,106821
479741,56946
479742,40000
479743,48692
479744,69410
479745,44269
479746,55047
479747,49706
479748,41469
479749,54506
479750,40000
479751,66645
479752,40000
479753,75095
479754,64658
479755,40000
479756,42291
479757,96573
479758,71970
479759,40000
479760,49206
479761,42574
479762,40000
479763,58400
479764,43816
479765,48451
479766,50248
479767,90350
479768,40000
479769,75274
479770,40000
479771,59852
479772,40000
479773,40000
479774,48179
479775,40000
479776,40000
479777,108031
479778,40000
479779,45469
479780,74270
479781,64332
479782,41955
479783,58403
479784,54506
479785,40000
479786,40000
479787,64454
479788,40000
479789,64356
479790,40000
479791,74228
479792,62955
479793,40000
479794,91656
479795,40000
479796,73462
479797,77711
479798,40000
479799,40000
479800,78967
479801,83168
479802,40000
479803,40000
479804,57193
479805,40000
479806,55852
479807,82965
479808,40301
479809,60338
479810,46918
479811,47848
479812,75803
479813,43206
479814,47044
479815,71942
479816,92940
479817,55833
479818,76061
479819,50548
479820,69802
479821,52712
479822,56694
479823,52599
479824,53177
479825,43568
479826,40000
479827,66764
479828,40000
479829,57732
479830,55058
479831,64519
479832,80265
479833,66388
479834,40000
479835,65857
479836,66863
479837,40000
479838,56742
479839,49746
479840,40000
479841,40000
479842,47501
479843,40000
479844,40000
479845,40000
479846,54396
479847,40820
479848,44066
479849,40000
479850,48435
479851,105593
479852,49743
479853,43298
479854,58100
479855,55088
479856,52014
479857,47465
479858,60910
479859,40000
479860,40000
479861,40000
479862,58709
479863,42285
479864,75706
479865,47526
479866,40857
479867,64790
479868,46621
479869,40000
479870,45825
479871,60543
479872,40000
479873,40000
479874,40000
479875,40303
479876,65827
479877,77138
479878,40000
479879,69964
479880,82615
479881,51839
479882,40000
479883,72172
479884,49034
479885,71827
479886,53831
479887,52723
479888,42466
479889,63438
479890,49088
479891,56690
479892,46994
479893,40000
479894,75956
479895,41058
479896,40000
479897,40000
479898,40000
479899,40000
479900,44326
479901,40000
479902,40000
479903,73225
479904,46027
479905,40000
479906,40000
479907,81777
479908,66064
479909,55075
479910,98010
479911,48114
479912,40000
479913,70362
479914,67762
479915,42721
479916,40000
479917,41093
479918,40152
479919,56644
479920,58973
479921,72145
479922,57568
479923,51116
479924,76552
479925,42023
479926,40000
479927,54349
479928,71251
479929,75746
479930,40358
479931,54045
479932,40000
479933,85212
479934,46694
479935,40000
479936,50099
479937,51763
479938,66729
479939,50194
479940,40000
479941,70298
479942,67638
479943,84308
479944,40000
479945,55272
479946,70807
479947,53758
479948,40000
479949,45804
479950,66409
479951,40000
479952,87491
479953,42836
479954,54848
479955,40000
479956,53110
479957,50464
479958,51035
479959,40000
479960,79088
479961,66950
479962,40000
479963,40000
479964,58041
479965,47621
479966,62149
479967,40000
479968,40000
479969,83840
479970,76830
479971,44695
479972,40000
479973,67139
479974,49772
479975,80101
479976,40000
479977,60609
479978,49134
479979,40632
479980,40000
479981,51892
479982,74237
479983,48432
479984,45271
479985,53366
479986,58838
479987,61498
479988,40000
479989,73739
479990,70155
479991,45037
479992,40000
479993,45455
479994,40000
479995,40000
479996,47447
479997,76277
479998,40000
479999,63050
480000,40000
480001,40000
480002,40000
480003,48692
480004,40000
480005,76795
480006,40000
480007,40000
480008,40000
480009,49389
480010,40000
480011,50993
480012,54506
480013,51980
480014,40826
480015,40000
480016,50873
480017,40000
480018,67906
480019,54669
480020,40000
480021,60228
480022,40000
480023,40000
480024,41254
480025,48889
480026,55172
480027,40000
480028,50491
480029,41950
480030,40000
480031,78732
480032,57515
480033,69648
480034,48553
480035,40000
480036,56588
480037,78371
480038,40000
480039,40000
480040,41625
480041,40000
480042,40000
480043,47567
480044,53868
480045,67369
480046,66633
480047,43630
480048,63193
480049,61893
480050,56023
480051,45498
480052,58746
480053,74884
480054,62412
480055,49188
480056,40000
480057,80318
480058,59634
480059,70663
480060,45665
480061,40000
480062,53600
480063,55393
480064,40000
480065,68920
480066,40000
480067,40000
480068,40000
480069,55658
480070,57918
480071,62689
480072,68802
480073,40172
480074,47454
480075,80301
480076,46330
480077,40000
480078,52077
480079,40000
480080,60414
480081,40000
480082,52411
480083,40000
480084,45530
480085,50697
480086,41994
480087,50881
480088,40000
480089,45635
480090,55000
480091,40000
480092,73241
480093,52990
480094,40000
480095,40000
480096,58001
480097,48982
480098,40000
480099,42780
480100,57611
480101,40000
480102,40000
480103,70673
480104,52154
480105,47909
480106,68625
480107,78204
480108,70517
480109,43757
480110,61243
480111,48568
480112,63193
480113,77657
480114,58228
480115,40000
480116,59836
480117,73586
480118,80797
480119,45123
480120,44216
480121,46124
480122,57904
480123,61988
480124,40000
480125,49903
480126,55861
480127,69958
480128,40000
480129,54079
480130,40000
480131,47948
480132,40000
480133,73608
480134,40000
480135,41663
480136,69352
480137,40000
480138,42700
480139,86804
480140,48892
480141,69298
480142,40000
480143,69946
480144,78108
480145,40000
480146,61243
480147,50739
480148,44425
480149,40000
480150,81567
480151,40000
480152,73066
480153,75419
480154,55350
480155,68482
480156,40000
480157,40000
480158,76812
480159,60977
480160,51553
480161,46137
480162,43795
480163,63242
480164,67733
480165,57375
480166,74358
480167,45046
480168,59789
480169,68585
480170,40000
480171,41857
480172,40000
480173,51740
480174,90552
480175,54121
480176,74254
480177,40000
480178,55930
480179,40000
480180,60622
480181,87134
480182,40053
480183,40000
480184,76878
480185,45182
480186,55363
480187,40000
480188,40000
480189,62730
480190,44416
480191,58421
480192,72095
480193,57603
480194,49679
480195,66421
480196,70612
480197,45663
480198,40000
480199,54960
480200,44565
480201,54619
480202,54083
480203,67282
480204,71835
480205,87130
480206,51786
480207,40000
480208,46106
480209,40000
480210,69204
480211,40000
480212,61665
480213,53703
480214,77089
480215,40000
480216,71670
480217,47601
480218,40000
480219,73818
480220,40000
480221,40000
480222,40000
480223,60839
480224,40000
480225,67601
480226,54183
480227,68980
480228,64703
480229,40000
480230,40000
480231,41091
480232,45744
480233,70678
480234,48128
480235,50302
480236,55222
480237,40000
480238,67020
480239,54153
480240,53055
480241,50231
480242,50095
480243,81568
480244,40000
480245,86357
480246,45905
480247,66827
480248,94171
480249,74309
480250,52098
480251,50054
480252,81498
480253,40000
480254,96366
480255,40000
480256,40000
480257,40000
480258,69431
480259,40830
480260,40000
480261,40000
480262,65016
480263,46273
480264,64883
480265,40000
480266,47349
480267,56878
480268,44209
480269,57471
480270,51475
480271,53938
480272,47076
480273,70610
480274,40000
480275,45335
480276,46825
480277,40000
480278,48406
480279,44598
480280,40000
480281,73526
480282,73855
480283,81319
480284,40000
480285,56554
480286,82370
480287,45133
480288,40000
480289,40000
480290,40000
480291,81245
480292,45382
480293,40000
480294,40000
480295,40000
480296,40000
480297,47626
480298,40000
480299,40000
480300,68719
480301,44177
480302,40000
480303,91915
480304,51694
480305,66696
480306,52190
480307,40000
480308,41914
480309,40000
480310,66066
480311,40000
480312,42081
480313,60853
480314,66541
480315,62201
480316,52271
480317,40000
480318,49272
480319,61567
480320,84296
480321,69359
480322,46006
480323,40000
480324,49589
480325,40000
480326,86438
480327,63377
480328,40000
480329,40000
480330,84271
480331,40000
480332,47198
480333,50527
480334,40000
480335,78908
480336,89399
480337,40000
480338,51851
480339,56441
480340,55584
480341,74042
480342,78778
480343,40000
480344,50620
480345,58517
480346,58232
480347,48043
480348,40000
480349,40000
480350,72913
480351,45008
480352,68738
480353,41583
480354,60787
480355,40000
480356,40000
480357,40000
480358,40000
480359,40000
480360,71313
480361,55536
480362,79766
480363,45802
480364,49493
480365,46501
480366,83998
480367,59082
480368,71986
480369,40000
480370,50953
480371,68506
480372,53462
480373,66940
480374,70549
480375,40000
480376,80095
480377,45926
480378,42394
480379,75469
480380,45949
480381,40000
480382,40000
480383,41654
480384,60897
480385,80841
480386,52415
480387,40000
480388,49910
480389,40000
480390,40000
480391,71314
480392,65301
480393,40000
480394,40000
480395,69783
480396,40000
480397,40052
480398,79160
480399,40000
480400,68111
480401,49541
480402,61418
480403,40000
480404,47936
480405,40000
480406,42079
480407,40000
480408,103141
480409,73755
480410,59078
480411,47271
480412,40000
480413,63173
480414,44554
480415,40000
480416,72693
480417,50233
480418,88152
480419,76039
480420,43974
480421,56202
480422,78606
480423,53866
480424,40000
480425,40000
480426,64536
480427,40000
480428,45552
480429,46427
480430,46510
480431,77861
480432,40000
480433,44781
480434,52667
480435,40000
480436,55955
480437,45990
480438,40000
480439,55787
480440,40000
480441,59752
480442,45002
480443,44624
480444,40000
480445,40000
480446,65596
480447,59002
480448,40000
480449,46992
480450,55706
480451,65411
480452,52424
480453,40000
480454,40000
480455,80288
480456,51563
480457,40000
480458,40000
480459,58437
480460,49276
480461,40000
480462,54446
480463,66127
480464,78242
480465,40000
480466,47296
480467,51887
480468,71562
480469,52535
480470,40000
480471,42095
480472,57526
480473,71230
480474,40000
480475,40000
480476,52126
480477,43753
480478,50478
480479,53811
480480,40000
480481,62158
480482,47840
480483,44714
480484,46936
480485,53955
480486,40000
480487,40000
480488,40962
480489,49573
480490,66153
480491,44832
480492,42379
480493,40000
480494,53676
480495,54636
480496,69560
480497,49281
480498,40000
480499,43006
480500,54982
480501,40000
480502,46984
480503,67211
480504,40000
480505,51737
480506,40554
480507,40000
480508,74678
480509,64731
480510,58439
480511,40000
480512,40000
480513,40000
480514,40000
480515,40000
480516,54097
480517,43414
480518,48987
480519,60207
480520,40000
480521,40000
480522,42842
480523,40000
480524,40000
480525,47241
480526,41156
480527,40000
480528,42806
480529,40000
480530,48923
480531,40201
480532,73315
480533,51202
480534,81011
480535,67339
480536,69809
480537,59574
480538,80040
480539,61560
480540,57056
480541,71885
480542,51911
480543,65914
480544,40000
480545,40534
480546,57815
480547,54246
480548,40000
480549,51480
480550,60249
480551,40000
480552,49782
480553,61231
480554,76741
480555,40000
480556,82778
480557,45464
480558,42622
480559,40911
480560,67874
480561,55417
480562,68110
480563,110867
480564,57976
480565,43874
480566,40000
480567,40000
480568,47536
480569,40000
480570,45429
480571,53706
480572,40000
480573,47680
480574,51254
480575,44753
480576,40000
480577,40000
480578,76184
480579,93230
480580,40000
480581,61406
480582,52072
480583,70241
480584,78822
480585,43857
480586,40000
480587,50350
480588,40000
480589,56914
480590,40000
480591,69538
480592,40000
480593,51066
480594,43389
480595,40000
480596,54291
480597,53097
480598,40000
480599,72031
480600,40000
480601,42474
480602,47794
480603,40000
480604,69738
480605,40000
480606,40000
480607,40000
480608,44827
480609,79817
480610,40000
480611,49063
480612,60050
480613,70978
480614,40000
480615,88568
480616,100340
480617,40000
480618,56111
480619,42483
480620,43122
480621,53526
480622,77756
480623,42739
480624,62056
480625,40000
480626,55758
480627,58488
480628,40000
480629,40000
480630,49058
480631,40000
480632,94147
480633,40000
480634,55012
480635,75880
480636,43483
480637,40000
480638,40000
480639,46568
480640,64864
480641,72150
480642,72630
480643,45496
480644,74047
480645,46581
480646,67535
480647,46323
480648,40000
480649,56131
480650,40000
480651,73201
480652,59588
480653,103267
480654,62582
480655,47388
480656,47192
480657,59391
480658,104345
480659,40000
480660,69291
480661,41768
480662,43872
480663,40000
480664,40000
480665,40000
480666,50461
480667,70754
480668,50192
480669,40000
480670,92833
480671,78214
480672,71110
480673,48749
480674,42370
480675,40000
480676,60362
480677,61110
480678,43654
480679,40000
480680,40000
480681,57383
480682,42524
480683,49947
480684,40000
480685,41247
480686,79398
480687,92799
480688,61467
480689,46562
480690,40000
480691,40000
480692,43426
480693,41080
480694,40000
480695,69840
480696,40000
480697,54792
480698,41938
480699,87000
480700,53715
480701,79680
480702,61162
480703,67647
480704,40000
480705,82276
480706,40000
480707,82667
480708,65302
480709,67439
480710,55703
480711,83125
480712,40000
480713,81002
480714,40000
480715,51484
480716,59565
480717,69560
480718,54473
480719,41496
480720,80452
480721,48083
480722,40000
480723,61879
480724,40000
480725,62198
480726,63512
480727,40000
480728,40000
480729,44923
480730,65774
480731,51015
480732,82925
480733,47770
480734,61200
480735,86349
480736,46351
480737,54203
480738,66958
480739,62613
480740,40000
480741,80073
480742,40000
480743,62904
480744,40000
480745,40000
480746,40000
480747,64773
480748,79646
480749,49221
480750,40000
480751,40000
480752,40000
480753,40000
480754,70702
480755,50750
480756,52768
480757,60142
480758,40000
480759,42545
480760,40000
480761,53075
480762,59299
480763,40000
480764,52215
480765,67916
480766,40000
480767,51449
480768,64534
480769,40000
480770,55647
480771,40000
480772,81061
480773,41575
480774,44443
480775,76897
480776,41997
480777,40000
480778,40000
480779,80340
480780,73267
480781,87343
480782,45955
480783,40000
480784,54127
480785,40000
480786,40000
480787,40000
480788,52949
480789,64047
480790,66072
480791,51888
480792,40644
480793,40000
480794,61226
480795,52068
480796,52411
480797,40000
480798,65527
480799,50888
480800,73932
480801,40000
480802,40000
480803,40000
480804,40000
480805,76629
480806,40000
480807,40000
480808,40000
480809,45441
480810,51753
480811,59799
480812,56793
480813,43687
480814,48064
480815,40000
480816,40000
480817,68147
480818,40000
480819,54909
480820,60645
480821,40000
480822,40000
480823,53446
480824,40000
480825,62762
480826,45414
480827,40000
480828,50992
480829,59689
480830,40000
480831,40000
480832,40000
480833,56462
480834,40000
480835,59018
480836,40000
480837,46892
480838,65159
480839,40000
480840,57934
480841,70497
480842,56819
480843,48715
480844,40000
480845,80384
480846,40000
480847,50846
480848,49871
480849,47055
480850,54193
480851,40000
480852,40000
480853,40000
480854,42813
480855,61618
480856,40036
480857,63656
480858,59451
480859,55029
480860,40000
480861,43661
480862,62893
480863,40000
480864,54764
480865,40000
480866,82288
480867,50024
480868,68557
480869,53391
480870,43288
480871,48614
480872,40000
480873,44876
480874,54167
480875,75284
480876,63992
480877,40000
480878,58218
480879,53441
480880,69020
480881,40000
480882,40000
480883,40000
480884,43394
480885,47399
480886,46849
480887,79289
480888,40000
480889,40000
480890,60682
480891,50325
480892,44455
480893,50339
480894,40000
480895,75967
480896,40000
480897,40000
480898,40000
480899,47913
480900,80805
480901,71954
480902,70133
480903,40000
480904,64275
480905,55304
480906,40000
480907,49826
480908,40000
480909,48466
480910,48741
480911,40187
480912,44036
480913,40000
480914,73948
480915,45032
480916,52214
480917,92849
480918,76614
480919,57934
480920,88432
480921,44951
480922,47788
480923,52544
480924,41213
480925,43293
480926,41350
480927,53974
480928,40000
480929,40720
480930,76549
480931,50997
480932,40000
480933,40000
480934,62153
480935,40000
480936,42926
480937,76411
480938,69668
480939,44099
480940,40000
480941,57638
480942,40000
480943,47680
480944,79028
480945,55486
480946,84662
480947,50873
480948,47131
480949,60592
480950,60201
480951,64739
480952,40000
480953,47732
480954,40000
480955,83164
480956,84461
480957,40000
480958,42255
480959,51624
480960,49986
480961,44901
480962,43209
480963,91651
480964,42204
480965,52894
480966,45654
480967,48039
480968,52559
480969,54796
480970,54653
480971,52347
480972,40000
480973,66454
480974,44401
480975,53510
480976,73027
480977,62552
480978,40000
480979,40000
480980,45391
480981,62938
480982,63565
480983,40000
480984,48828
480985,63553
480986,64138
480987,55955
480988,92874
480989,51626
480990,40000
480991,40000
480992,83771
480993,40000
480994,50832
480995,40000
480996,41145
480997,77487
480998,91772
480999,50493
481000,60945
481001,64182
481002,62833
481003,44570
481004,80357
481005,40000
481006,59001
481007,49425
481008,59660
481009,51481
481010,40000
481011,49055
481012,46513
481013,79857
481014,40000
481015,53433
481016,83928
481017,65872
481018,78143
481019,66252
481020,40000
481021,40000
481022,63859
481023,40000
481024,40000
481025,56017
481026,44103
481027,40000
481028,66848
481029,40000
481030,40110
481031,56533
481032,46949
481033,40000
481034,40654
481035,40000
481036,73925
481037,64493
481038,40000
481039,40000
481040,74192
481041,40785
481042,59871
481043,52644
481044,45100
481045,71338
481046,58011
481047,74215
481048,61205
481049,40000
481050,50385
481051,44525
481052,49316
481053,50109
481054,52615
481055,69869
481056,79918
481057,40000
481058,40000
481059,49472
481060,41118
481061,40000
481062,50114
481063,40000
481064,40000
481065,59114
481066,75798
481067,53873
481068,40000
481069,51841
481070,57299
481071,60278
481072,66458
481073,40000
481074,40000
481075,64556
481076,40000
481077,40000
481078,40000
481079,82735
481080,72800
481081,72099
481082,40800
481083,69587
481084,66301
481085,48995
481086,86099
481087,80002
481088,74830
481089,82460
481090,68666
481091,64523
481092,65847
481093,44079
481094,40000
481095,49574
481096,40000
481097,48900
481098,51270
481099,57326
481100,40000
481101,40000
481102,44489
481103,66627
481104,40000
481105,48259
481106,59114
481107,47925
481108,49710
481109,51999
481110,85078
481111,40000
481112,53159
481113,40000
481114,51191
481115,55641
481116,40000
481117,78089
481118,45401
481119,115318
481120,55541
481121,43214
481122,40453
481123,77136
481124,62961
481125,50507
481126,52179
481127,40000
481128,40000
481129,65725
481130,63576
481131,40000
481132,40000
481133,61064
481134,40000
481135,49309
481136,62432
481137,65160
481138,50060
481139,40000
481140,40514
481141,40000
481142,40000
481143,40000
481144,40000
481145,66762
481146,60346
481147,40000
481148,51644
481149,71270
481150,84474
481151,40000
481152,57933
481153,40000
481154,59903
481155,75429
481156,40000
481157,66974
481158,51348
481159,67583
481160,84559
481161,50838
481162,40000
481163,43919
481164,46141
481165,62613
481166,40000
481167,43541
481168,47782
481169,40000
481170,58571
481171,76605
481172,62133
481173,47072
481174,53390
481175,69563
481176,46132
481177,47123
481178,72259
481179,50684
481180,59912
481181,40000
481182,74331
481183,55351
481184,57208
481185,50944
481186,40000
481187,65984
481188,40000
481189,40000
481190,40000
481191,73896
481192,40000
481193,65833
481194,67927
481195,65226
481196,73486
481197,40000
481198,47026
481199,71083
481200,61682
481201,44624
481202,77107
481203,40000
481204,63564
481205,61675
481206,59424
481207,72503
481208,42219
481209,68943
481210,40000
481211,79856
481212,50109
481213,73617
481214,63486
481215,40000
481216,41847
481217,43277
481218,40000
481219,75793
481220,40000
481221,88607
481222,40000
481223,51404
481224,40000
481225,56549
481226,43687
481227,58546
481228,52131
481229,53159
481230,45410
481231,72109
481232,40000
481233,46841
481234,40000
481235,48390
481236,43281
481237,67476
481238,44818
481239,68203
481240,40000
481241,65778
481242,40000
481243,41497
481244,84507
481245,67511
481246,40000
481247,40000
481248,45605
481249,43334
481250,83194
481251,60177
481252,92785
481253,40000
481254,65978
481255,47402
481256,40000
481257,40000
481258,40000
481259,48589
481260,40000
481261,40000
481262,60361
481263,45686
481264,40000
481265,41528
481266,40000
481267,53377
481268,79271
481269,40826
481270,49330
481271,62170
481272,85882
481273,49045
481274,77153
481275,67122
481276,55219
481277,40000
481278,40000
481279,64197
481280,72604
481281,58955
481282,86460
481283,74140
481284,40000
481285,66123
481286,40000
481287,40000
481288,56265
481289,54716
481290,62250
481291,41703
481292,40000
481293,40000
481294,40000
481295,77782
481296,57853
481297,40000
481298,40000
481299,40000
481300,40000
481301,40000
481302,72137
481303,40000
481304,51538
481305,40000
481306,57773
481307,58325
481308,40000
481309,80613
481310,49816
481311,40000
481312,40000
481313,43078
481314,70161
481315,82299
481316,40000
481317,65465
481318,82712
481319,46665
481320,42375
481321,51806
481322,63839
481323,85440
481324,43831
481325,80737
481326,40000
481327,48390
481328,65101
481329,40000
481330,51047
481331,40000
481332,51139
481333,46587
481334,65269
481335,46024
481336,48446
481337,40000
481338,46079
481339,40000
481340,41586
481341,79188
481342,66621
481343,76598
481344,45060
481345,49685
481346,42596
481347,40000
481348,43195
481349,40000
481350,59727
481351,40000
481352,76833
481353,50879
481354,40000
481355,51197
481356,40327
481357,67790
481358,40000
481359,40000
481360,73218
481361,83894
481362,40486
481363,41655
481364,72548
481365,47898
481366,67721
481367,40000
481368,69158
481369,50832
481370,40000
481371,45787
481372,40000
481373,63293
481374,53315
481375,78423
481376,48815
481377,40171
481378,40000
481379,75222
481380,80400
481381,45524
481382,48328
481383,43008
481384,75852
481385,47936
481386,60907
481387,64812
481388,40000
481389,45547
481390,40000
481391,40000
481392,56621
481393,46618
481394,42352
481395,72792
481396,41267
481397,40000
481398,40000
481399,40000
481400,78572
481401,42761
481402,49232
481403,61148
481404,47015
481405,40000
481406,58430
481407,44511
481408,54677
481409,63854
481410,43880
481411,40000
481412,63635
481413,40000
481414,54042
481415,98904
481416,40000
481417,73200
481418,59646
481419,44385
481420,40000
481421,52294
481422,40677
481423,52620
481424,40000
481425,69733
481426,40000
481427,60298
481428,53945
481429,40000
481430,40000
481431,40000
481432,53045
481433,40000
481434,72172
481435,53928
481436,88951
481437,63186
481438,80510
481439,79405
481440,40000
481441,41323
481442,57450
481443,40000
481444,53268
481445,40000
481446,42016
481447,50186
481448,41065
481449,69581
481450,51301
481451,45701
481452,40000
481453,45161
481454,76113
481455,61410
481456,73413
481457,83024
481458,42635
481459,77379
481460,63294
481461,43127
481462,40778
481463,76835
481464,40000
481465,45969
481466,50742
481467,65003
481468,61136
481469,40000
481470,51272
481471,40000
481472,62129
481473,68016
481474,40000
481475,77051
481476,40000
481477,72885
481478,40000
481479,68648
481480,70161
481481,52084
481482,59110
481483,40000
481484,40000
481485,57993
481486,40000
481487,68164
481488,40336
481489,58546
481490,40000
481491,40000
481492,40000
481493,58250
481494,40000
481495,41520
481496,55532
481497,40000
481498,43808
481499,75296
481500,40000
481501,60428
481502,40000
481503,42768
481504,40000
481505,83942
481506,78393
481507,40000
481508,41410
481509,40000
481510,62864
481511,40000
481512,73733
481513,52050
481514,40000
481515,40000
481516,57441
481517,41151
481518,44214
481519,40000
481520,70081
481521,56383
481522,40000
481523,43929
481524,49206
481525,50179
481526,40000
481527,40000
481528,59715
481529,40000
481530,40000
481531,54508
481532,65877
481533,40000
481534,41287
481535,49892
481536,46235
481537,79081
481538,57402
481539,40000
481540,72087
481541,48805
481542,87935
481543,48690
481544,40000
481545,59980
481546,40000
481547,49616
481548,40000
481549,40000
481550,42239
481551,51412
481552,54772
481553,56369
481554,70976
481555,75753
481556,51009
481557,86764
481558,41750
481559,82061
481560,40000
481561,44204
481562,40000
481563,45842
481564,71786
481565,63520
481566,74803
481567,40000
481568,68709
481569,54480
481570,60118
481571,61676
481572,40000
481573,40000
481574,90769
481575,87338
481576,74178
481577,93805
481578,56282
481579,48884
481580,40000
481581,40000
481582,40000
481583,61944
481584,55590
481585,55721
481586,53088
481587,45947
481588,40000
481589,64969
481590,52012
481591,49262
481592,55825
481593,41280
481594,40000
481595,40282
481596,51013
481597,40000
481598,50777
481599,48293
481600,46586
481601,64071
481602,45167
481603,40000
481604,44409
481605,40000
481606,47669
481607,72082
481608,40000
481609,62512
481610,48562
481611,57512
481612,60759
481613,40000
481614,40000
481615,68863
481616,59937
481617,54259
481618,81566
481619,40000
481620,43318
481621,44055
481622,40000
481623,64887
481624,45221
481625,77980
481626,46969
481627,63887
481628,74135
481629,60566
481630,66993
481631,59594
481632,40000
481633,52519
481634,53354
481635,40000
481636,58183
481637,40000
481638,40000
481639,40000
481640,40000
481641,55263
481642,70221
481643,40000
481644,40000
481645,51301
481646,49092
481647,40000
481648,64695
481649,86072
481650,65757
481651,40000
481652,59516
481653,40000
481654,51425
481655,54008
481656,63056
481657,60312
481658,40566
481659,48791
481660,40000
481661,69329
481662,40000
481663,49957
481664,40000
481665,40318
481666,49708
481667,60789
481668,44421
481669,40000
481670,46571
481671,40000
481672,45992
481673,44277
481674,42145
481675,40000
481676,52582
481677,40000
481678,53609
481679,53514
481680,52496
481681,50205
481682,84552
481683,41970
481684,62200
481685,40000
481686,69938
481687,63658
481688,40000
481689,57889
481690,52807
481691,40000
481692,49142
481693,74334
481694,40000
481695,40000
481696,67041
481697,46597
481698,62525
481699,40000
481700,56591
481701,40000
481702,55183
481703,46587
481704,55779
481705,72489
481706,40000
481707,40000
481708,40000
481709,73164
481710,40000
481711,62306
481712,53611
481713,40000
481714,84789
481715,40000
481716,47847
481717,40000
481718,47206
481719,68455
481720,60673
481721,40000
481722,61074
481723,40000
481724,50013
481725,79975
481726,40000
481727,58659
481728,40000
481729,75615
481730,46770
481731,52724
481732,40000
481733,47110
481734,40000
481735,54743
481736,40000
481737,40000
481738,40000
481739,40000
481740,64162
481741,68124
481742,40000
481743,40000
481744,50639
481745,66573
481746,66764
481747,51220
481748,40000
481749,40000
481750,43245
481751,40000
481752,62455
481753,40000
481754,53173
481755,49305
481756,40000
481757,40000
481758,40000
481759,47353
481760,66802
481761,40000
481762,40000
481763,90718
481764,60322
481765,48852
481766,40000
481767,49293
481768,40452
481769,40000
481770,42226
481771,51226
481772,40000
481773,41673
481774,40000
481775,90519
481776,40000
481777,48774
481778,45945
481779,45243
481780,40000
481781,53519
481782,40000
481783,64377
481784,84475
481785,57760
481786,42425
481787,40000
481788,43181
481789,43009
481790,50133
481791,62744
481792,42261
481793,40000
481794,40000
481795,42592
481796,40000
481797,77033
481798,40000
481799,71377
481800,40000
481801,82205
481802,47021
481803,45820
481804,50610
481805,40000
481806,40000
481807,44874
481808,51365
481809,52687
481810,77934
481811,71807
481812,40000
481813,40000
481814,49835
481815,77284
481816,81113
481817,69031
481818,58803
481819,40453
481820,97651
481821,40000
481822,60380
481823,81914
481824,67723
481825,55787
481826,40000
481827,53665
481828,46643
481829,51850
481830,40000
481831,61173
481832,48792
481833,66906
481834,67748
481835,40000
481836,40000
481837,54807
481838,70842
481839,72376
481840,40000
481841,41144
481842,65919
481843,40000
481844,46396
481845,45392
481846,40000
481847,71425
481848,57648
481849,91353
481850,60140
481851,40000
481852,40000
481853,65474
481854,41258
481855,40000
481856,59499
481857,88307
481858,40000
481859,40000
481860,56160
481861,55769
481862,40000
481863,40000
481864,49116
481865,40000
481866,67716
481867,40000
481868,40000
481869,40000
481870,70484
481871,49003
481872,40000
481873,56466
481874,40000
481875,49444
481876,64497
481877,47664
481878,40000
481879,41513
481880,62677
481881,65619
481882,48911
481883,40000
481884,40000
481885,62248
481886,40000
481887,71277
481888,89595
481889,46620
481890,40000
481891,40000
481892,64656
481893,40000
481894,53681
481895,42064
481896,40000
481897,40000
481898,42286
481899,54408
481900,40000
481901,60446
481902,42810
481903,50981
481904,53361
481905,91462
481906,54287
481907,47605
481908,40000
481909,72803
481910,40000
481911,40000
481912,56484
481913,40000
481914,48415
481915,84418
481916,40000
481917,41982
481918,40000
481919,41475
481920,93118
481921,82999
481922,40000
481923,40000
481924,40000
481925,40000
481926,57025
481927,67896
481928,72852
481929,81102
481930,40000
481931,50388
481932,41700
481933,46300
481934,40000
481935,40000
481936,40000
481937,77338
481938,55172
481939,48975
481940,58119
481941,40000
481942,75151
481943,53507
481944,44446
481945,66543
481946,40000
481947,88156
481948,42430
481949,56696
481950,43970
481951,40000
481952,60649
481953,44244
481954,48040
481955,53013
481956,54672
481957,40000
481958,50063
481959,62383
481960,53775
481961,56609
481962,57056
481963,67888
481964,49078
481965,43512
481966,40000
481967,40354
481968,55102
481969,40000
481970,47685
481971,77536
481972,40000
481973,50800
481974,61374
481975,66362
481976,40000
481977,40000
481978,40000
481979,44453
481980,40000
481981,60008
481982,40000
481983,40422
481984,61964
481985,60753
481986,42579
481987,40000
481988,55087
481989,48921
481990,45968
481991,49157
481992,57800
481993,40000
481994,61926
481995,40000
481996,40000
481997,59800
481998,40000
481999,49284
482000,76559
482001,75238
482002,42695
482003,76116
482004,40815
482005,40000
482006,50082
482007,77469
482008,43446
482009,40000
482010,63689
482011,77125
482012,52877
482013,71612
482014,64537
482015,66138
482016,40000
482017,59705
482018,55925
482019,43584
482020,40000
482021,42609
482022,72570
482023,73535
482024,41339
482025,40000
482026,42552
482027,40000
482028,41553
482029,56980
482030,40000
482031,40000
482032,40000
482033,45840
482034,43922
482035,40000
482036,58215
482037,59009
482038,48516
482039,57803
482040,42853
482041,45474
482042,52289
482043,45253
482044,41373
482045,88578
482046,44251
482047,44017
482048,56919
482049,48921
482050,41288
482051,70397
482052,40000
482053,44794
482054,58044
482055,40000
482056,44627
482057,52368
482058,40000
482059,40000
482060,64256
482061,47570
482062,40000
482063,62181
482064,42407
482065,62520
482066,40000
482067,57362
482068,72990
482069,79220
482070,40000
482071,70372
482072,40000
482073,66732
482074,40000
482075,93525
482076,40000
482077,55743
482078,49357
482079,41868
482080,49286
482081,60700
482082,50904
482083,40000
482084,53527
482085,90759
482086,71064
482087,40000
482088,41871
482089,86369
482090,65942
482091,67974
482092,64922
482093,50315
482094,43369
482095,56568
482096,72123
482097,61409
482098,40000
482099,40000
482100,45703
482101,40000
482102,74451
482103,40000
482104,40000
482105,63761
482106,69478
482107,53426
482108,40000
482109,77727
482110,79631
482111,81541
482112,40000
482113,69591
482114,40428
482115,44531
482116,57253
482117,47435
482118,46317
482119,56866
482120,53469
482121,40000
482122,40000
482123,80935
482124,73983
482125,40000
482126,40000
482127,40000
482128,40000
482129,40000
482130,40000
482131,57340
482132,60824
482133,41461
482134,59452
482135,40000
482136,43655
482137,67276
482138,40000
482139,58759
482140,53990
482141,55761
482142,40000
482143,78516
482144,49402
482145,62790
482146,45571
482147,40000
482148,51989
482149,40000
482150,73645
482151,70997
482152,40000
482153,48800
482154,40618
482155,68347
482156,40000
482157,40000
482158,40000
482159,62452
482160,56407
482161,64959
482162,40000
482163,52662
482164,69466
482165,40000
482166,45440
482167,40000
482168,60004
482169,50250
482170,41829
482171,42283
482172,40000
482173,40000
482174,65082
482175,40000
482176,40000
482177,48406
482178,40000
482179,40000
482180,40000
482181,40000
482182,80075
482183,61537
482184,83900
482185,70122
482186,81209
482187,40000
482188,56760
482189,76288
482190,66622
482191,72270
482192,40000
482193,53774
482194,51211
482195,49642
482196,69249
482197,61311
482198,49922
482199,83432
482200,67549
482201,49692
482202,74067
482203,40000
482204,72152
482205,56367
482206,44451
482207,40000
482208,40000
482209,46643
482210,40000
482211,50984
482212,61739
482213,63412
482214,40000
482215,89992
482216,62404
482217,41187
482218,40000
482219,93571
482220,54209
482221,53167
482222,42050
482223,80825
482224,40000
482225,56569
482226,47588
482227,81070
482228,68700
482229,40000
482230,40000
482231,82528
482232,40000
482233,40000
482234,47493
482235,51401
482236,78457
482237,40000
482238,40000
482239,57694
482240,73190
482241,40000
482242,50595
482243,50300
482244,49128
482245,44175
482246,40000
482247,40000
482248,40000
482249,73893
482250,76386
482251,40373
482252,74782
482253,63892
482254,47309
482255,46458
482256,76213
482257,51594
482258,75145
482259,40000
482260,82691
482261,40000
482262,67068
482263,40000
482264,40000
482265,40000
482266,40000
482267,71690
482268,40000
482269,49342
482270,40000
482271,40000
482272,58565
482273,103368
482274,56136
482275,47072
482276,64850
482277,40000
482278,40000
482279,42214
482280,52641
482281,44597
482282,40000
482283,45003
482284,65160
482285,40000
482286,48531
482287,40000
482288,75250
482289,40000
482290,40000
482291,42651
482292,40000
482293,58916
482294,40000
482295,61332
482296,72592
482297,41551
482298,54949
482299,63572
482300,53355
482301,40000
482302,61064
482303,70140
482304,64132
482305,51649
482306,70984
482307,69773
482308,71343
482309,40000
482310,44601
482311,40000
482312,40000
482313,40000
482314,40000
482315,67184
482316,60002
482317,40000
482318,44407
482319,60951
482320,40000
482321,49159
482322,40000
482323,61654
482324,44975
482325,40000
482326,80492
482327,40000
482328,40000
482329,40000
482330,40000
482331,64985
482332,40000
482333,40000
482334,71901
482335,56445
482336,51988
482337,86416
482338,46027
482339,47096
482340,40000
482341,45789
482342,40000
482343,50193
482344,40000
482345,40000
482346,60279
482347,53665
482348,48194
482349,40000
482350,58117
482351,40000
482352,40000
482353,40000
482354,40000
482355,44636
482356,73118
482357,40000
482358,56444
482359,73592
482360,67416
482361,51491
482362,61610
482363,48289
482364,40000
482365,45352
482366,70161
482367,40000
482368,41192
482369,40898
482370,40000
482371,58316
482372,40000
482373,46133
482374,50312
482375,84140
482376,40000
482377,40000
482378,78580
482379,63932
482380,53054
482381,60626
482382,54922
482383,44892
482384,40954
482385,64726
482386,46579
482387,40000
482388,42281
482389,61349
482390,64433
482391,47244
482392,59873
482393,50688
482394,40909
482395,45294
482396,47967
482397,63669
482398,65658
482399,40000
482400,53341
482401,44482
482402,46154
482403,40000
482404,40000
482405,40000
482406,40000
482407,87366
482408,47445
482409,40000
482410,42285
482411,40000
482412,40000
482413,87411
482414,67245
482415,57788
482416,54672
482417,40000
482418,41325
482419,80309
482420,60149
482421,40000
482422,49532
482423,40000
482424,40000
482425,76310
482426,40000
482427,40000
482428,40000
482429,40000
482430,55868
482431,40000
482432,76862
482433,40000
482434,54247
482435,59350
482436,52813
482437,87772
482438,50218
482439,65588
482440,51891
482441,40000
482442,68031
482443,40000
482444,40000
482445,52606
482446,96508
482447,40000
482448,82582
482449,52190
482450,59304
482451,77098
482452,73778
482453,84492
482454,46939
482455,57973
482456,65265
482457,43648
482458,47315
482459,53941
482460,55202
482461,40000
482462,60334
482463,46277
482464,64304
482465,61170
482466,40000
482467,79185
482468,56213
482469,41060
482470,61334
482471,47193
482472,68994
482473,59824
482474,72894
482475,55264
482476,45520
482477,40000
482478,77459
482479,73050
482480,60053
482481,54391
482482,40000
482483,40000
482484,61823
482485,70591
482486,60672
482487,64957
482488,53115
482489,70949
482490,45504
482491,40000
482492,78080
482493,52339
482494,40000
482495,40000
482496,83008
482497,40000
482498,65208
482499,67457
482500,57117
482501,51222
482502,49283
482503,58589
482504,40000
482505,63950
482506,46467
482507,40000
482508,74924
482509,83021
482510,84031
482511,40000
482512,40056
482513,59880
482514,54857
482515,44985
482516,55713
482517,59102
482518,65899
482519,72860
482520,61796
482521,72444
482522,56279
482523,49571
482524,65796
482525,72228
482526,92527
482527,107949
482528,40000
482529,82267
482530,52198
482531,80787
482532,64330
482533,40000
482534,59980
482535,46095
482536,50203
482537,75952
482538,46675
482539,40000
482540,53403
482541,40207
482542,78134
482543,48261
482544,40000
482545,40000
482546,44520
482547,64225
482548,67610
482549,51933
482550,40000
482551,40000
482552,45502
482553,45065
482554,54833
482555,65796
482556,81991
482557,41344
482558,56390
482559,55410
482560,40000
482561,43567
482562,40000
482563,40000
482564,41462
482565,40000
482566,40000
482567,40000
482568,40000
482569,51966
482570,63355
482571,46785
482572,79224
482573,56707
482574,53192
482575,50170
482576,40000
482577,40000
482578,40000
482579,52884
482580,57673
482581,69915
482582,40000
482583,65537
482584,55466
482585,40615
482586,114164
482587,41012
482588,40000
482589,40000
482590,70107
482591,53187
482592,92167
482593,61642
482594,40000
482595,43520
482596,68283
482597,40000
482598,79223
482599,40000
482600,53346
482601,40000
482602,53324
482603,61207
482604,40000
482605,75715
482606,52899
482607,46480
482608,40000
482609,40000
482610,40000
482611,53704
482612,40000
482613,40000
482614,40000
482615,47828
482616,40000
482617,40000
482618,50237
482619,40000
482620,44771
482621,40000
482622,40860
482623,40000
482624,69926
482625,69453
482626,48466
482627,61527
482628,59633
482629,40000
482630,40000
482631,48062
482632,48570
482633,40595
482634,58721
482635,40000
482636,40000
482637,52616
482638,40856
482639,43438
482640,41797
482641,40000
482642,83011
482643,92366
482644,73648
482645,85587
482646,55668
482647,40000
482648,40000
482649,65404
482650,50712
482651,59194
482652,40000
482653,40000
482654,40000
482655,67257
482656,59366
482657,51411
482658,56752
482659,48157
482660,77941
482661,85571
482662,40000
482663,81241
482664,45701
482665,40000
482666,40000
482667,49917
482668,40000
482669,74515
482670,65921
482671,40000
482672,40890
482673,61584
482674,44422
482675,72582
482676,40000
482677,79708
482678,84775
482679,52437
482680,81100
482681,67353
482682,73457
482683,50553
482684,40000
482685,49606
482686,81314
482687,83789
482688,43025
482689,40000
482690,98391
482691,71789
482692,40000
482693,45729
482694,40000
482695,44916
482696,40000
482697,51556
482698,40000
482699,69821
482700,49395
482701,41412
482702,40000
482703,40000
482704,40000
482705,43998
482706,56437
482707,81454
482708,51060
482709,51840
482710,85574
482711,68607
482712,64924
482713,64626
482714,57613
482715,64039
482716,40000
482717,79913
482718,64144
482719,62168
482720,40000
482721,40000
482722,68467
482723,55970
482724,63096
482725,40000
482726,40000
482727,40000
482728,40000
482729,40000
482730,57918
482731,60087
482732,48951
482733,40000
482734,53468
482735,63013
482736,59528
482737,64012
482738,45513
482739,40000
482740,46252
482741,50535
482742,61595
482743,59012
482744,68534
482745,73760
482746,55347
482747,40000
482748,40000
482749,43860
482750,40000
482751,40000
482752,40000
482753,58408
482754,87962
482755,77972
482756,90084
482757,96745
482758,43878
482759,48304
482760,63398
482761,40000
482762,42771
482763,45394
482764,40000
482765,40000
482766,44372
482767,40000
482768,40000
482769,59195
482770,50243
482771,61996
482772,40108
482773,50298
482774,75635
482775,58101
482776,87282
482777,67644
482778,40000
482779,40000
482780,42597
482781,67083
482782,48108
482783,49220
482784,40000
482785,53923
482786,82336
482787,56592
482788,80676
482789,40000
482790,40000
482791,43333
482792,66450
482793,64621
482794,49234
482795,41563
482796,40000
482797,40000
482798,40000
482799,40000
482800,40000
482801,52295
482802,61026
482803,54262
482804,65040
482805,46306
482806,60094
482807,40000
482808,54645
482809,58506
482810,72532
482811,44774
482812,40616
482813,42735
482814,78823
482815,40000
482816,50382
482817,40000
482818,40000
482819,46536
482820,60554
482821,61551
482822,45515
482823,40000
482824,83096
482825,40000
482826,55354
482827,41692
482828,40000
482829,72528
482830,49052
482831,40000
482832,40000
482833,53322
482834,65737
482835,40000
482836,56360
482837,53115
482838,46250
482839,62988
482840,62325
482841,72532
482842,83366
482843,42722
482844,40000
482845,71558
482846,50413
482847,59175
482848,74569
482849,69278
482850,40000
482851,85645
482852,54622
482853,40000
482854,57041
482855,40000
482856,69654
482857,40000
482858,60292
482859,63005
482860,71237
482861,49519
482862,40000
482863,52249
482864,52796
482865,40000
482866,65776
482867,40000
482868,40000
482869,60701
482870,45297
482871,47270
482872,40000
482873,53805
482874,40000
482875,42252
482876,40876
482877,88824
482878,83187
482879,84225
482880,47098
482881,60197
482882,70634
482883,40000
482884,85599
482885,49347
482886,49818
482887,40000
482888,51609
482889,40264
482890,46596
482891,40000
482892,40000
482893,40000
482894,103374
482895,80038
482896,80685
482897,40000
482898,43273
482899,58295
482900,40000
482901,61364
482902,84147
482903,57520
482904,40000
482905,65709
482906,40000
482907,45018
482908,40000
482909,40000
482910,40000
482911,50130
482912,58333
482913,60839
482914,51990
482915,45614
482916,40000
482917,40000
482918,40000
482919,41851
482920,57317
482921,66873
482922,73229
482923,70845
482924,40000
482925,60543
482926,40000
482927,49697
482928,53105
482929,52086
482930,40000
482931,47336
482932,44587
482933,41099
482934,71993
482935,40000
482936,52644
482937,51883
482938,40000
482939,41581
482940,40000
482941,50239
482942,49513
482943,61514
482944,96529
482945,53277
482946,40000
482947,40000
482948,40000
482949,97395
482950,40000
482951,57208
482952,45183
482953,48693
482954,53595
482955,40000
482956,52721
482957,40000
482958,40000
482959,40000
482960,40000
482961,47381
482962,40000
482963,40000
482964,40000
482965,40000
482966,40000
482967,45425
482968,51953
482969,40000
482970,61182
482971,40000
482972,59166
482973,40000
482974,40000
482975,40000
482976,45798
482977,46357
482978,75386
482979,40000
482980,40000
482981,40000
482982,40000
482983,40000
482984,50357
482985,65611
482986,48923
482987,44042
482988,59162
482989,53135
482990,40000
482991,46405
482992,65883
482993,40000
482994,40000
482995,92057
482996,40000
482997,40000
482998,40000
482999,44616
483000,50464
483001,40000
483002,40000
483003,57942
483004,67015
483005,40000
483006,49187
483007,56030
483008,54460
483009,61763
483010,65491
483011,49492
483012,40000
483013,40000
483014,100217
483015,41079
483016,45271
483017,94066
483018,54131
483019,80419
483020,67360
483021,48805
483022,40000
483023,46012
483024,40000
483025,40000
483026,71109
483027,50352
483028,40000
483029,40000
483030,54838
483031,50442
483032,77430
483033,41275
483034,60113
483035,55920
483036,40000
483037,40000
483038,51094
483039,40000
483040,60289
483041,40000
483042,40000
483043,42372
483044,50994
483045,82391
483046,40000
483047,41267
483048,43423
483049,40000
483050,48492
483051,59826
483052,40000
483053,45968
483054,40000
483055,43298
483056,75435
483057,52627
483058,56111
483059,42594
483060,49149
483061,40000
483062,80152
483063,44492
483064,40000
483065,52727
483066,40000
483067,100000
483068,40000
483069,40000
483070,40000
483071,40000
483072,62534
483073,53328
483074,63748
483075,51210
483076,59567
483077,59674
483078,50842
483079,61635
483080,61272
483081,87513
483082,68757
483083,57301
483084,45694
483085,46855
483086,55072
483087,40000
483088,55280
483089,81736
483090,40000
483091,51117
483092,51065
483093,40000
483094,40000
483095,95689
483096,59463
483097,40000
483098,60312
483099,45921
483100,40000
483101,55569
483102,40000
483103,40000
483104,54450
483105,55451
483106,40000
483107,40000
483108,40000
483109,40000
483110,71486
483111,40000
483112,46898
483113,40000
483114,46577
483115,40000
483116,40000
483117,40000
483118,40000
483119,54399
483120,40000
483121,55424
483122,70767
483123,40000
483124,88989
483125,55678
483126,70336
483127,67306
483128,40000
483129,40000
483130,62463
483131,63213
483132,40000
483133,63710
483134,40000
483135,40000
483136,91198
483137,40000
483138,53737
483139,65571
483140,40000
483141,45989
483142,40000
483143,40000
483144,58365
483145,73526
483146,40000
483147,57559
483148,73500
483149,40000
483150,40000
483151,40046
483152,67761
483153,40000
483154,48440
483155,56439
483156,40000
483157,40000
483158,98793
483159,72801
483160,40000
483161,40000
483162,40000
483163,47387
483164,40000
483165,62102
483166,40000
483167,78082
483168,40000
483169,56940
483170,40000
483171,41467
483172,40000
483173,40407
483174,67403
483175,40000
483176,40000
483177,50688
483178,70415
483179,40000
483180,68720
483181,40000
483182,80602
483183,47352
483184,58966
483185,63116
483186,62042
483187,44816
483188,99539
483189,40166
483190,70098
483191,49495
483192,48613
483193,67994
483194,48208
483195,40000
483196,40000
483197,89794
483198,40000
483199,40000
483200,67749
483201,62102
483202,68748
483203,40000
483204,40000
483205,40000
483206,69389
483207,73788
483208,82835
483209,40000
483210,40000
483211,59978
483212,40000
483213,41881
483214,50316
483215,76536
483216,40000
483217,40000
483218,40000
483219,40000
483220,44118
483221,60719
483222,48663
483223,87971
483224,47159
483225,41947
483226,40000
483227,40000
483228,73636
483229,40000
483230,42322
483231,40000
483232,40000
483233,42392
483234,49601
483235,52727
483236,40000
483237,51847
483238,40000
483239,41967
483240,84367
483241,40000
483242,85827
483243,40000
483244,48143
483245,55088
483246,54068
483247,66505
483248,59790
483249,50641
483250,51268
483251,40000
483252,74283
483253,40000
483254,71648
483255,59900
483256,40000
483257,74452
483258,40000
483259,74850
483260,44161
483261,75780
483262,88662
483263,49698
483264,45866
483265,57200
483266,49899
483267,40000
483268,64516
483269,49930
483270,75381
483271,40000
483272,40000
483273,40541
483274,40000
483275,59926
483276,40000
483277,40000
483278,63197
483279,55843
483280,60982
483281,40000
483282,55188
483283,40000
483284,43073
483285,51476
483286,40000
483287,44243
483288,62304
483289,74877
483290,77127
483291,40000
483292,40000
483293,71120
483294,63698
483295,40000
483296,48856
483297,40000
483298,67622
483299,52598
483300,45692
483301,63441
483302,57132
483303,90481
483304,48997
483305,40000
483306,40000
483307,45691
483308,40000
483309,58361
483310,40000
483311,92927
483312,40000
483313,40000
483314,43424
483315,40000
483316,40000
483317,60387
483318,40000
483319,43208
483320,42593
483321,86732
483322,48160
483323,52902
483324,40000
483325,65974
483326,46103
483327,64363
483328,40000
483329,48361
483330,40000
483331,40000
483332,60711
483333,40000
483334,40000
483335,40000
483336,44908
483337,40000
483338,40000
483339,78101
483340,54388
483341,68828
483342,42932
483343,64024
483344,56305
483345,60957
483346,66694
483347,58210
483348,49651
483349,40000
483350,80212
483351,40000
483352,62316
483353,102711
483354,85178
483355,56116
483356,40000
483357,40000
483358,40000
483359,40000
483360,40000
483361,40000
483362,40000
483363,45539
483364,42704
483365,55488
483366,77898
483367,69925
483368,40000
483369,40000
483370,46911
483371,40000
483372,58995
483373,46330
483374,56651
483375,40000
483376,40000
483377,44054
483378,42652
483379,57138
483380,40000
483381,50219
483382,60633
483383,55498
483384,87651
483385,75971
483386,42981
483387,40000
483388,40000
483389,61437
483390,40000
483391,44239
483392,42122
483393,40000
483394,40000
483395,40000
483396,51839
483397,60260
483398,53839
483399,70798
483400,58670
483401,50685
483402,40000
483403,55454
483404,40000
483405,40000
483406,40000
483407,40000
483408,40000
483409,50203
483410,40000
483411,55921
483412,48130
483413,48676
483414,40000
483415,52466
483416,40000
483417,67123
483418,67579
483419,81230
483420,84935
483421,78000
483422,63146
483423,73705
483424,40000
483425,56315
483426,40000
483427,94680
483428,93563
483429,40000
483430,46540
483431,45804
483432,40261
483433,69110
483434,80584
483435,54463
483436,69207
483437,49056
483438,53466
483439,72711
483440,60781
483441,76609
483442,40000
483443,40417
483444,40000
483445,68827
483446,50521
483447,56463
483448,56009
483449,40000
483450,40000
483451,40000
483452,65423
483453,50391
483454,40000
483455,72940
483456,53064
483457,40000
483458,40000
483459,40000
483460,68510
483461,73219
483462,63826
483463,40000
483464,63134
483465,40000
483466,55466
483467,43932
483468,41974
483469,65234
483470,57091
483471,50068
483472,95637
483473,50832
483474,72528
483475,57080
483476,54273
483477,65311
483478,64264
483479,40000
483480,45881
483481,63638
483482,40000
483483,46322
483484,62757
483485,54194
483486,57891
483487,68388
483488,55397
483489,65198
483490,40000
483491,46559
483492,42379
483493,59930
483494,62061
483495,47588
483496,81974
483497,46544
483498,48296
483499,54405
483500,40156
483501,90113
483502,62296
483503,40000
483504,67078
483505,53267
483506,53865
483507,40881
483508,48638
483509,53398
483510,64111
483511,40093
483512,40000
483513,49609
483514,40754
483515,40000
483516,67266
483517,40000
483518,59271
483519,40000
483520,61826
483521,42982
483522,44532
483523,40000
483524,55882
483525,72915
483526,40000
483527,41862
483528,62324
483529,42845
483530,49573
483531,40000
483532,68668
483533,42750
483534,61638
483535,70662
483536,45619
483537,58601
483538,107256
483539,40000
483540,53538
483541,56836
483542,69353
483543,40000
483544,65889
483545,40000
483546,41490
483547,40000
483548,47611
483549,40000
483550,40000
483551,57279
483552,40000
483553,52581
483554,64537
483555,41645
483556,49006
483557,54728
483558,40000
483559,53122
483560,52487
483561,40000
483562,40000
483563,51497
483564,62792
483565,40000
483566,58605
483567,40000
483568,54011
483569,52935
483570,71535
483571,40000
483572,66467
483573,51423
483574,40000
483575,93690
483576,62909
483577,45952
483578,40000
483579,65534
483580,60933
483581,43960
483582,59887
483583,52983
483584,41737
483585,40000
483586,40000
483587,40000
483588,40000
483589,59366
483590,67585
483591,40000
483592,43602
483593,51136
483594,71670
483595,41066
483596,43531
483597,81161
483598,65905
483599,78784
483600,80960
483601,40000
483602,72127
483603,49233
483604,65260
483605,58940
483606,62624
483607,40000
483608,49847
483609,108355
483610,40000
483611,57001
483612,68604
483613,56944
483614,47129
483615,68401
483616,41752
483617,46415
483618,52413
483619,40000
483620,90970
483621,62460
483622,40465
483623,40000
483624,60157
483625,56252
483626,46198
483627,50854
483628,40000
483629,51691
483630,55205
483631,50599
483632,40000
483633,49642
483634,51224
483635,40000
483636,43255
483637,70299
483638,45110
483639,71025
483640,40000
483641,40000
483642,40000
483643,45215
483644,40000
483645,73763
483646,42476
483647,54319
483648,64469
483649,40000
483650,40000
483651,62724
483652,42849
483653,73353
483654,40000
483655,50832
483656,100170
483657,61774
483658,40000
483659,45108
483660,62458
483661,76214
483662,40000
483663,40000
483664,77843
483665,44428
483666,40000
483667,40000
483668,45697
483669,40000
483670,59310
483671,40000
483672,73920
483673,75681
483674,40000
483675,40000
483676,40000
483677,45075
483678,51656
483679,53986
483680,66810
483681,42576
483682,40000
483683,67116
483684,84107
483685,84294
483686,62973
483687,64498
483688,40000
483689,45854
483690,40000
483691,51536
483692,54123
483693,64073
483694,40000
483695,40000
483696,64147
483697,40000
483698,66219
483699,58702
483700,40000
483701,84792
483702,56656
483703,78653
483704,52014
483705,40000
483706,74959
483707,50120
483708,49736
483709,82606
483710,53686
483711,40000
483712,40000
483713,40000
483714,54909
483715,81964
483716,66047
483717,55977
483718,41322
483719,58087
483720,40000
483721,56875
483722,40000
483723,51658
483724,40000
483725,40000
483726,48244
483727,58046
483728,40000
483729,47042
483730,49143
483731,46099
483732,40000
483733,54509
483734,56058
483735,40000
483736,40000
483737,40000
483738,88733
483739,40000
483740,62655
483741,40000
483742,57136
483743,73021
483744,40000
483745,51900
483746,44726
483747,58070
483748,40000
483749,67128
483750,58021
483751,40000
483752,48562
483753,40000
483754,52565
483755,40000
483756,62628
483757,56972
483758,73585
483759,78161
483760,50868
483761,40000
483762,40201
483763,61870
483764,50266
483765,40000
483766,40000
483767,61788
483768,50339
483769,52531
483770,81600
483771,77883
483772,40000
483773,40000
483774,40000
483775,40000
483776,51751
483777,69816
483778,74001
483779,52065
483780,40000
483781,40000
483782,51666
483783,58913
483784,40000
483785,40000
483786,41756
483787,54190
483788,40000
483789,45942
483790,62577
483791,44631
483792,78174
483793,86963
483794,71359
483795,54636
483796,42762
483797,73682
483798,63756
483799,75684
483800,40000
483801,59498
483802,52941
483803,40000
483804,67334
483805,65799
483806,50627
483807,40000
483808,55242
483809,42909
483810,40319
483811,67335
483812,40000
483813,40000
483814,45201
483815,70827
483816,53145
483817,40000
483818,41109
483819,49913
483820,66925
483821,89789
483822,40000
483823,48391
483824,40000
483825,52817
483826,46702
483827,81082
483828,40000
483829,47112
483830,51144
483831,40000
483832,40000
483833,83413
483834,48941
483835,40000
483836,55835
483837,72844
483838,40000
483839,65037
483840,40000
483841,52327
483842,40032
483843,46614
483844,68198
483845,40000
483846,51687
483847,57751
483848,40000
483849,75354
483850,54196
483851,40000
483852,40000
483853,49215
483854,52196
483855,72153
483856,50577
483857,49782
483858,51289
483859,46100
483860,76057
483861,40000
483862,40000
483863,61255
483864,44897
483865,40000
483866,40000
483867,60770
483868,44570
483869,64159
483870,56391
483871,59892
483872,40000
483873,40000
483874,58179
483875,40000
483876,63979
483877,58552
483878,44379
483879,54555
483880,42055
483881,46317
483882,40000
483883,40000
483884,48565
483885,43521
483886,56636
483887,49350
483888,65753
483889,85264
483890,40000
483891,53437
483892,40000
483893,83261
483894,40000
483895,40000
483896,55632
483897,52269
483898,40000
483899,40000
483900,40000
483901,42974
483902,40000
483903,50928
483904,54002
483905,72046
483906,45035
483907,41602
483908,50406
483909,85817
483910,40129
483911,53740
483912,40000
483913,46878
483914,40000
483915,40000
483916,40000
483917,50834
483918,40000
483919,40000
483920,40000
483921,45781
483922,40000
483923,55296
483924,52342
483925,61964
483926,78181
483927,41354
483928,51934
483929,40000
483930,40000
483931,40000
483932,69422
483933,71670
483934,56662
483935,44586
483936,57852
483937,53112
483938,40000
483939,40000
483940,60326
483941,78938
483942,40000
483943,54835
483944,59432
483945,55981
483946,48353
483947,40379
483948,76785
483949,40000
483950,86509
483951,71103
483952,57852
483953,40000
483954,41059
483955,40000
483956,59356
483957,42429
483958,40000
483959,40000
483960,102750
483961,40000
483962,42069
483963,40000
483964,46823
483965,77646
483966,43808
483967,61859
483968,40000
483969,40000
483970,61474
483971,62589
483972,40000
483973,51734
483974,73766
483975,44407
483976,40000
483977,62459
483978,100425
483979,64708
483980,40000
483981,40000
483982,40000
483983,84356
483984,42843
483985,84277
483986,52464
483987,61380
483988,51189
483989,40000
483990,40000
483991,40000
483992,42679
483993,48536
483994,40000
483995,40000
483996,48624
483997,40357
483998,79253
483999,51637
484000,51418
484001,40000
484002,55080
484003,82141
484004,48252
484005,74044
484006,40000
484007,73122
484008,65656
484009,40000
484010,58273
484011,40000
484012,41228
484013,97377
484014,73020
484015,59775
484016,68553
484017,48543
484018,45635
484019,40000
484020,49530
484021,40000
484022,101923
484023,45370
484024,51701
484025,40000
484026,40000
484027,40000
484028,40000
484029,40000
484030,42764
484031,40703
484032,40000
484033,76253
484034,84686
484035,43473
484036,40000
484037,40000
484038,40000
484039,80424
484040,40079
484041,62469
484042,40000
484043,42731
484044,53575
484045,97442
484046,40000
484047,58029
484048,53635
484049,53222
484050,51189
484051,44810
484052,40000
484053,40000
484054,48615
484055,40000
484056,51017
484057,50341
484058,81838
484059,40000
484060,43045
484061,40000
484062,53827
484063,40000
484064,46319
484065,40000
484066,80313
484067,104738
484068,87710
484069,40000
484070,40000
484071,40000
484072,40000
484073,56198
484074,51316
484075,43983
484076,52284
484077,40000
484078,68213
484079,40000
484080,40000
484081,50821
484082,77614
484083,40000
484084,76429
484085,44038
484086,43185
484087,79683
484088,54635
484089,42465
484090,47608
484091,69065
484092,48385
484093,40000
484094,40000
484095,41299
484096,40000
484097,40315
484098,40350
484099,63578
484100,40000
484101,54198
484102,69918
484103,60179
484104,80993
484105,73819
484106,40000
484107,48328
484108,40000
484109,77834
484110,78844
484111,48672
484112,56571
484113,61145
484114,59821
484115,49206
484116,40000
484117,73671
484118,66767
484119,40000
484120,40000
484121,91403
484122,53892
484123,40000
484124,40000
484125,40000
484126,48754
484127,42586
484128,48685
484129,63781
484130,60752
484131,59049
484132,40000
484133,63101
484134,40000
484135,55279
484136,44512
484137,44697
484138,40000
484139,40000
484140,66526
484141,40000
484142,40000
484143,80287
484144,51873
484145,52182
484146,43642
484147,50249
484148,44000
484149,40000
484150,55373
484151,42082
484152,67055
484153,40000
484154,86391
484155,46617
484156,57097
484157,49433
484158,40000
484159,43832
484160,75899
484161,48420
484162,40000
484163,68088
484164,53552
484165,59998
484166,48539
484167,69021
484168,63925
484169,61484
484170,55108
484171,40000
484172,41672
484173,46295
484174,40000
484175,40000
484176,63934
484177,43889
484178,40463
484179,60021
484180,40000
484181,43234
484182,54958
484183,52485
484184,69799
484185,40000
484186,69972
484187,40000
484188,40000
484189,40000
484190,61013
484191,47813
484192,75671
484193,40000
484194,48891
484195,40000
484196,47038
484197,53998
484198,66423
484199,40000
484200,51534
484201,40000
484202,65149
484203,54463
484204,70322
484205,52043
484206,46490
484207,44269
484208,77179
484209,63518
484210,44825
484211,40000
484212,44613
484213,65158
484214,40000
484215,74234
484216,40000
484217,62364
484218,67869
484219,40000
484220,40000
484221,40000
484222,70606
484223,40000
484224,40000
484225,40000
484226,49144
484227,40000
484228,61356
484229,59616
484230,83340
484231,46689
484232,40000
484233,78173
484234,85503
484235,53882
484236,51711
484237,40000
484238,59291
484239,45976
484240,76361
484241,56031
484242,41134
484243,40000
484244,40000
484245,68633
484246,63354
484247,40000
484248,57776
484249,56725
484250,66083
484251,56112
484252,49785
484253,40000
484254,46239
484255,71280
484256,40000
484257,46131
484258,72528
484259,40000
484260,40000
484261,42883
484262,47965
484263,40000
484264,40000
484265,63117
484266,45118
484267,83840
484268,45800
484269,40000
484270,66795
484271,59800
484272,51501
484273,40000
484274,86661
484275,71995
484276,49972
484277,40000
484278,82960
484279,40000
484280,45151
484281,58841
484282,53111
484283,67349
484284,50409
484285,95836
484286,52058
484287,81951
484288,59413
484289,60934
484290,40000
484291,40000
484292,50498
484293,40000
484294,54037
484295,45880
484296,40000
484297,59808
484298,52972
484299,54469
484300,65047
484301,93097
484302,42279
484303,72685
484304,77668
484305,78800
484306,75226
484307,40000
484308,40000
484309,40000
484310,46119
484311,69610
484312,63979
484313,40000
484314,40000
484315,46617
484316,54901
484317,72170
484318,58391
484319,46324
484320,85851
484321,40000
484322,40000
484323,75277
484324,40000
484325,58819
484326,40000
484327,54882
484328,40000
484329,59434
484330,41696
484331,92113
484332,55485
484333,51893
484334,41995
484335,51727
484336,49582
484337,40000
484338,57324
484339,40000
484340,57843
484341,40000
484342,40000
484343,40000
484344,40000
484345,62910
484346,41272
484347,44546
484348,90968
484349,40000
484350,40000
484351,50229
484352,81121
484353,40757
484354,66406
484355,40000
484356,45727
484357,40000
484358,65802
484359,40000
484360,40000
484361,49609
484362,40000
484363,40000
484364,40000
484365,46277
484366,59548
484367,75422
484368,79662
484369,49903
484370,42836
484371,45317
484372,40150
484373,40000
484374,52541
484375,51436
484376,52341
484377,42025
484378,83115
484379,78234
484380,53235
484381,43176
484382,40000
484383,92083
484384,44619
484385,40000
484386,75609
484387,44218
484388,90499
484389,46072
484390,54377
484391,40000
484392,40000
484393,48834
484394,40000
484395,49124
484396,77049
484397,40000
484398,40000
484399,52784
484400,68204
484401,54574
484402,44404
484403,40000
484404,40268
484405,84765
484406,65195
484407,40000
484408,54770
484409,44102
484410,47816
484411,42320
484412,80486
484413,40000
484414,74270
484415,45679
484416,65145
484417,56445
484418,40000
484419,48449
484420,48360
484421,80978
484422,54362
484423,55187
484424,61588
484425,48536
484426,76751
484427,40000
484428,40000
484429,40795
484430,40000
484431,40000
484432,56034
484433,58391
484434,48583
484435,56167
484436,40000
484437,63186
484438,72065
484439,87806
484440,40000
484441,47661
484442,40000
484443,40000
484444,46920
484445,75195
484446,66048
484447,54556
484448,40000
484449,40000
484450,75271
484451,45590
484452,40000
484453,42315
484454,73227
484455,40000
484456,47388
484457,49157
484458,52908
484459,71291
484460,40000
484461,50302
484462,40000
484463,49368
484464,40000
484465,62240
484466,44148
484467,42281
484468,79881
484469,55488
484470,54413
484471,40000
484472,57834
484473,78794
484474,46568
484475,91138
484476,40000
484477,40000
484478,44780
484479,40000
484480,82103
484481,50269
484482,40000
484483,80426
484484,81752
484485,40000
484486,40000
484487,40000
484488,56006
484489,62981
484490,47645
484491,49931
484492,58528
484493,40000
484494,106087
484495,40173
484496,55885
484497,40000
484498,66106
484499,40000
484500,51507
484501,75936
484502,40000
484503,40000
484504,67440
484505,40000
484506,79774
484507,40000
484508,52241
484509,40000
484510,49764
484511,40913
484512,42081
484513,55264
484514,78053
484515,60133
484516,40000
484517,40000
484518,63651
484519,40000
484520,40000
484521,43549
484522,101237
484523,40000
484524,40000
484525,69049
484526,51825
484527,52003
484528,40000
484529,55716
484530,76086
484531,60696
484532,40000
484533,40000
484534,40000
484535,40000
484536,74329
484537,44124
484538,40000
484539,59756
484540,47071
484541,43989
484542,53251
484543,72243
484544,40000
484545,40000
484546,81721
484547,40000
484548,40000
484549,47354
484550,83028
484551,78085
484552,71869
484553,40000
484554,45712
484555,84036
484556,49568
484557,57120
484558,52461
484559,67731
484560,64905
484561,79318
484562,50222
484563,40000
484564,41968
484565,51210
484566,77909
484567,40000
484568,52992
484569,66355
484570,45735
484571,69494
484572,65726
484573,60273
484574,42021
484575,40000
484576,47798
484577,40000
484578,73708
484579,41016
484580,50539
484581,40000
484582,79237
484583,77041
484584,67291
484585,59015
484586,55794
484587,40000
484588,86655
484589,40000
484590,77404
484591,56475
484592,65938
484593,40000
484594,47703
484595,40000
484596,44020
484597,64710
484598,40000
484599,40000
484600,40000
484601,51424
484602,64415
484603,40000
484604,73138
484605,40000
484606,53494
484607,40450
484608,40000
484609,40000
484610,40000
484611,40000
484612,63793
484613,51389
484614,40000
484615,40000
484616,42563
484617,41429
484618,40000
484619,65097
484620,68266
484621,44058
484622,45963
484623,41075
484624,40000
484625,40000
484626,78750
484627,40000
484628,40000
484629,52483
484630,40000
484631,40000
484632,40000
484633,40000
484634,40000
484635,84683
484636,40000
484637,40460
484638,40000
484639,51839
484640,40000
484641,54269
484642,88512
484643,51783
484644,51784
484645,40000
484646,43340
484647,40000
484648,50288
484649,58127
484650,84290
484651,49655
484652,40000
484653,51515
484654,51789
484655,57213
484656,40000
484657,49085
484658,51551
484659,40000
484660,41029
484661,50485
484662,67355
484663,72947
484664,40000
484665,43039
484666,45331
484667,40000
484668,40000
484669,40000
484670,40000
484671,64981
484672,73405
484673,54151
484674,41781
484675,56558
484676,46327
484677,45349
484678,87353
484679,51819
484680,40000
484681,74231
484682,40000
484683,83839
484684,42303
484685,44462
484686,40000
484687,40000
484688,42926
484689,63569
484690,56221
484691,54401
484692,45326
484693,70433
484694,42958
484695,59335
484696,66197
484697,40000
484698,40000
484699,51521
484700,54180
484701,55390
484702,42351
484703,65759
484704,67503
484705,40000
484706,57781
484707,62334
484708,48344
484709,42725
484710,40000
484711,45647
484712,49579
484713,40000
484714,60654
484715,40000
484716,44302
484717,55855
484718,54061
484719,42297
484720,41448
484721,77240
484722,79726
484723,40000
484724,65840
484725,64093
484726,67125
484727,70645
484728,50063
484729,42120
484730,70092
484731,40000
484732,42890
484733,81844
484734,45423
484735,50818
484736,99120
484737,43984
484738,81593
484739,43984
484740,45190
484741,100920
484742,74356
484743,82723
484744,40000
484745,64439
484746,59879
484747,90590
484748,92989
484749,40000
484750,67123
484751,51364
484752,49281
484753,44488
484754,44258
484755,45028
484756,40000
484757,40000
484758,47705
484759,79115
484760,45593
484761,65527
484762,40000
484763,83072
484764,46685
484765,40000
484766,40000
484767,73693
484768,75102
484769,50140
484770,40000
484771,61004
484772,43697
484773,40000
484774,52782
484775,56970
484776,55441
484777,70018
484778,48783
484779,40000
484780,41793
484781,40000
484782,40000
484783,41715
484784,76113
484785,70762
484786,55558
484787,79950
484788,44800
484789,56422
484790,43110
484791,74118
484792,40000
484793,65549
484794,40000
484795,40020
484796,70203
484797,63304
484798,43366
484799,46839
484800,40000
484801,40303
484802,44693
484803,40000
484804,46185
484805,58815
484806,59612
484807,54529
484808,56207
484809,44203
484810,52247
484811,40000
484812,78768
484813,54561
484814,48473
484815,74641
484816,40000
484817,44209
484818,40000
484819,40000
484820,40000
484821,78176
484822,40000
484823,62267
484824,40000
484825,40000
484826,67041
484827,84233
484828,48330
484829,40000
484830,51728
484831,57835
484832,41054
484833,73022
484834,40000
484835,72191
484836,41767
484837,55730
484838,89082
484839,57036
484840,40000
484841,54176
484842,48531
484843,44009
484844,40228
484845,105802
484846,44430
484847,64940
484848,40000
484849,45557
484850,40607
484851,53528
484852,58432
484853,58226
484854,40000
484855,40000
484856,40000
484857,78272
484858,40000
484859,41280
484860,40000
484861,57123
484862,98816
484863,40000
484864,40000
484865,58274
484866,57304
484867,75285
484868,72916
484869,53769
484870,87163
484871,55073
484872,50421
484873,59657
484874,59989
484875,42662
484876,40000
484877,42031
484878,40000
484879,45706
484880,45868
484881,75884
484882,72744
484883,58062
484884,70785
484885,66919
484886,40000
484887,65621
484888,42661
484889,50546
484890,40000
484891,42626
484892,51371
484893,56780
484894,40000
484895,40000
484896,47214
484897,60375
484898,40000
484899,70579
484900,40000
484901,40000
484902,48600
484903,40000
484904,93794
484905,40000
484906,40000
484907,40000
484908,40000
484909,49934
484910,70847
484911,63793
484912,86937
484913,73164
484914,76088
484915,51281
484916,40000
484917,46637
484918,40000
484919,40000
484920,85950
484921,40827
484922,40000
484923,49661
484924,40000
484925,40000
484926,46119
484927,43615
484928,40000
484929,46349
484930,50953
484931,50248
484932,49651
484933,72783
484934,40000
484935,56176
484936,40000
484937,51262
484938,56520
484939,40000
484940,40000
484941,86628
484942,59720
484943,48422
484944,43448
484945,63503
484946,41272
484947,54324
484948,44581
484949,40000
484950,40376
484951,62043
484952,42110
484953,40000
484954,40000
484955,56111
484956,54073
484957,58443
484958,42870
484959,40000
484960,40217
484961,98007
484962,43392
484963,46746
484964,40000
484965,62365
484966,40000
484967,55552
484968,64925
484969,41018
484970,40000
484971,42049
484972,46262
484973,70889
484974,92645
484975,42642
484976,40000
484977,40232
484978,56382
484979,45569
484980,40000
484981,67268
484982,70078
484983,49861
484984,65173
484985,49979
484986,40000
484987,40000
484988,40000
484989,68597
484990,40000
484991,67972
484992,40000
484993,74933
484994,40000
484995,49078
484996,40000
484997,40000
484998,52663
484999,50486
485000,64730
485001,42642
485002,40000
485003,110157
485004,40000
485005,83369
485006,40000
485007,66964
485008,57986
485009,49868
485010,55443
485011,40000
485012,57599
485013,87372
485014,40000
485015,40000
485016,43150
485017,100825
485018,41697
485019,54859
485020,45845
485021,40000
485022,40000
485023,41798
485024,40000
485025,40000
485026,40000
485027,43773
485028,81178
485029,40000
485030,55716
485031,40000
485032,56384
485033,67637
485034,85612
485035,58196
485036,61430
485037,40000
485038,40000
485039,57549
485040,43150
485041,40000
485042,61461
485043,41263
485044,68452
485045,63243
485046,40000
485047,43500
485048,53659
485049,55450
485050,55537
485051,66668
485052,55560
485053,75551
485054,83364
485055,40000
485056,48966
485057,40000
485058,46873
485059,40000
485060,54801
485061,40000
485062,56414
485063,40000
485064,78095
485065,40000
485066,49501
485067,46021
485068,66613
485069,42684
485070,48724
485071,40000
485072,41735
485073,42141
485074,40000
485075,57584
485076,55184
485077,64364
485078,79461
485079,63212
485080,40000
485081,47216
485082,82757
485083,53317
485084,40000
485085,44880
485086,51081
485087,79966
485088,40604
485089,63887
485090,53410
485091,40000
485092,40000
485093,57170
485094,56933
485095,48036
485096,41018
485097,43653
485098,78049
485099,73427
485100,40000
485101,61525
485102,93932
485103,61871
485104,70347
485105,73283
485106,52474
485107,53123
485108,46463
485109,50349
485110,61267
485111,40000
485112,61758
485113,81922
485114,49095
485115,53140
485116,69514
485117,44047
485118,43652
485119,42528
485120,54116
485121,51619
485122,58442
485123,63360
485124,52123
485125,54282
485126,40000
485127,61101
485128,40000
485129,46825
485130,40000
485131,40000
485132,40000
485133,52490
485134,40000
485135,46170
485136,50017
485137,64170
485138,40000
485139,40000
485140,42845
485141,76635
485142,60809
485143,40000
485144,45223
485145,40000
485146,57144
485147,40000
485148,46876
485149,83727
485150,57288
485151,49035
485152,41753
485153,40000
485154,66950
485155,40857
485156,80261
485157,45866
485158,40000
485159,56945
485160,45402
485161,87951
485162,40000
485163,42108
485164,54806
485165,40000
485166,48141
485167,40000
485168,40000
485169,60146
485170,50637
485171,40000
485172,40000
485173,65565
485174,40000
485175,54098
485176,41507
485177,76679
485178,55096
485179,65263
485180,40000
485181,40000
485182,60528
485183,58843
485184,43574
485185,60607
485186,49229
485187,40000
485188,40000
485189,40000
485190,67234
485191,40000
485192,43500
485193,40000
485194,66341
485195,47139
485196,40000
485197,72209
485198,40000
485199,40000
485200,87391
485201,63244
485202,40000
485203,40000
485204,58402
485205,106305
485206,61335
485207,40000
485208,40000
485209,40000
485210,41997
485211,59733
485212,40000
485213,58301
485214,56702
485215,70345
485216,50631
485217,46035
485218,40000
485219,40000
485220,51455
485221,51127
485222,40000
485223,59110
485224,47976
485225,43848
485226,40000
485227,40000
485228,60054
485229,47504
485230,42341
485231,40000
485232,45132
485233,57335
485234,47466
485235,69536
485236,58061
485237,57378
485238,69847
485239,55135
485240,61916
485241,76415
485242,55864
485243,41444
485244,72054
485245,53466
485246,68771
485247,40000
485248,66767
485249,51688
485250,65504
485251,44473
485252,91364
485253,53582
485254,40000
485255,40000
485256,53697
485257,41814
485258,78061
485259,40000
485260,60051
485261,68043
485262,45895
485263,40000
485264,41247
485265,40000
485266,40000
485267,44126
485268,70660
485269,46855
485270,40000
485271,76833
485272,41416
485273,40000
485274,47260
485275,66968
485276,59356
485277,40000
485278,40924
485279,60876
485280,40000
485281,42173
485282,40000
485283,75654
485284,40000
485285,40000
485286,89008
485287,58365
485288,60209
485289,40000
485290,42158
485291,58072
485292,45562
485293,52125
485294,40000
485295,65354
485296,55337
485297,40000
485298,40000
485299,40000
485300,44188
485301,62639
485302,56415
485303,40000
485304,40000
485305,60691
485306,65133
485307,49286
485308,40000
485309,56554
485310,84067
485311,40000
485312,97845
485313,42525
485314,64790
485315,49336
485316,45047
485317,58109
485318,50724
485319,49556
485320,42628
485321,70383
485322,66446
485323,89898
485324,51063
485325,48333
485326,40000
485327,40000
485328,63946
485329,47818
485330,59121
485331,50000
485332,73846
485333,45914
485334,80750
485335,73463
485336,40000
485337,76576
485338,63221
485339,81247
485340,69630
485341,47489
485342,43793
485343,40000
485344,40000
485345,40000
485346,40000
485347,40000
485348,70719
485349,44883
485350,41638
485351,40645
485352,58971
485353,66958
485354,41205
485355,44046
485356,60127
485357,40000
485358,40000
485359,40000
485360,60647
485361,57046
485362,40000
485363,59026
485364,52139
485365,52181
485366,40000
485367,56887
485368,66259
485369,76410
485370,65697
485371,40930
485372,40000
485373,83469
485374,59216
485375,83989
485376,72605
485377,49102
485378,40000
485379,40000
485380,78012
485381,60623
485382,70167
485383,51182
485384,52919
485385,40000
485386,57016
485387,40000
485388,63344
485389,58207
485390,40000
485391,71549
485392,49156
485393,46583
485394,52405
485395,44315
485396,40648
485397,47303
485398,40000
485399,87377
485400,63400
485401,76994
485402,78517
485403,51344
485404,40000
485405,40000
485406,63138
485407,40000
485408,94856
485409,58636
485410,43246
485411,60920
485412,76847
485413,78868
485414,40000
485415,83781
485416,69805
485417,43144
485418,63484
485419,55754
485420,55515
485421,68835
485422,40000
485423,44958
485424,40000
485425,40304
485426,40000
485427,43917
485428,64749
485429,67837
485430,63034
485431,46955
485432,50442
485433,40000
485434,40000
485435,40000
485436,63692
485437,40000
485438,65416
485439,40000
485440,40000
485441,57892
485442,49007
485443,46685
485444,70128
485445,67603
485446,76146
485447,42143
485448,40000
485449,40000
485450,40000
485451,42316
485452,56218
485453,40000
485454,79472
485455,41684
485456,40000
485457,72969
485458,40000
485459,50464
485460,41526
485461,41442
485462,40000
485463,40000
485464,65481
485465,40829
485466,40000
485467,47718
485468,40000
485469,40000
485470,53162
485471,41604
485472,54292
485473,57298
485474,44781
485475,53678
485476,47900
485477,60644
485478,46831
485479,44731
485480,40729
485481,40000
485482,58441
485483,40000
485484,44476
485485,44417
485486,40000
485487,93536
485488,69111
485489,55395
485490,81702
485491,40000
485492,47682
485493,40000
485494,49302
485495,48496
485496,44837
485497,47088
485498,47731
485499,52328
485500,98277
485501,40000
485502,73035
485503,45375
485504,40000
485505,96173
485506,42984
485507,48558
485508,41824
485509,40000
485510,67516
485511,40000
485512,40000
485513,40000
485514,55010
485515,40000
485516,40000
485517,55077
485518,90356
485519,60439
485520,60552
485521,61224
485522,40000
485523,57280
485524,59904
485525,42153
485526,40000
485527,40000
485528,66698
485529,52778
485530,69329
485531,40000
485532,72261
485533,45754
485534,55995
485535,47968
485536,49972
485537,68037
485538,56450
485539,69975
485540,53260
485541,92173
485542,40000
485543,73593
485544,53350
485545,41746
485546,59986
485547,80559
485548,56917
485549,84316
485550,59637
485551,81195
485552,40000
485553,42808
485554,63071
485555,40000
485556,40000
485557,46353
485558,68411
485559,61938
485560,40000
485561,40000
485562,88666
485563,40000
485564,40000
485565,97971
485566,45993
485567,40000
485568,91903
485569,40000
485570,40000
485571,40000
485572,43381
485573,51885
485574,51942
485575,40000
485576,43775
485577,40000
485578,40000
485579,44117
485580,40000
485581,52181
485582,40000
485583,70150
485584,40000
485585,40830
485586,40000
485587,42426
485588,53142
485589,40000
485590,40000
485591,67492
485592,46093
485593,54958
485594,40000
485595,67334
485596,40000
485597,62070
485598,40000
485599,40000
485600,53555
485601,58269
485602,61097
485603,51006
485604,59792
485605,62492
485606,80937
485607,82836
485608,40000
485609,66350
485610,41256
485611,40000
485612,53219
485613,55169
485614,48174
485615,77786
485616,40000
485617,52863
485618,82973
485619,40000
485620,40000
485621,72872
485622,46328
485623,46925
485624,54964
485625,52820
485626,40000
485627,51592
485628,46323
485629,46198
485630,43535
485631,40000
485632,57020
485633,83094
485634,63844
485635,40000
485636,40000
485637,78825
485638,48994
485639,40000
485640,55239
485641,48219
485642,59737
485643,65528
485644,40000
485645,40000
485646,56976
485647,65362
485648,40000
485649,40000
485650,61230
485651,40000
485652,77270
485653,66631
485654,40000
485655,51155
485656,40000
485657,40000
485658,100953
485659,40000
485660,52105
485661,81841
485662,40000
485663,40000
485664,40000
485665,56385
485666,65383
485667,59191
485668,80754
485669,70490
485670,52606
485671,47234
485672,66371
485673,73734
485674,50687
485675,40000
485676,56670
485677,40000
485678,40000
485679,40000
485680,54643
485681,52541
485682,40000
485683,71195
485684,61712
485685,63692
485686,56897
485687,45278
485688,76491
485689,40000
485690,47122
485691,52866
485692,87178
485693,42967
485694,66874
485695,64473
485696,90265
485697,40000
485698,40000
485699,40000
485700,40000
485701,40000
485702,65417
485703,78283
485704,53562
485705,40000
485706,69147
485707,54377
485708,83172
485709,40000
485710,53950
485711,40000
485712,40000
485713,51671
485714,65389
485715,90965
485716,64036
485717,52591
485718,93934
485719,40000
485720,40000
485721,77882
485722,60923
485723,40000
485724,52718
485725,42331
485726,75143
485727,40000
485728,40000
485729,79576
485730,40000
485731,58583
485732,63739
485733,48238
485734,47794
485735,49719
485736,63165
485737,40000
485738,72702
485739,40000
485740,40000
485741,54938
485742,40911
485743,47824
485744,55473
485745,53165
485746,40000
485747,59014
485748,40000
485749,40000
485750,66533
485751,63750
485752,40000
485753,40000
485754,73983
485755,44713
485756,40000
485757,55751
485758,45085
485759,65724
485760,53376
485761,40000
485762,81521
485763,63979
485764,72861
485765,87964
485766,63401
485767,60000
485768,40000
485769,67304
485770,63668
485771,43112
485772,40000
485773,70182
485774,58042
485775,47083
485776,52064
485777,78839
485778,77705
485779,40000
485780,75186
485781,41241
485782,40000
485783,40000
485784,40370
485785,73873
485786,44500
485787,60727
485788,42627
485789,40000
485790,55675
485791,40000
485792,69033
485793,69811
485794,82317
485795,54088
485796,56393
485797,40000
485798,68187
485799,40000
485800,79099
485801,40000
485802,58777
485803,48282
485804,40000
485805,58418
485806,52486
485807,40000
485808,62238
485809,62910
485810,40000
485811,91664
485812,40000
485813,40000
485814,55247
485815,46522
485816,44003
485817,51242
485818,44552
485819,40000
485820,44784
485821,40000
485822,83943
485823,55795
485824,46268
485825,69385
485826,47761
485827,54330
485828,42145
485829,46462
485830,55180
485831,46208
485832,83422
485833,54455
485834,43245
485835,40000
485836,40000
485837,51042
485838,40000
485839,76281
485840,42351
485841,47335
485842,41119
485843,42382
485844,69964
485845,40000
485846,40000
485847,43012
485848,40374
485849,61049
485850,91487
485851,40000
485852,40000
485853,41484
485854,91787
485855,55107
485856,100582
485857,61623
485858,40000
485859,60515
485860,40000
485861,40000
485862,52500
485863,59184
485864,42493
485865,68821
485866,40000
485867,41806
485868,60099
485869,59251
485870,63834
485871,40000
485872,40000
485873,40000
485874,59947
485875,40000
485876,68116
485877,40000
485878,40000
485879,83967
485880,40000
485881,71604
485882,40000
485883,95319
485884,71819
485885,90833
485886,40000
485887,40000
485888,62070
485889,65106
485890,41044
485891,68042
485892,56857
485893,40000
485894,86800
485895,69820
485896,78801
485897,40000
485898,46817
485899,44288
485900,60593
485901,40000
485902,60070
485903,65822
485904,52264
485905,51270
485906,61558
485907,63551
485908,40000
485909,47999
485910,65504
485911,47607
485912,52133
485913,40000
485914,40000
485915,49737
485916,40000
485917,58980
485918,53950
485919,44454
485920,51983
485921,48904
485922,40000
485923,46898
485924,78180
485925,40000
485926,40000
485927,40000
485928,40000
485929,40000
485930,76072
485931,51894
485932,40000
485933,40000
485934,40000
485935,47604
485936,40000
485937,93169
485938,69534
485939,73729
485940,40000
485941,91589
485942,79686
485943,48414
485944,72368
485945,45976
485946,70226
485947,80897
485948,67083
485949,90068
485950,40000
485951,57713
485952,40000
485953,48445
485954,84175
485955,50257
485956,50461
485957,40000
485958,40000
485959,51201
485960,53874
485961,40000
485962,67912
485963,59407
485964,40000
485965,40000
485966,65205
485967,40000
485968,56333
485969,54123
485970,40000
485971,40000
485972,59414
485973,53583
485974,52424
485975,82935
485976,40000
485977,40000
485978,51596
485979,60958
485980,89929
485981,67992
485982,40000
485983,61741
485984,40000
485985,40000
485986,40000
485987,79298
485988,40000
485989,40000
485990,53837
485991,45177
485992,69841
485993,65215
485994,66175
485995,50021
485996,64882
485997,45056
485998,53435
485999,61308
486000,68993
486001,58514
486002,40000
486003,40000
486004,57326
486005,54227
486006,40000
486007,71969
486008,88156
486009,40053
486010,40000
486011,58602
486012,51735
486013,65916
486014,50154
486015,50465
486016,40000
486017,40000
486018,46111
486019,42423
486020,40000
486021,40000
486022,40000
486023,50711
486024,40000
486025,40000
486026,49927
486027,46666
486028,40000
486029,40000
486030,40000
486031,55340
486032,40000
486033,66575
486034,66799
486035,40000
486036,40000
486037,65859
486038,52025
486039,67540
486040,40000
486041,45097
486042,59665
486043,56874
486044,40000
486045,40000
486046,53869
486047,50110
486048,40000
486049,40000
486050,50888
486051,50656
486052,46724
486053,56914
486054,53740
486055,40000
486056,72328
486057,40000
486058,40000
486059,40000
486060,48012
486061,67655
486062,60321
486063,55998
486064,40559
486065,88244
486066,41835
486067,50008
486068,54089
486069,40000
486070,79307
486071,56465
486072,61049
486073,40000
486074,68724
486075,40000
486076,64391
486077,71616
486078,40000
486079,40000
486080,46996
486081,62515
486082,42749
486083,72808
486084,55581
486085,73978
486086,65836
486087,45664
486088,48272
486089,40000
486090,40000
486091,51469
486092,40000
486093,40000
486094,66034
486095,48437
486096,40565
486097,48554
486098,59408
486099,40000
486100,71243
486101,56745
486102,57104
486103,60268
486104,44888
486105,40000
486106,40000
486107,55899
486108,40000
486109,40000
486110,63902
486111,74610
486112,43073
486113,45534
486114,48378
486115,49863
486116,49893
486117,40000
486118,81251
486119,40000
486120,74829
486121,40024
486122,48253
486123,48391
486124,60980
486125,69710
486126,59308
486127,50481
486128,51859
486129,46746
486130,44824
486131,40000
486132,40000
486133,40000
486134,40000
486135,76740
486136,54063
486137,74466
486138,40000
486139,73084
486140,41031
486141,53891
486142,58263
486143,40833
486144,60722
486145,65248
486146,40000
486147,50300
486148,40000
486149,75541
486150,40000
486151,58843
486152,56405
486153,40000
486154,45996
486155,56473
486156,57512
486157,57288
486158,40000
486159,40000
486160,61518
486161,40000
486162,71782
486163,57748
486164,62398
486165,74422
486166,40000
486167,47060
486168,58457
486169,59719
486170,40000
486171,46313
486172,40000
486173,48093
486174,57405
486175,50005
486176,41310
486177,40000
486178,66822
486179,63438
486180,40000
486181,40000
486182,65931
486183,41901
486184,40000
486185,107740
486186,42645
486187,40000
486188,55851
486189,47816
486190,45626
486191,61474
486192,40000
486193,40000
486194,75384
486195,40000
486196,41743
486197,40000
486198,68506
486199,63221
486200,40000
486201,76126
486202,54391
486203,40000
486204,60986
486205,40875
486206,48351
486207,65386
486208,52191
486209,60077
486210,40000
486211,40000
486212,48101
486213,46161
486214,50565
486215,59512
486216,51515
486217,93329
486218,74655
486219,40000
486220,44125
486221,40000
486222,40000
486223,40000
486224,40000
486225,101652
486226,43250
486227,40000
486228,81537
486229,59367
486230,58210
486231,40000
486232,87026
486233,59865
486234,43936
486235,40000
486236,67883
486237,62804
486238,40000
486239,40000
486240,40000
486241,70549
486242,57888
486243,64502
486244,63939
486245,47337
486246,77812
486247,51168
486248,40000
486249,49546
486250,40000
486251,40000
486252,72407
486253,66849
486254,40000
486255,40000
486256,40000
486257,40000
486258,53663
486259,40000
486260,40000
486261,40000
486262,50001
486263,63852
486264,69252
486265,40798
486266,40947
486267,45151
486268,47595
486269,59832
486270,46077
486271,40000
486272,45834
486273,40706
486274,40000
486275,41318
486276,56888
486277,75500
486278,40000
486279,53447
486280,42370
486281,40000
486282,72547
486283,55546
486284,61617
486285,74809
486286,49356
486287,40000
486288,40000
486289,61853
486290,48223
486291,40000
486292,40000
486293,69417
486294,40000
486295,82683
486296,69493
486297,54085
486298,42181
486299,60046
486300,42170
486301,40000
486302,40000
486303,44418
486304,40000
486305,40000
486306,40578
486307,58066
486308,55321
486309,58531
486310,73164
486311,67712
486312,76276
486313,80192
486314,94653
486315,76363
486316,50237
486317,40000
486318,58139
486319,40000
486320,56215
486321,40000
486322,66866
486323,46257
486324,40000
486325,73809
486326,45888
486327,53979
486328,44601
486329,70684
486330,41123
486331,71683
486332,69574
486333,45523
486334,47612
486335,41368
486336,67718
486337,40000
486338,40000
486339,49942
486340,40000
486341,40343
486342,40000
486343,46982
486344,59050
486345,57904
486346,41849
486347,54951
486348,40000
486349,40386
486350,94670
486351,52063
486352,40000
486353,40000
486354,46801
486355,46542
486356,83050
486357,40000
486358,40000
486359,62294
486360,53204
486361,40000
486362,40967
486363,59086
486364,53182
486365,53601
486366,41376
486367,40000
486368,58123
486369,65490
486370,40000
486371,54230
486372,63537
486373,68180
486374,50223
486375,40000
486376,40000
486377,60601
486378,58827
486379,40000
486380,42716
486381,68799
486382,51853
486383,56904
486384,76894
486385,49018
486386,44457
486387,50715
486388,80462
486389,40000
486390,69595
486391,40000
486392,44138
486393,43698
486394,45066
486395,41026
486396,44481
486397,40000
486398,40000
486399,40000
486400,48229
486401,70633
486402,68234
486403,45488
486404,46719
486405,40000
486406,46171
486407,41528
486408,75168
486409,40000
486410,66729
486411,64268
486412,58755
486413,58685
486414,44908
486415,76482
486416,40000
486417,40000
486418,40000
486419,62569
486420,96621
486421,51627
486422,69507
486423,86725
486424,70622
486425,54746
486426,40000
486427,40000
486428,58913
486429,40000
486430,40000
486431,58449
486432,59492
486433,52418
486434,54689
486435,40000
486436,40000
486437,71797
486438,47555
486439,40000
486440,49732
486441,51093
486442,69548
486443,40000
486444,40000
486445,52234
486446,40000
486447,48504
486448,89417
486449,42616
486450,59642
486451,55734
486452,50707
486453,40000
486454,77795
486455,73681
486456,49693
486457,56318
486458,40000
486459,40000
486460,89720
486461,40000
486462,58267
486463,41671
486464,58401
486465,60871
486466,63053
486467,59472
486468,97389
486469,79268
486470,81528
486471,41741
486472,51895
486473,40000
486474,40000
486475,89857
486476,43745
486477,40000
486478,91916
486479,58744
486480,40000
486481,40000
486482,40000
486483,64667
486484,52514
486485,63528
486486,69947
486487,40000
486488,43881
486489,56493
486490,40000
486491,40000
486492,42336
486493,40000
486494,63991
486495,40000
486496,40000
486497,77251
486498,64739
486499,74120
486500,44224
486501,51839
486502,65435
486503,57236
486504,85579
486505,40000
486506,40000
486507,40000
486508,47103
486509,41164
486510,52763
486511,40000
486512,51878
486513,46240
486514,40000
486515,40000
486516,67746
486517,68583
486518,40000
486519,44371
486520,87205
486521,40000
486522,40000
486523,55921
486524,40000
486525,68273
486526,47731
486527,40000
486528,46393
486529,40000
486530,64423
486531,40000
486532,75656
486533,64540
486534,40000
486535,40000
486536,48840
486537,66692
486538,45934
486539,43184
486540,41955
486541,56305
486542,53736
486543,40000
486544,45563
486545,41727
486546,40000
486547,55748
486548,42708
486549,40000
486550,42858
486551,40000
486552,60504
486553,69031
486554,40000
486555,52717
486556,60560
486557,68405
486558,57713
486559,51637
486560,40146
486561,56077
486562,52520
486563,40000
486564,50121
486565,59113
486566,52704
486567,59092
486568,57499
486569,61603
486570,40000
486571,60152
486572,49693
486573,40000
486574,60882
486575,40000
486576,40000
486577,64369
486578,75818
486579,47648
486580,43710
486581,40000
486582,86126
486583,84090
486584,40000
486585,80935
486586,40000
486587,47728
486588,40000
486589,68638
486590,75254
486591,40000
486592,52387
486593,40000
486594,81305
486595,40000
486596,68535
486597,42167
486598,40000
486599,40000
486600,54087
486601,40000
486602,40000
486603,42620
486604,87125
486605,40000
486606,60640
486607,40000
486608,44574
486609,40000
486610,40000
486611,43019
486612,80467
486613,40000
486614,61784
486615,64992
486616,57153
486617,57094
486618,73420
486619,40000
486620,58825
486621,42998
486622,72276
486623,40000
486624,53104
486625,67473
486626,64084
486627,58613
486628,52354
486629,40000
486630,54852
486631,50725
486632,40000
486633,45943
486634,75858
486635,52113
486636,59233
486637,59380
486638,56478
486639,61501
486640,51426
486641,69335
486642,57481
486643,54088
486644,42557
486645,82176
486646,58108
486647,62069
486648,49532
486649,65526
486650,43801
486651,40000
486652,40000
486653,51149
486654,75934
486655,52119
486656,58772
486657,40368
486658,41690
486659,64691
486660,52596
486661,64425
486662,82108
486663,53587
486664,55310
486665,50264
486666,40000
486667,40000
486668,40000
486669,68561
486670,54389
486671,47455
486672,40000
486673,40000
486674,40000
486675,40000
486676,60771
486677,42483
486678,83533
486679,40000
486680,50941
486681,40000
486682,51553
486683,40368
486684,64586
486685,40000
486686,69718
486687,41980
486688,52316
486689,49590
486690,40000
486691,40000
486692,41458
486693,40689
486694,40000
486695,56357
486696,78175
486697,68310
486698,50203
486699,56531
486700,41007
486701,43383
486702,44111
486703,55039
486704,82068
486705,52405
486706,40000
486707,42292
486708,68882
486709,40000
486710,40000
486711,73644
486712,74277
486713,65268
486714,41556
486715,40000
486716,52519
486717,40000
486718,40000
486719,40000
486720,41944
486721,40000
486722,40000
486723,40000
486724,55742
486725,40000
486726,55806
486727,51210
486728,40000
486729,66807
486730,72101
486731,44847
486732,52050
486733,86057
486734,40000
486735,108053
486736,87625
486737,40000
486738,53359
486739,82739
486740,41910
486741,42655
486742,49751
486743,45809
486744,40000
486745,44103
486746,71791
486747,65564
486748,52224
486749,65024
486750,40000
486751,53959
486752,87133
486753,79458
486754,80264
486755,40000
486756,40000
486757,41811
486758,40000
486759,97551
486760,43479
486761,51059
486762,69327
486763,69292
486764,59974
486765,40000
486766,40047
486767,59194
486768,59171
486769,41886
486770,55871
486771,53146
486772,63779
486773,54362
486774,60456
486775,40000
486776,40000
486777,93568
486778,82403
486779,40000
486780,47068
486781,40000
486782,74762
486783,40000
486784,62228
486785,40626
486786,47701
486787,40000
486788,61322
486789,63442
486790,43401
486791,55102
486792,66880
486793,43098
486794,40000
486795,45854
486796,56745
486797,51205
486798,40118
486799,52260
486800,40000
486801,62863
486802,63650
486803,60931
486804,50986
486805,50435
486806,62696
486807,41747
486808,40000
486809,79618
486810,70569
486811,68007
486812,45353
486813,42661
486814,52639
486815,56373
486816,71690
486817,76390
486818,51956
486819,62696
486820,63914
486821,40000
486822,40000
486823,53952
486824,41035
486825,67378
486826,40000
486827,40000
486828,40000
486829,40000
486830,54413
486831,58964
486832,65131
486833,70529
486834,71894
486835,40000
486836,72769
486837,61050
486838,40000
486839,60990
486840,40000
486841,40459
486842,65267
486843,49416
486844,40000
486845,40000
486846,56447
486847,42387
486848,40000
486849,83938
486850,81138
486851,40000
486852,40000
486853,40000
486854,40000
486855,45084
486856,67837
486857,53121
486858,49932
486859,40000
486860,40000
486861,42843
486862,40000
486863,40000
486864,40000
486865,61874
486866,40000
486867,41758
486868,72808
486869,49721
486870,64940
486871,41873
486872,40000
486873,70671
486874,40000
486875,61957
486876,40000
486877,45205
486878,55619
486879,55040
486880,40000
486881,67010
486882,40000
486883,40000
486884,48152
486885,43099
486886,40000
486887,52034
486888,74617
486889,40000
486890,56143
486891,100064
486892,77440
486893,61209
486894,68337
486895,45224
486896,70529
486897,46833
486898,50134
486899,44997
486900,43501
486901,47854
486902,57214
486903,55809
486904,40000
486905,40000
486906,45066
486907,87066
486908,77819
486909,41607
486910,40000
486911,40000
486912,44134
486913,56559
486914,60599
486915,47634
486916,61820
486917,52924
486918,51627
486919,54826
486920,77462
486921,70763
486922,93895
486923,41285
486924,78867
486925,44066
486926,40000
486927,53793
486928,40000
486929,40000
486930,40000
486931,48923
486932,40000
486933,40000
486934,62312
486935,40000
486936,56994
486937,68684
486938,40000
486939,62043
486940,40140
486941,68046
486942,62708
486943,40469
486944,62277
486945,45023
486946,48481
486947,40000
486948,40000
486949,97915
486950,51330
486951,40000
486952,40000
486953,60279
486954,48830
486955,44971
486956,63351
486957,40000
486958,45160
486959,54927
486960,67016
486961,40000
486962,73804
486963,42702
486964,40000
486965,42154
486966,40000
486967,60024
486968,40000
486969,43201
486970,40000
486971,50965
486972,83883
486973,50651
486974,40000
486975,53686
486976,56680
486977,40000
486978,40445
486979,76900
486980,76198
486981,51141
486982,53893
486983,74522
486984,40000
486985,57696
486986,70088
486987,64887
486988,57429
486989,68858
486990,44151
486991,52795
486992,62495
486993,46756
486994,54871
486995,40000
486996,40000
486997,46971
486998,85082
486999,42038
487000,57627
487001,48080
487002,53534
487003,71455
487004,40000
487005,60393
487006,59588
487007,44410
487008,73387
487009,46612
487010,60447
487011,73790
487012,40000
487013,40000
487014,66183
487015,40000
487016,40000
487017,84281
487018,40000
487019,55685
487020,40000
487021,69712
487022,59373
487023,58450
487024,40000
487025,40000
487026,52010
487027,47426
487028,51759
487029,66386
487030,68092
487031,84775
487032,47291
487033,72985
487034,45981
487035,65625
487036,56990
487037,40000
487038,40000
487039,53760
487040,40542
487041,47632
487042,68121
487043,40000
487044,65477
487045,59296
487046,73164
487047,46242
487048,83094
487049,40000
487050,40094
487051,40000
487052,80591
487053,40000
487054,40000
487055,48155
487056,53637
487057,49084
487058,41841
487059,49282
487060,43933
487061,65176
487062,44555
487063,40000
487064,45053
487065,40000
487066,40590
487067,44503
487068,40000
487069,77124
487070,84780
487071,76046
487072,49558
487073,40000
487074,40000
487075,66828
487076,75295
487077,40000
487078,63507
487079,40000
487080,40000
487081,61099
487082,40000
487083,40000
487084,50340
487085,40000
487086,40000
487087,41669
487088,57097
487089,72408
487090,40000
487091,40000
487092,41713
487093,59593
487094,83649
487095,40000
487096,40000
487097,66227
487098,48429
487099,60529
487100,40841
487101,43608
487102,57627
487103,99690
487104,75843
487105,40000
487106,62099
487107,41078
487108,41604
487109,40000
487110,45977
487111,40000
487112,55734
487113,67985
487114,52178
487115,57541
487116,70219
487117,58752
487118,40000
487119,40000
487120,40000
487121,42862
487122,44247
487123,40000
487124,40579
487125,52466
487126,47414
487127,52492
487128,57015
487129,41792
487130,40000
487131,40000
487132,44988
487133,46321
487134,85375
487135,40000
487136,40000
487137,40000
487138,40000
487139,48958
487140,56232
487141,40000
487142,44392
487143,77943
487144,48852
487145,68755
487146,40000
487147,95366
487148,40545
487149,40000
487150,88062
487151,40000
487152,73795
487153,59879
487154,76766
487155,47627
487156,63957
487157,43659
487158,43451
487159,50126
487160,48052
487161,50422
487162,66713
487163,51801
487164,44612
487165,40000
487166,74452
487167,60937
487168,66711
487169,40000
487170,65912
487171,43392
487172,59558
487173,68219
487174,80661
487175,40346
487176,40694
487177,86958
487178,55997
487179,79325
487180,40000
487181,55382
487182,59129
487183,40000
487184,59493
487185,63276
487186,40000
487187,40000
487188,57144
487189,56502
487190,40000
487191,40000
487192,41388
487193,65917
487194,41534
487195,66434
487196,59907
487197,40000
487198,80367
487199,40000
487200,56844
487201,47045
487202,69628
487203,87252
487204,40000
487205,55076
487206,79219
487207,64582
487208,49685
487209,56891
487210,40000
487211,58549
487212,40000
487213,81842
487214,40000
487215,40000
487216,55457
487217,64163
487218,40000
487219,40000
487220,62102
487221,67752
487222,66774
487223,42379
487224,75153
487225,66447
487226,64248
487227,40000
487228,43235
487229,41015
487230,59399
487231,42871
487232,40000
487233,62551
487234,40000
487235,55556
487236,40000
487237,85854
487238,40000
487239,43571
487240,40000
487241,62829
487242,40000
487243,40000
487244,40000
487245,50432
487246,77257
487247,72694
487248,42442
487249,40000
487250,55031
487251,74856
487252,44254
487253,40000
487254,69379
487255,40000
487256,58443
487257,40000
487258,79457
487259,66629
487260,72007
487261,41628
487262,47890
487263,67723
487264,49271
487265,40000
487266,40000
487267,40000
487268,60419
487269,63153
487270,51910
487271,42798
487272,75126
487273,40000
487274,61433
487275,51760
487276,54181
487277,40000
487278,63920
487279,57912
487280,40000
487281,51324
487282,40777
487283,40000
487284,62232
487285,72097
487286,53014
487287,56823
487288,46943
487289,107760
487290,40000
487291,40000
487292,40000
487293,40000
487294,46411
487295,54864
487296,53986
487297,40000
487298,40000
487299,54660
487300,76778
487301,49940
487302,40000
487303,40000
487304,69075
487305,41978
487306,40000
487307,80133
487308,48182
487309,40000
487310,49147
487311,50043
487312,40000
487313,47883
487314,74260
487315,40000
487316,40000
487317,74468
487318,60392
487319,77709
487320,40000
487321,40000
487322,40000
487323,106849
487324,40000
487325,40000
487326,53418
487327,60984
487328,47026
487329,51747
487330,40000
487331,46773
487332,71451
487333,40000
487334,40000
487335,100853
487336,78927
487337,61309
487338,40000
487339,51571
487340,40000
487341,40000
487342,90478
487343,40000
487344,44909
487345,58177
487346,69849
487347,59805
487348,80447
487349,46669
487350,40000
487351,74929
487352,56817
487353,40000
487354,76037
487355,82505
487356,67832
487357,46162
487358,77639
487359,62130
487360,63148
487361,40000
487362,93018
487363,40000
487364,69909
487365,65177
487366,49705
487367,52227
487368,51562
487369,40000
487370,40000
487371,41883
487372,81607
487373,40000
487374,44550
487375,42783
487376,60765
487377,40000
487378,62182
487379,40000
487380,40000
487381,40000
487382,40000
487383,78129
487384,50213
487385,40000
487386,65934
487387,53942
487388,40000
487389,49893
487390,42125
487391,40000
487392,51307
487393,107109
487394,72421
487395,42603
487396,56295
487397,54453
487398,59211
487399,40000
487400,40000
487401,40000
487402,44255
487403,64462
487404,80022
487405,40000
487406,54175
487407,52924
487408,46817
487409,66055
487410,45426
487411,42301
487412,53060
487413,49797
487414,70196
487415,40000
487416,76763
487417,48940
487418,80626
487419,60803
487420,49532
487421,40000
487422,81540
487423,66987
487424,53046
487425,49163
487426,71905
487427,47114
487428,61421
487429,65933
487430,63184
487431,40000
487432,78041
487433,45063
487434,47219
487435,61888
487436,66737
487437,52809
487438,52557
487439,40000
487440,61124
487441,40000
487442,40000
487443,42650
487444,48783
487445,60373
487446,94454
487447,40000
487448,44734
487449,40367
487450,40000
487451,55589
487452,47249
487453,55341
487454,54240
487455,52201
487456,91447
487457,47395
487458,46044
487459,60880
487460,47424
487461,60542
487462,40000
487463,47397
487464,40000
487465,72356
487466,75393
487467,48216
487468,49232
487469,67342
487470,79138
487471,66099
487472,70682
487473,40419
487474,55987
487475,75655
487476,76490
487477,43348
487478,40000
487479,53303
487480,40000
487481,57432
487482,40000
487483,68807
487484,52742
487485,40052
487486,40000
487487,40000
487488,84191
487489,45107
487490,83615
487491,54759
487492,99524
487493,40000
487494,77175
487495,60621
487496,40000
487497,59499
487498,72392
487499,40000
487500,60115
487501,64545
487502,40000
487503,40000
487504,57346
487505,57439
487506,78405
487507,45407
487508,52026
487509,76557
487510,50449
487511,73606
487512,46969
487513,54030
487514,62537
487515,40000
487516,40000
487517,76116
487518,49143
487519,44061
487520,40000
487521,55702
487522,68180
487523,60944
487524,48309
487525,73981
487526,55764
487527,53542
487528,67158
487529,45898
487530,88723
487531,51757
487532,56032
487533,40000
487534,52293
487535,45988
487536,40000
487537,40000
487538,78135
487539,73980
487540,95397
487541,47132
487542,48294
487543,65120
487544,40841
487545,51855
487546,69240
487547,40000
487548,48924
487549,40000
487550,40000
487551,42991
487552,64421
487553,54748
487554,51234
487555,60813
487556,55070
487557,65709
487558,40000
487559,52466
487560,40000
487561,80001
487562,79822
487563,40000
487564,42300
487565,55975
487566,51989
487567,40000
487568,55429
487569,40000
487570,40000
487571,61959
487572,64401
487573,48228
487574,40000
487575,79886
487576,40000
487577,40000
487578,48705
487579,45923
487580,40000
487581,107901
487582,40000
487583,45022
487584,40000
487585,62228
487586,40000
487587,88582
487588,46362
487589,50886
487590,74381
487591,43541
487592,46097
487593,40000
487594,40000
487595,40000
487596,65273
487597,43188
487598,40000
487599,40598
487600,51224
487601,40000
487602,40000
487603,40000
487604,40000
487605,81496
487606,57124
487607,40000
487608,40000
487609,40000
487610,75507
487611,42632
487612,57646
487613,85862
487614,59816
487615,68274
487616,40000
487617,66691
487618,40000
487619,64234
487620,47448
487621,52454
487622,54055
487623,62995
487624,58609
487625,105449
487626,65002
487627,74693
487628,40000
487629,58232
487630,40000
487631,43459
487632,40000
487633,46182
487634,52001
487635,40000
487636,40000
487637,40000
487638,40000
487639,53198
487640,40000
487641,40000
487642,92135
487643,40000
487644,46372
487645,71166
487646,40000
487647,47845
487648,40000
487649,40000
487650,40000
487651,40000
487652,45184
487653,72686
487654,40000
487655,51543
487656,40000
487657,40000
487658,41943
487659,60485
487660,59421
487661,46062
487662,52111
487663,53162
487664,68695
487665,57451
487666,40000
487667,40000
487668,75936
487669,40000
487670,40000
487671,42509
487672,40000
487673,40000
487674,44160
487675,52606
487676,46485
487677,41772
487678,46247
487679,65930
487680,50691
487681,40000
487682,40000
487683,45655
487684,40000
487685,73080
487686,64912
487687,40000
487688,44446
487689,67948
487690,64480
487691,40000
487692,48600
487693,40000
487694,40000
487695,40000
487696,66865
487697,58594
487698,70311
487699,52800
487700,57519
487701,40000
487702,40000
487703,50080
487704,50207
487705,40000
487706,44720
487707,40000
487708,43906
487709,55406
487710,55050
487711,50431
487712,40000
487713,55019
487714,77774
487715,40000
487716,77157
487717,40000
487718,62062
487719,40000
487720,52190
487721,43268
487722,40000
487723,44538
487724,55343
487725,56200
487726,54882
487727,40000
487728,40000
487729,40000
487730,40000
487731,67490
487732,40069
487733,48538
487734,40000
487735,45233
487736,40000
487737,60270
487738,63668
487739,40000
487740,42232
487741,55391
487742,40000
487743,98960
487744,49278
487745,77891
487746,40000
487747,63530
487748,51022
487749,59116
487750,51335
487751,47313
487752,46351
487753,66502
487754,40000
487755,65130
487756,53350
487757,71524
487758,40000
487759,50117
487760,40000
487761,72838
487762,40000
487763,75124
487764,40000
487765,40000
487766,65505
487767,61951
487768,40000
487769,53669
487770,58882
487771,40000
487772,40481
487773,40000
487774,65079
487775,40000
487776,50778
487777,56432
487778,40000
487779,79273
487780,50877
487781,49626
487782,52350
487783,60429
487784,54866
487785,46630
487786,55216
487787,46816
487788,40000
487789,40000
487790,40000
487791,59717
487792,52433
487793,40000
487794,43584
487795,52659
487796,76344
487797,54852
487798,47785
487799,40000
487800,50465
487801,40000
487802,51248
487803,46276
487804,46325
487805,40000
487806,66139
487807,40000
487808,57637
487809,82893
487810,48479
487811,60867
487812,71005
487813,40000
487814,40000
487815,50228
487816,47975
487817,46427
487818,40000
487819,40000
487820,40000
487821,83740
487822,46086
487823,55477
487824,53185
487825,45060
487826,48001
487827,40000
487828,40000
487829,40000
487830,40000
487831,46922
487832,40000
487833,56864
487834,40000
487835,40000
487836,52508
487837,46461
487838,40000
487839,70162
487840,50339
487841,66876
487842,81952
487843,40000
487844,68080
487845,91307
487846,40000
487847,40000
487848,52958
487849,47070
487850,40000
487851,40000
487852,40000
487853,43512
487854,40000
487855,57971
487856,41527
487857,40000
487858,58497
487859,40000
487860,58302
487861,40000
487862,48483
487863,56013
487864,40000
487865,60882
487866,61939
487867,61705
487868,40000
487869,62283
487870,40000
487871,52215
487872,40077
487873,40000
487874,40516
487875,48874
487876,50515
487877,40283
487878,49339
487879,40000
487880,46436
487881,67527
487882,54604
487883,76552
487884,40000
487885,50594
487886,84995
487887,49940
487888,40000
487889,47803
487890,42952
487891,40000
487892,54719
487893,59999
487894,58919
487895,76181
487896,93927
487897,40000
487898,110779
487899,60420
487900,40000
487901,40000
487902,63070
487903,42749
487904,63153
487905,53764
487906,74581
487907,64094
487908,47763
487909,60003
487910,40000
487911,52141
487912,40000
487913,71638
487914,79446
487915,54245
487916,52240
487917,41616
487918,61153
487919,56623
487920,40000
487921,57300
487922,40000
487923,64036
487924,45322
487925,40000
487926,69276
487927,40000
487928,40000
487929,76477
487930,79891
487931,68025
487932,65336
487933,40000
487934,43577
487935,57578
487936,40000
487937,53707
487938,49135
487939,40000
487940,54486
487941,46483
487942,40000
487943,40000
487944,65506
487945,61881
487946,51596
487947,42922
487948,40830
487949,41612
487950,105005
487951,60856
487952,48025
487953,40000
487954,69672
487955,42959
487956,73683
487957,59854
487958,77735
487959,64153
487960,40000
487961,40000
487962,40000
487963,40000
487964,80085
487965,40000
487966,42198
487967,93377
487968,40567
487969,55293
487970,40000
487971,84380
487972,40000
487973,46675
487974,40000
487975,40000
487976,57036
487977,40000
487978,40000
487979,75088
487980,40000
487981,42481
487982,40000
487983,79024
487984,42909
487985,41324
487986,86827
487987,74180
487988,40000
487989,40000
487990,40000
487991,99110
487992,40000
487993,62031
487994,40000
487995,40000
487996,58620
487997,40000
487998,62607
487999,61264
488000,59660
488001,69803
488002,44527
488003,40000
488004,56274
488005,40000
488006,50398
488007,53205
488008,40000
488009,51318
488010,53370
488011,49802
488012,40000
488013,52423
488014,40000
488015,40000
488016,78685
488017,75559
488018,75933
488019,90056
488020,40000
488021,56677
488022,40000
488023,66281
488024,61361
488025,47623
488026,41072
488027,45430
488028,80774
488029,57407
488030,42443
488031,40000
488032,56260
488033,58440
488034,40000
488035,40000
488036,47935
488037,40000
488038,46170
488039,59967
488040,47402
488041,72486
488042,40000
488043,49695
488044,77145
488045,41551
488046,40000
488047,53906
488048,42692
488049,72925
488050,66978
488051,40000
488052,53912
488053,40000
488054,40000
488055,59469
488056,42994
488057,40501
488058,64531
488059,45550
488060,59773
488061,48100
488062,40000
488063,68490
488064,58693
488065,49206
488066,46769
488067,40000
488068,93207
488069,54111
488070,40000
488071,41112
488072,40000
488073,51764
488074,48108
488075,40000
488076,82373
488077,64398
488078,40000
488079,41304
488080,62614
488081,54670
488082,49166
488083,45195
488084,53388
488085,47395
488086,40000
488087,65394
488088,66247
488089,68653
488090,55909
488091,66087
488092,86260
488093,89316
488094,92029
488095,40000
488096,49858
488097,40000
488098,40000
488099,40000
488100,49200
488101,56079
488102,40881
488103,55495
488104,55436
488105,48788
488106,65314
488107,40000
488108,75722
488109,48139
488110,46397
488111,40000
488112,76197
488113,60436
488114,40000
488115,40000
488116,40000
488117,69196
488118,49064
488119,66168
488120,40000
488121,40000
488122,58324
488123,40000
488124,52474
488125,60980
488126,40000
488127,61349
488128,46586
488129,40000
488130,40000
488131,58266
488132,40000
488133,78566
488134,42750
488135,40000
488136,40000
488137,40000
488138,53148
488139,40000
488140,91277
488141,69816
488142,40612
488143,40000
488144,44124
488145,40000
488146,69134
488147,40000
488148,49734
488149,65572
488150,74145
488151,43233
488152,40000
488153,42934
488154,55694
488155,40000
488156,40000
488157,45087
488158,57724
488159,41438
488160,46289
488161,64194
488162,40000
488163,59290
488164,40000
488165,47085
488166,40000
488167,48834
488168,40000
488169,72012
488170,105501
488171,40000
488172,59437
488173,50095
488174,43652
488175,40000
488176,90165
488177,44890
488178,58372
488179,63173
488180,41690
488181,66863
488182,74546
488183,40000
488184,60788
488185,71484
488186,71777
488187,40000
488188,40681
488189,46774
488190,40163
488191,40000
488192,46056
488193,56988
488194,40000
488195,45555
488196,48027
488197,87343
488198,82163
488199,40282
488200,66854
488201,69311
488202,62396
488203,55533
488204,40000
488205,43755
488206,40000
488207,52499
488208,45514
488209,40000
488210,79011
488211,40000
488212,40000
488213,46863
488214,53322
488215,63500
488216,70888
488217,42141
488218,40000
488219,40000
488220,74993
488221,52526
488222,70936
488223,40000
488224,40000
488225,40000
488226,55158
488227,43584
488228,40000
488229,64847
488230,40000
488231,40105
488232,40000
488233,67217
488234,61260
488235,79522
488236,57814
488237,48596
488238,61354
488239,55176
488240,40000
488241,83573
488242,53424
488243,50765
488244,40000
488245,97720
488246,55098
488247,40000
488248,47376
488249,50257
488250,40000
488251,49744
488252,71176
488253,86334
488254,65646
488255,56992
488256,40000
488257,62968
488258,59479
488259,40000
488260,76773
488261,51125
488262,73537
488263,66742
488264,41156
488265,75472
488266,50217
488267,40000
488268,40000
488269,40000
488270,40000
488271,40646
488272,40000
488273,76206
488274,43229
488275,76227
488276,55002
488277,40000
488278,45375
488279,103444
488280,40000
488281,40585
488282,58112
488283,40462
488284,40000
488285,44331
488286,53876
488287,45574
488288,42005
488289,63028
488290,43730
488291,63016
488292,40000
488293,55699
488294,66985
488295,81946
488296,57055
488297,46945
488298,42724
488299,43182
488300,40000
488301,54082
488302,53454
488303,54399
488304,54365
488305,55285
488306,48348
488307,54639
488308,48478
488309,59840
488310,40000
488311,48184
488312,48335
488313,45170
488314,48144
488315,47974
488316,57715
488317,48175
488318,56530
488319,50007
488320,40000
488321,54764
488322,40000
488323,57152
488324,56261
488325,46705
488326,40000
488327,40000
488328,61102
488329,46093
488330,56250
488331,53476
488332,71060
488333,45342
488334,40000
488335,40012
488336,67727
488337,40000
488338,44988
488339,47476
488340,47304
488341,58850
488342,40000
488343,58589
488344,60588
488345,40846
488346,43390
488347,53530
488348,40000
488349,54984
488350,48863
488351,41979
488352,75184
488353,57656
488354,40000
488355,40000
488356,50321
488357,68764
488358,92726
488359,40000
488360,80839
488361,40000
488362,61585
488363,40000
488364,46255
488365,40000
488366,42555
488367,51240
488368,44973
488369,55353
488370,70179
488371,79372
488372,40000
488373,40000
488374,59026
488375,51541
488376,80269
488377,40000
488378,51325
488379,40000
488380,52965
488381,40721
488382,41440
488383,56580
488384,40000
488385,40000
488386,61612
488387,40000
488388,57050
488389,40000
488390,50234
488391,55616
488392,40000
488393,48132
488394,44770
488395,40000
488396,45785
488397,54206
488398,50630
488399,40000
488400,75929
488401,69328
488402,58110
488403,40000
488404,90369
488405,83719
488406,40000
488407,50739
488408,51280
488409,41061
488410,76175
488411,40000
488412,55048
488413,40000
488414,40000
488415,56269
488416,61986
488417,44856
488418,43184
488419,40000
488420,47337
488421,60052
488422,40000
488423,56590
488424,41957
488425,57215
488426,45906
488427,62774
488428,51604
488429,40000
488430,40000
488431,63637
488432,73595
488433,61318
488434,53100
488435,40000
488436,40000
488437,64866
488438,75706
488439,50919
488440,40000
488441,40000
488442,59977
488443,50797
488444,40000
488445,60256
488446,59190
488447,42645
488448,77177
488449,40683
488450,42801
488451,40000
488452,70777
488453,48480
488454,40000
488455,61966
488456,64753
488457,45142
488458,40000
488459,94810
488460,40000
488461,97976
488462,52052
488463,49212
488464,59504
488465,40000
488466,44969
488467,50177
488468,41899
488469,77862
488470,40000
488471,54110
488472,57006
488473,48295
488474,65543
488475,40000
488476,53214
488477,40000
488478,42286
488479,58624
488480,40000
488481,40000
488482,44477
488483,67280
488484,59057
488485,72682
488486,49503
488487,47110
488488,40000
488489,40000
488490,40000
488491,56038
488492,66778
488493,77153
488494,51001
488495,49522
488496,40000
488497,40000
488498,46285
488499,66687
488500,47499
488501,40000
488502,40000
488503,54794
488504,42637
488505,81669
488506,62229
488507,40000
488508,40000
488509,40000
488510,60380
488511,54089
488512,86657
488513,46333
488514,42947
488515,59304
488516,40000
488517,50698
488518,58036
488519,71976
488520,40000
488521,50142
488522,69480
488523,65974
488524,42729
488525,68668
488526,60107
488527,53168
488528,66423
488529,40000
488530,66820
488531,40000
488532,43529
488533,43023
488534,40000
488535,50416
488536,67500
488537,40000
488538,40000
488539,52765
488540,88346
488541,64090
488542,40000
488543,41342
488544,52579
488545,40000
488546,67374
488547,40000
488548,63461
488549,40000
488550,42278
488551,40000
488552,87169
488553,41021
488554,70791
488555,44490
488556,41234
488557,40000
488558,60945
488559,54948
488560,40000
488561,49145
488562,70009
488563,50149
488564,40000
488565,48931
488566,40000
488567,40000
488568,40000
488569,56123
488570,40000
488571,69338
488572,41909
488573,82680
488574,40000
488575,40000
488576,40000
488577,40000
488578,65874
488579,40000
488580,41656
488581,42863
488582,68494
488583,47905
488584,64125
488585,53347
488586,61243
488587,40000
488588,42336
488589,72321
488590,40000
488591,40000
488592,40000
488593,44739
488594,41508
488595,56573
488596,40000
488597,72380
488598,40000
488599,40955
488600,58024
488601,60364
488602,40000
488603,63341
488604,49989
488605,49844
488606,51978
488607,85942
488608,47269
488609,67847
488610,89572
488611,63310
488612,53833
488613,40000
488614,52941
488615,59369
488616,40000
488617,46394
488618,76223
488619,58714
488620,65503
488621,49350
488622,40000
488623,40000
488624,40000
488625,40000
488626,40000
488627,43377
488628,109449
488629,40000
488630,55267
488631,56560
488632,54565
488633,78251
488634,86159
488635,98225
488636,40000
488637,76622
488638,61041
488639,40000
488640,42003
488641,46182
488642,40000
488643,55086
488644,40000
488645,59093
488646,66838
488647,40000
488648,43493
488649,54689
488650,66015
488651,53474
488652,40000
488653,65852
488654,40000
488655,42730
488656,49058
488657,59942
488658,40000
488659,49523
488660,52276
488661,63544
488662,64151
488663,74925
488664,48668
488665,40367
488666,68124
488667,47281
488668,40000
488669,40000
488670,53866
488671,46945
488672,50766
488673,63183
488674,52898
488675,54980
488676,40000
488677,41254
488678,40000
488679,57501
488680,69976
488681,40000
488682,56702
488683,46902
488684,46355
488685,40000
488686,61877
488687,40000
488688,40000
488689,40000
488690,59785
488691,56971
488692,57532
488693,40000
488694,53918
488695,40000
488696,67674
488697,40000
488698,57452
488699,66724
488700,40000
488701,40000
488702,40000
488703,40000
488704,43932
488705,45327
488706,40000
488707,61980
488708,52522
488709,60540
488710,40000
488711,40000
488712,84923
488713,87729
488714,45480
488715,74628
488716,40000
488717,40000
488718,74086
488719,40000
488720,43597
488721,40000
488722,46184
488723,58179
488724,51686
488725,72963
488726,53794
488727,70882
488728,70087
488729,68512
488730,59973
488731,59927
488732,61112
488733,56722
488734,40000
488735,72699
488736,67153
488737,50371
488738,65591
488739,40000
488740,47700
488741,81424
488742,64389
488743,53291
488744,40000
488745,40000
488746,40000
488747,47445
488748,54982
488749,45954
488750,79236
488751,40000
488752,44935
488753,55817
488754,40000
488755,50241
488756,53426
488757,81477
488758,62300
488759,50074
488760,72036
488761,51922
488762,40000
488763,71738
488764,40000
488765,66595
488766,40000
488767,40000
488768,78446
488769,40504
488770,80082
488771,49993
488772,48222
488773,40000
488774,52202
488775,59848
488776,40000
488777,40000
488778,76025
488779,40000
488780,54048
488781,52876
488782,52916
488783,60071
488784,40000
488785,59728
488786,44162
488787,68878
488788,55528
488789,74100
488790,52585
488791,62610
488792,59405
488793,54526
488794,79213
488795,40000
488796,40000
488797,60270
488798,76567
488799,43473
488800,59269
488801,40000
488802,40000
488803,70397
488804,40000
488805,40000
488806,40000
488807,59614
488808,40000
488809,56131
488810,59983
488811,40000
488812,40000
488813,56911
488814,40000
488815,41160
488816,57579
488817,45698
488818,40000
488819,40000
488820,40000
488821,45312
488822,40000
488823,58796
488824,49488
488825,65483
488826,51202
488827,40000
488828,49277
488829,45456
488830,63736
488831,47362
488832,40000
488833,40000
488834,49445
488835,42081
488836,54560
488837,63516
488838,40000
488839,69214
488840,63158
488841,78967
488842,74609
488843,42962
488844,47272
488845,67176
488846,48028
488847,40000
488848,43992
488849,64816
488850,64943
488851,47363
488852,68318
488853,53082
488854,40000
488855,40000
488856,74099
488857,40000
488858,68581
488859,50737
488860,49036
488861,40000
488862,64335
488863,52507
488864,40000
488865,52230
488866,64420
488867,40000
488868,42090
488869,44748
488870,40000
488871,48876
488872,54482
488873,51851
488874,51881
488875,68062
488876,52463
488877,64268
488878,48618
488879,84624
488880,40000
488881,40000
488882,48769
488883,40000
488884,53184
488885,40000
488886,49447
488887,40000
488888,59114
488889,58774
488890,40000
488891,61474
488892,40040
488893,66841
488894,72358
488895,40000
488896,46701
488897,111241
488898,40000
488899,67238
488900,53575
488901,40000
488902,45438
488903,40000
488904,53610
488905,64369
488906,51071
488907,40000
488908,43926
488909,40000
488910,54137
488911,60623
488912,50762
488913,57728
488914,40000
488915,40000
488916,40000
488917,73949
488918,64689
488919,49427
488920,52491
488921,43589
488922,80212
488923,71809
488924,65118
488925,52548
488926,47856
488927,62585
488928,58425
488929,66509
488930,41024
488931,43987
488932,71593
488933,57614
488934,40000
488935,40000
488936,59604
488937,51104
488938,69245
488939,42527
488940,57929
488941,46812
488942,74667
488943,62625
488944,51489
488945,53080
488946,40000
488947,44567
488948,40000
488949,40000
488950,50176
488951,51551
488952,52105
488953,45133
488954,71832
488955,50579
488956,64862
488957,40000
488958,41547
488959,60434
488960,56034
488961,84442
488962,40000
488963,45256
488964,68887
488965,40000
488966,40000
488967,58546
488968,55115
488969,68512
488970,40000
488971,72726
488972,46117
488973,40000
488974,54643
488975,45414
488976,40000
488977,48250
488978,40000
488979,40000
488980,40000
488981,66272
488982,59162
488983,40000
488984,68524
488985,44471
488986,45854
488987,50715
488988,78940
488989,40000
488990,40909
488991,61305
488992,88262
488993,48728
488994,61016
488995,42922
488996,40000
488997,40793
488998,69093
488999,72218
489000,43692
489001,85481
489002,40000
489003,71664
489004,71446
489005,40000
489006,69490
489007,40000
489008,43984
489009,40000
489010,40000
489011,40000
489012,46622
489013,46277
489014,73774
489015,66500
489016,44677
489017,40000
489018,46127
489019,47366
489020,69787
489021,58489
489022,56271
489023,40000
489024,88060
489025,40000
489026,53301
489027,57818
489028,53225
489029,83769
489030,40000
489031,40000
489032,52389
489033,45049
489034,53745
489035,50622
489036,40641
489037,52931
489038,69193
489039,40000
489040,40000
489041,56554
489042,77375
489043,63545
489044,77339
489045,40000
489046,40000
489047,50226
489048,46463
489049,73905
489050,63457
489051,40000
489052,40000
489053,46490
489054,73428
489055,64266
489056,49595
489057,40000
489058,46236
489059,70406
489060,40000
489061,45808
489062,47802
489063,47007
489064,71229
489065,44874
489066,40000
489067,40000
489068,88726
489069,60171
489070,40000
489071,40000
489072,40000
489073,42011
489074,40000
489075,55614
489076,40000
489077,59604
489078,40000
489079,90965
489080,40000
489081,40000
489082,75054
489083,57953
489084,40000
489085,60362
489086,48288
489087,40000
489088,40000
489089,40000
489090,59046
489091,60949
489092,51524
489093,68726
489094,68079
489095,56365
489096,46877
489097,48747
489098,54538
489099,40000
489100,56763
489101,74860
489102,40000
489103,50295
489104,40000
489105,40000
489106,44392
489107,56186
489108,40000
489109,54285
489110,68674
489111,51246
489112,45347
489113,65025
489114,72499
489115,54716
489116,40000
489117,40000
489118,47557
489119,52665
489120,55674
489121,44181
489122,66456
489123,75538
489124,40000
489125,40000
489126,40000
489127,69776
489128,53605
489129,40000
489130,57149
489131,50450
489132,60911
489133,41392
489134,60159
489135,40000
489136,40000
489137,53921
489138,41807
489139,40000
489140,40000
489141,40000
489142,59050
489143,91298
489144,40000
489145,40000
489146,55959
489147,73028
489148,56605
489149,40000
489150,64272
489151,49644
489152,54719
489153,47584
489154,40000
489155,41104
489156,91335
489157,41131
489158,77077
489159,40609
489160,59799
489161,40000
489162,47793
489163,45822
489164,40000
489165,51487
489166,43426
489167,44612
489168,40000
489169,40000
489170,40000
489171,46393
489172,40000
489173,60269
489174,40000
489175,63591
489176,40000
489177,40000
489178,62091
489179,60359
489180,40000
489181,75415
489182,40000
489183,89300
489184,40000
489185,46160
489186,59309
489187,40000
489188,53924
489189,60280
489190,71153
489191,45322
489192,68200
489193,40000
489194,40000
489195,65534
489196,59055
489197,40000
489198,66311
489199,75459
489200,52264
489201,58544
489202,43839
489203,40000
489204,40000
489205,40000
489206,40000
489207,84253
489208,49286
489209,40000
489210,40000
489211,48029
489212,40000
489213,99482
489214,49422
489215,40000
489216,51323
489217,40000
489218,46141
489219,58045
489220,40000
489221,40000
489222,48350
489223,40000
489224,83684
489225,40569
489226,52899
489227,40000
489228,41561
489229,71632
489230,40000
489231,82583
489232,40000
489233,40000
489234,61007
489235,56273
489236,40000
489237,63065
489238,75417
489239,40000
489240,73572
489241,40000
489242,61022
489243,40000
489244,61885
489245,57847
489246,55237
489247,56707
489248,40000
489249,40000
489250,40000
489251,53478
489252,65259
489253,40000
489254,42210
489255,42315
489256,62898
489257,66291
489258,40000
489259,40000
489260,48800
489261,40000
489262,55486
489263,45354
489264,53525
489265,70754
489266,40000
489267,58394
489268,50849
489269,40000
489270,67427
489271,40000
489272,49804
489273,40000
489274,74922
489275,50237
489276,40000
489277,54974
489278,49338
489279,40000
489280,54746
489281,40000
489282,44874
489283,60007
489284,40000
489285,70022
489286,43171
489287,63720
489288,40000
489289,40000
489290,57815
489291,40754
489292,78812
489293,41583
489294,40000
489295,59002
489296,55490
489297,69648
489298,41995
489299,48042
489300,40000
489301,40000
489302,40000
489303,51639
489304,74460
489305,74331
489306,91139
489307,71837
489308,70031
489309,50053
489310,40000
489311,40000
489312,40000
489313,97128
489314,40000
489315,61660
489316,46460
489317,56902
489318,50867
489319,73563
489320,53299
489321,79920
489322,54968
489323,43163
489324,48457
489325,40103
489326,46910
489327,50872
489328,54047
489329,64124
489330,44015
489331,40000
489332,66086
489333,40000
489334,40000
489335,40000
489336,62437
489337,40000
489338,72366
489339,40000
489340,67970
489341,40000
489342,40000
489343,71277
489344,40000
489345,40000
489346,40000
489347,40000
489348,47310
489349,75443
489350,40000
489351,86624
489352,53614
489353,40000
489354,69710
489355,40000
489356,41451
489357,69643
489358,40224
489359,40000
489360,51137
489361,40000
489362,40000
489363,49236
489364,54506
489365,58626
489366,47488
489367,46673
489368,55080
489369,50015
489370,47197
489371,62507
489372,41901
489373,40000
489374,43490
489375,57664
489376,55068
489377,40000
489378,40000
489379,53396
489380,40000
489381,44966
489382,40000
489383,78722
489384,49663
489385,72583
489386,44357
489387,73541
489388,40000
489389,43702
489390,54737
489391,52661
489392,40000
489393,43400
489394,42100
489395,69560
489396,55277
489397,42659
489398,40000
489399,67045
489400,48306
489401,72486
489402,41111
489403,46579
489404,59882
489405,65895
489406,40000
489407,67780
489408,48719
489409,50477
489410,66310
489411,51783
489412,43966
489413,42372
489414,54526
489415,40000
489416,73010
489417,64533
489418,47970
489419,65402
489420,52731
489421,46800
489422,40000
489423,40000
489424,60657
489425,40000
489426,63398
489427,40000
489428,52273
489429,66838
489430,80168
489431,42122
489432,40000
489433,84709
489434,63971
489435,40000
489436,58596
489437,40000
489438,63236
489439,40000
489440,58379
489441,40680
489442,40000
489443,84648
489444,49533
489445,76568
489446,40000
489447,67889
489448,73002
489449,40000
489450,59387
489451,44938
489452,62442
489453,40000
489454,40000
489455,45977
489456,75669
489457,83087
489458,40000
489459,56867
489460,66326
489461,40000
489462,48242
489463,61595
489464,51998
489465,40000
489466,40000
489467,50856
489468,53784
489469,40000
489470,73100
489471,40000
489472,40000
489473,63202
489474,43514
489475,40000
489476,64742
489477,40000
489478,43100
489479,59798
489480,40000
489481,70735
489482,63033
489483,51475
489484,40000
489485,49644
489486,47309
489487,40000
489488,45422
489489,66752
489490,72331
489491,40000
489492,40000
489493,47914
489494,40000
489495,62953
489496,44240
489497,40000
489498,40738
489499,86786
489500,52460
489501,61208
489502,40000
489503,57837
489504,63259
489505,40000
489506,54211
489507,60689
489508,44852
489509,44783
489510,44355
489511,68660
489512,68121
489513,87711
489514,50916
489515,40000
489516,40000
489517,40000
489518,49548
489519,44533
489520,44118
489521,73042
489522,52877
489523,40000
489524,44833
489525,68264
489526,40000
489527,47209
489528,49044
489529,64589
489530,40000
489531,85530
489532,40000
489533,40000
489534,40000
489535,40000
489536,58657
489537,40000
489538,70548
489539,54783
489540,57324
489541,54428
489542,40000
489543,40000
489544,40000
489545,59664
489546,65127
489547,54997
489548,41526
489549,51290
489550,42575
489551,40000
489552,69983
489553,73830
489554,66262
489555,54637
489556,40000
489557,51041
489558,42873
489559,87093
489560,40000
489561,72371
489562,49214
489563,60997
489564,44275
489565,40000
489566,47878
489567,58641
489568,40543
489569,46834
489570,43703
489571,40000
489572,40213
489573,55701
489574,52828
489575,40000
489576,40000
489577,47710
489578,40000
489579,55607
489580,40000
489581,56167
489582,52015
489583,52270
489584,40000
489585,106415
489586,40000
489587,45648
489588,62338
489589,55188
489590,72868
489591,60003
489592,48165
489593,47901
489594,42406
489595,40000
489596,40000
489597,40000
489598,62463
489599,79467
489600,40000
489601,40000
489602,71667
489603,43638
489604,63995
489605,54786
489606,40000
489607,56356
489608,64085
489609,63374
489610,40000
489611,66784
489612,40000
489613,40000
489614,40000
489615,60286
489616,40000
489617,40000
489618,40000
489619,40000
489620,40000
489621,48825
489622,69322
489623,40000
489624,80269
489625,62919
489626,40000
489627,56538
489628,57556
489629,42981
489630,40575
489631,40000
489632,58135
489633,40000
489634,40000
489635,55090
489636,42830
489637,42802
489638,77806
489639,64691
489640,40000
489641,42265
489642,40244
489643,40000
489644,49176
489645,72201
489646,48664
489647,96638
489648,70572
489649,40000
489650,40000
489651,40000
489652,40000
489653,54342
489654,40000
489655,95432
489656,40000
489657,66348
489658,40000
489659,71264
489660,46470
489661,40000
489662,65525
489663,60875
489664,50776
489665,40000
489666,40000
489667,40380
489668,79750
489669,40000
489670,40000
489671,40000
489672,52575
489673,59952
489674,40000
489675,40000
489676,74402
489677,40000
489678,42395
489679,40830
489680,40000
489681,40000
489682,82232
489683,40859
489684,56368
489685,40000
489686,84596
489687,58632
489688,76911
489689,40000
489690,40000
489691,48742
489692,40000
489693,51561
489694,40000
489695,82102
489696,40000
489697,40000
489698,55409
489699,40000
489700,43076
489701,85342
489702,47203
489703,49348
489704,49476
489705,57540
489706,40000
489707,57452
489708,63251
489709,40000
489710,45383
489711,40000
489712,95166
489713,60670
489714,40000
489715,48799
489716,54323
489717,40541
489718,42288
489719,42045
489720,48404
489721,40000
489722,85957
489723,49150
489724,40000
489725,70720
489726,40000
489727,84652
489728,55380
489729,40000
489730,45274
489731,40000
489732,66066
489733,55407
489734,68562
489735,84145
489736,40000
489737,82852
489738,62368
489739,50808
489740,47260
489741,40000
489742,40000
489743,56322
489744,53203
489745,55629
489746,57055
489747,45224
489748,40000
489749,47990
489750,40000
489751,46731
489752,47289
489753,74507
489754,61985
489755,50263
489756,74625
489757,64704
489758,60459
489759,48597
489760,83839
489761,49896
489762,40000
489763,45717
489764,49488
489765,96834
489766,64311
489767,74214
489768,46529
489769,59708
489770,48394
489771,48192
489772,66197
489773,43929
489774,52570
489775,42016
489776,48818
489777,53551
489778,64315
489779,40000
489780,56154
489781,40000
489782,60818
489783,69168
489784,53140
489785,47152
489786,47032
489787,40000
489788,40000
489789,40000
489790,46631
489791,77115
489792,55385
489793,40000
489794,59333
489795,77118
489796,40000
489797,64762
489798,42051
489799,72959
489800,73362
489801,40000
489802,90713
489803,40000
489804,54161
489805,42920
489806,43831
489807,40000
489808,40000
489809,40000
489810,40032
489811,62453
489812,48531
489813,40000
489814,59228
489815,46361
489816,57883
489817,46138
489818,42655
489819,52840
489820,40000
489821,54941
489822,40000
489823,49719
489824,40000
489825,40000
489826,56864
489827,68380
489828,40000
489829,76943
489830,87291
489831,40000
489832,63984
489833,40000
489834,40000
489835,40000
489836,60152
489837,40000
489838,40000
489839,46751
489840,79716
489841,40000
489842,40000
489843,40000
489844,42198
489845,46930
489846,40000
489847,40000
489848,65361
489849,42790
489850,40000
489851,67760
489852,40000
489853,56491
489854,78591
489855,42264
489856,42457
489857,55438
489858,40000
489859,53307
489860,71443
489861,40000
489862,70230
489863,69568
489864,72747
489865,71941
489866,52696
489867,59487
489868,51732
489869,46998
489870,48844
489871,68867
489872,100053
489873,54437
489874,43116
489875,44788
489876,42504
489877,40000
489878,58540
489879,40000
489880,76897
489881,53635
489882,40000
489883,40000
489884,85309
489885,42590
489886,40000
489887,40000
489888,40227
489889,52387
489890,54681
489891,46327
489892,47709
489893,40000
489894,55829
489895,58180
489896,47980
489897,40000
489898,49350
489899,55088
489900,56382
489901,61356
489902,60350
489903,61111
489904,40000
489905,77465
489906,55228
489907,64824
489908,40000
489909,40000
489910,40000
489911,40000
489912,40261
489913,40000
489914,41612
489915,46720
489916,40000
489917,57919
489918,49278
489919,40000
489920,49860
489921,40000
489922,56072
489923,42532
489924,40846
489925,40000
489926,55533
489927,40000
489928,43680
489929,45724
489930,40000
489931,53757
489932,40000
489933,40000
489934,61554
489935,55304
489936,40000
489937,51697
489938,40000
489939,54045
489940,40000
489941,63840
489942,40000
489943,40000
489944,55579
489945,40000
489946,82141
489947,40000
489948,40000
489949,43847
489950,69339
489951,50388
489952,51829
489953,40000
489954,40000
489955,60318
489956,48767
489957,40000
489958,47409
489959,40000
489960,71065
489961,53809
489962,40147
489963,74274
489964,52216
489965,48062
489966,74095
489967,40000
489968,100824
489969,59385
489970,40000
489971,43404
489972,40000
489973,40000
489974,65413
489975,69211
489976,63473
489977,57242
489978,40000
489979,52635
489980,40000
489981,57845
489982,46055
489983,48264
489984,40000
489985,40000
489986,53633
489987,40000
489988,93234
489989,40000
489990,62403
489991,45981
489992,40000
489993,46490
489994,40000
489995,82719
489996,43314
489997,52628
489998,40000
489999,40000
490000,40000
490001,48094
490002,67509
490003,56818
490004,62677
490005,46178
490006,71356
490007,58195
490008,40000
490009,71581
490010,53823
490011,45544
490012,55283
490013,40000
490014,40000
490015,79244
490016,85883
490017,40000
490018,71639
490019,58821
490020,56099
490021,40000
490022,40000
490023,42774
490024,72159
490025,40000
490026,77355
490027,40000
490028,49127
490029,48793
490030,40000
490031,40000
490032,50967
490033,68626
490034,53518
490035,55347
490036,55451
490037,60862
490038,56196
490039,70503
490040,48003
490041,40000
490042,40000
490043,53014
490044,55847
490045,90660
490046,47253
490047,48712
490048,45026
490049,52265
490050,40577
490051,40000
490052,44349
490053,44878
490054,53897
490055,103275
490056,63347
490057,51828
490058,40000
490059,57658
490060,49315
490061,58416
490062,62548
490063,81043
490064,40000
490065,60200
490066,49361
490067,48095
490068,75972
490069,60575
490070,40000
490071,75526
490072,61935
490073,61309
490074,41260
490075,40000
490076,43461
490077,51824
490078,52322
490079,74731
490080,84234
490081,60733
490082,51696
490083,73039
490084,63422
490085,42377
490086,43371
490087,40000
490088,51245
490089,65866
490090,65460
490091,60424
490092,64647
490093,68176
490094,57240
490095,45775
490096,64840
490097,48425
490098,88321
490099,40000
490100,49202
490101,59559
490102,46494
490103,53652
490104,78732
490105,45061
490106,52823
490107,57514
490108,61857
490109,59552
490110,77300
490111,56257
490112,40000
490113,40000
490114,40000
490115,61381
490116,40000
490117,53515
490118,40000
490119,51057
490120,40000
490121,43815
490122,66092
490123,92138
490124,40000
490125,40000
490126,40000
490127,44044
490128,40000
490129,61789
490130,74241
490131,67379
490132,82340
490133,43353
490134,41743
490135,40000
490136,40000
490137,41123
490138,75534
490139,40000
490140,49709
490141,71378
490142,47087
490143,40000
490144,40000
490145,80253
490146,61359
490147,64905
490148,50432
490149,73163
490150,41464
490151,40000
490152,49296
490153,40000
490154,54839
490155,46385
490156,64890
490157,57589
490158,40000
490159,54723
490160,40000
490161,54630
490162,49007
490163,40000
490164,41552
490165,58416
490166,51173
490167,60294
490168,51790
490169,49978
490170,40000
490171,40000
490172,40699
490173,58085
490174,40000
490175,57739
490176,40000
490177,48727
490178,48927
490179,52914
490180,40000
490181,63620
490182,103779
490183,43217
490184,44209
490185,60508
490186,61017
490187,70328
490188,42202
490189,79319
490190,51145
490191,40000
490192,40000
490193,40000
490194,54611
490195,63517
490196,40000
490197,59911
490198,57925
490199,70401
490200,71845
490201,51639
490202,45928
490203,64709
490204,62220
490205,85943
490206,68801
490207,40000
490208,40000
490209,40000
490210,67884
490211,40000
490212,40000
490213,40000
490214,60257
490215,65720
490216,40000
490217,40647
490218,50677
490219,40000
490220,68371
490221,51827
490222,46269
490223,54165
490224,40000
490225,40000
490226,63930
490227,57364
490228,57456
490229,40000
490230,40000
490231,58187
490232,50050
490233,60562
490234,44054
490235,79625
490236,69108
490237,69189
490238,51376
490239,83144
490240,65404
490241,73438
490242,60509
490243,44166
490244,52045
490245,54435
490246,69311
490247,40000
490248,40000
490249,40000
490250,68291
490251,90127
490252,56511
490253,70109
490254,40000
490255,40000
490256,51618
490257,69561
490258,40000
490259,49584
490260,94909
490261,76769
490262,40000
490263,60842
490264,56640
490265,65083
490266,60171
490267,100079
490268,40000
490269,40000
490270,66598
490271,40000
490272,49570
490273,40000
490274,40000
490275,40000
490276,52180
490277,67671
490278,40000
490279,53914
490280,40000
490281,52667
490282,40000
490283,55714
490284,59833
490285,50644
490286,66770
490287,44571
490288,40000
490289,46372
490290,57698
490291,40000
490292,40000
490293,53336
490294,63728
490295,50120
490296,51893
490297,40000
490298,40000
490299,73047
490300,40000
490301,40000
490302,40000
490303,40000
490304,49701
490305,40000
490306,50166
490307,74692
490308,43462
490309,55271
490310,51623
490311,50470
490312,81081
490313,90349
490314,64579
490315,40000
490316,65164
490317,50131
490318,40000
490319,85794
490320,78763
490321,40174
490322,41853
490323,44904
490324,82187
490325,65901
490326,57154
490327,40000
490328,41808
490329,40000
490330,40000
490331,40000
490332,40000
490333,48715
490334,44271
490335,50953
490336,62503
490337,40000
490338,63787
490339,40000
490340,49234
490341,62268
490342,55696
490343,92402
490344,40000
490345,46768
490346,56309
490347,62752
490348,71749
490349,40049
490350,64412
490351,40000
490352,61934
490353,63534
490354,53224
490355,40000
490356,40000
490357,73434
490358,40000
490359,40000
490360,40910
490361,74067
490362,40000
490363,40000
490364,55293
490365,62901
490366,40000
490367,89583
490368,40000
490369,46901
490370,40000
490371,44458
490372,41558
490373,40000
490374,46925
490375,40000
490376,76160
490377,40000
490378,61672
490379,41167
490380,84258
490381,40000
490382,103847
490383,40000
490384,40000
490385,58935
490386,40000
490387,42916
490388,65811
490389,58226
490390,40000
490391,69928
490392,40000
490393,67639
490394,40000
490395,65665
490396,66454
490397,73357
490398,45094
490399,71047
490400,66098
490401,40000
490402,40000
490403,40000
490404,40000
490405,40000
490406,71789
490407,40000
490408,53717
490409,62682
490410,47817
490411,40000
490412,76310
490413,53754
490414,60358
490415,61779
490416,64228
490417,50083
490418,88336
490419,46320
490420,40000
490421,59989
490422,46452
490423,52112
490424,53704
490425,40000
490426,59630
490427,49882
490428,76184
490429,40000
490430,40000
490431,40000
490432,40000
490433,92140
490434,53336
490435,53368
490436,45880
490437,45224
490438,56311
490439,74844
490440,100747
490441,40000
490442,62093
490443,40000
490444,56333
490445,63309
490446,40000
490447,88989
490448,46514
490449,40000
490450,50217
490451,40000
490452,40000
490453,40000
490454,40000
490455,69263
490456,40000
490457,48133
490458,60532
490459,67235
490460,40644
490461,40000
490462,40000
490463,46182
490464,45968
490465,53287
490466,67813
490467,40000
490468,66375
490469,40000
490470,40000
490471,41319
490472,51087
490473,57781
490474,60008
490475,52067
490476,47114
490477,40000
490478,58083
490479,40921
490480,40000
490481,60645
490482,40000
490483,60224
490484,40000
490485,40000
490486,45670
490487,40000
490488,40000
490489,52768
490490,59085
490491,57228
490492,43249
490493,40000
490494,44681
490495,65064
490496,41163
490497,66785
490498,40000
490499,40000
490500,69491
490501,96553
490502,51522
490503,48552
490504,63724
490505,40426
490506,52324
490507,60027
490508,88251
490509,56966
490510,40000
490511,40000
490512,50987
490513,52852
490514,40000
490515,62974
490516,51078
490517,62494
490518,40000
490519,42088
490520,53731
490521,40066
490522,80419
490523,59372
490524,47395
490525,83041
490526,40000
490527,40000
490528,40000
490529,58132
490530,70909
490531,40000
490532,94974
490533,87266
490534,44926
490535,78654
490536,44194
490537,48296
490538,53031
490539,76055
490540,59309
490541,82500
490542,46991
490543,40000
490544,62746
490545,40000
490546,40000
490547,40148
490548,40000
490549,40000
490550,58959
490551,52602
490552,43804
490553,40000
490554,41521
490555,40000
490556,58237
490557,45888
490558,40000
490559,40407
490560,82247
490561,45821
490562,40000
490563,43457
490564,40000
490565,40000
490566,40000
490567,79975
490568,58375
490569,40000
490570,51422
490571,40000
490572,40328
490573,40000
490574,47118
490575,59490
490576,65450
490577,66317
490578,40000
490579,85427
490580,72450
490581,83610
490582,50840
490583,59727
490584,51594
490585,40000
490586,63259
490587,66641
490588,40000
490589,40000
490590,40000
490591,49035
490592,45108
490593,49885
490594,56728
490595,60109
490596,84434
490597,52104
490598,47838
490599,75349
490600,42082
490601,70305
490602,40000
490603,40000
490604,64523
490605,41499
490606,51441
490607,44000
490608,82623
490609,40000
490610,99904
490611,60588
490612,40000
490613,51705
490614,64722
490615,46357
490616,49803
490617,43076
490618,44266
490619,54632
490620,43005
490621,49699
490622,81511
490623,40000
490624,54931
490625,40000
490626,60601
490627,83080
490628,40000
490629,40000
490630,72586
490631,40000
490632,40000
490633,51365
490634,40000
490635,47438
490636,64311
490637,40000
490638,56663
490639,47757
490640,53085
490641,43478
490642,40000
490643,64673
490644,58600
490645,40000
490646,47350
490647,40000
490648,51691
490649,40000
490650,40000
490651,56537
490652,40000
490653,40000
490654,73992
490655,64504
490656,40000
490657,40000
490658,97180
490659,44374
490660,77509
490661,53402
490662,94927
490663,62768
490664,40000
490665,51264
490666,71900
490667,69093
490668,40000
490669,45331
490670,46733
490671,40000
490672,73542
490673,68940
490674,62060
490675,55753
490676,78820
490677,40000
490678,40000
490679,50491
490680,40000
490681,89736
490682,49040
490683,41550
490684,61697
490685,74250
490686,40000
490687,48059
490688,48434
490689,70234
490690,40000
490691,40159
490692,49044
490693,94527
490694,47607
490695,57061
490696,49914
490697,40000
490698,85410
490699,40000
490700,40000
490701,40000
490702,53573
490703,60267
490704,71666
490705,40000
490706,52092
490707,75608
490708,40493
490709,62315
490710,71405
490711,53371
490712,54969
490713,68478
490714,46122
490715,47837
490716,58846
490717,43658
490718,41048
490719,57935
490720,57642
490721,72001
490722,79348
490723,40000
490724,40000
490725,56273
490726,50461
490727,40000
490728,51150
490729,70206
490730,59433
490731,40000
490732,40000
490733,55427
490734,62337
490735,57519
490736,55871
490737,40000
490738,66002
490739,40004
490740,68264
490741,40000
490742,64476
490743,40315
490744,50112
490745,40000
490746,60652
490747,40000
490748,40000
490749,43628
490750,40000
490751,44645
490752,40000
490753,40000
490754,54026
490755,40000
490756,47753
490757,40000
490758,40000
490759,45904
490760,42859
490761,46194
490762,40000
490763,62497
490764,57408
490765,40922
490766,53763
490767,64677
490768,81163
490769,66964
490770,48241
490771,76499
490772,86225
490773,40000
490774,41696
490775,54688
490776,75736
490777,40000
490778,48833
490779,40000
490780,40000
490781,56382
490782,49659
490783,75434
490784,98620
490785,40000
490786,40000
490787,45044
490788,52107
490789,40000
490790,40000
490791,46845
490792,40000
490793,40000
490794,56225
490795,40000
490796,40000
490797,59010
490798,68934
490799,42509
490800,40464
490801,52073
490802,43004
490803,40000
490804,69150
490805,40000
490806,50667
490807,40000
490808,66988
490809,53318
490810,57198
490811,40000
490812,40000
490813,73148
490814,40000
490815,49860
490816,41935
490817,69383
490818,40000
490819,40000
490820,40000
490821,60158
490822,91969
490823,56982
490824,60756
490825,58975
490826,45184
490827,54011
490828,97671
490829,79326
490830,40000
490831,40000
490832,92986
490833,72913
490834,51364
490835,40000
490836,61352
490837,49445
490838,67444
490839,52024
490840,40000
490841,48193
490842,50129
490843,72662
490844,46879
490845,40000
490846,40000
490847,40000
490848,40000
490849,68845
490850,50952
490851,70931
490852,56142
490853,88322
490854,40000
490855,52454
490856,43653
490857,40000
490858,40000
490859,45493
490860,44894
490861,41748
490862,40000
490863,79587
490864,54867
490865,49263
490866,55918
490867,40000
490868,67734
490869,41607
490870,65596
490871,65902
490872,40000
490873,56826
490874,40000
490875,77073
490876,40000
490877,55653
490878,50702
490879,42175
490880,63178
490881,40000
490882,71918
490883,71010
490884,42401
490885,67263
490886,56972
490887,40000
490888,47995
490889,48202
490890,40000
490891,69133
490892,44153
490893,49777
490894,40000
490895,71589
490896,40000
490897,40000
490898,40000
490899,59780
490900,53351
490901,72782
490902,48412
490903,61886
490904,40000
490905,40000
490906,40000
490907,52371
490908,42769
490909,40000
490910,40000
490911,59452
490912,40000
490913,43569
490914,40000
490915,40000
490916,40000
490917,80636
490918,73782
490919,45823
490920,75098
490921,40000
490922,40000
490923,59139
490924,55727
490925,40000
490926,40000
490927,60480
490928,40000
490929,55175
490930,89194
490931,44779
490932,43604
490933,40000
490934,40000
490935,57324
490936,40000
490937,40000
490938,40000
490939,46689
490940,40000
490941,65743
490942,40000
490943,40000
490944,65331
490945,40000
490946,47163
490947,57953
490948,47283
490949,68632
490950,40000
490951,40000
490952,68627
490953,40000
490954,55868
490955,44907
490956,61692
490957,40000
490958,40000
490959,42529
490960,40000
490961,52813
490962,40000
490963,47431
490964,40000
490965,65770
490966,43233
490967,40000
490968,40000
490969,66961
490970,40000
490971,48839
490972,42838
490973,60594
490974,40000
490975,40000
490976,50498
490977,40000
490978,40000
490979,40000
490980,40000
490981,40000
490982,58206
490983,51758
490984,40000
490985,54031
490986,56601
490987,40000
490988,40000
490989,40000
490990,40542
490991,85000
490992,40000
490993,40000
490994,43927
490995,42887
490996,40000
490997,54591
490998,40000
490999,52911
491000,40000
491001,70353
491002,48693
491003,63629
491004,53984
491005,50933
491006,40472
491007,60732
491008,40000
491009,55044
491010,40000
491011,43198
491012,40000
491013,40000
491014,82375
491015,85819
491016,40000
491017,54760
491018,48599
491019,40000
491020,40000
491021,40000
491022,53703
491023,60869
491024,58286
491025,79835
491026,78545
491027,50575
491028,90179
491029,40000
491030,48373
491031,61395
491032,57488
491033,40000
491034,52321
491035,40000
491036,62534
491037,40000
491038,74886
491039,58725
491040,52740
491041,40000
491042,57212
491043,40000
491044,40000
491045,49692
491046,40000
491047,40000
491048,61134
491049,69852
491050,40000
491051,40000
491052,58950
491053,67763
491054,40000
491055,66311
491056,40000
491057,40000
491058,40611
491059,40000
491060,64375
491061,71039
491062,40000
491063,69219
491064,41620
491065,40000
491066,40000
491067,40000
491068,43025
491069,53223
491070,40184
491071,45061
491072,40000
491073,53284
491074,67630
491075,41044
491076,59465
491077,52473
491078,74606
491079,47638
491080,44835
491081,80580
491082,67276
491083,54294
491084,51810
491085,48382
491086,58973
491087,40000
491088,48493
491089,40000
491090,89112
491091,66764
491092,40000
491093,84001
491094,40000
491095,81943
491096,44004
491097,53860
491098,62741
491099,97289
491100,40000
491101,46002
491102,80645
491103,51093
491104,59592
491105,40000
491106,79917
491107,40000
491108,58209
491109,40000
491110,40000
491111,46344
491112,76648
491113,62524
491114,53597
491115,51062
491116,40000
491117,61258
491118,40000
491119,67600
491120,60753
491121,89086
491122,71047
491123,40000
491124,48765
491125,40000
491126,67443
491127,61597
491128,40000
491129,40000
491130,43016
491131,47172
491132,87191
491133,71959
491134,64010
491135,46400
491136,40000
491137,48768
491138,40000
491139,59698
491140,40000
491141,40000
491142,50239
491143,56469
491144,67630
491145,64568
491146,65764
491147,64102
491148,53648
491149,51988
491150,67453
491151,40000
491152,40000
491153,46260
491154,40000
491155,78654
491156,40000
491157,52410
491158,55830
491159,46034
491160,40000
491161,54173
491162,55743
491163,65952
491164,70013
491165,40000
491166,75432
491167,79164
491168,40000
491169,42132
491170,55980
491171,47766
491172,40000
491173,45112
491174,58513
491175,40000
491176,40000
491177,51670
491178,40000
491179,45325
491180,40000
491181,44535
491182,57450
491183,69331
491184,40582
491185,60097
491186,44200
491187,46801
491188,45937
491189,79582
491190,56591
491191,40000
491192,52268
491193,40000
491194,49325
491195,61648
491196,63691
491197,40000
491198,40000
491199,40000
491200,74025
491201,47064
491202,77511
491203,40000
491204,47886
491205,49892
491206,73000
491207,47984
491208,67902
491209,61344
491210,40000
491211,40000
491212,57048
491213,67675
491214,40000
491215,103750
491216,40000
491217,54833
491218,59470
491219,48068
491220,63980
491221,40000
491222,40000
491223,40000
491224,40000
491225,46014
491226,63755
491227,62171
491228,54544
491229,40000
491230,43848
491231,60532
491232,53258
491233,40000
491234,47468
491235,40000
491236,40000
491237,40000
491238,40000
491239,40000
491240,46358
491241,40000
491242,42975
491243,60665
491244,84842
491245,40000
491246,44792
491247,40000
491248,45566
491249,45587
491250,67310
491251,55897
491252,59091
491253,40000
491254,57400
491255,40000
491256,47657
491257,54528
491258,40000
491259,40000
491260,41729
491261,48608
491262,40000
491263,40000
491264,47720
491265,61851
491266,41260
491267,69722
491268,58583
491269,60049
491270,56406
491271,40000
491272,46169
491273,86216
491274,68425
491275,78887
491276,40000
491277,97874
491278,44310
491279,40100
491280,54841
491281,40000
491282,61929
491283,73990
491284,60601
491285,58000
491286,40000
491287,48523
491288,40000
491289,40000
491290,73774
491291,70699
491292,46618
491293,66985
491294,44493
491295,85116
491296,68259
491297,52648
491298,40000
491299,40000
491300,40870
491301,62354
491302,40000
491303,43104
491304,68138
491305,40000
491306,83843
491307,62682
491308,45339
491309,47274
491310,49894
491311,92758
491312,54023
491313,58067
491314,40000
491315,59738
491316,52338
491317,88112
491318,40000
491319,40000
491320,57273
491321,57378
491322,48273
491323,84591
491324,44896
491325,40000
491326,40000
491327,40000
491328,55891
491329,54763
491330,44013
491331,47868
491332,67158
491333,43951
491334,40000
491335,65462
491336,72177
491337,55081
491338,40000
491339,49408
491340,40000
491341,75321
491342,40000
491343,40000
491344,81695
491345,45730
491346,40000
491347,40000
491348,61005
491349,65817
491350,46673
491351,49969
491352,40000
491353,57912
491354,59537
491355,40000
491356,40000
491357,72547
491358,40000
491359,40000
491360,73900
491361,40000
491362,40000
491363,60964
491364,49764
491365,72214
491366,41016
491367,40000
491368,47467
491369,56610
491370,41753
491371,57629
491372,40000
491373,40000
491374,53961
491375,70314
491376,52159
491377,40000
491378,40000
491379,40000
491380,79287
491381,51251
491382,49865
491383,40000
491384,40000
491385,59166
491386,61290
491387,51090
491388,57001
491389,47359
491390,40000
491391,45473
491392,58596
491393,89565
491394,40000
491395,40000
491396,47392
491397,41881
491398,40000
491399,61713
491400,40000
491401,53854
491402,40000
491403,51979
491404,59443
491405,40000
491406,65787
491407,54707
491408,66113
491409,40000
491410,65095
491411,58853
491412,58725
491413,40000
491414,64599
491415,76426
491416,52284
491417,75315
491418,40000
491419,40000
491420,95785
491421,71173
491422,40000
491423,72248
491424,66539
491425,68843
491426,71679
491427,41711
491428,41404
491429,66216
491430,40000
491431,40000
491432,53742
491433,40000
491434,50103
491435,60781
491436,56012
491437,40000
491438,54916
491439,40000
491440,45914
491441,80487
491442,40000
491443,40000
491444,40000
491445,41800
491446,40000
491447,60033
491448,40000
491449,64369
491450,40000
491451,40000
491452,56582
491453,60796
491454,40000
491455,40000
491456,55271
491457,48091
491458,40000
491459,72969
491460,60614
491461,40935
491462,50893
491463,57666
491464,43624
491465,53504
491466,64550
491467,58908
491468,59954
491469,52871
491470,51377
491471,89574
491472,46611
491473,64483
491474,68127
491475,90268
491476,59799
491477,44040
491478,50787
491479,46401
491480,41540
491481,40000
491482,40502
491483,40000
491484,58035
491485,52078
491486,73745
491487,54174
491488,40000
491489,40000
491490,40000
491491,40000
491492,54138
491493,67956
491494,66990
491495,42814
491496,40000
491497,46706
491498,40000
491499,57319
491500,59250
491501,84028
491502,40000
491503,40000
491504,76402
491505,49452
491506,40000
491507,75214
491508,55463
491509,40000
491510,40000
491511,49618
491512,40000
491513,57697
491514,61524
491515,69440
491516,51020
491517,40000
491518,40000
491519,40000
491520,42735
491521,40000
491522,73343
491523,51588
491524,52790
491525,57280
491526,40000
491527,52230
491528,64331
491529,91626
491530,40000
491531,86812
491532,40000
491533,50358
491534,40000
491535,56018
491536,79567
491537,40000
491538,40000
491539,59892
491540,40000
491541,55644
491542,46800
491543,40000
491544,64779
491545,40000
491546,40000
491547,89297
491548,40000
491549,40000
491550,40000
491551,46543
491552,45547
491553,56713
491554,81266
491555,46244
491556,47697
491557,43141
491558,54769
491559,79844
491560,56779
491561,43495
491562,74026
491563,43273
491564,40000
491565,43131
491566,57735
491567,47395
491568,71471
491569,54283
491570,40000
491571,40000
491572,65865
491573,42516
491574,71441
491575,40000
491576,74182
491577,63900
491578,40000
491579,54626
491580,47306
491581,40000
491582,40000
491583,48569
491584,40000
491585,40000
491586,83067
491587,40000
491588,40000
491589,74479
491590,54381
491591,43985
491592,43441
491593,48230
491594,40000
491595,40000
491596,40000
491597,40000
491598,65835
491599,40000
491600,78490
491601,78497
491602,47102
491603,60836
491604,40000
491605,40000
491606,40000
491607,52715
491608,44848
491609,51308
491610,40000
491611,81288
491612,54016
491613,40000
491614,76334
491615,40760
491616,84244
491617,40000
491618,58326
491619,40000
491620,57250
491621,40000
491622,40000
491623,40000
491624,84590
491625,47623
491626,40000
491627,40000
491628,40000
491629,81500
491630,49877
491631,51610
491632,75387
491633,61182
491634,40000
491635,79062
491636,40000
491637,40000
491638,50000
491639,40000
491640,41915
491641,40000
491642,67541
491643,61485
491644,44414
491645,58393
491646,40000
491647,40000
491648,67959
491649,53375
491650,51071
491651,40000
491652,64299
491653,40000
491654,42797
491655,40000
491656,40000
491657,52419
491658,40000
491659,40000
491660,40000
491661,40000
491662,56115
491663,40000
491664,40000
491665,40000
491666,40000
491667,48176
491668,88675
491669,52968
491670,40000
491671,49747
491672,40000
491673,40000
491674,76542
491675,40000
491676,40000
491677,57048
491678,53831
491679,82642
491680,40000
491681,51118
491682,65594
491683,46149
491684,40000
491685,40000
491686,56956
491687,61022
491688,42248
491689,64860
491690,48966
491691,63354
491692,40000
491693,40000
491694,40000
491695,40000
491696,65772
491697,48242
491698,71697
491699,60066
491700,43002
491701,60915
491702,40000
491703,48285
491704,62921
491705,40000
491706,40000
491707,40000
491708,82077
491709,55267
491710,48043
491711,79693
491712,78541
491713,70373
491714,73800
491715,41320
491716,45268
491717,40000
491718,50442
491719,77620
491720,40000
491721,87360
491722,51721
491723,61626
491724,40000
491725,47690
491726,40000
491727,66910
491728,53165
491729,44056
491730,89379
491731,46130
491732,66963
491733,40000
491734,57693
491735,40000
491736,40000
491737,96432
491738,41258
491739,54448
491740,40128
491741,52125
491742,70893
491743,45843
491744,53677
491745,41700
491746,55395
491747,47398
491748,58792
491749,66464
491750,41198
491751,55832
491752,40000
491753,44518
491754,55858
491755,40000
491756,43689
491757,40000
491758,73516
491759,60773
491760,63044
491761,40000
491762,68828
491763,72603
491764,60444
491765,55861
491766,43592
491767,55222
491768,73993
491769,40000
491770,54318
491771,40000
491772,45244
491773,70015
491774,41164
491775,50672
491776,48718
491777,40000
491778,40000
491779,57835
491780,52307
491781,46730
491782,40000
491783,40000
491784,40000
491785,40000
491786,40000
491787,40000
491788,43894
491789,40000
491790,61223
491791,40000
491792,70727
491793,67130
491794,75389
491795,78637
491796,40000
491797,68714
491798,52426
491799,103529
491800,58266
491801,41835
491802,53137
491803,47875
491804,40000
491805,40000
491806,55321
491807,60821
491808,60728
491809,65693
491810,40000
491811,72188
491812,40000
491813,61892
491814,40000
491815,57736
491816,40000
491817,66991
491818,40000
491819,55952
491820,40000
491821,59683
491822,76097
491823,69978
491824,40000
491825,40000
491826,40000
491827,57210
491828,78777
491829,69127
491830,40362
491831,40000
491832,50764
491833,55288
491834,40000
491835,40000
491836,44374
491837,40000
491838,40000
491839,40000
491840,73249
491841,40000
491842,68591
491843,54229
491844,55747
491845,72031
491846,80379
491847,65599
491848,75459
491849,40299
491850,69635
491851,61163
491852,66581
491853,50402
491854,40000
491855,64966
491856,55147
491857,79146
491858,40000
491859,60084
491860,54846
491861,40000
491862,47000
491863,40000
491864,40000
491865,40000
491866,40000
491867,53523
491868,40000
491869,40000
491870,40000
491871,59301
491872,55697
491873,40000
491874,69957
491875,102134
491876,43381
491877,51887
491878,83609
491879,40000
491880,43243
491881,40000
491882,40000
491883,62320
491884,63778
491885,74833
491886,40000
491887,43887
491888,40000
491889,82644
491890,61498
491891,71932
491892,73423
491893,40000
491894,40000
491895,40000
491896,49427
491897,40000
491898,55470
491899,50690
491900,63513
491901,52699
491902,63267
491903,40000
491904,40000
491905,51156
491906,51516
491907,68122
491908,40000
491909,68226
491910,40000
491911,91827
491912,50915
491913,58316
491914,46076
491915,43964
491916,62986
491917,64467
491918,40000
491919,40000
491920,56191
491921,49321
491922,79995
491923,42145
491924,88048
491925,50391
491926,40000
491927,45342
491928,61345
491929,56113
491930,42680
491931,40000
491932,71346
491933,42676
491934,53245
491935,64931
491936,56125
491937,48365
491938,41044
491939,53185
491940,47940
491941,56012
491942,40000
491943,40000
491944,40000
491945,46287
491946,41459
491947,40000
491948,76571
491949,41570
491950,62204
491951,40000
491952,59098
491953,41234
491954,65007
491955,40405
491956,70257
491957,40000
491958,81905
491959,40000
491960,54691
491961,65768
491962,41797
491963,40000
491964,44910
491965,63554
491966,64448
491967,40000
491968,66783
491969,89452
491970,65710
491971,49650
491972,54456
491973,46452
491974,40000
491975,40000
491976,40000
491977,77882
491978,47072
491979,40000
491980,47599
491981,49846
491982,49802
491983,45529
491984,40000
491985,40000
491986,71223
491987,48634
491988,47303
491989,40000
491990,50775
491991,40000
491992,54444
491993,43461
491994,48004
491995,64789
491996,56756
491997,44169
491998,68421
491999,67406
492000,40000
492001,51797
492002,43054
492003,44940
492004,87269
492005,89339
492006,44441
492007,58526
492008,54036
492009,49020
492010,49680
492011,40000
492012,40000
492013,44932
492014,50892
492015,40000
492016,51343
492017,44103
492018,44044
492019,40000
492020,58026
492021,56252
492022,43356
492023,65184
492024,40000
492025,48727
492026,77060
492027,54680
492028,90266
492029,40000
492030,51989
492031,40000
492032,40000
492033,51956
492034,40000
492035,45998
492036,64052
492037,40000
492038,48544
492039,59540
492040,84045
492041,40000
492042,57891
492043,66070
492044,43238
492045,44206
492046,65996
492047,40000
492048,42461
492049,60227
492050,44178
492051,40000
492052,53754
492053,64162
492054,82126
492055,40000
492056,44733
492057,64586
492058,68638
492059,53115
492060,61827
492061,63631
492062,40000
492063,61773
492064,40000
492065,40000
492066,40000
492067,68483
492068,61416
492069,70897
492070,50676
492071,56717
492072,42649
492073,40000
492074,54406
492075,40000
492076,40000
492077,40000
492078,42064
492079,40000
492080,60303
492081,67317
492082,50319
492083,40000
492084,40489
492085,64852
492086,43188
492087,68958
492088,49937
492089,63962
492090,61962
492091,48967
492092,40000
492093,58975
492094,69413
492095,48302
492096,71737
492097,40000
492098,45517
492099,40000
492100,49390
492101,48705
492102,40231
492103,63814
492104,46206
492105,52730
492106,41586
492107,42171
492108,44658
492109,40000
492110,43586
492111,63661
492112,61115
492113,45432
492114,82901
492115,85902
492116,40000
492117,55772
492118,67461
492119,40000
492120,66280
492121,41107
492122,40000
492123,46233
492124,76122
492125,71774
492126,40000
492127,40000
492128,40000
492129,47589
492130,93187
492131,48816
492132,40000
492133,68834
492134,40000
492135,40000
492136,43716
492137,44441
492138,65155
492139,52369
492140,42109
492141,70749
492142,49996
492143,40000
492144,44529
492145,72742
492146,60045
492147,40000
492148,56048
492149,52923
492150,62088
492151,58181
492152,50922
492153,65097
492154,40000
492155,40000
492156,65131
492157,69698
492158,58962
492159,40000
492160,69698
492161,63796
492162,64118
492163,40000
492164,114743
492165,61933
492166,79553
492167,46812
492168,40000
492169,71376
492170,49221
492171,53859
492172,74149
492173,61366
492174,85523
492175,40000
492176,40000
492177,40000
492178,76060
492179,40000
492180,44545
492181,40000
492182,68943
492183,41184
492184,50336
492185,64444
492186,68701
492187,40000
492188,40000
492189,45043
492190,40000
492191,49502
492192,47455
492193,67420
492194,53312
492195,80880
492196,50395
492197,40000
492198,42141
492199,41050
492200,40000
492201,49489
492202,59149
492203,52384
492204,47492
492205,40000
492206,46353
492207,51563
492208,67073
492209,50718
492210,72364
492211,56554
492212,40000
492213,51716
492214,40000
492215,51713
492216,52600
492217,43116
492218,68131
492219,40000
492220,49449
492221,44315
492222,99805
492223,40000
492224,65348
492225,49132
492226,51659
492227,56913
492228,40000
492229,55767
492230,61607
492231,55043
492232,44120
492233,43723
492234,43119
492235,56150
492236,58097
492237,89115
492238,47614
492239,55200
492240,55488
492241,40000
492242,61727
492243,40000
492244,48530
492245,40000
492246,56866
492247,40000
492248,70571
492249,52702
492250,50527
492251,48450
492252,80254
492253,40473
492254,40000
492255,40000
492256,54367
492257,40000
492258,42189
492259,54930
492260,40000
492261,45820
492262,53376
492263,40000
492264,43463
492265,56547
492266,51674
492267,77586
492268,43344
492269,45378
492270,46243
492271,54527
492272,70833
492273,40000
492274,51746
492275,57424
492276,91203
492277,56586
492278,67897
492279,66823
492280,40000
492281,57222
492282,59180
492283,64343
492284,41556
492285,50296
492286,61421
492287,64968
492288,66324
492289,40000
492290,100241
492291,40000
492292,40000
492293,67631
492294,49697
492295,40000
492296,47834
492297,59105
492298,40000
492299,40000
492300,40000
492301,42449
492302,59465
492303,80867
492304,40000
492305,45193
492306,46461
492307,51909
492308,53309
492309,40000
492310,78854
492311,51271
492312,40000
492313,40000
492314,59427
492315,74527
492316,51673
492317,81037
492318,40000
492319,45285
492320,40571
492321,63713
492322,40000
492323,96794
492324,51259
492325,52776
492326,41884
492327,40000
492328,43811
492329,40000
492330,52620
492331,40000
492332,47484
492333,40000
492334,40000
492335,44995
492336,57635
492337,81661
492338,40000
492339,40000
492340,52821
492341,60790
492342,58171
492343,40000
492344,85330
492345,78446
492346,48598
492347,46552
492348,40000
492349,57004
492350,40000
492351,40000
492352,40000
492353,59211
492354,43946
492355,67373
492356,40000
492357,67016
492358,75462
492359,40000
492360,80134
492361,71196
492362,52176
492363,55191
492364,61428
492365,54538
492366,55470
492367,60924
492368,40000
492369,83741
492370,46746
492371,55260
492372,40000
492373,42480
492374,59715
492375,47637
492376,40000
492377,71410
492378,52795
492379,55384
492380,53808
492381,64032
492382,40000
492383,56686
492384,40000
492385,71864
492386,57207
492387,40000
492388,40000
492389,58417
492390,43893
492391,45178
492392,45607
492393,40000
492394,40000
492395,40000
492396,40000
492397,49996
492398,50846
492399,56899
492400,40000
492401,40000
492402,40000
492403,63055
492404,64594
492405,40000
492406,96923
492407,40000
492408,62354
492409,76905
492410,40000
492411,44536
492412,57158
492413,88843
492414,80152
492415,54536
492416,67135
492417,44803
492418,40000
492419,40000
492420,49097
492421,40000
492422,53801
492423,63752
492424,44230
492425,40000
492426,40000
492427,44680
492428,73220
492429,64830
492430,46739
492431,79451
492432,61912
492433,63406
492434,86866
492435,40000
492436,51501
492437,44365
492438,79944
492439,52035
492440,40000
492441,63017
492442,52239
492443,40000
492444,74349
492445,85300
492446,40000
492447,51637
492448,49046
492449,77131
492450,75120
492451,67399
492452,40386
492453,50788
492454,42993
492455,61827
492456,40000
492457,40000
492458,42750
492459,40000
492460,65597
492461,61301
492462,40000
492463,57480
492464,40000
492465,46048
492466,62656
492467,45349
492468,52411
492469,68659
492470,59121
492471,55131
492472,49509
492473,40000
492474,44120
492475,41647
492476,40000
492477,48597
492478,64700
492479,55067
492480,58591
492481,53432
492482,53535
492483,44131
492484,40000
492485,62666
492486,58825
492487,48303
492488,40000
492489,56305
492490,42513
492491,40818
492492,40000
492493,40000
492494,42084
492495,70151
492496,40000
492497,56609
492498,70182
492499,40000
492500,56762
492501,50995
492502,40000
492503,40000
492504,55751
492505,44354
492506,68903
492507,64925
492508,51643
492509,51705
492510,47388
492511,40000
492512,54911
492513,40000
492514,66116
492515,40000
492516,57256
492517,61965
492518,42356
492519,46737
492520,56949
492521,40000
492522,40000
492523,75285
492524,78032
492525,68485
492526,75038
492527,40000
492528,61597
492529,52282
492530,59064
492531,48766
492532,55977
492533,65297
492534,67342
492535,40000
492536,42659
492537,64225
492538,53143
492539,40000
492540,54033
492541,40000
492542,51057
492543,82724
492544,99401
492545,40000
492546,93965
492547,40000
492548,68985
492549,54342
492550,40000
492551,40000
492552,40000
492553,70370
492554,67807
492555,74864
492556,40000
492557,40000
492558,40000
492559,79556
492560,59743
492561,47614
492562,86889
492563,40000
492564,49036
492565,40000
492566,40000
492567,40000
492568,75083
492569,40000
492570,56732
492571,40000
492572,56088
492573,72151
492574,40000
492575,73236
492576,58193
492577,68607
492578,51200
492579,58158
492580,53712
492581,63140
492582,54067
492583,63303
492584,76720
492585,48780
492586,72707
492587,58210
492588,40438
492589,43593
492590,47458
492591,98682
492592,47366
492593,40000
492594,72007
492595,40000
492596,50584
492597,40000
492598,73947
492599,67386
492600,40000
492601,69197
492602,106610
492603,54378
492604,40000
492605,40335
492606,49031
492607,62231
492608,59255
492609,48079
492610,40000
492611,40000
492612,62794
492613,40000
492614,79697
492615,40000
492616,50488
492617,67329
492618,69105
492619,70539
492620,40000
492621,51136
492622,75306
492623,58808
492624,40000
492625,46326
492626,57873
492627,63715
492628,68191
492629,40000
492630,46149
492631,40000
492632,59277
492633,108328
492634,40000
492635,84482
492636,80287
492637,61280
492638,51867
492639,63732
492640,60965
492641,112551
492642,40000
492643,50109
492644,57201
492645,65028
492646,41186
492647,87042
492648,50310
492649,40000
492650,40000
492651,57588
492652,66165
492653,40000
492654,69187
492655,50675
492656,75955
492657,54585
492658,46672
492659,57177
492660,63519
492661,40000
492662,47899
492663,55422
492664,40000
492665,40000
492666,40000
492667,57430
492668,53660
492669,56008
492670,104627
492671,61694
492672,51995
492673,40000
492674,46007
492675,40000
492676,44356
492677,57772
492678,67824
492679,40000
492680,40000
492681,40000
492682,80305
492683,45628
492684,70282
492685,50753
492686,49899
492687,57318
492688,40619
492689,75106
492690,49810
492691,61461
492692,50475
492693,40000
492694,61838
492695,40000
492696,40000
492697,58080
492698,52269
492699,80424
492700,40000
492701,48888
492702,75887
492703,88343
492704,45969
492705,70478
492706,56821
492707,40000
492708,40000
492709,54761
492710,40000
492711,71775
492712,49321
492713,54139
492714,54300
492715,91387
492716,40000
492717,41902
492718,45050
492719,48765
492720,40000
492721,60009
492722,45087
492723,46740
492724,55939
492725,40336
492726,42969
492727,72527
492728,40000
492729,71765
492730,59372
492731,56869
492732,46735
492733,60428
492734,49170
492735,73414
492736,62087
492737,50289
492738,40000
492739,58000
492740,40000
492741,51901
492742,54799
492743,66521
492744,54664
492745,52703
492746,40000
492747,57516
492748,40000
492749,52654
492750,47252
492751,49588
492752,62328
492753,40000
492754,47259
492755,52513
492756,40000
492757,54327
492758,64179
492759,53165
492760,51356
492761,46111
492762,40000
492763,40000
492764,40000
492765,40000
492766,40000
492767,40000
492768,64509
492769,88499
492770,40000
492771,60093
492772,60428
492773,44524
492774,57485
492775,56193
492776,43367
492777,40000
492778,58492
492779,40000
492780,82210
492781,59356
492782,40000
492783,91752
492784,50742
492785,61978
492786,42425
492787,99009
492788,40000
492789,40000
492790,46428
492791,40000
492792,69044
492793,40000
492794,40000
492795,40000
492796,74928
492797,40000
492798,66893
492799,70974
492800,56585
492801,40000
492802,40000
492803,41123
492804,51738
492805,40000
492806,52952
492807,66916
492808,40000
492809,40000
492810,40000
492811,40000
492812,51224
492813,66526
492814,49516
492815,49836
492816,40000
492817,47421
492818,49234
492819,63005
492820,40000
492821,62304
492822,49020
492823,53936
492824,64212
492825,40000
492826,41079
492827,55217
492828,47515
492829,40948
492830,40221
492831,76637
492832,40168
492833,52376
492834,40000
492835,48427
492836,40000
492837,40000
492838,40000
492839,54413
492840,86909
492841,44808
492842,49948
492843,47825
492844,40000
492845,40000
492846,43980
492847,40000
492848,40000
492849,40000
492850,53009
492851,47262
492852,49100
492853,42387
492854,40000
492855,40000
492856,52870
492857,69826
492858,40000
492859,58262
492860,73462
492861,61052
492862,60884
492863,63272
492864,44630
492865,70725
492866,73249
492867,42652
492868,44250
492869,40244
492870,40000
492871,40000
492872,82104
492873,72166
492874,45160
492875,40000
492876,40000
492877,40000
492878,45733
492879,40000
492880,60102
492881,43157
492882,40000
492883,47650
492884,57889
492885,40000
492886,40000
492887,67037
492888,57387
492889,50055
492890,40000
492891,50702
492892,88666
492893,67362
492894,51787
492895,40000
492896,40479
492897,60808
492898,50893
492899,54585
492900,54055
492901,43989
492902,50263
492903,54792
492904,69405
492905,77127
492906,40000
492907,40000
492908,64411
492909,69912
492910,40000
492911,48545
492912,40000
492913,49300
492914,40000
492915,83525
492916,43036
492917,40000
492918,42326
492919,62523
492920,41494
492921,62315
492922,40000
492923,40000
492924,40000
492925,57196
492926,76091
492927,47283
492928,43937
492929,60727
492930,57640
492931,60327
492932,40000
492933,83305
492934,51002
492935,40000
492936,73725
492937,52369
492938,40000
492939,48135
492940,86676
492941,63801
492942,49386
492943,40000
492944,47826
492945,64497
492946,70363
492947,65012
492948,40000
492949,59233
492950,56079
492951,48941
492952,62190
492953,40000
492954,68385
492955,77008
492956,40000
492957,72153
492958,68155
492959,49793
492960,49283
492961,40000
492962,88099
492963,91914
492964,51367
492965,54246
492966,73700
492967,40000
492968,61121
492969,54075
492970,40000
492971,40000
492972,40000
492973,48500
492974,42813
492975,51844
492976,75930
492977,40000
492978,40000
492979,47785
492980,40000
492981,46307
492982,40112
492983,40000
492984,40000
492985,47418
492986,50503
492987,46263
492988,45469
492989,54715
492990,40000
492991,86571
492992,40000
492993,44963
492994,40000
492995,54981
492996,41765
492997,42341
492998,42894
492999,50852
493000,75826
493001,40000
493002,78110
493003,75290
493004,40000
493005,69968
493006,42044
493007,50772
493008,49735
493009,42232
493010,58988
493011,54205
493012,74867
493013,40000
493014,51007
493015,51104
493016,40000
493017,61399
493018,40000
493019,60044
493020,42660
493021,40000
493022,45698
493023,47564
493024,51267
493025,65961
493026,64696
493027,57348
493028,40000
493029,44728
493030,45973
493031,58953
493032,40000
493033,40000
493034,51331
493035,51074
493036,40000
493037,56887
493038,65209
493039,40000
493040,81181
493041,66084
493042,67805
493043,73063
493044,52477
493045,43731
493046,76425
493047,62867
493048,87744
493049,40000
493050,58460
493051,40000
493052,40000
493053,53332
493054,40000
493055,40000
493056,54733
493057,40000
493058,47453
493059,62013
493060,40000
493061,40000
493062,40000
493063,51153
493064,56355
493065,40000
493066,44215
493067,52478
493068,60226
493069,47616
493070,47118
493071,40000
493072,40000
493073,40000
493074,48207
493075,40000
493076,69473
493077,47412
493078,40000
493079,41593
493080,41203
493081,63334
493082,63331
493083,53317
493084,40000
493085,40000
493086,54662
493087,40000
493088,80217
493089,40000
493090,78449
493091,63698
493092,53117
493093,40000
493094,69878
493095,50644
493096,54424
493097,40000
493098,65574
493099,40000
493100,65641
493101,40000
493102,72975
493103,40000
493104,50144
493105,40000
493106,40000
493107,40000
493108,75150
493109,71465
493110,61384
493111,64073
493112,76294
493113,84035
493114,68893
493115,40000
493116,40000
493117,41410
493118,40000
493119,60147
493120,40000
493121,53455
493122,43916
493123,67153
493124,42374
493125,41348
493126,56072
493127,41261
493128,40000
493129,40000
493130,48765
493131,43437
493132,84106
493133,40000
493134,75559
493135,40000
493136,45259
493137,52210
493138,40000
493139,40000
493140,40000
493141,60960
493142,65467
493143,71349
493144,43453
493145,40000
493146,43446
493147,47882
493148,40000
493149,53376
493150,57365
493151,59674
493152,40000
493153,44801
493154,40000
493155,47962
493156,87062
493157,44034
493158,120253
493159,49467
493160,56034
493161,40000
493162,43640
493163,53890
493164,41605
493165,40000
493166,67329
493167,52409
493168,40000
493169,53506
493170,70702
493171,46572
493172,44116
493173,60135
493174,73909
493175,46065
493176,81713
493177,82462
493178,40000
493179,53963
493180,54367
493181,69904
493182,41091
493183,70393
493184,40000
493185,40000
493186,41918
493187,45630
493188,40000
493189,60616
493190,50016
493191,45655
493192,59613
493193,83021
493194,66153
493195,40000
493196,40000
493197,47253
493198,68468
493199,41447
493200,40428
493201,40000
493202,40716
493203,49704
493204,52221
493205,40000
493206,42103
493207,49235
493208,77702
493209,40000
493210,40000
493211,40000
493212,40000
493213,53594
493214,78317
493215,69439
493216,40000
493217,40000
493218,40000
493219,40000
493220,71142
493221,50741
493222,48235
493223,57749
493224,41942
493225,48894
493226,46834
493227,40000
493228,40000
493229,40000
493230,73892
493231,65479
493232,67357
493233,42492
493234,44099
493235,76066
493236,48302
493237,53306
493238,50606
493239,48567
493240,68802
493241,42973
493242,40000
493243,45075
493244,54382
493245,53556
493246,40000
493247,40000
493248,66247
493249,60687
493250,72661
493251,50993
493252,65607
493253,41540
493254,41374
493255,40000
493256,46966
493257,90806
493258,83564
493259,40458
493260,68689
493261,57106
493262,88825
493263,40000
493264,40000
493265,40000
493266,49976
493267,53001
493268,55446
493269,40000
493270,62910
493271,44816
493272,87908
493273,45153
493274,40000
493275,65000
493276,46193
493277,59270
493278,40000
493279,75981
493280,83591
493281,40000
493282,40000
493283,51820
493284,47343
493285,95907
493286,58075
493287,56401
493288,74402
493289,78774
493290,40000
493291,74220
493292,53554
493293,40000
493294,47101
493295,95172
493296,40000
493297,53734
493298,46264
493299,40000
493300,72213
493301,40000
493302,51376
493303,54784
493304,67285
493305,53071
493306,67936
493307,40000
493308,53583
493309,86717
493310,81664
493311,47422
493312,47555
493313,51601
493314,59559
493315,40000
493316,40000
493317,41318
493318,60926
493319,40000
493320,44302
493321,40000
493322,40000
493323,86282
493324,49521
493325,66311
493326,56989
493327,40000
493328,79908
493329,71102
493330,40000
493331,50171
493332,40026
493333,92515
493334,64013
493335,61374
493336,78040
493337,51612
493338,67150
493339,79615
493340,68717
493341,40000
493342,67021
493343,64714
493344,40000
493345,40000
493346,40000
493347,65536
493348,43898
493349,69034
493350,49303
493351,57736
493352,40000
493353,58403
493354,52952
493355,54396
493356,45498
493357,59025
493358,51682
493359,47514
493360,40000
493361,45766
493362,52926
493363,44015
493364,42706
493365,40750
493366,45148
493367,40000
493368,51835
493369,41075
493370,40000
493371,59809
493372,40000
493373,62326
493374,40000
493375,66550
493376,88008
493377,53209
493378,85815
493379,40000
493380,40570
493381,41972
493382,93076
493383,46921
493384,40000
493385,40000
493386,40000
493387,66726
493388,75909
493389,50451
493390,40000
493391,40000
493392,77637
493393,80446
493394,52539
493395,48590
493396,45359
493397,40000
493398,56320
493399,40000
493400,40000
493401,40000
493402,48243
493403,76289
493404,40000
493405,40000
493406,43570
493407,70789
493408,44637
493409,40000
493410,40000
493411,58338
493412,40690
493413,55260
493414,40000
493415,40000
493416,64645
493417,77329
493418,51457
493419,69665
493420,45820
493421,77158
493422,40000
493423,69279
493424,40000
493425,59288
493426,77442
493427,58327
493428,41425
493429,50864
493430,68231
493431,40000
493432,58112
493433,52063
493434,40000
493435,42105
493436,43195
493437,40064
493438,49380
493439,40000
493440,60731
493441,54394
493442,40000
493443,47494
493444,49308
493445,40852
493446,44110
493447,75911
493448,40000
493449,56428
493450,59485
493451,40000
493452,40000
493453,52220
493454,53288
493455,64580
493456,54023
493457,40000
493458,85599
493459,69671
493460,40000
493461,59966
493462,40000
493463,50070
493464,62930
493465,40000
493466,40000
493467,87488
493468,40000
493469,40000
493470,40000
493471,41685
493472,40000
493473,40000
493474,63677
493475,40000
493476,101789
493477,71482
493478,70153
493479,40000
493480,40000
493481,40000
493482,52357
493483,40000
493484,41916
493485,80672
493486,40000
493487,84283
493488,61683
493489,50698
493490,59725
493491,40000
493492,60760
493493,40000
493494,70595
493495,77380
493496,59198
493497,54676
493498,61676
493499,40000
493500,40000
493501,57473
493502,52410
493503,43346
493504,41908
493505,40000
493506,53834
493507,78811
493508,40000
493509,52439
493510,40000
493511,40000
493512,46253
493513,52287
493514,40000
493515,40000
493516,41747
493517,52163
493518,62530
493519,40000
493520,70458
493521,68289
493522,40000
493523,40000
493524,52369
493525,40000
493526,40000
493527,75943
493528,75750
493529,42684
493530,59287
493531,52225
493532,40000
493533,40000
493534,40000
493535,40000
493536,40000
493537,70642
493538,50594
493539,40837
493540,62946
493541,40000
493542,40723
493543,70283
493544,40000
493545,54234
493546,60412
493547,40000
493548,48697
493549,65620
493550,45927
493551,54241
493552,52236
493553,42055
493554,62171
493555,40000
493556,40000
493557,87594
493558,59143
493559,66311
493560,40000
493561,95129
493562,51348
493563,40000
493564,65975
493565,49587
493566,40000
493567,48512
493568,44838
493569,57276
493570,71765
493571,54440
493572,52640
493573,53622
493574,61200
493575,40000
493576,66008
493577,56570
493578,88065
493579,52939
493580,40000
493581,47456
493582,69640
493583,60339
493584,51221
493585,62760
493586,43539
493587,87328
493588,57973
493589,40349
493590,40000
493591,51791
493592,40000
493593,58322
493594,40000
493595,62402
493596,48750
493597,53019
493598,52601
493599,61407
493600,51418
493601,51566
493602,50500
493603,79720
493604,48596
493605,49486
493606,46255
493607,40000
493608,50311
493609,66048
493610,53830
493611,49441
493612,59867
493613,53107
493614,63291
493615,56927
493616,48735
493617,40000
493618,56992
493619,50735
493620,77247
493621,40000
493622,40000
493623,40000
493624,40000
493625,58704
493626,85767
493627,59404
493628,83650
493629,60202
493630,82563
493631,40000
493632,56329
493633,57096
493634,40000
493635,42995
493636,71305
493637,73616
493638,40000
493639,71421
493640,82346
493641,40000
493642,61320
493643,48533
493644,63403
493645,65396
493646,40000
493647,40000
493648,67604
493649,40000
493650,40000
493651,76890
493652,40000
493653,40690
493654,43378
493655,40000
493656,56527
493657,40000
493658,74350
493659,40000
493660,40000
493661,41723
493662,41995
493663,63219
493664,40000
493665,40000
493666,67526
493667,83765
493668,76527
493669,56064
493670,54963
493671,56912
493672,52185
493673,75600
493674,40000
493675,75694
493676,40000
493677,43064
493678,40000
493679,40000
493680,72310
493681,40000
493682,58080
493683,44546
493684,59564
493685,40000
493686,40000
493687,74134
493688,40000
493689,48925
493690,67766
493691,40000
493692,54294
493693,80162
493694,88561
493695,40000
493696,60943
493697,40000
493698,40000
493699,40000
493700,73785
493701,54469
493702,66916
493703,40000
493704,40000
493705,48221
493706,40000
493707,56670
493708,75734
493709,66383
493710,40000
493711,40000
493712,71381
493713,43132
493714,54291
493715,52856
493716,57810
493717,62136
493718,75069
493719,54653
493720,60399
493721,58155
493722,40000
493723,53416
493724,40000
493725,67618
493726,40000
493727,49888
493728,44734
493729,95584
493730,40000
493731,50833
493732,68438
493733,54653
493734,53380
493735,73671
493736,45924
493737,80628
493738,51247
493739,40000
493740,47919
493741,65711
493742,42512
493743,59562
493744,40000
493745,48329
493746,40000
493747,60595
493748,47867
493749,66167
493750,75686
493751,40000
493752,45245
493753,44813
493754,50316
493755,62434
493756,40000
493757,54027
493758,40000
493759,41025
493760,50325
493761,57116
493762,40000
493763,61860
493764,40000
493765,67691
493766,46139
493767,66348
493768,44958
493769,46420
493770,44046
493771,59063
493772,75375
493773,90296
493774,70958
493775,40000
493776,40000
493777,51621
493778,72147
493779,64852
493780,54291
493781,42539
493782,42734
493783,58023
493784,61208
493785,47769
493786,40000
493787,77435
493788,71250
493789,40000
493790,40000
493791,40000
493792,40000
493793,86349
493794,68288
493795,40000
493796,57693
493797,40000
493798,40000
493799,63066
493800,58870
493801,67352
493802,40000
493803,43867
493804,53953
493805,75188
493806,74789
493807,59347
493808,40000
493809,42597
493810,54140
493811,65509
493812,55902
493813,54475
493814,64437
493815,82224
493816,40000
493817,40506
493818,63780
493819,40000
493820,68051
493821,40000
493822,63732
493823,68578
493824,44748
493825,40000
493826,40000
493827,40000
493828,79817
493829,64335
493830,40000
493831,42808
493832,55057
493833,40000
493834,40000
493835,40000
493836,40000
493837,73730
493838,49175
493839,45583
493840,40000
493841,66779
493842,40000
493843,40000
493844,53788
493845,40000
493846,60007
493847,40000
493848,40000
493849,40000
493850,40000
493851,70015
493852,65323
493853,43617
493854,44811
493855,71198
493856,40000
493857,71398
493858,40910
493859,46213
493860,40000
493861,78202
493862,74623
493863,40000
493864,40000
493865,56920
493866,49326
493867,40000
493868,48894
493869,41809
493870,47779
493871,51931
493872,40000
493873,55413
493874,42593
493875,47608
493876,40000
493877,40000
493878,40000
493879,63281
493880,78741
493881,69596
493882,61967
493883,40000
493884,78086
493885,57581
493886,40000
493887,40000
493888,68921
493889,66595
493890,70342
493891,62090
493892,74641
493893,49913
493894,47599
493895,63008
493896,114498
493897,53815
493898,53858
493899,40000
493900,54433
493901,40000
493902,41377
493903,56090
493904,47976
493905,45924
493906,40000
493907,47251
493908,47561
493909,40000
493910,40000
493911,91560
493912,40000
493913,40000
493914,40000
493915,57001
493916,40000
493917,41299
493918,89659
493919,40000
493920,41159
493921,41082
493922,45823
493923,40000
493924,40000
493925,87273
493926,40000
493927,40000
493928,56007
493929,55012
493930,53067
493931,51594
493932,40000
493933,77352
493934,97621
493935,54051
493936,61458
493937,42871
493938,42033
493939,40000
493940,40000
493941,40000
493942,66238
493943,49929
493944,57380
493945,40000
493946,40000
493947,73925
493948,86256
493949,81349
493950,42441
493951,49693
493952,43706
493953,40000
493954,59349
493955,40868
493956,47698
493957,42890
493958,40000
493959,54458
493960,71896
493961,40000
493962,61429
493963,78708
493964,67321
493965,46625
493966,57317
493967,40000
493968,49226
493969,47753
493970,64559
493971,71387
493972,79634
493973,62699
493974,40000
493975,43629
493976,67772
493977,61118
493978,56348
493979,50626
493980,40000
493981,40000
493982,55080
493983,102463
493984,50848
493985,45416
493986,53503
493987,57536
493988,69540
493989,40000
493990,61955
493991,40000
493992,46831
493993,47300
493994,60021
493995,60143
493996,42759
493997,43338
493998,58470
493999,40000
494000,49427
494001,78995
494002,59134
494003,40000
494004,54514
494005,79533
494006,51704
494007,40000
494008,51654
494009,90752
494010,89867
494011,40000
494012,46255
494013,58496
494014,40000
494015,66990
494016,40000
494017,40000
494018,96141
494019,65241
494020,40000
494021,40000
494022,48509
494023,51064
494024,40000
494025,57261
494026,40000
494027,86045
494028,40000
494029,40000
494030,42676
494031,57826
494032,42329
494033,41782
494034,40000
494035,40000
494036,71452
494037,53093
494038,40000
494039,78196
494040,45189
494041,40304
494042,40000
494043,40000
494044,84882
494045,50445
494046,57257
494047,75805
494048,43679
494049,55111
494050,60048
494051,40000
494052,40000
494053,61543
494054,44327
494055,44088
494056,69384
494057,44490
494058,40000
494059,40000
494060,40000
494061,40000
494062,40000
494063,40000
494064,56544
494065,87901
494066,40000
494067,40000
494068,76439
494069,60375
494070,58327
494071,60792
494072,41382
494073,82188
494074,40000
494075,40000
494076,43478
494077,40000
494078,40000
494079,40000
494080,59596
494081,54893
494082,40000
494083,40000
494084,101528
494085,71299
494086,40000
494087,45179
494088,53267
494089,40000
494090,40000
494091,40000
494092,43876
494093,40000
494094,65903
494095,56812
494096,40000
494097,44899
494098,53052
494099,73599
494100,74487
494101,40000
494102,40000
494103,66043
494104,40000
494105,75236
494106,40000
494107,75462
494108,92177
494109,40000
494110,41145
494111,51002
494112,43283
494113,43010
494114,47776
494115,82180
494116,40000
494117,40000
494118,58914
494119,40000
494120,53274
494121,53214
494122,48418
494123,74618
494124,55669
494125,58778
494126,79349
494127,54300
494128,110843
494129,73031
494130,65285
494131,52654
494132,50354
494133,61151
494134,40000
494135,48335
494136,78047
494137,40677
494138,40000
494139,50547
494140,40000
494141,50364
494142,63398
494143,42701
494144,40000
494145,60179
494146,52818
494147,40000
494148,44197
494149,51922
494150,40000
494151,60534
494152,106642
494153,55787
494154,40000
494155,77581
494156,40000
494157,40000
494158,56003
494159,69897
494160,40000
494161,82831
494162,40000
494163,54999
494164,40000
494165,76131
494166,40000
494167,40000
494168,54832
494169,42610
494170,40000
494171,40000
494172,40000
494173,40000
494174,64246
494175,53970
494176,56926
494177,69726
494178,65977
494179,40000
494180,52715
494181,40000
494182,50911
494183,40000
494184,43975
494185,58703
494186,42987
494187,55208
494188,40000
494189,54848
494190,58397
494191,47625
494192,53859
494193,40000
494194,44000
494195,40000
494196,40000
494197,51561
494198,41915
494199,55929
494200,40000
494201,75403
494202,40000
494203,40000
494204,65937
494205,40000
494206,67324
494207,40000
494208,40000
494209,72472
494210,88367
494211,80842
494212,49665
494213,53704
494214,55421
494215,62225
494216,73346
494217,40000
494218,63899
494219,56979
494220,48816
494221,62971
494222,51022
494223,81472
494224,40000
494225,40000
494226,56376
494227,67295
494228,80010
494229,40468
494230,67278
494231,51443
494232,42427
494233,65361
494234,52012
494235,60390
494236,40000
494237,93222
494238,42822
494239,80465
494240,40000
494241,40000
494242,54094
494243,65343
494244,40000
494245,52826
494246,46666
494247,40000
494248,40000
494249,63343
494250,65731
494251,40000
494252,40000
494253,40000
494254,61415
494255,40000
494256,55801
494257,40000
494258,58125
494259,40000
494260,71943
494261,40000
494262,40000
494263,61121
494264,69488
494265,40000
494266,52987
494267,73333
494268,40000
494269,40000
494270,88487
494271,62257
494272,40000
494273,75074
494274,76394
494275,94545
494276,44429
494277,74204
494278,40000
494279,90298
494280,47969
494281,40000
494282,67719
494283,52164
494284,46909
494285,72758
494286,44363
494287,46334
494288,85943
494289,51510
494290,40000
494291,40000
494292,71832
494293,40000
494294,60822
494295,40000
494296,66544
494297,44635
494298,67721
494299,40000
494300,80772
494301,40000
494302,48701
494303,40000
494304,53798
494305,50462
494306,40000
494307,80082
494308,69285
494309,45879
494310,40000
494311,64207
494312,43222
494313,66956
494314,40000
494315,40000
494316,55135
494317,40000
494318,40000
494319,65203
494320,65938
494321,63881
494322,57048
494323,49548
494324,40000
494325,106670
494326,80675
494327,40000
494328,71939
494329,87714
494330,65862
494331,69236
494332,74138
494333,40000
494334,48041
494335,61063
494336,57426
494337,58826
494338,40000
494339,40000
494340,53900
494341,60250
494342,40000
494343,48795
494344,49897
494345,70798
494346,90170
494347,95617
494348,57432
494349,53445
494350,45910
494351,86531
494352,71784
494353,45028
494354,40000
494355,40000
494356,44735
494357,52415
494358,40000
494359,57871
494360,40000
494361,40000
494362,68682
494363,48617
494364,40267
494365,40000
494366,40000
494367,60339
494368,49463
494369,40000
494370,45127
494371,40000
494372,65336
494373,48920
494374,40000
494375,53523
494376,40000
494377,50559
494378,60515
494379,51264
494380,99202
494381,77582
494382,40000
494383,54478
494384,40000
494385,55634
494386,95758
494387,40000
494388,40189
494389,45878
494390,77672
494391,74631
494392,86130
494393,65717
494394,40000
494395,40000
494396,40000
494397,52636
494398,47550
494399,59936
494400,79554
494401,50876
494402,40000
494403,40000
494404,56415
494405,65689
494406,55211
494407,40000
494408,40000
494409,40000
494410,44765
494411,68349
494412,62558
494413,94052
494414,40000
494415,40000
494416,43150
494417,55252
494418,69226
494419,49816
494420,40000
494421,47020
494422,50675
494423,67339
494424,40000
494425,58611
494426,73398
494427,40000
494428,72412
494429,48092
494430,46624
494431,40000
494432,47842
494433,40000
494434,40000
494435,55684
494436,40000
494437,40000
494438,61193
494439,87633
494440,57282
494441,44411
494442,40000
494443,40601
494444,59660
494445,41034
494446,40000
494447,40000
494448,40000
494449,86899
494450,43496
494451,40000
494452,71241
494453,88194
494454,53323
494455,62645
494456,40000
494457,40000
494458,40000
494459,53408
494460,67764
494461,41051
494462,40064
494463,40000
494464,40206
494465,65927
494466,40000
494467,42038
494468,44029
494469,40000
494470,40000
494471,43891
494472,40000
494473,59639
494474,57525
494475,60731
494476,64645
494477,62368
494478,52957
494479,49617
494480,46270
494481,40000
494482,40000
494483,40000
494484,40000
494485,63518
494486,43886
494487,84967
494488,40000
494489,40000
494490,40000
494491,41666
494492,59550
494493,96959
494494,82690
494495,40000
494496,40000
494497,55792
494498,40000
494499,40000
494500,74114
494501,55957
494502,40000
494503,41430
494504,50385
494505,58337
494506,40000
494507,43675
494508,49706
494509,59152
494510,46132
494511,45666
494512,40000
494513,45900
494514,45834
494515,40000
494516,49547
494517,70377
494518,48948
494519,52457
494520,40000
494521,40000
494522,66871
494523,62227
494524,46966
494525,45304
494526,40000
494527,55304
494528,71259
494529,66320
494530,70450
494531,74178
494532,66447
494533,49706
494534,40000
494535,57646
494536,55711
494537,56264
494538,83615
494539,45681
494540,67575
494541,74107
494542,58679
494543,56943
494544,112730
494545,40000
494546,50732
494547,74074
494548,47302
494549,70893
494550,46910
494551,44429
494552,43716
494553,40000
494554,40000
494555,50723
494556,79317
494557,77925
494558,40000
494559,40000
494560,65692
494561,76749
494562,40000
494563,40000
494564,40000
494565,76510
494566,63784
494567,40000
494568,46560
494569,40000
494570,40000
494571,51544
494572,50800
494573,40000
494574,40000
494575,41335
494576,66836
494577,41754
494578,61521
494579,52761
494580,84159
494581,40000
494582,46148
494583,54082
494584,40000
494585,40000
494586,40000
494587,54637
494588,45630
494589,40000
494590,64862
494591,48032
494592,55662
494593,49206
494594,40000
494595,56274
494596,40000
494597,40000
494598,56204
494599,40000
494600,73152
494601,40000
494602,66406
494603,55720
494604,40000
494605,55487
494606,54419
494607,59836
494608,75403
494609,40000
494610,40000
494611,40000
494612,68027
494613,40000
494614,53876
494615,43307
494616,40000
494617,49651
494618,46266
494619,40000
494620,70559
494621,48540
494622,53377
494623,40000
494624,53215
494625,41413
494626,40571
494627,50195
494628,45151
494629,51950
494630,45895
494631,44839
494632,46007
494633,40000
494634,51202
494635,40000
494636,79854
494637,52473
494638,40000
494639,81061
494640,53272
494641,64999
494642,57404
494643,51281
494644,40000
494645,40000
494646,40000
494647,55720
494648,40000
494649,40000
494650,52368
494651,46394
494652,49422
494653,44834
494654,40000
494655,50381
494656,71833
494657,40000
494658,69592
494659,43282
494660,40000
494661,81237
494662,70393
494663,75082
494664,48444
494665,64748
494666,72181
494667,57312
494668,74479
494669,40000
494670,54493
494671,64531
494672,47448
494673,40000
494674,59839
494675,52363
494676,50202
494677,48217
494678,58765
494679,57303
494680,54298
494681,40000
494682,40000
494683,62561
494684,40000
494685,60000
494686,50465
494687,71934
494688,40000
494689,48762
494690,40000
494691,40000
494692,40000
494693,55197
494694,40000
494695,63434
494696,79440
494697,47675
494698,40000
494699,40000
494700,43224
494701,41282
494702,100610
494703,40000
494704,40000
494705,40000
494706,56306
494707,49658
494708,40000
494709,40000
494710,40000
494711,40000
494712,71070
494713,43321
494714,54537
494715,68472
494716,40000
494717,40000
494718,78720
494719,86240
494720,83067
494721,40000
494722,57389
494723,85190
494724,62763
494725,40000
494726,70061
494727,40000
494728,40000
494729,46502
494730,68735
494731,40000
494732,92563
494733,77656
494734,85269
494735,40000
494736,40000
494737,57934
494738,40000
494739,58302
494740,63018
494741,42061
494742,40000
494743,42948
494744,83321
494745,40000
494746,40000
494747,52507
494748,65316
494749,40000
494750,54655
494751,63822
494752,62683
494753,40000
494754,45609
494755,63592
494756,47720
494757,62320
494758,53849
494759,64054
494760,67216
494761,40000
494762,84371
494763,40073
494764,40000
494765,55096
494766,61428
494767,92838
494768,40000
494769,89302
494770,40000
494771,48496
494772,43666
494773,48912
494774,54246
494775,58543
494776,40000
494777,40000
494778,54917
494779,45494
494780,71327
494781,64330
494782,40000
494783,40000
494784,56071
494785,40000
494786,40000
494787,40000
494788,75092
494789,40000
494790,47105
494791,54378
494792,45353
494793,61484
494794,42245
494795,47035
494796,40000
494797,42772
494798,40000
494799,40000
494800,51784
494801,55565
494802,40000
494803,50072
494804,40000
494805,68121
494806,40000
494807,50562
494808,96014
494809,48194
494810,40000
494811,65615
494812,74915
494813,50007
494814,40000
494815,69805
494816,52915
494817,47847
494818,40000
494819,47635
494820,85208
494821,81278
494822,77435
494823,62169
494824,95827
494825,43845
494826,55759
494827,40000
494828,60021
494829,87683
494830,49886
494831,58843
494832,40000
494833,47144
494834,86012
494835,65198
494836,51613
494837,40000
494838,71526
494839,48772
494840,44708
494841,53188
494842,40000
494843,94482
494844,40000
494845,53727
494846,71267
494847,93833
494848,60209
494849,73358
494850,43741
494851,67481
494852,52545
494853,72948
494854,73340
494855,80922
494856,40000
494857,52271
494858,40000
494859,51361
494860,40000
494861,48661
494862,40000
494863,54003
494864,65482
494865,40000
494866,40000
494867,54731
494868,61992
494869,57105
494870,78065
494871,44995
494872,80100
494873,48201
494874,40000
494875,70869
494876,40000
494877,40000
494878,40000
494879,53644
494880,40000
494881,64544
494882,40000
494883,61453
494884,51976
494885,79216
494886,54898
494887,92520
494888,40000
494889,53219
494890,61038
494891,40000
494892,65987
494893,44055
494894,40000
494895,52128
494896,40000
494897,40000
494898,48474
494899,40534
494900,50289
494901,53386
494902,79930
494903,90532
494904,49387
494905,54981
494906,40000
494907,47351
494908,62672
494909,57727
494910,64597
494911,76349
494912,48141
494913,40000
494914,40000
494915,44165
494916,48684
494917,60378
494918,40000
494919,40000
494920,47863
494921,69193
494922,40000
494923,40000
494924,40000
494925,58056
494926,46268
494927,40000
494928,83071
494929,70870
494930,40442
494931,41333
494932,47068
494933,68308
494934,52068
494935,70536
494936,40000
494937,45132
494938,40000
494939,40000
494940,46379
494941,56579
494942,40000
494943,61570
494944,46080
494945,48764
494946,51443
494947,43893
494948,40000
494949,44899
494950,46553
494951,72851
494952,40000
494953,40000
494954,41688
494955,91927
494956,40162
494957,40000
494958,66834
494959,57253
494960,40000
494961,64478
494962,43768
494963,54720
494964,40000
494965,65524
494966,82596
494967,60411
494968,69532
494969,56008
494970,46496
494971,40000
494972,40000
494973,76564
494974,43200
494975,42394
494976,41582
494977,40000
494978,50846
494979,40000
494980,45293
494981,40000
494982,65409
494983,40000
494984,42648
494985,66992
494986,40000
494987,59643
494988,58275
494989,40000
494990,40000
494991,55216
494992,62443
494993,49345
494994,52805
494995,61003
494996,44278
494997,66774
494998,46828
494999,42244
495000,43537
495001,63401
495002,64358
495003,40000
495004,40708
495005,43504
495006,87574
495007,52013
495008,46347
495009,40000
495010,40000
495011,54970
495012,40000
495013,40000
495014,40000
495015,40000
495016,40000
495017,64152
495018,46688
495019,54339
495020,56634
495021,61072
495022,40000
495023,83064
495024,66918
495025,46404
495026,74365
495027,49045
495028,65433
495029,51962
495030,63977
495031,58939
495032,40000
495033,63432
495034,62948
495035,65014
495036,60982
495037,45336
495038,72130
495039,46166
495040,68076
495041,52538
495042,55605
495043,68698
495044,40000
495045,59267
495046,40593
495047,40000
495048,43458
495049,40000
495050,85560
495051,53477
495052,43351
495053,79727
495054,53995
495055,52044
495056,43189
495057,40000
495058,40000
495059,45857
495060,44011
495061,71640
495062,70608
495063,89830
495064,59752
495065,73193
495066,40000
495067,74486
495068,47725
495069,40000
495070,40000
495071,40000
495072,60722
495073,51291
495074,68282
495075,55977
495076,43173
495077,52553
495078,46987
495079,77175
495080,48566
495081,90023
495082,67789
495083,62975
495084,40833
495085,67516
495086,40000
495087,40000
495088,41372
495089,48602
495090,40302
495091,51516
495092,46684
495093,40000
495094,52531
495095,40000
495096,40000
495097,40000
495098,40552
495099,40000
495100,71143
495101,67546
495102,47537
495103,81281
495104,56250
495105,101656
495106,45690
495107,80453
495108,52334
495109,40000
495110,60239
495111,45764
495112,48876
495113,40000
495114,57798
495115,59454
495116,40000
495117,42377
495118,75809
495119,43280
495120,64638
495121,44985
495122,71336
495123,40000
495124,40000
495125,40000
495126,48990
495127,40000
495128,40000
495129,62699
495130,64187
495131,57611
495132,49700
495133,40000
495134,57689
495135,40000
495136,83597
495137,59090
495138,69929
495139,45767
495140,45712
495141,40000
495142,40883
495143,49134
495144,73321
495145,58211
495146,53228
495147,40000
495148,40000
495149,71167
495150,40000
495151,51811
495152,40000
495153,75933
495154,96440
495155,41020
495156,48693
495157,43399
495158,52415
495159,50245
495160,56946
495161,46162
495162,45441
495163,40000
495164,57137
495165,48649
495166,55940
495167,74632
495168,50267
495169,58073
495170,40000
495171,48307
495172,85103
495173,40000
495174,73084
495175,43092
495176,40000
495177,45285
495178,54768
495179,84251
495180,47783
495181,41312
495182,48564
495183,49655
495184,67800
495185,40000
495186,63374
495187,81545
495188,40000
495189,89603
495190,40000
495191,40000
495192,62394
495193,57758
495194,65064
495195,48413
495196,40000
495197,51501
495198,60449
495199,59846
495200,76817
495201,57091
495202,52556
495203,43445
495204,49557
495205,55130
495206,40000
495207,40000
495208,44660
495209,52098
495210,44570
495211,56676
495212,40949
495213,68717
495214,40000
495215,40000
495216,41450
495217,62031
495218,59026
495219,51004
495220,40000
495221,67381
495222,49006
495223,40000
495224,47991
495225,41002
495226,56423
495227,71537
495228,63889
495229,40000
495230,40000
495231,40000
495232,40000
495233,40750
495234,106861
495235,66521
495236,57382
495237,40000
495238,61423
495239,57185
495240,40000
495241,70494
495242,40000
495243,51392
495244,53208
495245,40000
495246,89566
495247,103711
495248,78810
495249,85259
495250,40000
495251,51423
495252,82955
495253,40000
495254,63165
495255,40000
495256,70646
495257,64922
495258,49981
495259,49488
495260,52847
495261,63304
495262,51594
495263,43148
495264,49968
495265,53973
495266,40000
495267,78728
495268,40000
495269,64975
495270,55600
495271,81464
495272,48823
495273,40000
495274,53125
495275,95903
495276,40000
495277,40000
495278,55573
495279,40000
495280,52081
495281,70843
495282,40000
495283,40000
495284,88437
495285,80017
495286,40000
495287,56949
495288,66856
495289,40000
495290,40812
495291,48296
495292,58143
495293,41400
495294,51994
495295,40000
495296,40000
495297,81562
495298,40000
495299,85082
495300,48635
495301,40000
495302,70921
495303,51914
495304,43991
495305,41393
495306,52647
495307,83015
495308,48951
495309,54921
495310,40000
495311,108917
495312,40000
495313,65666
495314,51899
495315,64025
495316,46590
495317,42118
495318,88606
495319,44872
495320,53415
495321,73006
495322,72279
495323,59822
495324,49632
495325,93738
495326,63524
495327,40000
495328,40076
495329,40000
495330,76208
495331,57946
495332,61387
495333,46407
495334,44450
495335,40000
495336,72995
495337,47266
495338,60137
495339,41982
495340,81209
495341,69297
495342,46178
495343,54460
495344,59907
495345,40000
495346,40000
495347,42493
495348,40000
495349,74241
495350,40000
495351,42405
495352,40000
495353,40000
495354,40000
495355,41668
495356,49050
495357,40002
495358,59494
495359,40354
495360,40000
495361,40000
495362,60080
495363,40000
495364,51082
495365,85691
495366,71866
495367,46654
495368,40000
495369,42132
495370,41606
495371,60506
495372,77112
495373,40000
495374,40000
495375,40000
495376,40596
495377,53544
495378,80259
495379,43648
495380,63329
495381,57897
495382,55647
495383,40000
495384,51480
495385,53688
495386,58272
495387,40000
495388,40000
495389,40000
495390,60955
495391,62819
495392,44577
495393,40000
495394,40000
495395,40000
495396,40000
495397,53673
495398,45089
495399,40000
495400,40000
495401,40000
495402,40562
495403,51680
495404,40000
495405,40000
495406,40000
495407,65310
495408,40000
495409,74186
495410,57399
495411,40000
495412,41489
495413,40000
495414,61012
495415,46927
495416,74369
495417,40000
495418,40000
495419,71052
495420,40000
495421,52357
495422,40000
495423,48097
495424,40000
495425,50084
495426,55534
495427,67427
495428,47604
495429,60979
495430,40000
495431,46837
495432,50347
495433,55323
495434,40000
495435,45643
495436,40000
495437,51634
495438,61277
495439,71490
495440,55043
495441,56115
495442,70870
495443,84812
495444,52158
495445,57835
495446,49450
495447,82166
495448,87900
495449,40000
495450,69917
495451,40000
495452,70841
495453,42211
495454,71292
495455,60560
495456,40000
495457,43264
495458,40000
495459,67484
495460,54476
495461,51100
495462,49881
495463,48524
495464,40484
495465,55779
495466,78297
495467,40000
495468,55281
495469,54558
495470,40905
495471,40000
495472,70079
495473,59527
495474,54941
495475,66207
495476,44059
495477,73578
495478,45996
495479,79087
495480,62759
495481,85726
495482,48540
495483,54235
495484,60786
495485,40000
495486,62930
495487,40000
495488,40000
495489,40000
495490,76268
495491,40000
495492,47961
495493,80189
495494,40000
495495,84110
495496,63688
495497,40000
495498,73659
495499,40000
495500,40000
495501,40000
495502,40000
495503,64911
495504,44998
495505,45703
495506,40000
495507,40000
495508,40000
495509,58992
495510,56493
495511,40000
495512,42751
495513,40000
495514,47449
495515,40000
495516,40000
495517,40000
495518,40590
495519,46993
495520,63595
495521,72300
495522,40000
495523,54677
495524,49016
495525,63658
495526,40000
495527,54545
495528,82233
495529,65447
495530,68884
495531,40000
495532,70169
495533,69772
495534,86993
495535,49738
495536,40000
495537,48778
495538,77337
495539,40000
495540,41506
495541,54283
495542,40000
495543,80318
495544,66796
495545,43549
495546,40000
495547,43822
495548,42162
495549,88338
495550,73588
495551,69904
495552,40000
495553,44757
495554,40000
495555,71712
495556,48675
495557,48386
495558,40000
495559,57825
495560,47853
495561,40000
495562,56989
495563,78376
495564,41254
495565,41799
495566,40000
495567,85198
495568,40000
495569,40000
495570,40000
495571,49591
495572,50709
495573,79298
495574,54534
495575,42156
495576,85792
495577,50906
495578,40000
495579,40000
495580,68607
495581,53426
495582,40000
495583,40682
495584,88297
495585,40000
495586,55339
495587,51085
495588,43718
495589,63015
495590,95598
495591,73919
495592,61756
495593,59096
495594,40000
495595,57417
495596,72365
495597,40000
495598,41251
495599,60898
495600,56402
495601,40000
495602,40000
495603,64652
495604,78460
495605,57837
495606,52534
495607,79513
495608,53728
495609,59473
495610,73823
495611,59285
495612,48194
495613,45102
495614,40000
495615,60315
495616,70861
495617,40000
495618,62280
495619,49133
495620,40000
495621,56346
495622,40000
495623,47184
495624,46664
495625,55226
495626,47570
495627,48530
495628,50554
495629,74354
495630,56357
495631,40000
495632,55894
495633,75923
495634,40000
495635,40000
495636,58026
495637,68920
495638,49875
495639,79128
495640,53272
495641,48277
495642,40000
495643,44537
495644,46952
495645,71282
495646,53251
495647,40000
495648,58747
495649,56568
495650,40000
495651,56445
495652,46633
495653,56827
495654,40000
495655,41866
495656,40000
495657,70053
495658,40000
495659,75689
495660,49416
495661,51810
495662,40000
495663,41435
495664,78086
495665,45612
495666,47107
495667,40000
495668,41699
495669,40000
495670,40000
495671,40000
495672,47572
495673,79448
495674,73499
495675,46783
495676,40000
495677,73496
495678,49113
495679,58552
495680,55447
495681,59454
495682,55093
495683,40000
495684,85980
495685,52903
495686,61172
495687,58326
495688,40335
495689,40000
495690,79160
495691,77365
495692,40000
495693,40000
495694,40000
495695,44402
495696,40000
495697,41471
495698,40000
495699,49514
495700,70616
495701,41677
495702,74846
495703,40000
495704,40000
495705,40000
495706,69917
495707,73010
495708,40000
495709,63343
495710,68460
495711,49637
495712,75819
495713,55150
495714,50101
495715,61259
495716,86315
495717,59658
495718,46202
495719,49242
495720,40000
495721,42754
495722,40000
495723,40000
495724,40000
495725,40000
495726,50817
495727,81313
495728,59266
495729,44722
495730,43805
495731,40000
495732,40000
495733,40000
495734,48979
495735,40000
495736,40000
495737,53907
495738,46653
495739,40000
495740,40000
495741,40000
495742,40000
495743,40000
495744,40000
495745,52548
495746,40000
495747,58937
495748,40000
495749,52504
495750,40000
495751,68566
495752,40000
495753,40119
495754,40000
495755,70106
495756,70259
495757,40000
495758,40000
495759,40000
495760,54547
495761,67832
495762,40000
495763,40000
495764,40000
495765,40362
495766,40000
495767,40000
495768,40000
495769,53226
495770,40000
495771,40000
495772,88445
495773,52258
495774,40000
495775,55211
495776,42971
495777,70247
495778,40000
495779,42689
495780,52639
495781,40000
495782,68251
495783,57777
495784,60187
495785,50285
495786,40000
495787,54484
495788,63740
495789,48622
495790,66230
495791,56885
495792,59470
495793,68531
495794,45026
495795,59734
495796,64948
495797,40000
495798,40000
495799,45511
495800,57688
495801,58041
495802,40000
495803,52962
495804,45640
495805,40178
495806,84203
495807,40000
495808,47222
495809,63812
495810,78100
495811,55622
495812,76923
495813,40000
495814,50776
495815,40000
495816,42510
495817,42500
495818,40000
495819,43700
495820,56783
495821,40000
495822,46764
495823,75508
495824,73434
495825,58212
495826,40000
495827,40000
495828,50868
495829,48095
495830,61867
495831,53688
495832,67296
495833,42936
495834,40000
495835,40000
495836,47828
495837,40000
495838,43101
495839,40000
495840,40000
495841,40146
495842,44923
495843,40000
495844,69457
495845,45801
495846,40000
495847,40000
495848,64589
495849,40000
495850,40000
495851,40000
495852,65971
495853,40000
495854,74998
495855,40000
495856,40000
495857,61685
495858,41978
495859,55171
495860,40000
495861,79256
495862,65935
495863,40954
495864,55706
495865,40000
495866,40000
495867,45717
495868,58152
495869,70571
495870,54797
495871,40000
495872,40000
495873,48875
495874,85275
495875,52557
495876,40028
495877,40000
495878,40000
495879,40000
495880,66593
495881,50552
495882,68668
495883,48064
495884,73606
495885,75740
495886,40000
495887,53317
495888,57828
495889,46416
495890,40000
495891,53502
495892,40000
495893,40000
495894,40000
495895,46325
495896,68634
495897,61979
495898,62355
495899,40000
495900,61545
495901,57276
495902,40000
495903,43614
495904,40000
495905,52454
495906,47499
495907,64314
495908,45225
495909,58014
495910,70218
495911,64895
495912,76172
495913,52435
495914,40000
495915,67208
495916,54894
495917,40000
495918,40000
495919,40000
495920,61650
495921,40000
495922,40000
495923,40000
495924,41499
495925,41635
495926,61939
495927,40000
495928,40000
495929,63272
495930,65660
495931,40000
495932,54160
495933,52672
495934,51544
495935,40000
495936,59326
495937,48737
495938,61125
495939,63091
495940,40000
495941,40000
495942,64926
495943,40000
495944,40918
495945,40000
495946,74277
495947,40000
495948,40754
495949,40000
495950,40000
495951,40000
495952,65626
495953,51569
495954,40701
495955,66203
495956,48304
495957,84324
495958,40000
495959,48665
495960,51292
495961,40000
495962,40000
495963,55316
495964,50668
495965,40117
495966,93002
495967,48191
495968,65330
495969,40000
495970,64109
495971,64525
495972,40000
495973,78981
495974,49441
495975,40000
495976,45781
495977,58158
495978,68565
495979,40000
495980,40345
495981,40000
495982,40000
495983,68137
495984,40000
495985,57650
495986,77436
495987,45659
495988,55402
495989,48750
495990,60952
495991,40000
495992,41601
495993,46645
495994,40168
495995,50574
495996,47334
495997,40000
495998,40000
495999,40000
496000,53692
496001,72359
496002,41099
496003,46671
496004,65788
496005,42163
496006,41902
496007,63595
496008,79083
496009,40000
496010,54272
496011,62250
496012,40596
496013,75960
496014,40000
496015,84612
496016,40000
496017,50839
496018,82037
496019,46910
496020,58868
496021,40000
496022,48289
496023,48491
496024,58328
496025,42699
496026,73658
496027,55389
496028,40000
496029,46164
496030,40000
496031,40000
496032,77819
496033,40000
496034,40000
496035,42217
496036,76287
496037,45609
496038,99385
496039,71791
496040,51600
496041,70506
496042,40493
496043,40000
496044,47626
496045,50040
496046,40000
496047,58508
496048,61349
496049,41178
496050,43142
496051,59849
496052,48334
496053,48243
496054,62137
496055,46884
496056,46855
496057,40000
496058,43515
496059,75098
496060,40000
496061,73087
496062,43423
496063,51820
496064,40000
496065,52565
496066,57445
496067,44637
496068,78618
496069,40000
496070,92671
496071,42883
496072,49010
496073,48208
496074,54906
496075,52055
496076,47842
496077,75313
496078,40000
496079,57885
496080,63106
496081,51796
496082,45042
496083,44996
496084,62319
496085,43164
496086,46187
496087,63711
496088,52352
496089,52336
496090,52086
496091,65155
496092,40000
496093,40000
496094,40000
496095,50448
496096,40000
496097,40000
496098,67598
496099,66097
496100,40197
496101,40000
496102,61330
496103,40000
496104,64221
496105,50756
496106,62079
496107,48143
496108,40000
496109,40000
496110,54989
496111,74354
496112,72878
496113,40000
496114,46147
496115,43134
496116,73233
496117,40370
496118,52359
496119,59324
496120,56118
496121,55664
496122,49010
496123,40000
496124,40000
496125,57544
496126,65900
496127,40000
496128,56189
496129,61957
496130,40000
496131,86874
496132,40000
496133,40000
496134,49338
496135,61382
496136,40000
496137,40000
496138,40000
496139,59827
496140,44509
496141,57060
496142,42926
496143,55713
496144,100597
496145,40000
496146,52932
496147,49993
496148,40000
496149,40000
496150,56737
496151,47981
496152,56627
496153,40000
496154,40000
496155,71622
496156,76732
496157,40000
496158,40000
496159,40000
496160,50805
496161,84192
496162,40000
496163,64973
496164,56951
496165,52960
496166,40000
496167,40000
496168,46733
496169,40000
496170,46034
496171,57480
496172,50513
496173,76881
496174,77394
496175,64939
496176,46094
496177,49324
496178,70725
496179,47220
496180,40000
496181,97958
496182,40000
496183,52297
496184,40000
496185,44905
496186,45108
496187,40000
496188,47664
496189,40400
496190,40000
496191,46034
496192,67651
496193,67482
496194,92478
496195,55711
496196,40000
496197,40000
496198,91321
496199,59231
496200,61018
496201,79284
496202,43931
496203,40000
496204,40000
496205,68047
496206,47894
496207,52655
496208,40000
496209,57524
496210,56719
496211,60077
496212,44193
496213,63467
496214,57424
496215,50071
496216,59556
496217,40000
496218,55700
496219,40000
496220,53882
496221,40000
496222,52943
496223,58756
496224,63624
496225,50873
496226,40000
496227,40000
496228,45426
496229,40000
496230,40000
496231,48373
496232,40000
496233,46832
496234,60257
496235,86717
496236,67403
496237,48718
496238,49361
496239,60627
496240,56364
496241,50629
496242,61318
496243,67470
496244,40000
496245,61628
496246,61759
496247,55032
496248,81896
496249,57965
496250,61540
496251,50009
496252,41216
496253,45866
496254,82757
496255,40000
496256,48744
496257,81334
496258,40000
496259,45823
496260,90698
496261,40000
496262,84749
496263,40640
496264,46500
496265,58861
496266,40000
496267,40000
496268,52334
496269,73422
496270,59454
496271,40000
496272,40000
496273,40000
496274,57109
496275,58323
496276,60910
496277,46752
496278,63841
496279,59842
496280,62232
496281,40104
496282,42028
496283,61173
496284,43777
496285,57926
496286,67233
496287,60677
496288,51609
496289,41393
496290,40000
496291,65461
496292,42323
496293,40000
496294,44897
496295,40567
496296,52295
496297,40000
496298,54080
496299,40000
496300,40000
496301,40000
496302,42309
496303,60602
496304,64564
496305,48371
496306,87608
496307,49146
496308,65004
496309,48358
496310,40000
496311,74832
496312,41184
496313,75747
496314,64548
496315,82423
496316,40000
496317,40000
496318,48648
496319,61914
496320,58944
496321,64733
496322,40000
496323,40000
496324,40000
496325,82856
496326,66283
496327,40000
496328,40000
496329,40000
496330,40000
496331,45569
496332,57343
496333,83451
496334,62358
496335,40000
496336,59932
496337,40000
496338,40000
496339,48835
496340,40000
496341,59379
496342,62620
496343,42144
496344,41109
496345,50024
496346,61238
496347,40000
496348,40000
496349,50657
496350,67685
496351,40000
496352,53392
496353,41722
496354,89919
496355,51220
496356,42159
496357,42715
496358,40000
496359,48250
496360,40000
496361,81794
496362,89932
496363,71484
496364,40000
496365,40000
496366,40000
496367,55109
496368,83047
496369,50818
496370,53612
496371,40000
496372,50288
496373,54475
496374,72578
496375,52093
496376,41894
496377,40000
496378,81003
496379,40146
496380,45795
496381,40000
496382,40000
496383,48220
496384,40000
496385,80305
496386,56257
496387,40000
496388,77721
496389,40000
496390,44158
496391,63756
496392,48945
496393,88587
496394,40000
496395,68053
496396,44764
496397,50594
496398,40000
496399,53603
496400,81748
496401,72602
496402,43125
496403,40000
496404,55743
496405,40000
496406,48778
496407,40000
496408,40000
496409,40000
496410,40000
496411,76031
496412,72370
496413,40000
496414,49350
496415,55435
496416,41676
496417,70681
496418,75701
496419,66020
496420,40000
496421,40000
496422,50469
496423,48541
496424,74852
496425,68294
496426,69272
496427,47802
496428,68959
496429,68886
496430,57752
496431,61798
496432,40000
496433,50413
496434,40420
496435,50065
496436,40000
496437,45747
496438,40000
496439,51903
496440,67937
496441,46428
496442,70166
496443,54319
496444,49884
496445,57759
496446,59471
496447,50692
496448,40000
496449,40000
496450,63939
496451,76947
496452,40000
496453,42082
496454,80219
496455,40000
496456,77017
496457,52611
496458,65259
496459,48577
496460,68069
496461,40000
496462,43502
496463,40000
496464,50662
496465,40000
496466,64017
496467,40000
496468,54055
496469,63299
496470,45139
496471,49838
496472,54805
496473,40000
496474,40000
496475,81279
496476,40000
496477,40000
496478,41866
496479,64888
496480,51439
496481,83341
496482,70321
496483,40000
496484,40000
496485,50493
496486,74089
496487,40000
496488,40000
496489,52298
496490,63605
496491,40000
496492,41568
496493,40000
496494,42672
496495,40000
496496,45780
496497,94587
496498,42828
496499,49823
496500,60320
496501,64913
496502,44249
496503,71048
496504,40000
496505,49203
496506,40000
496507,67345
496508,63743
496509,66646
496510,42217
496511,63806
496512,46557
496513,44047
496514,40000
496515,40000
496516,49394
496517,54923
496518,40000
496519,45977
496520,71931
496521,57929
496522,40000
496523,40003
496524,53542
496525,40000
496526,76406
496527,40000
496528,40000
496529,40000
496530,40717
496531,40000
496532,75137
496533,40000
496534,56906
496535,64124
496536,88608
496537,71512
496538,40000
496539,40000
496540,60052
496541,85372
496542,40000
496543,40000
496544,46783
496545,57593
496546,53889
496547,40000
496548,49698
496549,47787
496550,40000
496551,40000
496552,40000
496553,67873
496554,42863
496555,63276
496556,40000
496557,40000
496558,77620
496559,40000
496560,86999
496561,40000
496562,47652
496563,40000
496564,59886
496565,40000
496566,40000
496567,43250
496568,40000
496569,72996
496570,61151
496571,40000
496572,40000
496573,62986
496574,40000
496575,40000
496576,40000
496577,40000
496578,40000
496579,53577
496580,49112
496581,48994
496582,53503
496583,77805
496584,40000
496585,52277
496586,58961
496587,40000
496588,51020
496589,40000
496590,45181
496591,40000
496592,40000
496593,66343
496594,57439
496595,60028
496596,96845
496597,49630
496598,40000
496599,46757
496600,40000
496601,60877
496602,40000
496603,76260
496604,40000
496605,40000
496606,43974
496607,40000
496608,40000
496609,42562
496610,40000
496611,40000
496612,50202
496613,57048
496614,70126
496615,40000
496616,51746
496617,57384
496618,40000
496619,40000
496620,41033
496621,41410
496622,49106
496623,83404
496624,40000
496625,62818
496626,40000
496627,43180
496628,46608
496629,52682
496630,60769
496631,40000
496632,42630
496633,40000
496634,40000
496635,62357
496636,40000
496637,63351
496638,64667
496639,40000
496640,62156
496641,40000
496642,70131
496643,50863
496644,97760
496645,40000
496646,42489
496647,40000
496648,84336
496649,58011
496650,61202
496651,42755
496652,40000
496653,65465
496654,40000
496655,48741
496656,44322
496657,62402
496658,44575
496659,50105
496660,50374
496661,49707
496662,76375
496663,64196
496664,80774
496665,56716
496666,63921
496667,73572
496668,62592
496669,47046
496670,65080
496671,82234
496672,40000
496673,64782
496674,68369
496675,47428
496676,40000
496677,41352
496678,40000
496679,78760
496680,46986
496681,40000
496682,57653
496683,40086
496684,44542
496685,53409
496686,70359
496687,40000
496688,40000
496689,81864
496690,52922
496691,56183
496692,40000
496693,40000
496694,63222
496695,44888
496696,40000
496697,40000
496698,52508
496699,48572
496700,52190
496701,48247
496702,58363
496703,40000
496704,76436
496705,40000
496706,61368
496707,40000
496708,40000
496709,40000
496710,40000
496711,58004
496712,46237
496713,40000
496714,47702
496715,40000
496716,50458
496717,40000
496718,40000
496719,52737
496720,89908
496721,40000
496722,72266
496723,40000
496724,59354
496725,55709
496726,45131
496727,66818
496728,46480
496729,52805
496730,50418
496731,58325
496732,48063
496733,50583
496734,102716
496735,45246
496736,74475
496737,46515
496738,65446
496739,64953
496740,54424
496741,46990
496742,40000
496743,51285
496744,85765
496745,83020
496746,57074
496747,49568
496748,40000
496749,40000
496750,40000
496751,71390
496752,40000
496753,41632
496754,98865
496755,62371
496756,76421
496757,40000
496758,40000
496759,44709
496760,43193
496761,40000
496762,84423
496763,40000
496764,40000
496765,40000
496766,60389
496767,82745
496768,40000
496769,40000
496770,46983
496771,41357
496772,78446
496773,56413
496774,40000
496775,75938
496776,40000
496777,85786
496778,79929
496779,44970
496780,66824
496781,70919
496782,40000
496783,65960
496784,65741
496785,40000
496786,40000
496787,50041
496788,40442
496789,40000
496790,59808
496791,43972
496792,77244
496793,40576
496794,52622
496795,61581
496796,65807
496797,69904
496798,80893
496799,75564
496800,40000
496801,41907
496802,40000
496803,51273
496804,55078
496805,40860
496806,56687
496807,40000
496808,40000
496809,40000
496810,93396
496811,41628
496812,70456
496813,80619
496814,40000
496815,82836
496816,54135
496817,94027
496818,46353
496819,40000
496820,40000
496821,40000
496822,53209
496823,56744
496824,73418
496825,44392
496826,55389
496827,61606
496828,40000
496829,88080
496830,45654
496831,40000
496832,43097
496833,40000
496834,40000
496835,52652
496836,41255
496837,40000
496838,56275
496839,77266
496840,65266
496841,68665
496842,52926
496843,58354
496844,74692
496845,64856
496846,84401
496847,41461
496848,40000
496849,42334
496850,81205
496851,50596
496852,40000
496853,40000
496854,52209
496855,40000
496856,73199
496857,42493
496858,56940
496859,98035
496860,57095
496861,40000
496862,70072
496863,67573
496864,44612
496865,47548
496866,40000
496867,47553
496868,79032
496869,40000
496870,82291
496871,65130
496872,82415
496873,46214
496874,81844
496875,40000
496876,60478
496877,40000
496878,50489
496879,40000
496880,40000
496881,66071
496882,56434
496883,77597
496884,40000
496885,40000
496886,62506
496887,74137
496888,40000
496889,57639
496890,47900
496891,42176
496892,44462
496893,40000
496894,42017
496895,41969
496896,62872
496897,40000
496898,47734
496899,45477
496900,48348
496901,60240
496902,48088
496903,40000
496904,58139
496905,51994
496906,40000
496907,65688
496908,54906
496909,42792
496910,44886
496911,79268
496912,48348
496913,40000
496914,55523
496915,45239
496916,55097
496917,49438
496918,46206
496919,45322
496920,40000
496921,48009
496922,40000
496923,40000
496924,40000
496925,43250
496926,83719
496927,40000
496928,63939
496929,47111
496930,75619
496931,57559
496932,40000
496933,54444
496934,45004
496935,47244
496936,62711
496937,70756
496938,69914
496939,44044
496940,85050
496941,53727
496942,40188
496943,40000
496944,40000
496945,57760
496946,45074
496947,49617
496948,50876
496949,40000
496950,42977
496951,45420
496952,40000
496953,40000
496954,40000
496955,71304
496956,51003
496957,40000
496958,43116
496959,40000
496960,93746
496961,40000
496962,59969
496963,40000
496964,63211
496965,40000
496966,54077
496967,68536
496968,53220
496969,67321
496970,58910
496971,97626
496972,62501
496973,40000
496974,62908
496975,60346
496976,77930
496977,46354
496978,74289
496979,51226
496980,45408
496981,40000
496982,52868
496983,59861
496984,50841
496985,68350
496986,40000
496987,40000
496988,40000
496989,81190
496990,69399
496991,99563
496992,48318
496993,41796
496994,40000
496995,50146
496996,40000
496997,49931
496998,60117
496999,63395
497000,40000
497001,94101
497002,43509
497003,70696
497004,50796
497005,40000
497006,40000
497007,42380
497008,46345
497009,64763
497010,40000
497011,93172
497012,40000
497013,81387
497014,40000
497015,74907
497016,74315
497017,73763
497018,40000
497019,40234
497020,88224
497021,44562
497022,40000
497023,85134
497024,60053
497025,40000
497026,40000
497027,76926
497028,40000
497029,40000
497030,40000
497031,40000
497032,40000
497033,40000
497034,40000
497035,43471
497036,51688
497037,50016
497038,79467
497039,40000
497040,87869
497041,50582
497042,94607
497043,95634
497044,77360
497045,70864
497046,40000
497047,40000
497048,50885
497049,44332
497050,67085
497051,68634
497052,51033
497053,73644
497054,40000
497055,40000
497056,53611
497057,82324
497058,40000
497059,50872
497060,40000
497061,42068
497062,61713
497063,70352
497064,40000
497065,42158
497066,40000
497067,47732
497068,52810
497069,59202
497070,47601
497071,80616
497072,72040
497073,65194
497074,63928
497075,56176
497076,58102
497077,45419
497078,46211
497079,40000
497080,70880
497081,40000
497082,40000
497083,40000
497084,40000
497085,45632
497086,56178
497087,40000
497088,73736
497089,42251
497090,58933
497091,42426
497092,40000
497093,61336
497094,72851
497095,40000
497096,50216
497097,58678
497098,56521
497099,40644
497100,40000
497101,60262
497102,49658
497103,47891
497104,49066
497105,55168
497106,40000
497107,40000
497108,75630
497109,54414
497110,40000
497111,57636
497112,40000
497113,40012
497114,40000
497115,40000
497116,59155
497117,40000
497118,57465
497119,70885
497120,40000
497121,50253
497122,96076
497123,52889
497124,76760
497125,40000
497126,51878
497127,40000
497128,40000
497129,40000
497130,45288
497131,58422
497132,40000
497133,40000
497134,68001
497135,71056
497136,40000
497137,40000
497138,89204
497139,49591
497140,40000
497141,66768
497142,40000
497143,58283
497144,40000
497145,52549
497146,40000
497147,40087
497148,40000
497149,64854
497150,56246
497151,54757
497152,76886
497153,40000
497154,52764
497155,48866
497156,60484
497157,47605
497158,64956
497159,40000
497160,83225
497161,52778
497162,77176
497163,58676
497164,40000
497165,43901
497166,55948
497167,40000
497168,68949
497169,44095
497170,61458
497171,40000
497172,40000
497173,46272
497174,45255
497175,40000
497176,43548
497177,40000
497178,40000
497179,40000
497180,74623
497181,78693
497182,40000
497183,40000
497184,40000
497185,63084
497186,53860
497187,75642
497188,70233
497189,54943
497190,42975
497191,60786
497192,40000
497193,46651
497194,44284
497195,61520
497196,40000
497197,40000
497198,46621
497199,41721
497200,50759
497201,63549
497202,40000
497203,40000
497204,40000
497205,40000
497206,54385
497207,60839
497208,52337
497209,50963
497210,40000
497211,57241
497212,61696
497213,43879
497214,40000
497215,65178
497216,41361
497217,71640
497218,75700
497219,42223
497220,40000
497221,40000
497222,54343
497223,40669
497224,40000
497225,55461
497226,40000
497227,61964
497228,63563
497229,52491
497230,48742
497231,40000
497232,80421
497233,40000
497234,63188
497235,68953
497236,47887
497237,71145
497238,41823
497239,46268
497240,61404
497241,45537
497242,40000
497243,40000
497244,48542
497245,41315
497246,48096
497247,40251
497248,66982
497249,73164
497250,54477
497251,52995
497252,40000
497253,40000
497254,51734
497255,40000
497256,40000
497257,40000
497258,40000
497259,44477
497260,40000
497261,40000
497262,40000
497263,60735
497264,47868
497265,40000
497266,40000
497267,40000
497268,45488
497269,40000
497270,40000
497271,47848
497272,62700
497273,40000
497274,42081
497275,40000
497276,64466
497277,40000
497278,48772
497279,44482
497280,67962
497281,50065
497282,69035
497283,40000
497284,77560
497285,77796
497286,55296
497287,47746
497288,40000
497289,87642
497290,40000
497291,40000
497292,55651
497293,40000
497294,40000
497295,40000
497296,54554
497297,99350
497298,40149
497299,66839
497300,56616
497301,47528
497302,40000
497303,57814
497304,41482
497305,41155
497306,40000
497307,62269
497308,78556
497309,53660
497310,42989
497311,64720
497312,80608
497313,68733
497314,52620
497315,69961
497316,40000
497317,43030
497318,58276
497319,49554
497320,75434
497321,63160
497322,45570
497323,40000
497324,44388
497325,67685
497326,54222
497327,81060
497328,40000
497329,40000
497330,44905
497331,40000
497332,55669
497333,40000
497334,69360
497335,40000
497336,49521
497337,40000
497338,67072
497339,40000
497340,62550
497341,65680
497342,40000
497343,40000
497344,56188
497345,78820
497346,70887
497347,40000
497348,40000
497349,63474
497350,92020
497351,54312
497352,80791
497353,58473
497354,40000
497355,40000
497356,48726
497357,53803
497358,68657
497359,67663
497360,40000
497361,40000
497362,70811
497363,57655
497364,79542
497365,40000
497366,40000
497367,72948
497368,52510
497369,46222
497370,94205
497371,45804
497372,63185
497373,67293
497374,40000
497375,40000
497376,70942
497377,40000
497378,63861
497379,66543
497380,40000
497381,65766
497382,40000
497383,102219
497384,45790
497385,40000
497386,40000
497387,46299
497388,62630
497389,40000
497390,89602
497391,74583
497392,40000
497393,40000
497394,73827
497395,77953
497396,40000
497397,40000
497398,40000
497399,94782
497400,40000
497401,40000
497402,58651
497403,40000
497404,40000
497405,67216
497406,44169
497407,40000
497408,44689
497409,40000
497410,85570
497411,63302
497412,56411
497413,87889
497414,51217
497415,66093
497416,84682
497417,40000
497418,40000
497419,40000
497420,63005
497421,59398
497422,41056
497423,40000
497424,43912
497425,40000
497426,64338
497427,41135
497428,54962
497429,40000
497430,40000
497431,40000
497432,40047
497433,40899
497434,42366
497435,55538
497436,44084
497437,40000
497438,50649
497439,40000
497440,46251
497441,47356
497442,84028
497443,69810
497444,81793
497445,68173
497446,55805
497447,55830
497448,73036
497449,41726
497450,72551
497451,52786
497452,49164
497453,67378
497454,70088
497455,40000
497456,53711
497457,55230
497458,58849
497459,85605
497460,40000
497461,40000
497462,49966
497463,40000
497464,40116
497465,55683
497466,63698
497467,59508
497468,54743
497469,40000
497470,56285
497471,43447
497472,45107
497473,54876
497474,40000
497475,62636
497476,67744
497477,40000
497478,61028
497479,40000
497480,71917
497481,40000
497482,62176
497483,73155
497484,63512
497485,40000
497486,40000
497487,40000
497488,45348
497489,40000
497490,81170
497491,40000
497492,40000
497493,54057
497494,40000
497495,40000
497496,40000
497497,41912
497498,40000
497499,82408
497500,63599
497501,60185
497502,40000
497503,57937
497504,40000
497505,61475
497506,40184
497507,83384
497508,55836
497509,45179
497510,51683
497511,62527
497512,40000
497513,40000
497514,49204
497515,56965
497516,63892
497517,40000
497518,40000
497519,53776
497520,48839
497521,40000
497522,62546
497523,48233
497524,40000
497525,74132
497526,41833
497527,40000
497528,40000
497529,40000
497530,50354
497531,40000
497532,40000
497533,74759
497534,40363
497535,44939
497536,75950
497537,40000
497538,96427
497539,40000
497540,56643
497541,43041
497542,40000
497543,40000
497544,58229
497545,61013
497546,47911
497547,65659
497548,40000
497549,52912
497550,49929
497551,40000
497552,49474
497553,63659
497554,46997
497555,48971
497556,63846
497557,44831
497558,78788
497559,52153
497560,40000
497561,40000
497562,88900
497563,80638
497564,40000
497565,48300
497566,40000
497567,40000
497568,63314
497569,62463
497570,40000
497571,54363
497572,63839
497573,40000
497574,70975
497575,45775
497576,40000
497577,40000
497578,77260
497579,40000
497580,48314
497581,43896
497582,59639
497583,45746
497584,42306
497585,40000
497586,41087
497587,40000
497588,40000
497589,45900
497590,77230
497591,40000
497592,100941
497593,62802
497594,71284
497595,40000
497596,43294
497597,43694
497598,61987
497599,40000
497600,97505
497601,58030
497602,40000
497603,47082
497604,50297
497605,42472
497606,40000
497607,40000
497608,40000
497609,64859
497610,40000
497611,40000
497612,40000
497613,63576
497614,40000
497615,40000
497616,60958
497617,82754
497618,52550
497619,56941
497620,79907
497621,40000
497622,55065
497623,82742
497624,47002
497625,40000
497626,53036
497627,40000
497628,40000
497629,51163
497630,40000
497631,75409
497632,62314
497633,40723
497634,63627
497635,61147
497636,66600
497637,53520
497638,72308
497639,40959
497640,40000
497641,67056
497642,40000
497643,44382
497644,40000
497645,40000
497646,75336
497647,40000
497648,69234
497649,42753
497650,52252
497651,82224
497652,40000
497653,70558
497654,40000
497655,51975
497656,55154
497657,53419
497658,50492
497659,50692
497660,50669
497661,71001
497662,47369
497663,63580
497664,57253
497665,40000
497666,56585
497667,40000
497668,40000
497669,40000
497670,40000
497671,79537
497672,40000
497673,57164
497674,40000
497675,45091
497676,78702
497677,44698
497678,43465
497679,61134
497680,58360
497681,40000
497682,40000
497683,60158
497684,44914
497685,40000
497686,72199
497687,40000
497688,40000
497689,58016
497690,40000
497691,40000
497692,40000
497693,86302
497694,53469
497695,73125
497696,62644
497697,40000
497698,40000
497699,58486
497700,45257
497701,54027
497702,40000
497703,42413
497704,49654
497705,64700
497706,42558
497707,44297
497708,40000
497709,40000
497710,40000
497711,41635
497712,60020
497713,40006
497714,47202
497715,48925
497716,42219
497717,60432
497718,41592
497719,40000
497720,40000
497721,40000
497722,40000
497723,40000
497724,40000
497725,40854
497726,48645
497727,40000
497728,40000
497729,40000
497730,40000
497731,40000
497732,40000
497733,40000
497734,54060
497735,72732
497736,73246
497737,43656
497738,40000
497739,40000
497740,75866
497741,40000
497742,46846
497743,40000
497744,40000
497745,58295
497746,40000
497747,54095
497748,58378
497749,40000
497750,40000
497751,40000
497752,50963
497753,41465
497754,45049
497755,48957
497756,49050
497757,58383
497758,49752
497759,41854
497760,40790
497761,71430
497762,55606
497763,40000
497764,63632
497765,40000
497766,51603
497767,55788
497768,40000
497769,40000
497770,66599
497771,40000
497772,40000
497773,83286
497774,40000
497775,77083
497776,40000
497777,40000
497778,59009
497779,82674
497780,73193
497781,57703
497782,40000
497783,49564
497784,62702
497785,49987
497786,80071
497787,50821
497788,46937
497789,46053
497790,63123
497791,56133
497792,40000
497793,47947
497794,43513
497795,40000
497796,69801
497797,40330
497798,59719
497799,45228
497800,61218
497801,44936
497802,40000
497803,40000
497804,75010
497805,57961
497806,68163
497807,40000
497808,65592
497809,40000
497810,40000
497811,60093
497812,40000
497813,74561
497814,60716
497815,60218
497816,50893
497817,75580
497818,42071
497819,51031
497820,67364
497821,48227
497822,41067
497823,58054
497824,51857
497825,40000
497826,40000
497827,40000
497828,60942
497829,48269
497830,79382
497831,59133
497832,40000
497833,40000
497834,44809
497835,40000
497836,55970
497837,40000
497838,42475
497839,45398
497840,40000
497841,40000
497842,40000
497843,40000
497844,40000
497845,42407
497846,60079
497847,51020
497848,40000
497849,44846
497850,68382
497851,47079
497852,47573
497853,40000
497854,83300
497855,40000
497856,51696
497857,66364
497858,68933
497859,40000
497860,69446
497861,40515
497862,56182
497863,40000
497864,40000
497865,40000
497866,40000
497867,58760
497868,77808
497869,40000
497870,64160
497871,47388
497872,40000
497873,95100
497874,48887
497875,40000
497876,72510
497877,40000
497878,62066
497879,53724
497880,40000
497881,47783
497882,69291
497883,86177
497884,54633
497885,40214
497886,72798
497887,72489
497888,74929
497889,40000
497890,67221
497891,40000
497892,40000
497893,70983
497894,55053
497895,50513
497896,48242
497897,56898
497898,54764
497899,75100
497900,56004
497901,40000
497902,46942
497903,47409
497904,57821
497905,40000
497906,40320
497907,68541
497908,58178
497909,40000
497910,54041
497911,50567
497912,40000
497913,40000
497914,62374
497915,40000
497916,66476
497917,54659
497918,58443
497919,70777
497920,40000
497921,55283
497922,51808
497923,54298
497924,40000
497925,81735
497926,40000
497927,58937
497928,40000
497929,70254
497930,78003
497931,55179
497932,51345
497933,43650
497934,90648
497935,40000
497936,40000
497937,64740
497938,40000
497939,46526
497940,40000
497941,40000
497942,74466
497943,43979
497944,54856
497945,40000
497946,40000
497947,52389
497948,41138
497949,44196
497950,40000
497951,40000
497952,71442
497953,56515
497954,47031
497955,71808
497956,40000
497957,40000
497958,40000
497959,86352
497960,46076
497961,48877
497962,40000
497963,40000
497964,48313
497965,40000
497966,40000
497967,40000
497968,41097
497969,45296
497970,55678
497971,53174
497972,57736
497973,44054
497974,74696
497975,53309
497976,54556
497977,41031
497978,78718
497979,40000
497980,52879
497981,51523
497982,47965
497983,56397
497984,58682
497985,60430
497986,40000
497987,40000
497988,60193
497989,50453
497990,40000
497991,40000
497992,52069
497993,52012
497994,40000
497995,101365
497996,47699
497997,40000
497998,40000
497999,63798
498000,59301
498001,67770
498002,49789
498003,83889
498004,56580
498005,68879
498006,50346
498007,57486
498008,40000
498009,58390
498010,54961
498011,52645
498012,69588
498013,54757
498014,58786
498015,40000
498016,40000
498017,73320
498018,46890
498019,40000
498020,42517
498021,59989
498022,55110
498023,88788
498024,40000
498025,43727
498026,59605
498027,91161
498028,76406
498029,40000
498030,63042
498031,40000
498032,93293
498033,40000
498034,40000
498035,55012
498036,73602
498037,40000
498038,40079
498039,56801
498040,73467
498041,40000
498042,55161
498043,84423
498044,40000
498045,91812
498046,53448
498047,49822
498048,71172
498049,48735
498050,74485
498051,60521
498052,68471
498053,40000
498054,43409
498055,40000
498056,77564
498057,94290
498058,76275
498059,40000
498060,50980
498061,63128
498062,51655
498063,59041
498064,40000
498065,49415
498066,78901
498067,68962
498068,78836
498069,45757
498070,40166
498071,43467
498072,61574
498073,73323
498074,40771
498075,40000
498076,43493
498077,40000
498078,62919
498079,40000
498080,40000
498081,59469
498082,40000
498083,48967
498084,55653
498085,70478
498086,56989
498087,50110
498088,40000
498089,47694
498090,40000
498091,65323
498092,40000
498093,50817
498094,60456
498095,45309
498096,40000
498097,40000
498098,78944
498099,40000
498100,60735
498101,73795
498102,44742
498103,60396
498104,56729
498105,54243
498106,64885
498107,40000
498108,62561
498109,87326
498110,40000
498111,48738
498112,50833
498113,82775
498114,70793
498115,56855
498116,53271
498117,55711
498118,40000
498119,49316
498120,40000
498121,40000
498122,62693
498123,40000
498124,72624
498125,40000
498126,102892
498127,40000
498128,55655
498129,40000
498130,41795
498131,40000
498132,51857
498133,40000
498134,48656
498135,40000
498136,40000
498137,40000
498138,45801
498139,40000
498140,81909
498141,40000
498142,40000
498143,57435
498144,40000
498145,40000
498146,62905
498147,70360
498148,68447
498149,83229
498150,85779
498151,40000
498152,40000
498153,40000
498154,40000
498155,59684
498156,45269
498157,48650
498158,72391
498159,40000
498160,49996
498161,62934
498162,73439
498163,48217
498164,64574
498165,72104
498166,68093
498167,40000
498168,58685
498169,40000
498170,40144
498171,76795
498172,40000
498173,73071
498174,64641
498175,63153
498176,61859
498177,40000
498178,40000
498179,69557
498180,40000
498181,47023
498182,40000
498183,62745
498184,49815
498185,40000
498186,40000
498187,48424
498188,52540
498189,40000
498190,40000
498191,96963
498192,40000
498193,40000
498194,40000
498195,67718
498196,69007
498197,62194
498198,40000
498199,46372
498200,48758
498201,66548
498202,40000
498203,55559
498204,50087
498205,87578
498206,42715
498207,40000
498208,48552
498209,40000
498210,40000
498211,64193
498212,60946
498213,54708
498214,40000
498215,44132
498216,44744
498217,56275
498218,40000
498219,63189
498220,40000
498221,43919
498222,70956
498223,41721
498224,43647
498225,40000
498226,40000
498227,50991
498228,40000
498229,40000
498230,73616
498231,40000
498232,57567
498233,40000
498234,56409
498235,64177
498236,49715
498237,40000
498238,75222
498239,40000
498240,40000
498241,57923
498242,40000
498243,40000
498244,68019
498245,56643
498246,40000
498247,55624
498248,59545
498249,68804
498250,57009
498251,40000
498252,41408
498253,47676
498254,40000
498255,57275
498256,57951
498257,40000
498258,45759
498259,40000
498260,60399
498261,60480
498262,55759
498263,40000
498264,56314
498265,40000
498266,70585
498267,48924
498268,48190
498269,40000
498270,44158
498271,40000
498272,40000
498273,46523
498274,46559
498275,40000
498276,41249
498277,40000
498278,40000
498279,54368
498280,40000
498281,54336
498282,40000
498283,40000
498284,64896
498285,40000
498286,53305
498287,76629
498288,74092
498289,51219
498290,63189
498291,69144
498292,62624
498293,59112
498294,59632
498295,70477
498296,48805
498297,44219
498298,57892
498299,50387
498300,42687
498301,40000
498302,40000
498303,46316
498304,67601
498305,40000
498306,79500
498307,57387
498308,40000
498309,60885
498310,40000
498311,46937
498312,42603
498313,68930
498314,40000
498315,62479
498316,86502
498317,82182
498318,72395
498319,40000
498320,49963
498321,60153
498322,40000
498323,59528
498324,47374
498325,40000
498326,40000
498327,77927
498328,40000
498329,58629
498330,62132
498331,56225
498332,44221
498333,56171
498334,40000
498335,79948
498336,59576
498337,65293
498338,40000
498339,72902
498340,41379
498341,50676
498342,41098
498343,47590
498344,40000
498345,40000
498346,40000
498347,53466
498348,55542
498349,43816
498350,68454
498351,45297
498352,44333
498353,63942
498354,40000
498355,86585
498356,62803
498357,40000
498358,62375
498359,71890
498360,68307
498361,77310
498362,40000
498363,57896
498364,40000
498365,40000
498366,45803
498367,40000
498368,80533
498369,43008
498370,52610
498371,78297
498372,40000
498373,40000
498374,62060
498375,40000
498376,40000
498377,40000
498378,40000
498379,72494
498380,65228
498381,95395
498382,40000
498383,40350
498384,50549
498385,40000
498386,63559
498387,56826
498388,46207
498389,61504
498390,40000
498391,57833
498392,80075
498393,40000
498394,63230
498395,74188
498396,62805
498397,44489
498398,70961
498399,43297
498400,65533
498401,40000
498402,63808
498403,45477
498404,40000
498405,40000
498406,40893
498407,64713
498408,60596
498409,45439
498410,40000
498411,88652
498412,40000
498413,40000
498414,51086
498415,41246
498416,48660
498417,51210
498418,49789
498419,40000
498420,40000
498421,48609
498422,48888
498423,54660
498424,60673
498425,40000
498426,40169
498427,40000
498428,40000
498429,69301
498430,57402
498431,62586
498432,40000
498433,65273
498434,40000
498435,40000
498436,60380
498437,47807
498438,40000
498439,46899
498440,83302
498441,40000
498442,40000
498443,45270
498444,55456
498445,40000
498446,41272
498447,57964
498448,49542
498449,40000
498450,54972
498451,40000
498452,40000
498453,84922
498454,69787
498455,95522
498456,40000
498457,51954
498458,60957
498459,40000
498460,49717
498461,99977
498462,55565
498463,51067
498464,62920
498465,57633
498466,65167
498467,103391
498468,50208
498469,40000
498470,52517
498471,43359
498472,40000
498473,67070
498474,40000
498475,40827
498476,65717
498477,59162
498478,56688
498479,45193
498480,41674
498481,49361
498482,57478
498483,95034
498484,78861
498485,40000
498486,40000
498487,82381
498488,52565
498489,40000
498490,81786
498491,40464
498492,52729
498493,67693
498494,53025
498495,47841
498496,68275
498497,50351
498498,67766
498499,59532
498500,46540
498501,74431
498502,77862
498503,40000
498504,40000
498505,60847
498506,81676
498507,46301
498508,40000
498509,40000
498510,71723
498511,40000
498512,53959
498513,40000
498514,52562
498515,79514
498516,40000
498517,48612
498518,49740
498519,40389
498520,49892
498521,49371
498522,40000
498523,80475
498524,40000
498525,62609
498526,46947
498527,49285
498528,82626
498529,40000
498530,57312
498531,40000
498532,67354
498533,79097
498534,40000
498535,54332
498536,40000
498537,45360
498538,54848
498539,72603
498540,80435
498541,47140
498542,59703
498543,41777
498544,53320
498545,40610
498546,59257
498547,52928
498548,76342
498549,92265
498550,40000
498551,51959
498552,40000
498553,40000
498554,88333
498555,43706
498556,55377
498557,62888
498558,40000
498559,49181
498560,76854
498561,40000
498562,40718
498563,40000
498564,49497
498565,72853
498566,48429
498567,60692
498568,75001
498569,43811
498570,49454
498571,43151
498572,49837
498573,40000
498574,43940
498575,40000
498576,54347
498577,66444
498578,88490
498579,71245
498580,44829
498581,88098
498582,62172
498583,68639
498584,74167
498585,98689
498586,40000
498587,77165
498588,40000
498589,79923
498590,80797
498591,40000
498592,78862
498593,40000
498594,80312
498595,61000
498596,40000
498597,67573
498598,56930
498599,57835
498600,65328
498601,55606
498602,56907
498603,63368
498604,58974
498605,57942
498606,81587
498607,82149
498608,40000
498609,68439
498610,60108
498611,60303
498612,50145
498613,91907
498614,40000
498615,40000
498616,47161
498617,48518
498618,76111
498619,45200
498620,40000
498621,44478
498622,69351
498623,45159
498624,68294
498625,42291
498626,62880
498627,40596
498628,102236
498629,49471
498630,64694
498631,64554
498632,62864
498633,40000
498634,40000
498635,43577
498636,51795
498637,40000
498638,75819
498639,40000
498640,93116
498641,40000
498642,48273
498643,40000
498644,44110
498645,58245
498646,62732
498647,53205
498648,61081
498649,50180
498650,66341
498651,56508
498652,76375
498653,48237
498654,62293
498655,43728
498656,47094
498657,49619
498658,68967
498659,55726
498660,63701
498661,76434
498662,65496
498663,63543
498664,51437
498665,49153
498666,56744
498667,44804
498668,40000
498669,49849
498670,69027
498671,44595
498672,58240
498673,40000
498674,40000
498675,40000
498676,62402
498677,40000
498678,40000
498679,53301
498680,50515
498681,57248
498682,60365
498683,72106
498684,51406
498685,40000
498686,57559
498687,40000
498688,46378
498689,52659
498690,40000
498691,45393
498692,42949
498693,56411
498694,47477
498695,40975
498696,72074
498697,82469
498698,42202
498699,40000
498700,51942
498701,40000
498702,62839
498703,40000
498704,73529
498705,40000
498706,41068
498707,40000
498708,40000
498709,40000
498710,40997
498711,44604
498712,70696
498713,56099
498714,40000
498715,56180
498716,40000
498717,93126
498718,40000
498719,64073
498720,40825
498721,77136
498722,46126
498723,48400
498724,73117
498725,54944
498726,40000
498727,42149
498728,47104
498729,52778
498730,40000
498731,46731
498732,40000
498733,106795
498734,46415
498735,48388
498736,75517
498737,60051
498738,42806
498739,40000
498740,42245
498741,40000
498742,40000
498743,40000
498744,42341
498745,61398
498746,46247
498747,59094
498748,50089
498749,56100
498750,40000
498751,40000
498752,56682
498753,73764
498754,42471
498755,40000
498756,50195
498757,86766
498758,48856
498759,41844
498760,63286
498761,45359
498762,43623
498763,68490
498764,40000
498765,68927
498766,41395
498767,40303
498768,54724
498769,40000
498770,55758
498771,45406
498772,41899
498773,72689
498774,40000
498775,56935
498776,42764
498777,40000
498778,70926
498779,40000
498780,65610
498781,59475
498782,58252
498783,43121
498784,40000
498785,85062
498786,57744
498787,64966
498788,40000
498789,40000
498790,40000
498791,59921
498792,93953
498793,40000
498794,45785
498795,40000
498796,45723
498797,55680
498798,42350
498799,42702
498800,40167
498801,77551
498802,40000
498803,53363
498804,65380
498805,40000
498806,40000
498807,62105
498808,54641
498809,55371
498810,62259
498811,40000
498812,40000
498813,66127
498814,83535
498815,40000
498816,53399
498817,40000
498818,64204
498819,40000
498820,79501
498821,66368
498822,40000
498823,40000
498824,50563
498825,40000
498826,40000
498827,47626
498828,40000
498829,44978
498830,49961
498831,80439
498832,40000
498833,40766
498834,71474
498835,80062
498836,74094
498837,40000
498838,40000
498839,54926
498840,54833
498841,63345
498842,47011
498843,48445
498844,40000
498845,40000
498846,40000
498847,40000
498848,67148
498849,40000
498850,70883
498851,57565
498852,40000
498853,40000
498854,46344
498855,55615
498856,41235
498857,40000
498858,40000
498859,40000
498860,42782
498861,64359
498862,63682
498863,40000
498864,89743
498865,55382
498866,40000
498867,40000
498868,64418
498869,80445
498870,40000
498871,64987
498872,44101
498873,40000
498874,74640
498875,65687
498876,59490
498877,61952
498878,40000
498879,88700
498880,46612
498881,62583
498882,46663
498883,70295
498884,40000
498885,48318
498886,53126
498887,40000
498888,40000
498889,87715
498890,40000
498891,53615
498892,56922
498893,40000
498894,61736
498895,76827
498896,40000
498897,40000
498898,41646
498899,91654
498900,59662
498901,100447
498902,40000
498903,40000
498904,61011
498905,47187
498906,63392
498907,40021
498908,58273
498909,40000
498910,66849
498911,40000
498912,54851
498913,40000
498914,40000
498915,85972
498916,59412
498917,50231
498918,40000
498919,43906
498920,46299
498921,40000
498922,44306
498923,108117
498924,41732
498925,42088
498926,48105
498927,67953
498928,42843
498929,58383
498930,40000
498931,79674
498932,42875
498933,75581
498934,77044
498935,60699
498936,40000
498937,40000
498938,59917
498939,40000
498940,60741
498941,91460
498942,54134
498943,40000
498944,62528
498945,45809
498946,65175
498947,62265
498948,43057
498949,40000
498950,40000
498951,49732
498952,51275
498953,40000
498954,40000
498955,52314
498956,40000
498957,40000
498958,56444
498959,40000
498960,40000
498961,41840
498962,70969
498963,82242
498964,64348
498965,40000
498966,40000
498967,75044
498968,40000
498969,53669
498970,52630
498971,40000
498972,42046
498973,45448
498974,66015
498975,40000
498976,40000
498977,55508
498978,47880
498979,58556
498980,40000
498981,41724
498982,58896
498983,43654
498984,47051
498985,44383
498986,40000
498987,40000
498988,53258
498989,40000
498990,54960
498991,47438
498992,51542
498993,50345
498994,46898
498995,44364
498996,78150
498997,73161
498998,78245
498999,52486
499000,43095
499001,57926
499002,55776
499003,62995
499004,49162
499005,76624
499006,46341
499007,74807
499008,50714
499009,40000
499010,40000
499011,40000
499012,40000
499013,40000
499014,66844
499015,40000
499016,53622
499017,40000
499018,40000
499019,57923
499020,40000
499021,40000
499022,40000
499023,60684
499024,68487
499025,68960
499026,73315
499027,51076
499028,59948
499029,40000
499030,52729
499031,46119
499032,60747
499033,51921
499034,48344
499035,82037
499036,60715
499037,40000
499038,76343
499039,65310
499040,74322
499041,45675
499042,40000
499043,60813
499044,48947
499045,42447
499046,72688
499047,40000
499048,50064
499049,58264
499050,63497
499051,52978
499052,40245
499053,52650
499054,40000
499055,45626
499056,40000
499057,72125
499058,78804
499059,40000
499060,40000
499061,40820
499062,52026
499063,43230
499064,52399
499065,40000
499066,96944
499067,40000
499068,47481
499069,53920
499070,54664
499071,43287
499072,40000
499073,54116
499074,40000
499075,44243
499076,53869
499077,40000
499078,54195
499079,40000
499080,40080
499081,41775
499082,40000
499083,54728
499084,63479
499085,49234
499086,51360
499087,51583
499088,59413
499089,49366
499090,40000
499091,59655
499092,46846
499093,49803
499094,46732
499095,40000
499096,40000
499097,66946
499098,40313
499099,43356
499100,40000
499101,40000
499102,99654
499103,40000
499104,40000
499105,40000
499106,62142
499107,51648
499108,40000
499109,64812
499110,83950
499111,74499
499112,68930
499113,80940
499114,43381
499115,40000
499116,40000
499117,58800
499118,40000
499119,40000
499120,62487
499121,61718
499122,87317
499123,79684
499124,54308
499125,69178
499126,79176
499127,49656
499128,62421
499129,47513
499130,63196
499131,51148
499132,40000
499133,64460
499134,40000
499135,63472
499136,63594
499137,52612
499138,40000
499139,41633
499140,40000
499141,68501
499142,41325
499143,68317
499144,68398
499145,73747
499146,40000
499147,78366
499148,49091
499149,40000
499150,77470
499151,44841
499152,55146
499153,54012
499154,55274
499155,40000
499156,40000
499157,40712
499158,70896
499159,77882
499160,40000
499161,84981
499162,62049
499163,73717
499164,51330
499165,40000
499166,79046
499167,40000
499168,40045
499169,48002
499170,47913
499171,43162
499172,40000
499173,40000
499174,40000
499175,75545
499176,45113
499177,40000
499178,69997
499179,48125
499180,65241
499181,83805
499182,55315
499183,40000
499184,57458
499185,44336
499186,40000
499187,72540
499188,76471
499189,40000
499190,81635
499191,63746
499192,46058
499193,43952
499194,61589
499195,41752
499196,40000
499197,75128
499198,57919
499199,49939
499200,40000
499201,59829
499202,58234
499203,65677
499204,47948
499205,59735
499206,75612
499207,70445
499208,59110
499209,40000
499210,79619
499211,40000
499212,42906
499213,67168
499214,40792
499215,40000
499216,57445
499217,40000
499218,40000
499219,61160
499220,58252
499221,40000
499222,40000
499223,40000
499224,40000
499225,40000
499226,40936
499227,40000
499228,52666
499229,43030
499230,40000
499231,72848
499232,40000
499233,40000
499234,57826
499235,76808
499236,82366
499237,40000
499238,53441
499239,45726
499240,51771
499241,40000
499242,40000
499243,40000
499244,51080
499245,40000
499246,40000
499247,55690
499248,40000
499249,40000
499250,40000
499251,86150
499252,40000
499253,40000
499254,67412
499255,44846
499256,53569
499257,63173
499258,44428
499259,90608
499260,40000
499261,53211
499262,68553
499263,42171
499264,40000
499265,66034
499266,78494
499267,52024
499268,68892
499269,66743
499270,59873
499271,68272
499272,41054
499273,40000
499274,70001
499275,94324
499276,45781
499277,54398
499278,40000
499279,51339
499280,49858
499281,40000
499282,67828
499283,60481
499284,88426
499285,40000
499286,64621
499287,57814
499288,59808
499289,50552
499290,40000
499291,40156
499292,61862
499293,45731
499294,40000
499295,48616
499296,40000
499297,63582
499298,40000
499299,49597
499300,40000
499301,59610
499302,71717
499303,69128
499304,57427
499305,68085
499306,42786
499307,40000
499308,40000
499309,40000
499310,66818
499311,43145
499312,71738
499313,69210
499314,57330
499315,54285
499316,43662
499317,40000
499318,69736
499319,40000
499320,42322
499321,71600
499322,66771
499323,40000
499324,40000
499325,49654
499326,49060
499327,52780
499328,69314
499329,45273
499330,54983
499331,72208
499332,41206
499333,61379
499334,40223
499335,52217
499336,40000
499337,68468
499338,41002
499339,52072
499340,52895
499341,40000
499342,75868
499343,40000
499344,53068
499345,58008
499346,45287
499347,75444
499348,48017
499349,40000
499350,46617
499351,45260
499352,50322
499353,55801
499354,40000
499355,43695
499356,61950
499357,40000
499358,54422
499359,40000
499360,50531
499361,59123
499362,47038
499363,63550
499364,40000
499365,40000
499366,50549
499367,49581
499368,55728
499369,55179
499370,79068
499371,72669
499372,46703
499373,47758
499374,40000
499375,40000
499376,62137
499377,40000
499378,63100
499379,67307
499380,68386
499381,46260
499382,62605
499383,40000
499384,40000
499385,45164
499386,48350
499387,53911
499388,40000
499389,73798
499390,54697
499391,54531
499392,70394
499393,74385
499394,86928
499395,51657
499396,40000
499397,55037
499398,40000
499399,60751
499400,40000
499401,45102
499402,48809
499403,54260
499404,66122
499405,40000
499406,40000
499407,60707
499408,40000
499409,54294
499410,40000
499411,40000
499412,54558
499413,40000
499414,45756
499415,66991
499416,51891
499417,59303
499418,44424
499419,41443
499420,58718
499421,52414
499422,43718
499423,40000
499424,63722
499425,76656
499426,48582
499427,40000
499428,55098
499429,74274
499430,72247
499431,79746
499432,57371
499433,40000
499434,54365
499435,67524
499436,54959
499437,55392
499438,40000
499439,40000
499440,54728
499441,58768
499442,40000
499443,64515
499444,87182
499445,61011
499446,90448
499447,41173
499448,50439
499449,85354
499450,51591
499451,42718
499452,40000
499453,65622
499454,40000
499455,48826
499456,40000
499457,40000
499458,63254
499459,40000
499460,60292
499461,40000
499462,40910
499463,40000
499464,41789
499465,40000
499466,47633
499467,63402
499468,40000
499469,62159
499470,40000
499471,52233
499472,40000
499473,40000
499474,52988
499475,40000
499476,68743
499477,52050
499478,40000
499479,79543
499480,65851
499481,53958
499482,58210
499483,77107
499484,67981
499485,46298
499486,55904
499487,51854
499488,41002
499489,71529
499490,40000
499491,67618
499492,40000
499493,40000
499494,66045
499495,40000
499496,53259
499497,40000
499498,50346
499499,43754
499500,40000
499501,61345
499502,46140
499503,40000
499504,47963
499505,78636
499506,52087
499507,40000
499508,45384
499509,79328
499510,44734
499511,42278
499512,40000
499513,41635
499514,84674
499515,40000
499516,64990
499517,43078
499518,54393
499519,45497
499520,40000
499521,40000
499522,45110
499523,57750
499524,44565
499525,56097
499526,45190
499527,40000
499528,40850
499529,65581
499530,40000
499531,88089
499532,40000
499533,40000
499534,52692
499535,56404
499536,68404
499537,55463
499538,55905
499539,40000
499540,61705
499541,45391
499542,89037
499543,48968
499544,40000
499545,40000
499546,73911
499547,56197
499548,50281
499549,40000
499550,44850
499551,54998
499552,51705
499553,65611
499554,40000
499555,87210
499556,57485
499557,49822
499558,62168
499559,57068
499560,90637
499561,44437
499562,53708
499563,44501
499564,46399
499565,47183
499566,65839
499567,40000
499568,40000
499569,40000
499570,73613
499571,42941
499572,81197
499573,40000
499574,76207
499575,60746
499576,42264
499577,51000
499578,48636
499579,70412
499580,57132
499581,51445
499582,41187
499583,40000
499584,53821
499585,48311
499586,41788
499587,105555
499588,45270
499589,62081
499590,61711
499591,61930
499592,46412
499593,58087
499594,40000
499595,65268
499596,40000
499597,62386
499598,63431
499599,42284
499600,53444
499601,42549
499602,55411
499603,97437
499604,54239
499605,44069
499606,65110
499607,43846
499608,40000
499609,40000
499610,85988
499611,53568
499612,49492
499613,40000
499614,40000
499615,59703
499616,40000
499617,40000
499618,56188
499619,40000
499620,68583
499621,40000
499622,63490
499623,40000
499624,40000
499625,74487
499626,40000
499627,40000
499628,64212
499629,60266
499630,50740
499631,67715
499632,40000
499633,45860
499634,61363
499635,40000
499636,53079
499637,77934
499638,73245
499639,55705
499640,61975
499641,71531
499642,45352
499643,68424
499644,40000
499645,40633
499646,63928
499647,40000
499648,40000
499649,40000
499650,40000
499651,51104
499652,45566
499653,40000
499654,40000
499655,66253
499656,40000
499657,40000
499658,40000
499659,64374
499660,55686
499661,88037
499662,52895
499663,64716
499664,40000
499665,49557
499666,40000
499667,53991
499668,40000
499669,40000
499670,66906
499671,61812
499672,59557
499673,49499
499674,70812
499675,40000
499676,79583
499677,40000
499678,40000
499679,61339
499680,44543
499681,59379
499682,65484
499683,54986
499684,50376
499685,59672
499686,43009
499687,50008
499688,104279
499689,65577
499690,41102
499691,57650
499692,40000
499693,47517
499694,40000
499695,61114
499696,40000
499697,59716
499698,80205
499699,61238
499700,57551
499701,77163
499702,55513
499703,40000
499704,71028
499705,40000
499706,44329
499707,40000
499708,58156
499709,40000
499710,55253
499711,76955
499712,67731
499713,40000
499714,52121
499715,40000
499716,53169
499717,81392
499718,40000
499719,40000
499720,52863
499721,40000
499722,81843
499723,51604
499724,40000
499725,64920
499726,40000
499727,98876
499728,84112
499729,40000
499730,68249
499731,40000
499732,40000
499733,83438
499734,40000
499735,45650
499736,40000
499737,105877
499738,46362
499739,40000
499740,56491
499741,40000
499742,58531
499743,40000
499744,43148
499745,60760
499746,40000
499747,66447
499748,40000
499749,54181
499750,81489
499751,51740
499752,92670
499753,40000
499754,40000
499755,48536
499756,48511
499757,47708
499758,63593
499759,40000
499760,63718
499761,43891
499762,48458
499763,87653
499764,78557
499765,40000
499766,65061
499767,48731
499768,48419
499769,40000
499770,48649
499771,40000
499772,54169
499773,46241
499774,65476
499775,41969
499776,46765
499777,71337
499778,52713
499779,73376
499780,50181
499781,44848
499782,40000
499783,77487
499784,63891
499785,40000
499786,49827
499787,80266
499788,40896
499789,40000
499790,68654
499791,70434
499792,40000
499793,85914
499794,91982
499795,82953
499796,40000
499797,50496
499798,41960
499799,40000
499800,40000
499801,52684
499802,40000
499803,40000
499804,65962
499805,40000
499806,40000
499807,93451
499808,77806
499809,40000
499810,46027
499811,46419
499812,40000
499813,40000
499814,54707
499815,50517
499816,40000
499817,77745
499818,60133
499819,43199
499820,93449
499821,40101
499822,40000
499823,61819
499824,64896
499825,52359
499826,40000
499827,57579
499828,65686
499829,40000
499830,40000
499831,40000
499832,40000
499833,45752
499834,68713
499835,40000
499836,48441
499837,62348
499838,40000
499839,40000
499840,48322
499841,40000
499842,55248
499843,60462
499844,50896
499845,80470
499846,47221
499847,71715
499848,49755
499849,56493
499850,59775
499851,40000
499852,40000
499853,57342
499854,44532
499855,40000
499856,42459
499857,56527
499858,52643
499859,45758
499860,40000
499861,40000
499862,67725
499863,63018
499864,48037
499865,40000
499866,61995
499867,40000
499868,61802
499869,40000
499870,40000
499871,50602
499872,40000
499873,40000
499874,40000
499875,40000
499876,40000
499877,46611
499878,55359
499879,57198
499880,40000
499881,67767
499882,47815
499883,40000
499884,72635
499885,54507
499886,40000
499887,40000
499888,40000
499889,59497
499890,53434
499891,40000
499892,86768
499893,40000
499894,66277
499895,73056
499896,58544
499897,44240
499898,40000
499899,81524
499900,43167
499901,40000
499902,93526
499903,40000
499904,40000
499905,40000
499906,48635
499907,49934
499908,40356
499909,50146
499910,56735
499911,40000
499912,40000
499913,71115
499914,40000
499915,40000
499916,40000
499917,40000
499918,49695
499919,80235
499920,73573
499921,40000
499922,50525
499923,42799
499924,40000
499925,41624
499926,83080
499927,70546
499928,45047
499929,40000
499930,42578
499931,48240
499932,73307
499933,40000
499934,62815
499935,50362
499936,40000
499937,40000
499938,44765
499939,62807
499940,43417
499941,50799
499942,40000
499943,40000
499944,40000
499945,48097
499946,45059
499947,53325
499948,40000
499949,54147
499950,54788
499951,40000
499952,48431
499953,85507
499954,40000
499955,53698
499956,40000
499957,40000
499958,50415
499959,65887
499960,72879
499961,40000
499962,50158
499963,49383
499964,48810
499965,59375
499966,75579
499967,87170
499968,71219
499969,45487
499970,99187
499971,41007
499972,41002
499973,40000
499974,40000
499975,40000
499976,81721
499977,70216
499978,40000
499979,47933
499980,90395
499981,42720
499982,40000
499983,40000
499984,40000
499985,40000
499986,91988
499987,52282
499988,74890
499989,64183
499990,40000
499991,43612
499992,43005
499993,40000
499994,40000
499995,40000
499996,58058
499997,49597
499998,40000
499999,63707
